1757517798427 168.9733841766258 0
1757517798436 162.69597451450517 1
1757517798444 156.660931627962 2
1757517798452 150.8588252338814 3
1757517798460 145.28059359479622 4
1757517798469 139.91752907409133 5
1757517798477 134.76126425845757 6
1757517798485 129.8037586253053 7
1757517798494 125.03728573369122 8
1757517798502 120.45442091819247 9
1757517798510 116.0480294659344 10
1757517798519 111.81125525778695 11
1757517798527 107.7375098554804 12
1757517798536 103.82046201709475 13
1757517798544 100.05402762411187 14
1757517798553 96.43236000381175 15
1757517798561 92.94984063150957 16
1757517798570 89.60107019767916 17
1757517798578 86.38086002562551 18
1757517798587 83.28422382594164 19
1757517798595 80.30636977448673 20
1757517798604 77.44269290120043 21
1757517798612 74.6887677775154 22
1757517798621 72.04034149064705 23
1757517798629 69.49332689347993 24
1757517798638 67.0437961192268 25
1757517798647 64.68797435045506 26
1757517798656 62.422233832485276 27
1757517798665 60.24308812156256 28
1757517798674 58.147186558579385 29
1757517798682 56.13130895948424 30
1757517798691 54.192360513869495 31
1757517798700 52.32736688355896 32
1757517798708 50.533469493338664 33
1757517798717 48.807921006287735 34
1757517798725 47.14808097645472 35
1757517798734 45.551411671919965 36
1757517798743 44.01547406154869 37
1757517798751 42.53792395901041 38
1757517798760 41.11650831788767 39
1757517798768 39.7490616719413 40
1757517798777 38.43350271483858 41
1757517798785 37.16783101386078 42
1757517798793 35.9501238523378 43
1757517798802 34.77853319575391 44
1757517798811 33.651282776671245 45
1757517798820 32.5666652938054 46
1757517798829 31.523039720777895 47
1757517798838 30.5188287202359 48
1757517798847 29.552516159207954 49
1757517798857 28.622644721722967 50
1757517798866 27.727813614875057 51
1757517798874 26.866676364668212 52
1757517798883 26.03793869812056 53
1757517798892 25.24035650824128 54
1757517798900 24.47273389863213 55
1757517798909 23.7339213045898 56
1757517798918 23.02281368770662 57
1757517798927 22.338348801091065 58
1757517798935 21.679505522434997 59
1757517798944 21.04530225226969 60
1757517798952 20.43479537485378 61
1757517798961 19.847077779237132 62
1757517798969 19.281277438142368 63
1757517798978 18.73655604239753 64
1757517798987 18.212107688741263 65
1757517798996 17.70715761891064 66
1757517799004 17.220961007999726 67
1757517799013 16.752801800159453 68
1757517799022 16.30199158978326 69
1757517799031 15.86786854639642 70
1757517799040 15.44979638153595 71
1757517799049 15.047163355978315 72
1757517799058 14.659381325731388 73
1757517799067 14.285884825275158 74
1757517799077 13.926130186590262 75
1757517799086 13.579594692574046 76
1757517799095 13.245775763497278 77
1757517799104 12.92419017520728 78
1757517799113 12.61437330783527 79
1757517799122 12.315878423813906 80
1757517799134 12.02827597405633 81
1757517799145 11.751152931196241 82
1757517799155 11.484112148828816 83
1757517799164 11.226771745734986 84
1757517799173 10.978764514112203 85
1757517799182 10.739737350871753 86
1757517799192 10.509350711100346 87
1757517799201 10.287278082819375 88
1757517799210 10.07320548220829 89
1757517799219 9.866830968492103 90
1757517799236 9.66786417772363 91
1757517799245 9.476025874722573 92
1757517799254 9.29104752246022 93
1757517799263 9.112670868209145 94
1757517799272 8.940647545801212 95
1757517799280 8.774738693365835 96
1757517799290 8.614714585942101 97
1757517799298 8.460354282384426 98
1757517799307 8.31144528600295 99
1757517799316 8.167783218402274 100
1757517799325 8.029171506002823 101
1757517799335 7.895421078749507 102
1757517799344 7.766350080532025 103
1757517799352 7.641783590859018 104
1757517799361 7.521553357347057 105
1757517799370 7.405497538602282 106
1757517799379 7.293460457088665 107
1757517799388 7.185292361593621 108
1757517799397 7.080849198916256 109
1757517799406 6.979992394418201 110
1757517799416 6.882588641091573 111
1757517799425 6.788509696811865 112
1757517799434 6.697632189456162 113
1757517799443 6.609837429580336 114
1757517799453 6.525011230360469 115
1757517799462 6.44304373451512 116
1757517799471 6.36382924793616 117
1757517799480 6.287266079767483 118
1757517799489 6.213256388679458 119
1757517799498 6.141706035098138 120
1757517799508 6.072524439157143 121
1757517799517 6.005624444149686 122
1757517799526 5.940922185265813 123
1757517799535 5.878336963409626 124
1757517799544 5.817791123898765 125
1757517799553 5.759209939855642 126
1757517799563 5.702521500108056 127
1757517799572 5.647656601424119 128
1757517799581 5.59454864491203 129
1757517799590 5.5431335364235785 130
1757517799599 5.493349590804834 131
1757517799608 5.445137439845056 132
1757517799617 5.398439943779779 133
1757517799626 5.353202106209912 134
1757517799636 5.309370992304054 135
1757517799646 5.266895650156575 136
1757517799670 5.225727035178752 137
1757517799681 5.185817937405191 138
1757517799690 5.147122911602327 139
1757517799699 5.109598210070045 140
1757517799709 5.073201718032304 141
1757517799718 5.037892891515622 142
1757517799727 5.003632697619444 143
1757517799737 4.970383557085282 144
1757517799746 4.938109289075833 145
1757517799755 4.906775058077543 146
1757517799765 4.8763473228454055 147
1757517799774 4.846793787309987 148
1757517799784 4.818083353370831 149
1757517799798 4.7901860755033985 150
1757517799808 4.763073117108922 151
1757517799818 4.73671670854012 152
1757517799828 4.711090106737301 153
1757517799837 4.6861675564128955 154
1757517799848 4.661924252724705 155
1757517799861 4.638336305379513 156
1757517799871 4.615380704112506 157
1757517799880 4.59303528548893 158
1757517799889 4.571278700976675 159
1757517799899 4.550090386241181 160
1757517799909 4.52945053161486 161
1757517799919 4.509340053696076 162
1757517799929 4.489740568033859 163
1757517799938 4.470634362856361 164
1757517799948 4.452004373802964 165
1757517799958 4.433834159621188 166
1757517799967 4.416107878791004 167
1757517799977 4.398810267041196 168
1757517799986 4.381926615722971 169
1757517799995 4.365442751007899 170
1757517800004 4.349345013878467 171
1757517800014 4.333620240880804 172
1757517800023 4.318255745609746 173
1757517800033 4.303239300898692 174
1757517800043 4.288559121686736 175
1757517800052 4.274203848536968 176
1757517800062 4.260162531780982 177
1757517800072 4.246424616265795 178
1757517800081 4.232979926679374 179
1757517800091 4.219818653433179 180
1757517800102 4.206931339079903 181
1757517800112 4.194308865246046 182
1757517800122 4.181942440059516 183
1757517800133 4.1698235860531225 184
1757517800143 4.157944128525992 185
1757517800152 4.146296184345027 186
1757517800162 4.134872151169661 187
1757517800172 4.123664697083948 188
1757517800182 4.112666750619715 189
1757517800191 4.101871491156586 190
1757517800201 4.091272339683837 191
1757517800211 4.080862949910602 192
1757517800220 4.070637199710903 193
1757517800230 4.060589182890754 194
1757517800240 4.050713201265142 195
1757517800251 4.0410037570327155 196
1757517800262 4.031455545437309 197
1757517800272 4.022063447704943 198
1757517800283 4.012822524245754 199
1757517800293 4.003728008111286 200
1757517800303 3.994775298696588 201
1757517800313 3.985959955678568 202
1757517800322 3.9772776931811835 203
1757517800332 3.9687243741586395 204
1757517800343 3.9602960049890057 205
1757517800352 3.951988730269427 206
1757517800362 3.943798827805764 207
1757517800372 3.935722703789252 208
1757517800382 3.9277568881527474 209
1757517800392 3.919898030100052 210
1757517800402 3.9121428938018 211
1757517800411 3.904488354251056 212
1757517800421 3.896931393273406 213
1757517800431 3.8894690956847717 214
1757517800440 3.8820986455921713 215
1757517800450 3.874817322831513 216
1757517800460 3.867622499537232 217
1757517800470 3.8605116368390866 218
1757517800479 3.853482281681108 219
1757517800489 3.8465320637581373 220
1757517800499 3.839658692565362 221
1757517800509 3.8328599545568434 222
1757517800519 3.826133710408798 223
1757517800529 3.8194778923835564 224
1757517800538 3.8128905017907124 225
1757517800548 3.806369606541395 226
1757517800558 3.799913338792617 227
1757517800568 3.7935198926778853 228
1757517800577 3.7871875221211653 229
1757517800587 3.780914538730837 230
1757517800597 3.7746993097707295 231
1757517800606 3.7685402562053834 232
1757517800616 3.7624358508167575 233
1757517800626 3.7563846163895 234
1757517800636 3.750385123962515 235
1757517800645 3.7444359911441967 236
1757517800655 3.738535880488902 237
1757517800665 3.732683497932413 238
1757517800674 3.726877591284312 239
1757517800684 3.721116948774912 240
1757517800694 3.71540039765492 241
1757517800704 3.7097268028457004 242
1757517800713 3.704095065638479 243
1757517800724 3.698504122440259 244
1757517800734 3.6929529435652073 245
1757517800744 3.6874405320695858 246
1757517800753 3.681965922628433 247
1757517800763 3.676528180452723 248
1757517800773 3.6711264002454955 249
1757517800783 3.6657597051953084 250
1757517800793 3.6604272460057117 251
1757517800803 3.655128199959551 252
1757517800812 3.649861770016708 253
1757517800822 3.644627183943919 254
1757517800832 3.639423693475694 255
1757517800842 3.634250573505195 256
1757517800852 3.629107121303614 257
1757517800862 3.6239926557676045 258
1757517800872 3.61890651669319 259
1757517800882 3.613848064075361 260
1757517800892 3.6088166774325954 261
1757517800902 3.603811755155197 262
1757517800915 3.5988327138763894 263
1757517800926 3.5938789878660273 264
1757517800937 3.5889500284451348 265
1757517800947 3.584045303421348 266
1757517800957 3.579164296544051 267
1757517800967 3.574306506978497 268
1757517800977 3.569471448798543 269
1757517800987 3.5646586504968405 270
1757517800997 3.5598676545123777 271
1757517801007 3.555098016774228 272
1757517801017 3.550349306261279 273
1757517801026 3.5456211045773345 274
1757517801036 3.5409130055406774 275
1757517801046 3.5362246147881784 276
1757517801056 3.5315555493927535 277
1757517801067 3.5269054374942685 278
1757517801077 3.5222739179430405 279
1757517801086 3.517660639955593 280
1757517801097 3.5130652627822556 281
1757517801107 3.508487455386232 282
1757517801117 3.503926896133443 283
1757517801127 3.4993832724932283 284
1757517801137 3.494856280749018 285
1757517801147 3.490345625719025 286
1757517801157 3.485851020486324 287
1757517801167 3.481372186138165 288
1757517801178 3.4769088515140245 289
1757517801188 3.472460752962304 290
1757517801198 3.46802763410508 291
1757517801208 3.463609245610918 292
1757517801218 3.4592053449752904 293
1757517801228 3.454815696308273 294
1757517801238 3.450440070129477 295
1757517801248 3.4460782431697616 296
1757517801258 3.441729998179642 297
1757517801270 3.4373951237439697 298
1757517801280 3.4330734141028456 299
1757517801291 3.42876466897849 300
1757517801303 3.4244686934078064 301
1757517801317 3.420185297580504 302
1757517801327 3.4159142966825398 303
1757517801338 3.4116555107447226 304
1757517801348 3.4074087644963553 305
1757517801361 3.4031738872235207 306
1757517801382 3.398950712632222 307
1757517801395 3.3947390787158076 308
1757517801406 3.3905388276267145 309
1757517801416 3.386349805552655 310
1757517801427 3.382171862596441 311
1757517801437 3.3780048526599797 312
1757517801447 3.3738486333318147 313
1757517801458 3.369703065778575 314
1757517801468 3.365568014639613 315
1757517801478 3.3614433479251553 316
1757517801489 3.3573289369178054 317
1757517801499 3.3532246560770003 318
1757517801509 3.3491303829467607 319
1757517801519 3.3450459980661216 320
1757517801530 3.3409713848825713 321
1757517801540 3.3369064296682382 322
1757517801551 3.332851021438559 323
1757517801562 3.328805051873802 324
1757517801572 3.324768415242739 325
1757517801582 3.3207410083290125 326
1757517801593 3.3167227303594924 327
1757517801603 3.312713482935205 328
1757517801614 3.308713169964205 329
1757517801624 3.3047216975965386 330
1757517801635 3.3007389741613644 331
1757517801645 3.2967649101058463 332
1757517801656 3.292799417936068 333
1757517801666 3.288842412159725 334
1757517801676 3.284893809230558 335
1757517801687 3.2809535274945043 336
1757517801698 3.277021487137509 337
1757517801709 3.2730976101348923 338
1757517801719 3.269181820202389 339
1757517801730 3.265274042748397 340
1757517801740 3.261374204828009 341
1757517801750 3.2574822350981507 342
1757517801761 3.2535980637743194 343
1757517801771 3.249721622588366 344
1757517801782 3.2458528447477537 345
1757517801792 3.2419916648959277 346
1757517801803 3.238138019073939 347
1757517801813 3.2342918446830655 348
1757517801824 3.2304530804487968 349
1757517801834 3.2266216663855487 350
1757517801845 3.222797543762804 351
1757517801855 3.218980655071912 352
1757517801865 3.2151709439940457 353
1757517801876 3.211368355369035 354
1757517801886 3.2075728351651973 355
1757517801897 3.2037843304499254 356
1757517801907 3.200002789361168 357
1757517801918 3.1962281610798784 358
1757517801928 3.192460395802971 359
1757517801939 3.1886994447173618 360
1757517801949 3.1849452599745476 361
1757517801960 3.1811977946660486 362
1757517801970 3.177457002799394 363
1757517801981 3.173722839275044 364
1757517801992 3.169995259863657 365
1757517802002 3.1662742211843025 366
1757517802013 3.1625596806830316 367
1757517802023 3.1588515966122745 368
1757517802034 3.1551499280106596 369
1757517802045 3.1514546346834984 370
1757517802056 3.1477656771836893 371
1757517802067 3.144083016793367 372
1757517802078 3.1404066155058503 373
1757517802089 3.136736436008216 374
1757517802100 3.1330724416642726 375
1757517802111 3.1294145964981634 376
1757517802122 3.1257628651781575 377
1757517802133 3.122117213001168 378
1757517802144 3.1184776058774757 379
1757517802154 3.1148440103160366 380
1757517802165 3.111216393410067 381
1757517802176 3.1075947228230754 382
1757517802186 3.103978966775248 383
1757517802197 3.1003690940302477 384
1757517802208 3.0967650738824064 385
1757517802218 3.0931668761440205 386
1757517802229 3.0895744711333264 387
1757517802240 3.085987829662551 388
1757517802250 3.082406923026414 389
1757517802261 3.0788317229908806 390
1757517802272 3.0752622017821696 391
1757517802282 3.0716983320761106 392
1757517802293 3.068140086987894 393
1757517802304 3.064587440061787 394
1757517802315 3.06104036526143 395
1757517802325 3.057498836960228 396
1757517802336 3.0539628299319914 397
1757517802347 3.0504323193419203 398
1757517802358 3.0469072807376847 399
1757517802369 3.0433876900408587 400
1757517802380 3.039873523538506 401
1757517802390 3.036364757875008 402
1757517802401 3.032861370044053 403
1757517802412 3.0293633373809654 404
1757517802422 3.0258706375550295 405
1757517802433 3.0223832485622 406
1757517802444 3.018901148717874 407
1757517802456 3.0154243166498564 408
1757517802467 3.011952731291647 409
1757517802478 3.0084863718756334 410
1757517802489 3.0050252179267476 411
1757517802500 3.0015692492559873 412
1757517802511 2.998118445954422 413
1757517802522 2.9946727883870383 414
1757517802532 2.9912322571869274 415
1757517802543 2.987796833249571 416
1757517802554 2.9843664977272755 417
1757517802565 2.9809412320236994 418
1757517802576 2.977521017788577 419
1757517802587 2.974105836912486 420
1757517802598 2.9706956715219137 421
1757517802609 2.967290503974182 422
1757517802620 2.9638903168527753 423
1757517802631 2.9604950929625566 424
1757517802642 2.9571048153252457 425
1757517802653 2.9537194671749427 426
1757517802664 2.950339031953735 427
1757517802675 2.946963493307478 428
1757517802686 2.943592835081682 429
1757517802697 2.940227041317351 430
1757517802708 2.9368660962470985 431
1757517802719 2.9335099842913284 432
1757517802730 2.9301586900543684 433
1757517802741 2.9268121983208446 434
1757517802752 2.923470494052095 435
1757517802764 2.9201335623826004 436
1757517802775 2.916801388616642 437
1757517802786 2.9134739582248383 438
1757517802797 2.910151256841061 439
1757517802808 2.906833270259008 440
1757517802819 2.9035199844292756 441
1757517802830 2.9002113854562293 442
1757517802841 2.896907459594973 443
1757517802852 2.8936081932486 444
1757517802863 2.890313572965194 445
1757517802875 2.887023585435127 446
1757517802888 2.8837382174883186 447
1757517802900 2.8804574560916385 448
1757517802913 2.8771812883462204 449
1757517802925 2.873909701485045 450
1757517802938 2.8706426828703546 451
1757517802950 2.867380219991313 452
1757517802963 2.8641223004616156 453
1757517802975 2.860868912017168 454
1757517802987 2.857620042513801 455
1757517802999 2.8543756799251434 456
1757517803011 2.8511358123403783 457
1757517803024 2.847900427962183 458
1757517803035 2.8446695151046435 459
1757517803046 2.8414430621911846 460
1757517803058 2.838221057752739 461
1757517803069 2.8350034904256023 462
1757517803081 2.8317903489497898 463
1757517803092 2.828581622166952 464
1757517803106 2.8253772990187325 465
1757517803123 2.822177368544919 466
1757517803141 2.8189818198817846 467
1757517803154 2.8157906422602355 468
1757517803165 2.812603825004384 469
1757517803177 2.809421357529733 470
1757517803188 2.806243229341698 471
1757517803199 2.8030694300339993 472
1757517803211 2.7998999492871746 473
1757517803222 2.7967347768671225 474
1757517803233 2.793573902623549 475
1757517803244 2.790417316488634 476
1757517803256 2.7872650084756114 477
1757517803267 2.784116968677366 478
1757517803278 2.7809731872652033 479
1757517803291 2.7778336544873845 480
1757517803303 2.7746983606680096 481
1757517803315 2.771567296205624 482
1757517803326 2.768440451572079 483
1757517803337 2.765317817311307 484
1757517803349 2.762199384038157 485
1757517803360 2.7590851424371796 486
1757517803371 2.755975083261588 487
1757517803383 2.752869197332104 488
1757517803394 2.749767475535858 489
1757517803405 2.746669908825335 490
1757517803417 2.7435764882174207 491
1757517803431 2.7404872047922293 492
1757517803444 2.7374020496922378 493
1757517803457 2.7343210141212597 494
1757517803469 2.731244089343458 495
1757517803482 2.728171266682471 496
1757517803496 2.7251025375204265 497
1757517803508 2.7220378932970557 498
1757517803522 2.7189773255089333 499
