1757517941570 173.0185192124863 0
1757517941579 172.95366688623838 1
1757517941588 172.88883979220404 2
1757517941596 172.8240379205041 3
1757517941606 172.7592612612649 4
1757517941615 172.69450980461383 5
1757517941623 172.62978354068323 6
1757517941632 172.56508245961325 7
1757517941641 172.5004065515416 8
1757517941649 172.43575580661238 9
1757517941658 172.37113021497643 10
1757517941667 172.30652976678348 11
1757517941676 172.2419544521917 12
1757517941685 172.1774042613582 13
1757517941693 172.11287918445007 14
1757517941702 172.04837921163303 15
1757517941710 171.98390433307983 16
1757517941719 171.9194545389651 17
1757517941728 171.85502981946783 18
1757517941736 171.79063016477082 19
1757517941745 171.7262555650621 20
1757517941754 171.6619060105318 21
1757517941763 171.59758149137568 22
1757517941773 171.53328199779168 23
1757517941782 171.46900751998078 24
1757517941791 171.40475804815176 25
1757517941800 171.34053357251372 26
1757517941809 171.27633408327856 27
1757517941818 171.21215957066687 28
1757517941827 171.14801002489793 29
1757517941836 171.08388543620012 30
1757517941845 171.01978579479936 31
1757517941854 170.9557110909312 32
1757517941864 170.8916613148318 33
1757517941873 170.8276364567415 34
1757517941883 170.76363650690558 35
1757517941891 170.69966145557237 36
1757517941901 170.63571129299353 37
1757517941910 170.57178600942595 38
1757517941919 170.50788559513012 39
1757517941928 170.4440100403678 40
1757517941937 170.38015933540873 41
1757517941945 170.31633347052357 42
1757517941954 170.2525324359862 43
1757517941963 170.1887562220774 44
1757517941972 170.12500481907966 45
1757517941981 170.06127821727992 46
1757517941990 169.9975764069682 47
1757517941999 169.9338993784391 48
1757517942008 169.87024712199025 49
1757517942017 169.80661962792323 50
1757517942025 169.74301688654586 51
1757517942034 169.6794388881642 52
1757517942043 169.61588562309478 53
1757517942052 169.55235708165455 54
1757517942061 169.48885325416322 55
1757517942070 169.42537413094533 56
1757517942079 169.3619197023304 57
1757517942088 169.2984899586508 58
1757517942096 169.23508489024175 59
1757517942105 169.17170448744457 60
1757517942114 169.10834874060174 61
1757517942123 169.04501764006142 62
1757517942132 168.98171117617554 63
1757517942141 168.9184293392981 64
1757517942150 168.8551721197886 65
1757517942158 168.79193950800925 66
1757517942167 168.72873149432723 67
1757517942177 168.66554806911304 68
1757517942186 168.60238922273987 69
1757517942195 168.53925494558638 70
1757517942204 168.4761452280321 71
1757517942213 168.41306006046625 72
1757517942222 168.34999943327404 73
1757517942230 168.28696333685014 74
1757517942239 168.22395176159318 75
1757517942248 168.16096469789943 76
1757517942257 168.09800213617717 77
1757517942266 168.03506406683096 78
1757517942275 167.9721504802758 79
1757517942284 167.90926136692556 80
1757517942293 167.84639671720046 81
1757517942302 167.7835565215217 82
1757517942311 167.72074077031766 83
1757517942320 167.65794945401927 84
1757517942329 167.59518256305913 85
1757517942338 167.5324400878776 86
1757517942347 167.46972201891478 87
1757517942356 167.4070283466177 88
1757517942365 167.34435906143375 89
1757517942375 167.28171415381837 90
1757517942384 167.21909361422775 91
1757517942393 167.15649743312147 92
1757517942402 167.09392560096467 93
1757517942411 167.0313781082251 94
1757517942420 166.96885494537622 95
1757517942429 166.90635610289237 96
1757517942439 166.84388157125076 97
1757517942448 166.78143134093855 98
1757517942457 166.71900540244005 99
1757517942466 166.65660374624665 100
1757517942475 166.59422636285169 101
1757517942485 166.5318732427547 102
1757517942494 166.46954437645627 103
1757517942503 166.40723975446298 104
1757517942512 166.34495936728214 105
1757517942522 166.28270320542865 106
1757517942531 166.22047125941742 107
1757517942540 166.15826351977137 108
1757517942549 166.09607997701252 109
1757517942558 166.03392062166927 110
1757517942568 165.97178544427263 111
1757517942577 165.90967443536002 112
1757517942586 165.8475875854675 113
1757517942596 165.78552488513995 114
1757517942605 165.7234863249229 115
1757517942615 165.6614718953666 116
1757517942624 165.59948158702483 117
1757517942633 165.5375153904549 118
1757517942642 165.4755732962186 119
1757517942651 165.4136552948813 120
1757517942661 165.3517613770107 121
1757517942670 165.2898915331802 122
1757517942680 165.2280457539645 123
1757517942689 165.16622402994446 124
1757517942698 165.1044263517034 125
1757517942708 165.04265270982822 126
1757517942717 164.98090309490982 127
1757517942726 164.91917749754342 128
1757517942736 164.8574759083265 129
1757517942745 164.7957983178611 130
1757517942754 164.73414471675383 131
1757517942764 164.67251509561333 132
1757517942775 164.61090944505276 133
1757517942786 164.54932775568744 134
1757517942796 164.48777001813977 135
1757517942806 164.42623622303347 136
1757517942815 164.36472636099555 137
1757517942825 164.3032404226581 138
1757517942834 164.2417783986553 139
1757517942844 164.1803402796289 140
1757517942853 164.1189260562174 141
1757517942863 164.05753571906808 142
1757517942872 163.9961692588331 143
1757517942882 163.9348266661635 144
1757517942891 163.87350793171692 145
1757517942900 163.81221304615534 146
1757517942909 163.7509420001412 147
1757517942919 163.68969478434633 148
1757517942929 163.6284713894378 149
1757517942938 163.56727180609445 150
1757517942948 163.50609602499478 151
1757517942957 163.4449440368205 152
1757517942967 163.38381583225927 153
1757517942976 163.32271140200172 154
1757517942997 163.2616307367398 155
1757517943011 163.2005738271728 156
1757517943021 163.1395406640003 157
1757517943030 163.07853123792881 158
1757517943039 163.0175455396648 159
1757517943049 162.95658355992157 160
1757517943058 162.89564528941466 161
1757517943068 162.83473071886303 162
1757517943078 162.77383983899003 163
1757517943088 162.71297264052288 164
1757517943097 162.65212911419007 165
1757517943107 162.59130925072785 166
1757517943116 162.53051304087117 167
1757517943126 162.46974047536358 168
1757517943136 162.40899154494954 169
1757517943146 162.3482662403763 170
1757517943156 162.2875645523963 171
1757517943170 162.22688647176707 172
1757517943181 162.16623198924492 173
1757517943191 162.10560109559506 174
1757517943201 162.04499378158303 175
1757517943211 161.9844100379804 176
1757517943220 161.9238498555604 177
1757517943230 161.86331322509983 178
1757517943240 161.8028001373801 179
1757517943250 161.74231058318608 180
1757517943260 161.68184455330706 181
1757517943269 161.62140203853423 182
1757517943279 161.56098302966217 183
1757517943289 161.50058751749174 184
1757517943298 161.4402154928247 185
1757517943308 161.3798669464678 186
1757517943318 161.31954186923159 187
1757517943328 161.25924025192867 188
1757517943338 161.19896208537762 189
1757517943348 161.13870736039794 190
1757517943357 161.07847606781525 191
1757517943367 161.018268198457 192
1757517943377 160.95808374315536 193
1757517943387 160.89792269274483 194
1757517943397 160.83778503806386 195
1757517943406 160.77767076995607 196
1757517943416 160.71757987926784 197
1757517943426 160.65751235684772 198
1757517943436 160.59746819354996 199
1757517943449 160.5374473802316 200
1757517943459 160.4774499077508 201
1757517943469 160.41747576697423 202
1757517943479 160.35752494876752 203
1757517943489 160.2975974440037 204
1757517943499 160.23769324355587 205
1757517943508 160.17781233830402 206
1757517943518 160.11795471912907 207
1757517943528 160.05812037691658 208
1757517943538 159.99830930255547 209
1757517943547 159.93852148693892 210
1757517943557 159.87875692096347 211
1757517943567 159.81901559552875 212
1757517943577 159.75929750153813 213
1757517943587 159.69960262989753 214
1757517943597 159.63993097151962 215
1757517943607 159.5802825173165 216
1757517943617 159.5206572582066 217
1757517943627 159.4610551851112 218
1757517943636 159.40147628895622 219
1757517943646 159.34192056066846 220
1757517943656 159.2823879911807 221
1757517943666 159.22287857142734 222
1757517943676 159.16339229234936 223
1757517943686 159.10392914488844 224
1757517943696 159.04448911999097 225
1757517943706 158.98507220860535 226
1757517943716 158.92567840168613 227
1757517943726 158.86630769019123 228
1757517943736 158.8069600650785 229
1757517943746 158.74763551731425 230
1757517943756 158.6883340378644 231
1757517943766 158.629055617701 232
1757517943776 158.56980024779702 233
1757517943786 158.5105679191333 234
1757517943796 158.45135862268978 235
1757517943806 158.39217234945073 236
1757517943816 158.33300909040685 237
1757517943826 158.2738688365496 238
1757517943836 158.21475157887537 239
1757517943847 158.15565730838216 240
1757517943857 158.09658601607455 241
1757517943867 158.037537692958 242
1757517943877 157.9785123300427 243
1757517943887 157.9195099183412 244
1757517943897 157.86053044887262 245
1757517943908 157.8015739126571 246
1757517943917 157.74264030071654 247
1757517943927 157.6837296040807 248
1757517943937 157.62484181378025 249
1757517943948 157.56597692084932 250
1757517943958 157.5071349163266 251
1757517943968 157.44831579125292 252
1757517943978 157.38951953667527 253
1757517943989 157.33074614364017 254
1757517943999 157.2719956032025 255
1757517944010 157.21326790641513 256
1757517944020 157.15456304433908 257
1757517944031 157.09588100803688 258
1757517944041 157.0372217885749 259
1757517944051 156.9785853770228 260
1757517944062 156.91997176445298 261
1757517944072 156.8613809419434 262
1757517944083 156.80281290057476 263
1757517944093 156.7442676314307 264
1757517944103 156.68574512559675 265
1757517944113 156.6272453741649 266
1757517944124 156.5687683682302 267
1757517944134 156.51031409889023 268
1757517944144 156.45188255724528 269
1757517944154 156.3934737344015 270
1757517944165 156.33508762146525 271
1757517944175 156.2767242095505 272
1757517944185 156.21838348977116 273
1757517944195 156.16006545324692 274
1757517944206 156.1017700910995 275
1757517944216 156.04349739445473 276
1757517944227 155.98524735444147 277
1757517944237 155.92701996219364 278
1757517944247 155.86881520884583 279
1757517944258 155.81063308553885 280
1757517944268 155.75247358341397 281
1757517944278 155.6943366936212 282
1757517944289 155.6362224073083 283
1757517944300 155.57813071562924 284
1757517944310 155.52006160974045 285
1757517944320 155.46201508080458 286
1757517944330 155.40399111998272 287
1757517944341 155.34598971844497 288
1757517944351 155.28801086736019 289
1757517944361 155.23005455790468 290
1757517944372 155.17212078125445 291
1757517944382 155.11420952859223 292
1757517944393 155.05632079110282 293
1757517944403 154.99845455997303 294
1757517944413 154.9406108263959 295
1757517944424 154.88278958156644 296
1757517944434 154.8249908166835 297
1757517944445 154.76721452294788 298
1757517944455 154.7094606915663 299
1757517944466 154.6517293137476 300
1757517944476 154.5940203807042 301
1757517944486 154.53633388365145 302
1757517944497 154.47866981381068 303
1757517944507 154.4210281624015 304
1757517944518 154.36340892065272 305
1757517944528 154.30581207979222 306
1757517944539 154.24823763105476 307
1757517944549 154.1906855656762 308
1757517944560 154.13315587489694 309
1757517944570 154.07564854995914 310
1757517944581 154.01816358211104 311
1757517944591 153.96070096260385 312
1757517944602 153.90326068268806 313
1757517944612 153.84584273362455 314
1757517944623 153.7884471066714 315
1757517944633 153.7310737930934 316
1757517944644 153.67372278415934 317
1757517944655 153.6163940711379 318
1757517944665 153.55908764530483 319
1757517944675 153.50180349793803 320
1757517944686 153.44454162031766 321
1757517944697 153.38730200373047 322
1757517944709 153.33008463946157 323
1757517944730 153.27288951880374 324
1757517944742 153.21571663305338 325
1757517944753 153.15856597350685 326
1757517944764 153.1014375314672 327
1757517944775 153.04433129823744 328
1757517944786 152.98724726512802 329
1757517944797 152.9301854234513 330
1757517944808 152.87314576452212 331
1757517944819 152.8161282796569 332
1757517944829 152.75913296018174 333
1757517944840 152.70215979742068 334
1757517944851 152.64520878270173 335
1757517944862 152.58827990735853 336
1757517944872 152.5313731627254 337
1757517944883 152.47448854014382 338
1757517944894 152.4176260309547 339
1757517944905 152.36078562650485 340
1757517944915 152.30396731814295 341
1757517944925 152.24717109722283 342
1757517944936 152.1903969551 343
1757517944947 152.13364488313445 344
1757517944958 152.0769148726889 345
1757517944969 152.02020691513016 346
1757517944979 151.9635210018262 347
1757517944990 151.9068571241537 348
1757517945001 151.85021527348474 349
1757517945011 151.79359544120402 350
1757517945022 151.73699761869187 351
1757517945033 151.68042179733592 352
1757517945043 151.62386796852527 353
1757517945054 151.56733612365485 354
1757517945065 151.51082625412133 355
1757517945075 151.45433835132363 356
1757517945086 151.39787240666644 357
1757517945097 151.3414284115562 358
1757517945108 151.28500635740406 359
1757517945118 151.22860623562315 360
1757517945129 151.17222803763062 361
1757517945140 151.11587175484675 362
1757517945150 151.05953737869635 363
1757517945161 151.00322490060609 364
1757517945172 150.9469343120057 365
1757517945183 150.89066560432957 366
1757517945193 150.8344187690166 367
1757517945204 150.77819379750466 368
1757517945215 150.72199068124047 369
1757517945226 150.6658094116695 370
1757517945237 150.60964998024332 371
1757517945248 150.5535123784157 372
1757517945258 150.49739659764526 373
1757517945269 150.44130262939166 374
1757517945280 150.38523046511824 375
1757517945290 150.32918009629404 376
1757517945302 150.27315151438918 377
1757517945312 150.21714471087884 378
1757517945323 150.1611596772396 379
1757517945334 150.1051964049527 380
1757517945345 150.0492548855023 381
1757517945356 149.99333511037565 382
1757517945367 149.93743707106483 383
1757517945378 149.8815607590638 384
1757517945389 149.82570616586818 385
1757517945400 149.7698732829815 386
1757517945411 149.71406210190722 387
1757517945422 149.65827261415225 388
1757517945433 149.60250481122873 389
1757517945444 149.54675868464918 390
1757517945455 149.49103422593436 391
1757517945466 149.43533142660232 392
1757517945477 149.3796502781786 393
1757517945488 149.3239907721903 394
1757517945499 149.26835290016905 395
1757517945510 149.2127366536484 396
1757517945521 149.15714202416606 397
1757517945533 149.10156900326461 398
1757517945543 149.04601758248504 399
1757517945554 148.99048775337695 400
1757517945566 148.93497950749148 401
1757517945577 148.8794928363828 402
1757517945588 148.82402773160717 403
1757517945599 148.76858418472662 404
1757517945610 148.71316218730502 405
1757517945621 148.65776173090924 406
1757517945632 148.60238280711025 407
1757517945643 148.54702540748332 408
1757517945655 148.49168952360515 409
1757517945666 148.43637514705534 410
1757517945677 148.38108226941827 411
1757517945688 148.32581088228224 412
1757517945699 148.27056097723764 413
1757517945711 148.21533254587732 414
1757517945722 148.16012557979982 415
1757517945733 148.1049400706049 416
1757517945744 148.04977600989616 417
1757517945756 147.99463338928197 418
1757517945767 147.93951220037061 419
1757517945778 147.8844124347776 420
1757517945790 147.82933408411907 421
1757517945801 147.77427714001635 422
1757517945812 147.71924159409207 423
1757517945823 147.66422743797236 424
1757517945834 147.60923466328796 425
1757517945846 147.55426326167384 426
1757517945857 147.49931322476397 427
1757517945868 147.44438454420103 428
1757517945880 147.38947721162634 429
1757517945891 147.33459121868788 430
1757517945902 147.2797265570333 431
1757517945914 147.22488321831855 432
1757517945925 147.17006119419852 433
1757517945936 147.11526047633188 434
1757517945948 147.06048105638436 435
1757517945959 147.00572292601998 436
1757517945970 146.95098607690835 437
1757517945982 146.89627050072272 438
1757517945993 146.84157618913994 439
1757517946005 146.7869031338379 440
1757517946016 146.73225132650003 441
1757517946028 146.67762075881203 442
1757517946039 146.62301142246181 443
1757517946050 146.56842330914301 444
1757517946062 146.5138564105515 445
1757517946073 146.45931071838578 446
1757517946085 146.40478622434702 447
1757517946096 146.35028292014294 448
1757517946108 146.29580079747984 449
1757517946120 146.24133984807006 450
1757517946131 146.18690006362976 451
1757517946142 146.13248143587694 452
1757517946154 146.0780839565327 453
1757517946165 146.02370761732365 454
1757517946177 145.96935240997493 455
1757517946189 145.91501832622055 456
1757517946200 145.8607053577959 457
1757517946212 145.8064134964356 458
1757517946224 145.7521427338828 459
1757517946236 145.6978930618818 460
1757517946247 145.64366447218083 461
1757517946259 145.58945695652895 462
1757517946270 145.53527050668228 463
1757517946282 145.48110511439663 464
1757517946293 145.42696077143327 465
1757517946304 145.37283746955686 466
1757517946316 145.31873520053193 467
1757517946328 145.26465395613198 468
1757517946339 145.2105937281286 469
1757517946351 145.1565545082991 470
1757517946362 145.1025362884229 471
1757517946374 145.048539060284 472
1757517946385 144.99456281566842 473
1757517946397 144.94060754636487 474
1757517946408 144.88667324416798 475
1757517946420 144.832759900874 476
1757517946432 144.77886750827966 477
1757517946443 144.72499605818902 478
1757517946455 144.67114554240956 479
1757517946466 144.61731595274807 480
1757517946478 144.56350728101728 481
1757517946489 144.509719519033 482
1757517946501 144.45595265861317 483
1757517946513 144.40220669158012 484
1757517946525 144.34848160975915 485
1757517946536 144.29477740497728 486
1757517946547 144.24109406906808 487
1757517946559 144.18743159386432 488
1757517946571 144.1337899712043 489
1757517946582 144.08016919292933 490
1757517946594 144.026569250885 491
1757517946605 143.9729901369161 492
1757517946617 143.9194318428754 493
1757517946629 143.8658943606162 494
1757517946641 143.81237768199523 495
1757517946653 143.7588817988731 496
1757517946664 143.70540670311362 497
1757517946679 143.6519523865836 498
1757517946691 143.59851884115108 499
