1757518006236 118.3834114791516 0
1757518006245 97.90043844219524 1
1757518006254 63.93757913273494 2
1757518006263 55.54038452568645 3
1757518006272 36.76867087071246 4
1757518006284 32.47476831046391 5
1757518006293 20.811312357138704 6
1757518006302 14.416222956214387 7
1757518006312 9.481087530132536 8
1757518006321 9.600123707978147 9
1757518006330 12.719248415158026 10
1757518006340 11.062742373151549 11
1757518006349 4.895572238861463 12
1757518006358 3.904071231549748 13
1757518006368 8.708019384413742 14
1757518006377 2.599758894821718 15
1757518006386 5.747903333619346 16
1757518006395 3.869810865925405 17
1757518006404 3.2137801583763017 18
1757518006414 3.3494139846309214 19
1757518006424 3.5827853064954467 20
1757518006434 3.2521475640867563 21
1757518006444 1.9675428018651258 22
1757518006454 5.571699547499985 23
1757518006464 9.170089306706389 24
1757518006473 4.081864002717451 25
1757518006483 4.555223515383184 26
1757518006492 2.729116977639006 27
1757518006502 5.58567054921103 28
1757518006512 2.0957219528016546 29
1757518006521 4.153560253119423 30
1757518006531 3.3795047158342313 31
1757518006541 5.106606121696489 32
1757518006550 3.704007132166249 33
1757518006560 4.138281621844026 34
1757518006569 3.8561555534676266 35
1757518006579 2.726156497964215 36
1757518006588 3.3288125524973142 37
1757518006598 1.1059260777280104 38
1757518006608 1.96484296243297 39
1757518006617 2.0529814878484873 40
1757518006627 3.964739066488607 41
1757518006636 6.527225561608179 42
1757518006645 1.2089553266858646 43
1757518006655 2.027441413853193 44
1757518006665 2.1748965139273126 45
1757518006675 3.324801278960758 46
1757518006684 2.25941075297796 47
1757518006694 2.5832961084734887 48
1757518006704 5.24340599354417 49
1757518006713 3.933587976231931 50
1757518006723 1.7944803964100615 51
1757518006732 1.557010565516564 52
1757518006742 2.8341265769476953 53
1757518006751 2.225091269745961 54
1757518006761 4.6805370412163185 55
1757518006770 3.4314149143872297 56
1757518006780 2.343414606678858 57
1757518006789 3.9384231133469347 58
1757518006798 3.5429686051976748 59
1757518006808 2.0593322938323855 60
1757518006817 1.9608143078130098 61
1757518006827 1.0374834022606503 62
1757518006837 3.31694617977749 63
1757518006847 1.3509983590370214 64
1757518006857 1.233522506462547 65
1757518006866 2.5673248857020554 66
1757518006876 1.7144775521904319 67
1757518006886 2.9262340996690317 68
1757518006896 3.2124078222958588 69
1757518006906 1.6898317816060107 70
1757518006916 4.277548880098011 71
1757518006925 3.056267819208246 72
1757518006936 2.3431437756147537 73
1757518006945 3.2665196808762778 74
1757518006955 2.5916588065886015 75
1757518006964 3.0359273067448296 76
1757518006974 2.1142839494381933 77
1757518006984 2.2494926445968226 78
1757518006998 2.287316632999895 79
1757518007007 3.359644831978474 80
1757518007017 2.257284894024784 81
1757518007027 2.7385542297761107 82
1757518007036 3.3653373264592434 83
1757518007046 2.1546911110409646 84
1757518007055 2.5582713886611876 85
1757518007065 2.9468876662325996 86
1757518007075 1.3219686240381903 87
1757518007085 4.6556185720618934 88
1757518007095 3.160870676145257 89
1757518007105 2.9326943149155706 90
1757518007114 1.3288107242896063 91
1757518007124 2.402041772938498 92
1757518007134 2.133909623741905 93
1757518007144 3.8271618072505684 94
1757518007154 1.8034907789998171 95
1757518007163 1.5291742293238633 96
1757518007173 1.7598507860239267 97
1757518007183 1.7017880161147096 98
1757518007193 1.9779399728484637 99
1757518007203 2.6264013412770106 100
1757518007214 1.1604644568271183 101
1757518007224 1.888289570355777 102
1757518007234 1.9816817601581234 103
1757518007243 2.685051931692482 104
1757518007254 3.8422824152601125 105
1757518007265 1.3534017285316422 106
1757518007276 2.815050336809646 107
1757518007287 2.2892840478718433 108
1757518007298 1.7402054293145595 109
1757518007308 1.4277367612676373 110
1757518007319 1.270670245775787 111
1757518007330 1.065770909252118 112
1757518007340 0.8889004551169785 113
1757518007351 1.7700581395608146 114
1757518007361 2.2703204960517205 115
1757518007372 1.3502794716060327 116
1757518007382 2.1536682708276262 117
1757518007393 0.49317719330727067 118
1757518007403 1.268116934176583 119
1757518007414 0.9221453634945269 120
1757518007424 1.2118985719361706 121
1757518007435 1.377744235370864 122
1757518007446 2.191460467074328 123
1757518007470 2.0784911360723384 124
1757518007484 1.3222252573094668 125
1757518007494 1.5959549260349624 126
1757518007505 1.8623221758802304 127
1757518007517 0.32802157176181196 128
1757518007528 0.6442939618180865 129
1757518007540 1.4583142328513405 130
1757518007551 1.0126267710285215 131
1757518007561 0.6639746225737904 132
1757518007572 0.9847688166969492 133
1757518007583 1.062163537118317 134
1757518007594 1.514642103491689 135
1757518007604 1.1766155244898922 136
1757518007615 0.5548707365155012 137
1757518007625 1.6475995048379677 138
1757518007635 1.6796029738526685 139
1757518007645 1.6197799418487482 140
1757518007656 1.0090341362323814 141
1757518007666 2.010624881381636 142
1757518007676 1.9733624693036014 143
1757518007686 0.43482119053173046 144
1757518007697 1.072820202851418 145
1757518007707 1.6559241307649275 146
1757518007717 1.1321655956326813 147
1757518007727 0.7639507168242182 148
1757518007738 0.9011088156921315 149
1757518007748 1.0395285547996858 150
1757518007758 1.4556144764480543 151
1757518007768 1.740155180406296 152
1757518007779 0.5875732754266302 153
1757518007789 1.0712574620456226 154
1757518007799 1.0079664217307642 155
1757518007809 0.6732528813085781 156
1757518007820 0.5227071809153965 157
1757518007831 1.5155831159028936 158
1757518007842 0.8367416725052157 159
1757518007853 0.8034290691062557 160
1757518007864 1.2363377223794385 161
1757518007874 0.9367092224007747 162
1757518007885 0.9472645731885224 163
1757518007896 1.1026167030695924 164
1757518007906 0.7923173106575051 165
1757518007917 0.474402339871429 166
1757518007927 1.1383853894302032 167
1757518007937 0.7858745426637348 168
1757518007947 1.263255328311785 169
1757518007958 0.8965153327856268 170
1757518007969 0.6885920849648365 171
1757518007979 0.5695357581618836 172
1757518007990 1.1257953461497892 173
1757518008000 1.288351454366032 174
1757518008011 0.7270024312470825 175
1757518008021 0.6458513978405166 176
1757518008031 0.9641702648820123 177
1757518008042 0.8372409485979369 178
1757518008053 0.5702870245065325 179
1757518008063 0.7454853253844836 180
1757518008074 0.6179892718923412 181
1757518008084 0.40204821236103994 182
1757518008094 0.6235774290771119 183
1757518008105 1.1578464612219412 184
1757518008115 0.9994613694151965 185
1757518008125 1.4934895372291135 186
1757518008136 1.4841577724679895 187
1757518008146 0.8325441682521374 188
1757518008157 0.7900784814488394 189
1757518008167 0.9622969571939609 190
1757518008178 1.1361982435352749 191
1757518008188 0.6779440970836684 192
1757518008199 0.2107488715220881 193
1757518008209 0.4931600983740757 194
1757518008219 0.41969861570517253 195
1757518008230 0.768132485564381 196
1757518008240 0.605354057130601 197
1757518008251 1.1320351223506098 198
1757518008262 1.4821492205980826 199
1757518008273 0.9051140558703464 200
1757518008283 0.8456010836526999 201
1757518008294 0.5682522320884156 202
1757518008304 1.0122386434954964 203
1757518008314 0.526740398007682 204
1757518008325 0.9017268692458517 205
1757518008335 0.7284199652709652 206
1757518008346 0.7008749666538284 207
1757518008356 0.591950570925056 208
1757518008367 1.7718477144704243 209
1757518008377 0.7343052908399467 210
1757518008388 1.298060995854659 211
1757518008399 0.410160660113874 212
1757518008410 1.2754506164430448 213
1757518008421 0.7313330856554534 214
1757518008432 1.537090330087813 215
1757518008443 0.49936875906704026 216
1757518008454 0.6477543040044187 217
1757518008465 0.32657415114419125 218
1757518008476 0.7556026950364472 219
1757518008486 0.608216289979583 220
1757518008497 0.5891207247498248 221
1757518008509 0.34546956393304584 222
1757518008519 0.693954239572605 223
1757518008530 0.9424658183267385 224
1757518008541 0.6383481293740776 225
1757518008552 0.5351869008100313 226
1757518008563 0.504586902391444 227
1757518008574 0.8104566953268487 228
1757518008585 0.3529050801648353 229
1757518008595 0.5192783820033646 230
1757518008606 0.43564500861450767 231
1757518008617 0.6319566492674158 232
1757518008628 0.17671161437255498 233
1757518008638 0.709986824508218 234
1757518008649 0.5127563678739013 235
1757518008660 0.890907669864521 236
1757518008671 0.523963575424054 237
1757518008681 0.39748977517230233 238
1757518008692 0.3357442688255997 239
1757518008703 0.40977226489938695 240
1757518008714 0.8753777045154183 241
1757518008724 0.43770554966857317 242
1757518008735 0.34944154936225724 243
1757518008746 1.0084986007536576 244
1757518008756 0.7331975696705159 245
1757518008767 0.32264978526992677 246
1757518008778 0.45980631574788855 247
1757518008789 0.68086416562742 248
1757518008800 0.8540303306910121 249
1757518008810 0.26706303450876634 250
1757518008821 0.27116399036270195 251
1757518008832 0.8644398746363084 252
1757518008843 0.1736881188847993 253
1757518008855 0.6728711195949579 254
1757518008866 0.2764516881444834 255
1757518008878 0.474998634472171 256
1757518008888 0.5831434231606794 257
1757518008899 0.5111499092752442 258
1757518008910 0.24291881465751491 259
1757518008921 0.3259959962664767 260
1757518008933 0.44631382410092585 261
1757518008944 0.42019725283352055 262
1757518008955 0.3580271126500488 263
1757518008967 0.6020322971573814 264
1757518008978 0.7876567842377303 265
1757518008989 0.5203965710445775 266
1757518009000 0.2247827519611262 267
1757518009011 0.50815524410408 268
1757518009022 0.6789482563960578 269
1757518009033 0.31935828513535114 270
1757518009044 0.4036733627027133 271
1757518009055 0.6387301310508524 272
1757518009066 0.6162338639060715 273
1757518009077 0.3714462001883657 274
1757518009088 0.4678868090227659 275
1757518009099 0.6371107679495438 276
1757518009110 0.18774248430741083 277
1757518009121 0.22676535555792168 278
1757518009133 0.4821826455645181 279
1757518009144 0.4961215788362109 280
1757518009155 0.3429854516935833 281
1757518009166 0.26515111464033553 282
1757518009177 0.20397274500546003 283
1757518009188 0.5294509025070143 284
1757518009199 0.24857531771976388 285
1757518009210 0.40015288820667644 286
1757518009221 0.5499421347870076 287
1757518009232 0.27055444919392496 288
1757518009243 0.5464693953706004 289
1757518009254 0.4316253134585171 290
1757518009265 0.29275990065398844 291
1757518009276 0.42318495736542666 292
1757518009288 0.3009524887300182 293
1757518009299 0.40713685181810794 294
1757518009310 0.47366778412536015 295
1757518009321 0.2284367713590418 296
1757518009333 0.34576017587088187 297
1757518009344 0.728700203530846 298
1757518009355 0.2986903978419683 299
1757518009366 0.30072724403758283 300
1757518009377 0.5120466743026196 301
1757518009388 0.3560695329759677 302
1757518009399 0.3139990199042318 303
1757518009410 0.27614705582402727 304
1757518009421 0.8523814647254145 305
1757518009432 0.44685494647483165 306
1757518009444 0.5589835363329898 307
1757518009456 1.1191364344951364 308
1757518009468 0.37992229906240405 309
1757518009480 0.4474954790391231 310
1757518009491 0.47827704470045285 311
1757518009503 0.4600603591655534 312
1757518009515 0.2512713149998114 313
1757518009527 0.4158880491083499 314
1757518009538 0.4727444207846761 315
1757518009550 0.3646010845197829 316
1757518009562 0.3789701336702764 317
1757518009574 0.36668753349129063 318
1757518009586 0.289804505145444 319
1757518009598 0.300776174417834 320
1757518009609 0.3337903887275595 321
1757518009621 0.40674736135880907 322
1757518009633 0.4583881619234019 323
1757518009644 0.24452542204860436 324
1757518009656 0.42029812908232733 325
1757518009668 0.31156680909638224 326
1757518009679 0.3228071995241302 327
1757518009691 0.31569346687850036 328
1757518009705 0.47070359704092424 329
1757518009717 0.2170067131949976 330
1757518009728 0.5824994060793561 331
1757518009740 0.3068339095394781 332
1757518009751 0.21875831831491152 333
1757518009763 0.15579592454827715 334
1757518009774 0.39140208577574026 335
1757518009786 0.45186124457333965 336
1757518009798 0.20562185031113386 337
1757518009809 0.24604063313609095 338
1757518009821 0.17459725372999263 339
1757518009832 0.14717277642664317 340
1757518009844 0.2633221970173108 341
1757518009856 0.2082488818603005 342
1757518009867 0.2624677560801905 343
1757518009879 0.17148863692913438 344
1757518009891 0.21972820626191356 345
1757518009902 0.3192517245335973 346
1757518009914 0.4334500066453118 347
1757518009925 0.29286276580807324 348
1757518009937 0.30486637548615686 349
1757518009950 0.2357949988269441 350
1757518009961 0.40665881513810176 351
1757518009973 0.14865811260213166 352
1757518009985 0.31146262554018267 353
1757518009997 0.30317084627619567 354
1757518010008 0.34873750041948703 355
1757518010020 0.2105173656550156 356
1757518010032 1.0670323012215444 357
1757518010043 0.2507384418028891 358
1757518010055 0.17420146065129744 359
1757518010066 0.273511025524916 360
1757518010078 0.4291048022207865 361
1757518010090 0.24729576635140157 362
1757518010101 0.40527802288160514 363
1757518010113 0.29188046610782137 364
1757518010125 0.2718311573518256 365
1757518010136 0.35406403855492613 366
1757518010148 0.1787982212088242 367
1757518010160 0.20460619418551718 368
1757518010171 0.4102740039834869 369
1757518010183 0.49021167785091485 370
1757518010195 0.22577423684908793 371
1757518010207 0.3927270425711706 372
1757518010218 0.2774199497239258 373
1757518010230 0.3161033052027669 374
1757518010242 0.27547075806584664 375
1757518010254 0.19886256245278186 376
1757518010265 0.2535036219091683 377
1757518010277 0.20506192483564095 378
1757518010289 0.16631695489944104 379
1757518010301 0.18291027622668035 380
1757518010312 0.24581686054550606 381
1757518010324 0.26324352658855366 382
1757518010335 0.17859720556372763 383
1757518010347 0.15596656117340837 384
1757518010360 0.20066158653687208 385
1757518010373 0.22650749328467856 386
1757518010385 0.1601134851522748 387
1757518010398 0.17768643910584095 388
1757518010411 0.21096669385709896 389
1757518010424 0.2652697963132908 390
1757518010436 0.1656203476739505 391
1757518010449 0.10322944098871159 392
1757518010462 0.37088267147537723 393
1757518010474 0.2786463763911008 394
1757518010487 0.1199883741593771 395
1757518010499 1.062782657597756 396
1757518010512 0.1643824477436316 397
1757518010524 0.19443892012981245 398
1757518010537 0.2968163233397971 399
1757518010549 0.3286282869927353 400
1757518010561 0.20511787142142893 401
1757518010574 0.18122105563383425 402
1757518010586 0.25256506538027695 403
1757518010599 0.2193351068696364 404
1757518010611 0.2556990419389167 405
1757518010624 0.22560276351543077 406
1757518010637 0.26645134917957597 407
1757518010649 0.11990134598502741 408
1757518010662 0.10663062417399688 409
1757518010674 0.294055173432437 410
1757518010687 0.24703454043782505 411
1757518010700 0.11992227520713765 412
1757518010714 0.36979581978859877 413
1757518010727 0.12623285731393874 414
1757518010739 0.12996612413804784 415
1757518010751 0.2859853773824671 416
1757518010764 0.1776106990107559 417
1757518010776 0.18729514512652712 418
1757518010788 0.2480803091716327 419
1757518010800 0.3995878546377186 420
1757518010812 0.12124976910299964 421
1757518010824 0.12186549483756268 422
1757518010836 0.17319850599052666 423
1757518010848 0.15490743787996036 424
1757518010860 0.1294074684442698 425
1757518010872 0.1712666394395794 426
1757518010883 0.407810842304474 427
1757518010895 0.1390696002884333 428
1757518010907 0.21188291691630723 429
1757518010919 0.16778351955628065 430
1757518010931 0.17904824810754427 431
1757518010943 0.9513761144363805 432
1757518010955 0.14003919342843402 433
1757518010967 0.20623457644199286 434
1757518010979 0.18188548014206563 435
1757518010992 0.30320147463281616 436
1757518011004 0.2025824660975256 437
1757518011017 0.12502122306799504 438
1757518011029 0.16947850007049756 439
1757518011041 0.16861765409827642 440
1757518011054 0.10231788889410036 441
1757518011066 0.1285213336544209 442
1757518011078 0.09341671202152163 443
1757518011090 0.22969553812396762 444
1757518011104 0.14755285827560366 445
1757518011116 0.15572923273060624 446
1757518011128 0.24215442652154198 447
1757518011141 0.22972191717951063 448
1757518011152 0.2792167131471371 449
1757518011164 0.05586031541160873 450
1757518011176 0.32097713647587583 451
1757518011189 0.27194107273541795 452
1757518011201 0.235416866826777 453
1757518011213 0.2013655265110497 454
1757518011225 0.10961086297541509 455
1757518011238 0.20794594738922337 456
1757518011250 0.1579445014952095 457
1757518011262 0.2752343679098373 458
1757518011275 0.09464824751286634 459
1757518011287 0.23507156703738286 460
1757518011299 0.2867466911028494 461
1757518011312 0.13409508739733303 462
1757518011324 0.12118481905263008 463
1757518011337 0.07491244930699835 464
1757518011349 0.2191526048737401 465
1757518011361 0.07864682682845021 466
1757518011374 0.10854169649448484 467
1757518011387 0.3932063031729592 468
1757518011401 0.18764931949178665 469
1757518011415 0.1394630995386276 470
1757518011429 0.11176543540995013 471
1757518011443 0.18237324866562657 472
1757518011456 0.15731868748398942 473
1757518011470 0.149581833097664 474
1757518011484 0.16850322179077715 475
1757518011498 0.15594990036355733 476
1757518011511 0.15037228513418902 477
1757518011523 0.28130856433049795 478
1757518011536 0.18894117501464253 479
1757518011548 0.1921845200059706 480
1757518011560 0.1048979207794308 481
1757518011573 0.13027764564623553 482
1757518011585 0.22397669862748237 483
1757518011598 0.1876964240535442 484
1757518011610 0.1791418387637322 485
1757518011622 0.13615895430691966 486
1757518011635 0.13403244738977005 487
1757518011647 0.17834344627044896 488
1757518011660 0.10566209158218402 489
1757518011672 0.18356031878229964 490
1757518011684 0.10381249433001603 491
1757518011697 0.17262315091053831 492
1757518011709 0.1672482225043044 493
1757518011722 0.12498933322984936 494
1757518011734 0.16582708880847752 495
1757518011747 0.16854320383292962 496
1757518011760 0.24662935913451947 497
1757518011772 0.23094919433884745 498
1757518011784 0.2882551583232937 499
