1757594995858 0.14364162368683245 0
1757594995896 0.039103792157002784 1
1757594995935 0.07178520693138309 2
1757594995973 0.001470397276413044 3
1757594996012 0.07416425718930636 4
1757594996051 0.022077240248589213 5
1757594996091 0.19350874824976705 6
1757594996130 0.006381294390109119 7
1757594996168 0.05866511937487895 8
1757594996206 0.40411832435755785 9
1757594996245 0.03382346100101878 10
1757594996283 0.006568670241445735 11
1757594996322 0.022726792289774214 12
1757594996360 0.5798910943315919 13
1757594996398 0.0009251837604508393 14
1757594996437 0.5633422685845474 15
1757594996475 0.007549113686371535 16
1757594996514 6.539853776622704e-05 17
1757594996553 0.012816774744487256 18
1757594996592 0.021629629878818474 19
1757594996632 1.487890388836998e-05 20
1757594996671 0.22543910905954936 21
1757594996710 0.02048184024927633 22
1757594996750 0.06743105968287016 23
1757594996789 0.05979587560921691 24
1757594996827 0.03141057036388927 25
1757594996866 0.1550498348351657 26
1757594996905 0.28412154738860024 27
1757594996944 0.30836201145291364 28
1757594996982 0.021811615473228407 29
1757594997021 0.0033659565949560166 30
1757594997060 0.00787885773338313 31
1757594997100 0.4708808315769471 32
1757594997159 0.27419902777593264 33
1757594997198 0.17294645622650934 34
1757594997237 0.7292466449429998 35
1757594997275 0.14501242499362754 36
1757594997314 0.006681791365740242 37
1757594997352 0.07068268683694218 38
1757594997392 0.23094714906049665 39
1757594997431 0.12702323652073544 40
1757594997471 0.23057271624369005 41
1757594997511 0.003577320184845688 42
1757594997550 0.19812012249933772 43
1757594997589 0.21215671294710078 44
1757594997628 0.2193186584152555 45
1757594997667 0.0077936306298334685 46
1757594997705 0.1331873147583345 47
1757594997743 0.21291551118192362 48
1757594997783 0.48701507195432375 49
1757594997822 0.025143291426089585 50
1757594997861 0.0066074507366952724 51
1757594997899 0.16144678000709778 52
1757594997938 0.06329021269603796 53
1757594997977 0.21481138044891246 54
1757594998016 0.6686206199218895 55
1757594998055 0.032260925253948955 56
1757594998095 0.7796333841120631 57
1757594998138 0.21307209011336695 58
1757594998178 0.09034032047255891 59
1757594998218 0.015834630255447 60
1757594998258 0.12160988883035118 61
1757594998298 0.017658958491285463 62
1757594998337 0.13250527555461142 63
1757594998375 0.026334708135679338 64
1757594998414 0.05873493783090258 65
1757594998453 0.04031554051399867 66
1757594998495 0.22151993551913063 67
1757594998536 0.057362337640724334 68
1757594998577 0.8018630171420235 69
1757594998617 0.15309961303827585 70
1757594998657 0.4539294928964715 71
1757594998697 0.19826879586684945 72
1757594998736 0.07691415688761534 73
1757594998776 2.9159143576257396 74
1757594998816 0.07777616880881667 75
1757594998855 0.016353339094192423 76
1757594998894 0.13586147778767607 77
1757594998933 0.34905649461992766 78
1757594998972 0.002030335576579157 79
1757594999011 0.04071829322643581 80
1757594999050 0.09054146668670307 81
1757594999089 0.3344988240878914 82
1757594999127 0.6547954150323473 83
1757594999166 0.03667261153105654 84
1757594999205 0.000689201646571771 85
1757594999244 0.011828380221628958 86
1757594999283 0.12842776110454754 87
1757594999322 0.05576517790150916 88
1757594999361 0.25555912106387463 89
1757594999401 0.002306589751176333 90
1757594999439 0.010066580461057009 91
1757594999478 0.21789359518266993 92
1757594999517 0.20259073710466213 93
1757594999556 0.006792914691574041 94
1757594999595 0.7090192995811188 95
1757594999636 1.229195386593664e-07 96
1757594999676 0.0132555318960655 97
1757594999715 0.028611802913574774 98
1757594999754 0.1648897477604369 99
1757594999794 0.09977215379004464 100
1757594999833 0.003978642084852679 101
1757594999873 0.5216723053480841 102
1757594999912 0.025964463973639103 103
1757594999951 0.05548706795228828 104
1757594999990 0.4652245820149289 105
1757595000029 0.05685021869951277 106
1757595000068 0.0028528365070767453 107
1757595000108 0.18385903812691481 108
1757595000147 0.044546258059205694 109
1757595000187 0.18140005414985788 110
1757595000226 0.21452350461961803 111
1757595000269 0.009807313008158867 112
1757595000308 0.012033806843637073 113
1757595000348 0.008679406779033921 114
1757595000386 0.44391540952079395 115
1757595000425 0.03059684500554652 116
1757595000464 0.04003720614809177 117
1757595000503 0.09649505293006073 118
1757595000541 0.5448855147711035 119
1757595000580 0.13145187428575836 120
1757595000619 0.6564094844896856 121
1757595000658 0.10365902462576572 122
1757595000698 0.22650653641959004 123
1757595000736 0.06369027306638095 124
1757595000775 0.08981692155203844 125
1757595000814 0.06486489776810407 126
1757595000853 0.004631841072063119 127
1757595000892 0.0014282773181632093 128
1757595000930 0.03597932884949215 129
1757595000969 0.0019184164046547273 130
1757595001008 0.06054062514016629 131
1757595001047 0.12973758731051085 132
1757595001086 0.011072938310499141 133
1757595001125 0.01616875063903244 134
1757595001164 0.006333954256178336 135
1757595001203 0.06721744727300617 136
1757595001242 0.2359625678191306 137
1757595001281 0.0015511547776059533 138
1757595001320 0.11863597545321244 139
1757595001359 0.0001342494854821531 140
1757595001398 0.0007388239588414626 141
1757595001437 0.7506908810524323 142
1757595001475 0.10696045649306107 143
1757595001515 0.006805651032530857 144
1757595001554 0.000365176442768022 145
1757595001593 0.07342543046737689 146
1757595001633 0.054741879039932384 147
1757595001672 0.046346153291143555 148
1757595001711 0.4688990609188294 149
1757595001750 0.003972652488783877 150
1757595001789 0.017826203376126646 151
1757595001829 0.0006851303429307439 152
1757595001870 0.31942754564366344 153
1757595001910 0.030868012254279972 154
1757595001950 0.12248815583914568 155
1757595001989 1.0580567720756315 156
1757595002029 0.044772836371737144 157
1757595002069 0.28668135358941876 158
1757595002110 0.006344245626810142 159
1757595002152 0.0072060776670683216 160
1757595002192 0.1514152995622848 161
1757595002232 0.0036252485805925816 162
1757595002272 0.3319664360221526 163
1757595002312 0.4174367130693145 164
1757595002351 0.008968648955893051 165
1757595002391 3.9966321627099766e-05 166
1757595002430 0.06514032636735075 167
1757595002469 0.17353491417287184 168
1757595002509 0.0023834750668364937 169
1757595002549 1.404744132159958e-05 170
1757595002588 0.04742051423155292 171
1757595002628 0.0246434123344659 172
1757595002667 0.03409755829175092 173
1757595002707 0.04939886302984224 174
1757595002746 0.0450385509320886 175
1757595002786 1.3562461905566519 176
1757595002825 0.35784895573289927 177
1757595002865 0.23410143271564685 178
1757595002904 0.000919765706919207 179
1757595002945 0.7552312485139586 180
1757595002986 0.07142105677463047 181
1757595003026 0.24794781989517872 182
1757595003065 0.1800331786930872 183
1757595003104 4.934252542271145e-06 184
1757595003144 0.05229153793003418 185
1757595003184 0.04454236245501634 186
1757595003223 0.10193469047156634 187
1757595003263 0.0741745493322108 188
1757595003302 0.007569911103415061 189
1757595003342 0.02360530489791903 190
1757595003381 0.045281681837773355 191
1757595003420 0.14171929488937404 192
1757595003460 0.008707003788699031 193
1757595003500 0.001139190182388806 194
1757595003539 0.10857491411842979 195
1757595003579 0.16060280251087422 196
1757595003619 0.0007559183827640027 197
1757595003659 0.43159811716969165 198
1757595003698 0.1605214681261536 199
1757595003738 0.028904772577854884 200
1757595003777 0.056022108334425114 201
1757595003818 0.02793931001843175 202
1757595003859 0.033863740457759195 203
1757595003899 0.11982476259448141 204
1757595003939 0.10655670822353716 205
1757595003978 0.0365028804453842 206
1757595004018 0.0051536300129562725 207
1757595004057 0.10310987444995756 208
1757595004096 0.0033750497313715087 209
1757595004135 0.04537975882875167 210
1757595004175 0.09543401564323055 211
1757595004215 0.03650135162201963 212
1757595004254 0.09791620155124525 213
1757595004294 0.009658688256850493 214
1757595004333 0.029033126421200785 215
1757595004372 0.0003057064136628276 216
1757595004411 3.6383001193123746e-05 217
1757595004451 0.039107899491050716 218
1757595004490 0.0026453468910960388 219
1757595004530 0.009072282502923579 220
1757595004570 0.0519728865788225 221
1757595004610 0.01574698493796021 222
1757595004650 0.008214590151073325 223
1757595004689 0.011274346576850182 224
1757595004729 0.01665492982618815 225
1757595004768 0.34664958611135477 226
1757595004808 0.09244218889043315 227
1757595004847 0.00106883902210051 228
1757595004887 0.007398716143320906 229
1757595004927 0.2048813393637758 230
1757595004967 0.03434936441832136 231
1757595005007 0.0029915831822920676 232
1757595005046 0.012435067697246855 233
1757595005086 0.012421713680453658 234
1757595005126 0.015618537171920802 235
1757595005165 0.0018240243310129547 236
1757595005205 0.31658095415292764 237
1757595005245 0.032794767442453375 238
1757595005285 0.02687605410435874 239
1757595005325 0.18648089682550573 240
1757595005365 0.07986844465671819 241
1757595005405 0.2581478128563934 242
1757595005446 0.005733069245433126 243
1757595005488 4.862469985646261 244
1757595005541 0.1618197087062018 245
1757595005581 0.11382476518192976 246
1757595005621 0.009437276226217628 247
1757595005661 0.17496604869655819 248
1757595005700 0.08282678942152989 249
1757595005740 0.02909819871555754 250
1757595005780 0.00011467007171488301 251
1757595005820 0.10117372402851575 252
1757595005861 0.041064356206518125 253
1757595005901 0.02338219156620797 254
1757595005940 0.1313266695020639 255
1757595005979 0.023091820507381962 256
1757595006019 0.26988739282593993 257
1757595006060 0.025012318029474796 258
1757595006100 0.024708053602892924 259
1757595006140 0.001575081078185931 260
1757595006180 0.017671655663433063 261
1757595006220 0.013894801187887381 262
1757595006260 0.00019989053693450856 263
1757595006299 0.0020741694426623966 264
1757595006339 0.006320648624575746 265
1757595006379 0.46695106377880796 266
1757595006419 0.07456072194333008 267
1757595006459 0.017733486647143113 268
1757595006499 0.8202571078477756 269
1757595006540 0.1304325904117494 270
1757595006580 0.0526230660308464 271
1757595006620 0.16223918844672736 272
1757595006660 0.061747271287643436 273
1757595006701 0.09049461981307697 274
1757595006741 0.04916195537914954 275
1757595006782 0.08664692908036152 276
1757595006822 0.4131772006098831 277
1757595006862 0.024142762913123443 278
1757595006902 0.6155351494579038 279
1757595006942 0.19574144078332495 280
1757595006982 0.6390430409204328 281
1757595007022 0.0010498133559420579 282
1757595007062 0.0023083563085422886 283
1757595007103 0.12271247218283747 284
1757595007142 0.26377268887384014 285
1757595007182 0.041858698903358915 286
1757595007223 0.1442860466333713 287
1757595007263 0.00304056675226105 288
1757595007303 2.5592002295021322e-05 289
1757595007343 0.0033396876825393 290
1757595007384 0.042310990954962394 291
1757595007424 0.13939868822279272 292
1757595007464 0.13237994934372702 293
1757595007504 0.031783307689709925 294
1757595007544 0.3060362658726203 295
1757595007583 0.12160335702470244 296
1757595007624 0.0014487485844745344 297
1757595007664 0.03294567693188523 298
1757595007704 0.27097741978107653 299
1757595007744 1.0457921126215648 300
1757595007784 0.028348632152448032 301
1757595007824 0.11194389236595549 302
1757595007868 0.22685258184862864 303
1757595007910 0.021683027720910016 304
1757595007956 0.01559050359776697 305
1757595008000 0.037748231434320045 306
1757595008043 0.13922649307351756 307
1757595008085 0.008044777418049228 308
1757595008130 0.30093367121509385 309
1757595008179 0.00011954443442041275 310
1757595008220 0.01681353898088707 311
1757595008265 0.02109500656025633 312
1757595008307 0.09031679276824847 313
1757595008352 0.006992843829056826 314
1757595008393 0.12673104658832424 315
1757595008441 0.0008050307670449658 316
1757595008485 0.0037806125734479255 317
1757595008525 0.042867185153510866 318
1757595008566 0.12852816271835613 319
1757595008606 0.0015470969967015954 320
1757595008648 0.014274758710987993 321
1757595008688 0.020249666748744125 322
1757595008728 0.01471424966219886 323
1757595008768 8.72934789453618e-07 324
1757595008808 0.029099491603245826 325
1757595008848 1.4658634833926998 326
1757595008888 0.09506033833714628 327
1757595008928 0.2645231161244553 328
1757595008969 0.29380804401840815 329
1757595009009 0.04591810884721845 330
1757595009049 0.0006095663716607384 331
1757595009090 0.022677203471959232 332
1757595009130 0.08157425061966984 333
1757595009170 0.0069132199972464 334
1757595009210 0.0016529961480272082 335
1757595009250 0.4521045160033181 336
1757595009290 0.0027464270373069575 337
1757595009330 0.0036975539168934736 338
1757595009371 0.5595574734247741 339
1757595009411 0.11024584698624872 340
1757595009452 0.0811597535055379 341
1757595009492 0.10023082953603951 342
1757595009532 0.08894539549766353 343
1757595009572 1.4941878754923432 344
1757595009612 0.35244834552438803 345
1757595009653 0.5131047920769453 346
1757595009694 0.039434386736641666 347
1757595009734 0.339979797773895 348
1757595009774 0.18628564464064631 349
1757595009816 0.033590862826191926 350
1757595009859 0.030062989598561296 351
1757595009902 0.06643054040163182 352
1757595009945 0.104761594110181 353
1757595009987 0.23205875721810373 354
1757595010028 0.18471780144199856 355
1757595010069 0.0768920845181122 356
1757595010110 0.04680637647225256 357
1757595010154 0.039826625535835325 358
1757595010225 0.0453861094778785 359
1757595010292 0.04957376880062622 360
1757595010358 0.12414137743034821 361
1757595010420 0.007563981531948762 362
1757595010468 0.0015571359148721662 363
1757595010512 0.07614004581699287 364
1757595010554 0.6881762724036667 365
1757595010595 0.3187928563777777 366
1757595010637 0.0056263505724306676 367
1757595010679 0.030362225713311222 368
1757595010721 0.43058235183088056 369
1757595010788 0.029078136470095287 370
1757595010840 0.5783524403950115 371
1757595010885 0.17138650944578257 372
1757595010930 0.004644533270851979 373
1757595010974 0.014801954618801155 374
1757595011017 0.13602507104253422 375
1757595011059 0.487276868923003 376
1757595011102 0.11956039848467742 377
1757595011144 0.010036637066999471 378
1757595011187 0.05202691413769883 379
1757595011229 0.18940156053019402 380
1757595011271 0.011058073795572193 381
1757595011312 0.00976204578991434 382
1757595011353 0.8526876921291926 383
1757595011394 0.050343764411686386 384
1757595011435 0.166444106514673 385
1757595011476 0.004250387306421611 386
1757595011517 0.00025885972040669926 387
1757595011558 0.020797032336796056 388
1757595011600 0.08462490714126147 389
1757595011640 0.04441365626845662 390
1757595011681 0.055719238184281324 391
1757595011722 0.08912617961464332 392
1757595011763 0.011978795672393754 393
1757595011804 0.012599198204671175 394
1757595011845 0.052717189387731886 395
1757595011887 0.1920269425878284 396
1757595011928 0.8927249209092484 397
1757595011969 0.3078157633566208 398
1757595012011 0.07391257813762732 399
1757595012053 0.0023223871544725285 400
1757595012095 0.18010933400748078 401
1757595012137 0.94352383191181 402
1757595012178 0.06391711748686328 403
1757595012219 0.0013277610010783984 404
1757595012260 0.2826674732975012 405
1757595012301 0.1726927990033386 406
1757595012342 0.012608002389617672 407
1757595012383 0.2437783478737689 408
1757595012423 0.09700722222411112 409
1757595012464 0.2207338469815737 410
1757595012505 0.0042813330210577085 411
1757595012547 0.6491435175834706 412
1757595012588 0.03689855958119552 413
1757595012629 0.020954404178626616 414
1757595012670 0.035381320876972294 415
1757595012711 0.05427614258187109 416
1757595012752 0.0018769683815214652 417
1757595012793 4.3430453492459374e-05 418
1757595012833 0.01146661760524475 419
1757595012874 0.027410068910209227 420
1757595012915 0.0783532420953244 421
1757595012958 0.11997812638706247 422
1757595013000 0.3106029457194528 423
1757595013041 0.33094155099005096 424
1757595013082 0.073594754672986 425
1757595013124 0.12707944721910333 426
1757595013165 0.003267515358571051 427
1757595013206 0.3484134553264676 428
1757595013247 0.0031087567825062957 429
1757595013288 0.30974066350001617 430
1757595013329 0.11349529190097973 431
1757595013370 0.03689768111753442 432
1757595013412 0.0048103512722783475 433
1757595013454 0.0017767531109209756 434
1757595013496 0.0011891065258218128 435
1757595013536 8.190015375999256e-05 436
1757595013578 0.00910592025895978 437
1757595013619 0.0002738968896791782 438
1757595013660 0.1142648200362305 439
1757595013702 0.008300913796884956 440
1757595013744 0.07750875145644927 441
1757595013785 0.05022919457747217 442
1757595013827 0.008613705350672962 443
1757595013869 0.7543458944523748 444
1757595013912 0.17646103419593626 445
1757595013953 0.0001803170070167747 446
1757595013995 0.13920047470778185 447
1757595014035 0.0276998595075401 448
1757595014076 0.3506150897197729 449
1757595014118 0.10028983504892705 450
1757595014160 0.07067616259924034 451
1757595014201 0.1992198798241696 452
1757595014242 0.009199009394683946 453
1757595014283 0.10570911960195578 454
1757595014324 0.1412754038513109 455
1757595014364 0.4825730669280379 456
1757595014407 0.016908875581561365 457
1757595014449 0.0038854377485437234 458
1757595014491 0.0574941476969797 459
1757595014534 0.0021494544633243067 460
1757595014575 0.1254348819588426 461
1757595014617 0.6188892552725589 462
1757595014658 0.0022898629365732683 463
1757595014700 0.0059101882184913425 464
1757595014743 0.007165562912402854 465
1757595014784 0.00488855121482248 466
1757595014826 0.04031682304420998 467
1757595014867 0.1816179903291754 468
1757595014909 0.348179232092142 469
1757595014950 1.2122381845559053e-05 470
1757595014990 0.0046002294853625105 471
1757595015032 0.05243739813744602 472
1757595015073 0.019414030165239307 473
1757595015114 0.005760321880938753 474
1757595015156 0.02317963757817283 475
1757595015197 0.25110006499845366 476
1757595015239 0.001135372056255893 477
1757595015280 0.006556907615575606 478
1757595015321 1.6703609927288264e-06 479
1757595015362 0.3896635698230414 480
1757595015404 0.030278852643459475 481
1757595015445 0.01385223693757709 482
1757595015487 0.07297162749801252 483
1757595015542 0.40173016864278144 484
1757595015584 0.09710170600793581 485
1757595015626 0.3697885256628245 486
1757595015668 0.06766521085053287 487
1757595015710 0.004381216780255925 488
1757595015753 0.3237172898218 489
1757595015795 0.37918465473763435 490
1757595015838 0.16231680019981665 491
1757595015880 0.21187801381845897 492
1757595015923 1.4162553331106864 493
1757595015965 0.010850978391838266 494
1757595016013 0.16574006746797515 495
1757595016060 0.3305035794067236 496
1757595016109 0.12312392320936509 497
1757595016177 0.6463709671200715 498
1757595016234 0.6762100102654294 499
