1757518059558 123.14183438390516 0
1757518059568 91.04066700341386 1
1757518059577 70.1319237026537 2
1757518059586 53.66718070613673 3
1757518059595 38.60022757629264 4
1757518059605 31.480031828788302 5
1757518059614 24.303086611961017 6
1757518059623 23.130946384067126 7
1757518059632 16.68653245429804 8
1757518059642 12.67327261430883 9
1757518059651 4.254130581513202 10
1757518059660 3.5362755417152925 11
1757518059669 8.340048306856302 12
1757518059679 4.594896665789269 13
1757518059688 6.47760050654652 14
1757518059697 5.511227340198474 15
1757518059707 8.516003086506343 16
1757518059716 3.126538684570404 17
1757518059726 3.9716539565625775 18
1757518059735 2.833644722920792 19
1757518059745 2.6444980931790725 20
1757518059754 4.493598967005481 21
1757518059764 3.3452647277396763 22
1757518059774 1.1126296091662697 23
1757518059783 3.4587133207076843 24
1757518059793 1.386527138368642 25
1757518059802 2.02447418707155 26
1757518059812 3.7947788617470652 27
1757518059821 3.3753839597042967 28
1757518059831 3.665213658504997 29
1757518059840 6.280432525204777 30
1757518059849 4.271825343659063 31
1757518059859 5.105919482877933 32
1757518059868 2.3231631884535666 33
1757518059877 5.4471971306723335 34
1757518059887 1.464121735332376 35
1757518059896 5.18768709899272 36
1757518059906 2.504192703778793 37
1757518059916 2.27554171193248 38
1757518059925 5.800343550776547 39
1757518059935 3.443548707059708 40
1757518059944 0.6923075309634565 41
1757518059953 1.0958420532954904 42
1757518059963 3.3058821110482284 43
1757518059972 2.669694141135759 44
1757518059981 2.869264209008515 45
1757518059991 3.3694535359328075 46
1757518060000 3.648776272316434 47
1757518060011 1.5888738321394913 48
1757518060020 1.9110160536631382 49
1757518060030 3.7719874445577273 50
1757518060039 3.3613299270872203 51
1757518060049 2.0566875241339044 52
1757518060058 4.169090247387969 53
1757518060067 2.5896884387657044 54
1757518060077 3.6213900832223866 55
1757518060086 2.626705365331208 56
1757518060096 2.8184787845444332 57
1757518060105 2.873941312668843 58
1757518060115 4.423480450262496 59
1757518060124 3.784020456016702 60
1757518060134 4.295838471590156 61
1757518060144 3.158369466414357 62
1757518060153 3.1354095138562457 63
1757518060163 1.5601596329300855 64
1757518060172 1.956584661074159 65
1757518060181 3.2204801866931274 66
1757518060191 5.6757938015734855 67
1757518060201 2.720957626567636 68
1757518060210 2.507205189222333 69
1757518060220 2.499543203936477 70
1757518060230 1.2152172317743541 71
1757518060239 2.461092053618185 72
1757518060249 2.4561290871576107 73
1757518060259 1.4307742236010756 74
1757518060269 2.787550710126876 75
1757518060278 1.1834200785661553 76
1757518060288 1.777989627168434 77
1757518060298 3.611010917905148 78
1757518060307 2.5613228194349498 79
1757518060317 3.240153922704487 80
1757518060327 3.871804378465929 81
1757518060336 2.3815085357024834 82
1757518060346 2.35774378097716 83
1757518060356 2.9804874272852233 84
1757518060365 1.7563106677976372 85
1757518060375 3.1563921223201126 86
1757518060385 1.568061131767742 87
1757518060394 1.8653117649709707 88
1757518060404 1.3471266446808605 89
1757518060414 2.158074192329742 90
1757518060423 2.7901104470744587 91
1757518060433 1.76659953480118 92
1757518060442 2.008593024790222 93
1757518060452 0.9906177825732785 94
1757518060462 2.8344581159029665 95
1757518060472 1.5605792386321298 96
1757518060481 1.6852751400805632 97
1757518060491 3.0358752504282887 98
1757518060501 1.2210494160901877 99
1757518060511 2.777838091715148 100
1757518060520 3.1709727231282336 101
1757518060530 1.1628369856116074 102
1757518060540 1.635179655035814 103
1757518060549 1.5324486362840088 104
1757518060559 1.9868372082936976 105
1757518060569 1.4972686070031755 106
1757518060578 1.805618096174156 107
1757518060588 1.3563135113783642 108
1757518060598 1.9790714276794827 109
1757518060608 1.7334459238671551 110
1757518060618 2.546076958597308 111
1757518060628 0.854371771394779 112
1757518060637 1.1447962714765114 113
1757518060647 1.161789951447641 114
1757518060657 1.2316611989360031 115
1757518060667 1.522455933251498 116
1757518060677 1.6688161384697024 117
1757518060687 1.376888893812539 118
1757518060697 2.1044432855945994 119
1757518060707 2.609473279457486 120
1757518060717 1.252025770739597 121
1757518060727 1.883225070489256 122
1757518060737 3.016186657450059 123
1757518060746 1.14663036566227 124
1757518060756 1.6573437841839078 125
1757518060767 1.59938430130093 126
1757518060791 1.9154082472687899 127
1757518060804 1.8357825138978128 128
1757518060814 1.2857415931497669 129
1757518060824 1.7827218398978193 130
1757518060835 0.4973079978543208 131
1757518060845 1.3835517326969509 132
1757518060856 1.809943721341359 133
1757518060866 1.8918324961384934 134
1757518060877 0.7386722775374137 135
1757518060887 0.9616080275301448 136
1757518060897 0.9459601788626866 137
1757518060907 1.0879375839920151 138
1757518060918 1.2477076492089354 139
1757518060928 1.0256100074447911 140
1757518060938 2.3258046134878696 141
1757518060949 1.6893677059151504 142
1757518060958 1.006607831370037 143
1757518060969 1.1241626042780835 144
1757518060979 1.381577332740617 145
1757518060989 1.0716878735158037 146
1757518060999 1.0033572563569597 147
1757518061009 1.467057384728524 148
1757518061019 1.0606596158849584 149
1757518061029 1.9697557243625625 150
1757518061039 1.7997074131603727 151
1757518061049 1.4122273352198091 152
1757518061059 1.2740120726551505 153
1757518061069 1.9953536517362418 154
1757518061080 0.864432742419622 155
1757518061090 0.9784797157212458 156
1757518061100 0.8461665639127692 157
1757518061110 1.216089471507306 158
1757518061120 1.2425813939241155 159
1757518061130 0.8317938819675544 160
1757518061140 1.035621296232662 161
1757518061150 1.4429008822299787 162
1757518061161 1.440364782640883 163
1757518061175 1.7430509750686993 164
1757518061185 0.7176224983194893 165
1757518061195 1.304250107932578 166
1757518061205 0.8113017241815896 167
1757518061216 1.1838181665740901 168
1757518061226 1.958199013973905 169
1757518061237 1.0993624520641052 170
1757518061247 0.47119360050094905 171
1757518061257 1.0275144336754045 172
1757518061268 1.0269593599961828 173
1757518061278 1.0535009790479928 174
1757518061288 0.968545321656043 175
1757518061298 0.6910294582368754 176
1757518061309 1.109009570309725 177
1757518061319 1.5245621188843275 178
1757518061329 0.6521242078105406 179
1757518061339 0.7192523840517344 180
1757518061350 0.9600120025905028 181
1757518061360 0.835207614085513 182
1757518061370 0.8282046412340149 183
1757518061380 1.2427439879576692 184
1757518061391 0.7985816202450473 185
1757518061401 0.5238463160768738 186
1757518061411 0.6666316128404355 187
1757518061422 1.1141233065569904 188
1757518061433 0.6165589536434024 189
1757518061443 0.6664285810992109 190
1757518061454 0.7329495515773183 191
1757518061464 0.9011177955937536 192
1757518061474 0.82906309376117 193
1757518061485 1.041319111990063 194
1757518061495 1.2450673091435036 195
1757518061505 0.7316878004409139 196
1757518061516 0.7606890361880309 197
1757518061526 1.0504415499011024 198
1757518061536 0.5527276529873949 199
1757518061547 1.3555629740768922 200
1757518061557 0.9034648406069143 201
1757518061568 0.868795418404117 202
1757518061578 1.1854910553143274 203
1757518061588 0.5966461761131153 204
1757518061599 1.108032222912139 205
1757518061609 0.3439743526847671 206
1757518061620 1.2429178723742031 207
1757518061630 0.6676369433894584 208
1757518061640 0.527482647054178 209
1757518061651 0.647328051126855 210
1757518061661 0.7863551601790212 211
1757518061671 0.974719393441078 212
1757518061682 0.739761214052974 213
1757518061693 0.280178069274746 214
1757518061704 0.7556324910025624 215
1757518061714 0.6177449246500928 216
1757518061725 0.5977100774610656 217
1757518061736 0.5637855975685385 218
1757518061746 0.7900316320412443 219
1757518061757 1.2225552443411167 220
1757518061767 0.49905311449201567 221
1757518061778 0.5552578642404616 222
1757518061789 0.7418814007378153 223
1757518061799 0.7910075453540998 224
1757518061810 0.8780658352219477 225
1757518061820 0.9973967727525 226
1757518061831 0.32375717721851205 227
1757518061841 0.8189738533892812 228
1757518061852 0.4689679489521678 229
1757518061862 0.5683579149865275 230
1757518061873 0.6752217853799958 231
1757518061884 0.5229453275878839 232
1757518061894 0.5498248263657632 233
1757518061905 0.5724203554060053 234
1757518061915 0.6447980060570503 235
1757518061926 0.4738762741666979 236
1757518061937 0.4762765880221054 237
1757518061948 0.4628688717439676 238
1757518061958 0.8938749086356141 239
1757518061969 0.49899183303005124 240
1757518061980 0.44601640549694 241
1757518061990 0.9014668886175926 242
1757518062001 0.513788664941685 243
1757518062012 0.48217905185504567 244
1757518062023 1.0323635912362208 245
1757518062034 0.4576268539445885 246
1757518062044 0.29451452631484093 247
1757518062055 0.3558129294369131 248
1757518062066 1.3548086012127463 249
1757518062077 0.3216284381940358 250
1757518062088 0.1983324040050371 251
1757518062098 0.6631378586891754 252
1757518062109 0.5922112840321211 253
1757518062120 0.2904164257544249 254
1757518062130 0.37722630650340555 255
1757518062141 0.34214931518459124 256
1757518062152 0.5438700393816382 257
1757518062163 0.7123176732432105 258
1757518062173 0.38059847636081207 259
1757518062184 0.4905316979143671 260
1757518062195 0.5741203032444627 261
1757518062205 1.622843908531335 262
1757518062216 0.41185668948407617 263
1757518062227 0.4555869734169964 264
1757518062238 0.25219057977097714 265
1757518062249 0.39790373137935725 266
1757518062260 0.8853957842698611 267
1757518062271 0.3081684657380311 268
1757518062282 0.3095381008081536 269
1757518062293 0.18488027454185396 270
1757518062304 0.49824221487006926 271
1757518062315 0.317489212191728 272
1757518062326 0.469778145617989 273
1757518062337 0.6813050173968772 274
1757518062347 0.28274702276438035 275
1757518062358 0.274566525493147 276
1757518062369 0.3171295923113268 277
1757518062380 0.4154460265310501 278
1757518062391 0.3935716288421482 279
1757518062401 0.53337897882179 280
1757518062412 0.537722587124878 281
1757518062423 0.4213816251755647 282
1757518062434 0.5547873365283068 283
1757518062445 0.4251472503024981 284
1757518062456 0.3911452225430112 285
1757518062467 0.5223718271917452 286
1757518062478 0.367175909854552 287
1757518062489 0.3478044370415231 288
1757518062500 0.4033226913350961 289
1757518062511 0.39748532999818564 290
1757518062522 0.6478179597059082 291
1757518062533 0.4737750593990648 292
1757518062544 0.4221569855178077 293
1757518062555 0.27442851084424064 294
1757518062566 0.5020707624443478 295
1757518062577 0.33528135517018665 296
1757518062588 0.31713221198613323 297
1757518062599 0.521212969111285 298
1757518062610 0.2982030843511457 299
1757518062621 0.4015450472087219 300
1757518062632 0.48526230615730215 301
1757518062643 0.4935180196771707 302
1757518062654 0.5915506143541377 303
1757518062665 0.2716311120101872 304
1757518062676 0.22151329511184964 305
1757518062687 0.37170961017565957 306
1757518062698 0.8102146146865004 307
1757518062709 0.24623208617692946 308
1757518062720 0.2999312544647398 309
1757518062732 0.33639258740071826 310
1757518062743 0.17212949382198892 311
1757518062754 0.3230852150246578 312
1757518062765 0.12419676526428539 313
1757518062776 0.42280243686287383 314
1757518062787 0.34668447408605535 315
1757518062799 0.35086406577026863 316
1757518062810 0.5411074851482522 317
1757518062820 0.29446025188403935 318
1757518062831 0.13742385426834774 319
1757518062843 0.29552795432017503 320
1757518062854 0.31720053088749056 321
1757518062865 0.24955182035055817 322
1757518062876 0.17383274339963778 323
1757518062887 0.31294330541785276 324
1757518062899 0.3036584483791074 325
1757518062910 0.3840617470271174 326
1757518062921 0.2854958459526303 327
1757518062932 0.2486962408029215 328
1757518062944 0.6329304710124181 329
1757518062955 0.2284523891903314 330
1757518062967 0.27679685863922066 331
1757518062978 0.21353800385485366 332
1757518062990 0.2213007382576583 333
1757518063001 0.3528667252787791 334
1757518063013 0.14375984552977575 335
1757518063024 0.5226849495798829 336
1757518063035 0.2428705108234699 337
1757518063047 0.2762368055930381 338
1757518063058 0.29979225493801104 339
1757518063070 0.3717679195651447 340
1757518063081 0.24149471637008615 341
1757518063092 0.16041874654998808 342
1757518063104 0.22536044385601836 343
1757518063115 0.194713204576934 344
1757518063126 0.3864749618001046 345
1757518063137 0.2936798391069111 346
1757518063149 0.3418523096574132 347
1757518063160 0.27736691451984213 348
1757518063173 0.4186089042401816 349
1757518063185 0.3244028338638674 350
1757518063204 0.26223502078863775 351
1757518063216 0.40364297464899185 352
1757518063228 0.22984668393298466 353
1757518063239 0.14109404858313154 354
1757518063251 0.2836880570265668 355
1757518063262 0.33828632787873664 356
1757518063274 0.27242223718086056 357
1757518063286 0.19057485893284853 358
1757518063297 0.19971431499346398 359
1757518063309 0.3196750811271173 360
1757518063321 0.2356136930789989 361
1757518063333 0.16745859281677392 362
1757518063345 0.24522444461302645 363
1757518063356 0.25942904436359016 364
1757518063367 0.27363779074165623 365
1757518063379 0.32101659794243376 366
1757518063391 0.17245004115265133 367
1757518063402 0.1736420988381491 368
1757518063414 0.5613468550847669 369
1757518063425 0.15164513845339353 370
1757518063437 0.227919481162017 371
1757518063449 0.3540010273392371 372
1757518063460 0.11877309034943717 373
1757518063472 0.3863237487964826 374
1757518063484 0.3916460415385445 375
1757518063495 0.3899786156526175 376
1757518063507 0.07593128767129005 377
1757518063519 0.16865026973654726 378
1757518063530 0.3189166408651065 379
1757518063542 0.17391654351493493 380
1757518063553 0.21529182542254183 381
1757518063565 0.26254568937473255 382
1757518063576 0.35509358793421236 383
1757518063588 0.2939088907393738 384
1757518063603 0.33748020905305265 385
1757518063615 0.2519883822085255 386
1757518063626 0.26364309259160806 387
1757518063638 0.16376767147563484 388
1757518063650 0.2006876411426946 389
1757518063661 0.12763055262255057 390
1757518063673 0.1480166539856387 391
1757518063684 0.29629900926106467 392
1757518063696 0.24901041927392276 393
1757518063708 0.2551914456642463 394
1757518063720 0.2751938322379906 395
1757518063732 0.17709299570885617 396
1757518063744 0.15644497759346246 397
1757518063755 0.21078287874326218 398
1757518063767 0.26862686899404686 399
1757518063779 0.23347772264180533 400
1757518063790 0.1794449499139697 401
1757518063802 0.12599871788980824 402
1757518063814 0.15691821774569478 403
1757518063825 0.1319571148800654 404
1757518063837 0.26408178374049024 405
1757518063849 0.21019378682730316 406
1757518063860 0.1937355023596204 407
1757518063872 0.1624419987963415 408
1757518063884 0.184897086936285 409
1757518063896 0.278405703901873 410
1757518063908 0.346288855578046 411
1757518063920 0.20850547306148212 412
1757518063931 0.2039905457815971 413
1757518063943 0.15253096805158306 414
1757518063955 0.28177531583524984 415
1757518063967 0.46628192842279137 416
1757518063979 0.25210730299109757 417
1757518063991 0.23178122614117744 418
1757518064002 0.16607289517936485 419
1757518064014 0.12546673411497866 420
1757518064026 0.365421701385817 421
1757518064037 0.3423578928589907 422
1757518064049 0.5007083785716415 423
1757518064061 0.18298120288179304 424
1757518064072 0.2956772771448678 425
1757518064084 0.19119891755441878 426
1757518064096 0.19709621730829 427
1757518064108 0.1533854853019097 428
1757518064119 0.14626242707636897 429
1757518064131 0.19304995193698218 430
1757518064143 0.08986909794951134 431
1757518064155 0.29463187696290805 432
1757518064167 0.16799422943794953 433
1757518064179 0.22827365309647468 434
1757518064191 0.21692335494757448 435
1757518064203 0.18559661154113793 436
1757518064215 0.17989305653124288 437
1757518064227 0.23813639295852324 438
1757518064238 0.17211523562820769 439
1757518064250 0.13453653554908565 440
1757518064262 0.13461136519890585 441
1757518064274 0.06853211972055535 442
1757518064286 0.3273192954410481 443
1757518064298 0.21029613701031613 444
1757518064310 0.1945545031764162 445
1757518064322 0.21845908829549485 446
1757518064333 0.22469097333783306 447
1757518064345 0.2603371290951518 448
1757518064357 0.21780610593398525 449
1757518064369 0.4782913374553476 450
1757518064381 0.2809722549322321 451
1757518064393 0.17471852744643446 452
1757518064405 0.2167936188247537 453
1757518064417 0.2234436184590555 454
1757518064428 0.19969554191858035 455
1757518064441 0.2025584143799453 456
1757518064453 0.17383798134946726 457
1757518064465 0.14720648437557354 458
1757518064477 0.8992701043712042 459
1757518064489 0.15934172421288656 460
1757518064501 0.30739436681551513 461
1757518064513 0.18510139906841225 462
1757518064525 0.07574482397306988 463
1757518064536 0.2509846168642885 464
1757518064549 0.2084882841852765 465
1757518064561 0.14823353842262652 466
1757518064573 0.1286049030164789 467
1757518064585 0.19166218856404418 468
1757518064597 0.19607877953498415 469
1757518064609 0.1830944368008124 470
1757518064621 0.0831383673836197 471
1757518064633 0.08952069966736217 472
1757518064645 0.16833295742395185 473
1757518064657 0.21862578094574137 474
1757518064669 0.2572114902501956 475
1757518064681 0.2679261394953143 476
1757518064694 0.19131519629556037 477
1757518064706 0.23166019172029179 478
1757518064718 0.24574412698210482 479
1757518064730 0.3267210191759891 480
1757518064742 0.18329024861131032 481
1757518064754 0.15471544898144965 482
1757518064766 0.17240770002271977 483
1757518064779 0.06906381337205363 484
1757518064791 0.0975461829556431 485
1757518064803 0.12297991440524339 486
1757518064815 0.2045603059718053 487
1757518064827 0.12422118079870265 488
1757518064839 0.213000719731742 489
1757518064852 0.10381782409967558 490
1757518064864 0.12778772509239292 491
1757518064876 0.12429632210123073 492
1757518064888 0.125896293617511 493
1757518064900 0.19768291903857624 494
1757518064912 0.17716465845577062 495
1757518064925 0.0967161106389766 496
1757518064937 0.12705451511291768 497
1757518064949 0.10668542146075523 498
1757518064961 0.16977249096379263 499
