1757518051908 13.116181660203198 0
1757518051918 6.03676652830962 1
1757518051927 2.273713544840121 2
1757518051937 5.256921458720411 3
1757518051948 6.756963027347689 4
1757518051958 2.098425580683742 5
1757518051967 1.6749031258498988 6
1757518051976 3.011283744445434 7
1757518051985 2.7144038520082865 8
1757518051994 1.76092045731482 9
1757518052004 0.9242241093935004 10
1757518052014 2.5835917655426086 11
1757518052024 1.694746779872944 12
1757518052033 1.6359290613208373 13
1757518052043 1.5040376668166744 14
1757518052052 1.0099702174717515 15
1757518052062 0.9284183166944701 16
1757518052071 0.6787965568209597 17
1757518052080 0.5011886637773094 18
1757518052090 0.8137036886764173 19
1757518052100 0.8999175431778955 20
1757518052110 0.5531627301324005 21
1757518052120 0.6926538777171826 22
1757518052129 0.6677620787301167 23
1757518052139 0.5654553858228121 24
1757518052148 0.43184774682391114 25
1757518052158 0.4289270667148182 26
1757518052167 0.45969846903529266 27
1757518052177 0.47940609544220386 28
1757518052187 0.4206306228592361 29
1757518052197 0.2629107056765505 30
1757518052206 0.4110285967373273 31
1757518052216 0.449471980012778 32
1757518052227 0.3489656323862448 33
1757518052237 0.7309313085530785 34
1757518052246 0.33632812625313674 35
1757518052256 0.1700975902608816 36
1757518052266 0.15807869126466262 37
1757518052275 0.07924914853226384 38
1757518052286 0.2087950053064134 39
1757518052296 0.3763220610546617 40
1757518052305 0.16341664504479536 41
1757518052315 0.3998984673200338 42
1757518052325 0.16658029532643662 43
1757518052334 0.4046296054438263 44
1757518052344 0.1042087707961844 45
1757518052353 0.10901776849922563 46
1757518052363 0.10284737227646884 47
1757518052372 0.10982428842059445 48
1757518052382 0.08510637620148634 49
1757518052391 0.13053412889213584 50
1757518052401 0.12386383050690439 51
1757518052411 0.23298810598403263 52
1757518052420 0.14756044624105902 53
1757518052430 0.14697465324802012 54
1757518052440 0.10072681526266597 55
1757518052449 0.48488882665529126 56
1757518052459 0.23306529940563978 57
1757518052468 0.09560790157490696 58
1757518052478 0.10738190197890365 59
1757518052488 0.11800336161772403 60
1757518052497 0.13274785275225995 61
1757518052507 0.07031104676619986 62
1757518052517 0.06625928588890855 63
1757518052526 0.13429080429299803 64
1757518052536 0.14566921570804484 65
1757518052546 0.12298045296177665 66
1757518052556 0.09351991175345493 67
1757518052566 0.1100997925724041 68
1757518052575 0.10388911463520595 69
1757518052585 0.13570260255442823 70
1757518052594 0.07986404142559152 71
1757518052604 0.06453117735271051 72
1757518052614 0.12728818547966284 73
1757518052623 0.1890690887724536 74
1757518052633 0.13605701011135396 75
1757518052643 0.1778887884027925 76
1757518052653 0.07603606669803707 77
1757518052663 0.12513210140911188 78
1757518052672 0.1353924178857293 79
1757518052682 0.07388159559832408 80
1757518052692 0.09805501459014637 81
1757518052702 0.07984807214346043 82
1757518052712 0.09835436447630788 83
1757518052722 0.21792795217453864 84
1757518052731 0.14202916839681626 85
1757518052741 0.07787932573071961 86
1757518052751 0.10163248505633378 87
1757518052761 0.06326611542294301 88
1757518052771 0.1052972150349848 89
1757518052781 0.10821092631146724 90
1757518052790 0.08357816432332449 91
1757518052800 0.0979035433704265 92
1757518052810 0.08515492823339715 93
1757518052820 0.08751200108224573 94
1757518052830 0.10950078321828112 95
1757518052840 0.23726648823313953 96
1757518052853 0.0945064994282255 97
1757518052863 0.10982730041893254 98
1757518052873 0.15857469612012226 99
1757518052883 0.12955427128736496 100
1757518052893 0.11374034898099293 101
1757518052903 0.2056358281089173 102
1757518052912 0.06854327203792974 103
1757518052922 0.1956161334604806 104
1757518052932 0.07640261617176458 105
1757518052942 0.11751744127521212 106
1757518052952 0.12283480006131943 107
1757518052962 0.06051215564368734 108
1757518052972 0.13580999544872965 109
1757518052982 0.07365594259763 110
1757518052992 0.0956767440880416 111
1757518053002 0.07806434741093114 112
1757518053012 0.10716853701784322 113
1757518053021 0.15059868484120123 114
1757518053031 0.07525852581069951 115
1757518053042 0.09808112743851297 116
1757518053052 0.2519748208622823 117
1757518053062 0.10489665459534295 118
1757518053072 0.05785450720627528 119
1757518053082 0.12186595951606684 120
1757518053092 0.10016178123962542 121
1757518053102 0.06533509340162874 122
1757518053112 0.06102129336846234 123
1757518053138 0.1133721262672735 124
1757518053154 0.09348484683393465 125
1757518053165 0.07885211448106628 126
1757518053176 0.07111120796274291 127
1757518053187 0.11233248224946582 128
1757518053202 0.14370710294031194 129
1757518053213 0.142764298539459 130
1757518053225 0.0968830565473535 131
1757518053236 0.06368438395246244 132
1757518053247 0.14509846535206877 133
1757518053257 0.06263474585072834 134
1757518053268 0.08768940770639262 135
1757518053278 0.06672841753117958 136
1757518053288 0.06254370051825328 137
1757518053299 0.14772404440736528 138
1757518053309 0.189166781274569 139
1757518053319 0.12144435180039789 140
1757518053330 0.1386500165005617 141
1757518053340 0.07172826783393417 142
1757518053350 0.06987993530443024 143
1757518053360 0.13480831199784366 144
1757518053371 0.08458737270228407 145
1757518053381 0.07827593101138675 146
1757518053391 0.0750517699545263 147
1757518053401 0.1137930177161472 148
1757518053412 0.09261502795395772 149
1757518053422 0.07802576285228995 150
1757518053432 0.07195200497619555 151
1757518053442 0.0718576740980593 152
1757518053452 0.09298829087833509 153
1757518053463 0.11726299677852446 154
1757518053473 0.06819887886579666 155
1757518053483 0.10478820333651924 156
1757518053494 0.13468814754158503 157
1757518053504 0.06545939915499571 158
1757518053514 0.20475254367217882 159
1757518053525 0.0662203025291132 160
1757518053535 0.08107351456556008 161
1757518053546 0.09835182605158489 162
