1757518373419 0.24980718049088163 0
1757518373458 0.005309918028691319 1
1757518373497 0.05855357605328565 2
1757518373536 0.5543030230129454 3
1757518373575 0.9140759362998574 4
1757518373614 6.892873024799573e-05 5
1757518373653 0.015299449351239862 6
1757518373691 0.014681802094742118 7
1757518373730 0.09518677094138007 8
1757518373769 0.11638926158584048 9
1757518373808 0.25507803943488583 10
1757518373846 0.36450659108090366 11
1757518373885 0.07563323842964778 12
1757518373924 0.18776617246108818 13
1757518373962 0.09336789538244612 14
1757518374001 0.009614757053569867 15
1757518374040 0.47395444815097815 16
1757518374078 0.20065653762968103 17
1757518374116 0.10552674077408523 18
1757518374155 0.10565959576371489 19
1757518374195 0.06944932368556074 20
1757518374233 1.0322681866880647 21
1757518374273 0.0013912894321040572 22
1757518374312 0.140089777834581 23
1757518374350 0.001548901735774554 24
1757518374389 0.035396758883641175 25
1757518374428 0.002634480516078658 26
1757518374467 0.004058538031278322 27
1757518374507 0.0004214012415113869 28
1757518374547 0.2212583429842064 29
1757518374586 0.01698553633620334 30
1757518374638 5.306427969593802e-05 31
1757518374677 0.03916421352565951 32
1757518374716 0.21974969031383138 33
1757518374754 0.008506622214504364 34
1757518374793 0.0019836058997497364 35
1757518374832 0.09143300213154909 36
1757518374871 0.02519831748814999 37
1757518374911 0.12842314744039876 38
1757518374950 0.3323259987577051 39
1757518374988 0.03553738284252375 40
1757518375028 0.010196717466259818 41
1757518375068 0.10046232386987486 42
1757518375108 0.0011277485744427074 43
1757518375148 0.4028896366890845 44
1757518375187 0.0715056478199064 45
1757518375228 0.05367868944089523 46
1757518375267 0.1859300204702982 47
1757518375307 0.009405612533348472 48
1757518375346 0.012797676507447942 49
1757518375384 0.10902085320526328 50
1757518375423 0.08491872922537708 51
1757518375462 3.268669258074768 52
1757518375501 0.402794478734953 53
1757518375539 0.023807277814802758 54
1757518375578 0.07783623425549781 55
1757518375617 0.08859455545082728 56
1757518375656 0.3132050201953896 57
1757518375695 0.39309783788813746 58
1757518375733 0.13908011325811478 59
1757518375772 0.793781777773663 60
1757518375810 0.001581032891526728 61
1757518375858 0.18115252454265676 62
1757518375899 0.0003465395593181625 63
1757518375939 0.5808554669782579 64
1757518375977 0.13896928110337947 65
1757518376016 0.0424416262218722 66
1757518376055 0.07201135874159768 67
1757518376093 0.06225397112762054 68
1757518376132 0.003003796767458073 69
1757518376171 1.4000161866250354 70
1757518376210 0.031362420316626186 71
1757518376249 0.02392265512655091 72
1757518376288 0.05103612319880331 73
1757518376327 0.21522602777019015 74
1757518376366 0.15901629381523616 75
1757518376405 0.26946636477303426 76
1757518376444 0.010954432083570843 77
1757518376483 0.09130413065401556 78
1757518376522 0.013791829220498321 79
1757518376561 0.19567516446262578 80
1757518376601 0.06991301658441115 81
1757518376640 0.03189949192861419 82
1757518376679 0.004714279377113995 83
1757518376718 0.00038356432329515234 84
1757518376757 0.13516099590204886 85
1757518376796 0.11193893741499669 86
1757518376835 0.008524678653572367 87
1757518376874 0.00039239347405893625 88
1757518376913 0.059487381137784505 89
1757518376952 0.05315990842680182 90
1757518376991 0.00018633942522057367 91
1757518377030 0.00214981085575608 92
1757518377070 0.10831643364391652 93
1757518377109 0.16364330753972128 94
1757518377148 0.18920629172758488 95
1757518377188 0.03301316226227181 96
1757518377227 0.08282066847536847 97
1757518377266 0.047028928949039026 98
1757518377305 0.19972622779291904 99
1757518377344 0.005706848252834347 100
1757518377384 0.03907921913310804 101
1757518377424 0.03557115560308985 102
1757518377464 0.17535000343175508 103
1757518377503 0.0007909209965759731 104
1757518377542 0.05988165752537313 105
1757518377581 0.0010644648377267656 106
1757518377620 0.048019002482996356 107
1757518377659 0.30269868865756816 108
1757518377698 0.015693782788056308 109
1757518377737 0.00641312165250717 110
1757518377776 0.1619185474273548 111
1757518377816 0.17591863500483554 112
1757518377855 0.3737566232467616 113
1757518377894 0.01698875020795205 114
1757518377934 1.7010853798484804 115
1757518377973 0.1005613744521888 116
1757518378012 0.0758959623470339 117
1757518378051 0.21557410898530147 118
1757518378090 0.21228819247708963 119
1757518378130 0.03884179711910943 120
1757518378169 0.07062384690757784 121
1757518378209 0.011255832817436879 122
1757518378248 0.02417715383498634 123
1757518378287 0.24502167725978324 124
1757518378327 0.08515012636414389 125
1757518378366 0.6332715737608106 126
1757518378406 0.0017371870298323662 127
1757518378449 0.012028318213981187 128
1757518378488 0.4366174259961609 129
1757518378527 0.4115578720029911 130
1757518378566 0.04315414608032404 131
1757518378605 0.047708779262414125 132
1757518378645 0.012415309267472105 133
1757518378684 0.0014111139113920606 134
1757518378723 0.47317025559805675 135
1757518378763 0.10954341865045727 136
1757518378802 5.469541523568074e-05 137
1757518378841 0.1524039956311442 138
1757518378880 0.08743148649126037 139
1757518378920 0.045036214779769955 140
1757518378959 0.020890315769882574 141
1757518378999 5.752243184528723 142
1757518379038 0.28093603289056157 143
1757518379078 0.3937825797966587 144
1757518379117 0.016398593606863566 145
1757518379156 0.041867365503123734 146
1757518379196 0.003965691555610075 147
1757518379236 0.0013268071494056176 148
1757518379275 0.04527427301493421 149
1757518379314 0.22168859722939682 150
1757518379354 0.16721256143948213 151
1757518379393 0.09001633436941978 152
1757518379433 0.09862780481131213 153
1757518379472 0.2967533225541978 154
1757518379512 0.06101323810951779 155
1757518379552 0.015458948696970724 156
1757518379592 0.23058538733594092 157
1757518379632 0.17050136421544235 158
1757518379672 0.0023377651027301975 159
1757518379712 0.09592211575710001 160
1757518379751 0.004040531320863166 161
1757518379791 0.04165900274487654 162
1757518379830 0.00759681875584372 163
1757518379869 0.12261767555785455 164
1757518379909 0.08562008236538643 165
1757518379948 0.041041214301364086 166
1757518379987 0.4356546183019445 167
1757518380027 0.01314289499858134 168
1757518380066 0.0084555146632415 169
1757518380106 0.218814259870607 170
1757518380148 0.0001458930580402032 171
1757518380187 0.020941684091908375 172
1757518380228 0.17799843948666355 173
1757518380268 0.4933348688129317 174
1757518380307 0.1229816763031731 175
1757518380347 0.06635944677567239 176
1757518380386 0.024643297979788793 177
1757518380426 0.19245657850848624 178
1757518380466 0.37078416793764946 179
1757518380505 0.007871829611276934 180
1757518380544 0.001480443983344083 181
1757518380584 0.07227099766714687 182
1757518380623 0.08381620573150088 183
1757518380663 0.010781224408691557 184
1757518380702 0.01225160585183252 185
1757518380742 0.5571202466114947 186
1757518380782 0.046221788439160805 187
1757518380824 1.977832171604359 188
1757518380865 0.027208762304190323 189
1757518380905 0.1708289206352498 190
1757518380947 0.11206675940728422 191
1757518380987 0.02218535208159072 192
1757518381027 0.005738990680397546 193
1757518381067 0.013385933729047096 194
1757518381107 0.04313725950564147 195
1757518381146 0.07831353413841353 196
1757518381186 0.0018038233675192483 197
1757518381226 0.19163385446616438 198
1757518381265 0.06691843438940284 199
1757518381305 0.058151975968453805 200
1757518381345 0.0530460099734995 201
1757518381384 0.05333124912942083 202
1757518381423 0.0323444036809229 203
1757518381463 0.21840282397930408 204
1757518381503 0.2801926001891264 205
1757518381543 0.04230731707109567 206
1757518381583 0.0031102099892549406 207
1757518381625 0.3871771250731372 208
1757518381665 0.006711643415277403 209
1757518381705 0.02242901810416852 210
1757518381745 0.09105413449473339 211
1757518381785 0.003220356550453403 212
1757518381825 0.6461161395556421 213
1757518381864 0.024383938625055643 214
1757518381904 0.20418667387743805 215
1757518381943 0.022272062684787486 216
1757518381983 0.03180461384123213 217
1757518382023 0.004661026547859305 218
1757518382062 0.004053133268054248 219
1757518382102 0.0008713678335550134 220
1757518382142 0.040378391619245 221
1757518382181 0.1705548038922539 222
1757518382221 0.010498775512003764 223
1757518382262 0.004492789057828903 224
1757518382302 0.3635674016305523 225
1757518382342 0.12573992945139653 226
1757518382382 0.05500258668624392 227
1757518382422 0.027465925588916303 228
1757518382462 0.0008476784153060177 229
1757518382502 0.0012592679443825634 230
1757518382542 0.012595154730229062 231
1757518382582 0.04312880354917384 232
1757518382622 0.09790097935142042 233
1757518382662 0.12532829235595416 234
1757518382702 0.09558495138311647 235
1757518382742 0.03454587096400051 236
1757518382782 0.0263247788019022 237
1757518382822 0.09797860543306763 238
1757518382863 0.40692075268413486 239
1757518382903 0.11062730539944925 240
1757518382942 0.00042808538189403005 241
1757518382982 0.005991670487175891 242
1757518383022 0.01783628532269318 243
1757518383061 0.31389145456583206 244
1757518383102 0.052147052086825164 245
1757518383141 0.005102977413367007 246
1757518383181 0.0005593926376946563 247
1757518383221 0.0038313345032689895 248
1757518383260 0.14150862156553953 249
1757518383303 0.21768554710033644 250
1757518383346 0.13359449513346566 251
1757518383386 0.08061239689299043 252
1757518383427 0.17516133015051122 253
1757518383467 0.0788380841949102 254
1757518383507 0.12542036304462015 255
1757518383548 0.039539281663249555 256
1757518383588 0.1549656055468231 257
1757518383628 0.17361064288435882 258
1757518383668 1.5471714190006107 259
1757518383707 0.03470910907151372 260
1757518383747 0.10820149627974958 261
1757518383787 0.415529764228862 262
1757518383828 0.019612310743198486 263
1757518383868 0.0036561056716570913 264
1757518383909 0.4971401818835229 265
1757518383949 0.002313989092297712 266
1757518383988 0.008080524834814333 267
1757518384030 0.027363559527240875 268
1757518384071 0.06363652965988792 269
1757518384112 0.04031052914106488 270
1757518384152 0.1535490281714955 271
1757518384193 0.10449363084688237 272
1757518384233 0.358371975936588 273
1757518384274 0.12358905193218057 274
1757518384314 0.003318714109658309 275
1757518384354 0.03374714759611784 276
1757518384395 0.004584261625175716 277
1757518384435 0.9358077059793447 278
1757518384475 0.14850273837688507 279
1757518384515 0.024994502574227313 280
1757518384554 0.051022312931028484 281
1757518384594 0.041395484164913635 282
1757518384634 0.29277883538382987 283
1757518384674 0.006462515533818806 284
1757518384714 0.11256330044256814 285
1757518384754 1.5166089150503177 286
1757518384794 0.05705010083404887 287
1757518384834 0.24448427449253898 288
1757518384884 0.021796328148850613 289
1757518384925 0.006825197429466602 290
1757518384965 0.19825397044447807 291
1757518385006 0.1521379577321732 292
1757518385048 0.16730860397836095 293
1757518385088 0.07630431171420504 294
1757518385130 0.009592226776948376 295
1757518385170 0.11769814402522286 296
1757518385211 6.431469858470813 297
1757518385251 0.1688460823769821 298
1757518385292 0.012544916328488856 299
1757518385332 0.182392940722261 300
1757518385372 0.02532300083077064 301
1757518385413 0.014590346902919722 302
1757518385453 0.4483565497111266 303
1757518385493 0.19761183666018128 304
1757518385534 0.0502668589078214 305
1757518385574 0.36346585664361875 306
1757518385614 0.007362662499730928 307
1757518385654 0.5068255917696425 308
1757518385694 0.07299010733216191 309
1757518385734 0.05205670123052066 310
1757518385774 0.040677604254009146 311
1757518385815 0.04240918291477862 312
1757518385855 0.014261012929785157 313
1757518385897 0.22152122104292934 314
1757518385938 0.6200828913587942 315
1757518385978 0.1474940001468324 316
1757518386019 0.007132453512308779 317
1757518386060 0.002024365828394688 318
1757518386101 0.0019397954539866638 319
1757518386141 0.028561458034863083 320
1757518386181 0.04454391481267227 321
1757518386222 0.20144675258205755 322
1757518386263 0.002575655929922173 323
1757518386304 0.387122069814144 324
1757518386345 0.1907291892248266 325
1757518386386 0.2618869356537279 326
1757518386426 0.2050513443967164 327
1757518386467 0.07105937949565348 328
1757518386507 1.5989392669692792 329
1757518386548 0.07849152477104389 330
1757518386588 0.002258425709073925 331
1757518386629 0.2698015763271719 332
1757518386669 0.1515176696549934 333
1757518386710 0.028869478885348358 334
1757518386750 0.6402390727628948 335
1757518386791 0.027780377490033464 336
1757518386831 0.40010900731671767 337
1757518386872 0.28277540364297366 338
1757518386912 0.005606120786204934 339
1757518386953 0.6732199493308394 340
1757518386994 0.015045726092673392 341
1757518387035 0.48987824046453693 342
1757518387075 0.08032586366614017 343
1757518387116 0.006975107427200277 344
1757518387157 0.06639125394522437 345
1757518387197 0.06124334868894955 346
1757518387238 0.019528555048650587 347
1757518387279 0.1382982675895747 348
1757518387319 0.04360545731950841 349
1757518387359 0.009088599915779113 350
1757518387400 0.010468415014671687 351
1757518387441 0.1329629324212659 352
1757518387481 0.09626860909451937 353
1757518387522 0.4729988213873221 354
1757518387562 0.0003575643162092929 355
1757518387603 0.13015767890869848 356
1757518387644 0.00938793281736135 357
1757518387685 0.026502715754531326 358
1757518387725 54.9054115239716 359
1757518387766 0.018002656124970436 360
1757518387807 0.9260438018254125 361
1757518387847 0.042594027562100074 362
1757518387888 0.0965003133602595 363
1757518387929 0.02226353929534957 364
1757518387970 0.2621856367184358 365
1757518388010 0.9134808054780662 366
1757518388052 0.1442734568162374 367
1757518388095 0.04875592012097596 368
1757518388136 0.006133514395760434 369
1757518388177 0.0042285247806073045 370
1757518388217 0.035259566046408945 371
1757518388258 0.3309233040861617 372
1757518388299 0.006431135809802537 373
1757518388339 0.09166562277521276 374
1757518388380 0.023639272885357162 375
1757518388421 7.57191984788819e-05 376
1757518388462 0.018569754058598127 377
1757518388506 0.013473734139382085 378
1757518388547 0.1519698245782121 379
1757518388589 0.18139449285295217 380
1757518388630 0.008476864346104037 381
1757518388671 0.0033023239584910936 382
1757518388712 0.02781941296563199 383
1757518388754 0.042721564338772534 384
1757518388795 0.06145409436035977 385
1757518388836 0.001788175960676083 386
1757518388876 0.010946001768223532 387
1757518388918 0.007367150681706913 388
1757518388959 0.04857461123397754 389
1757518389000 0.0757532763844445 390
1757518389041 0.11053550212486936 391
1757518389082 0.029143269677164695 392
1757518389124 0.054934352701524365 393
1757518389165 0.12874558438395992 394
1757518389206 0.05095423588096328 395
1757518389247 0.7250711844330822 396
1757518389289 0.21313095815694502 397
1757518389330 0.10320732792844482 398
1757518389371 0.5697227759569513 399
1757518389413 0.5052964369931255 400
1757518389454 0.017627211403672103 401
1757518389498 0.11754296296364708 402
1757518389539 0.01612547444518777 403
1757518389581 0.3921991959536447 404
1757518389622 0.06349044720851031 405
1757518389663 0.036262388892837845 406
1757518389704 0.3585476358046149 407
1757518389745 0.00253687212565867 408
1757518389787 0.0010969694431662725 409
1757518389828 0.33110353012017485 410
1757518389869 0.10227327008177109 411
1757518389911 0.024426270062812505 412
1757518389953 0.007931878477252437 413
1757518389994 0.38503318071814324 414
1757518390038 0.14221801884198762 415
1757518390080 1.21612204558331 416
1757518390121 0.00863974029973295 417
1757518390162 0.0006204503252426802 418
1757518390205 0.007720037001267394 419
1757518390247 0.1295020225872624 420
1757518390289 0.11716804277996955 421
1757518390331 0.00019564533766189442 422
1757518390373 0.001906560341146958 423
1757518390415 0.00023032662226652188 424
1757518390456 0.09882654203703363 425
1757518390498 0.07986516501363629 426
1757518390539 0.026625655059820817 427
1757518390581 0.5429195235821549 428
1757518390622 0.10199072916002176 429
1757518390663 0.0029786039181595777 430
1757518390704 0.028631248211455584 431
1757518390746 0.1799245028462083 432
1757518390788 0.21019057881393746 433
1757518390829 0.09223015772416723 434
1757518390871 0.1210171095522055 435
1757518390913 0.0007505757072023747 436
1757518390953 0.5690005960064142 437
1757518390995 0.017011094173224845 438
1757518391036 0.0032681593316999285 439
1757518391078 0.0006962427097256789 440
1757518391119 0.09066233995850885 441
1757518391160 0.0011026392483890226 442
1757518391201 0.007230275430613296 443
1757518391242 0.19772307353425753 444
1757518391284 0.07998000912989982 445
1757518391325 0.05779383293754623 446
1757518391366 0.0006128280922233732 447
1757518391408 0.42786481497884005 448
1757518391450 0.00012691455495223334 449
1757518391491 0.2096245854353515 450
1757518391533 1.9017757140370537 451
1757518391574 0.0031904716271617816 452
1757518391615 0.10142143403656292 453
1757518391657 0.34087687459620486 454
1757518391698 0.05418262307048795 455
1757518391740 0.032537173616447625 456
1757518391781 5.1721654123119204e-05 457
1757518391822 0.005395023397630523 458
1757518391863 0.08430119988631986 459
1757518391905 1.2679882464150842 460
1757518391947 0.0022714169820819033 461
1757518391989 0.0993658894308239 462
1757518392031 0.06378274575663175 463
1757518392072 0.016093533136625666 464
1757518392114 0.1861165904304858 465
1757518392155 0.016830998650936527 466
1757518392197 0.09915058824772126 467
1757518392239 2.2077710542364546 468
1757518392280 2.03117094707368 469
1757518392323 0.6859189938714426 470
1757518392364 0.02458851316861898 471
1757518392407 0.2882516318068999 472
1757518392449 0.019632363081493326 473
1757518392491 0.016492872478220108 474
1757518392533 0.0420246630579179 475
1757518392574 0.5040671781773973 476
1757518392615 0.11548606723332006 477
1757518392657 0.1826058492056942 478
1757518392699 0.16041143217685105 479
1757518392740 0.0746856657740534 480
1757518392782 0.0018688431793063077 481
1757518392824 0.41040839641324406 482
1757518392865 0.08057584100965852 483
1757518392907 0.3374333099751972 484
1757518392948 0.02274025159564267 485
1757518392990 0.004631243899130916 486
1757518393031 0.10984269123329339 487
1757518393073 0.12806374643518267 488
1757518393114 0.025194882465885964 489
1757518393156 0.05603606798883508 490
1757518393198 0.04385702450035979 491
1757518393240 0.006739423923842887 492
1757518393281 0.2253686051209903 493
1757518393330 0.05807091209820591 494
1757518393372 0.0986978226777923 495
1757518393414 0.5543856997471079 496
1757518393456 0.28610623636565274 497
1757518393498 0.00964204525860229 498
1757518393541 0.018310634153514926 499
