1757594706270 0.003755112672814043 0
1757594706309 0.2831939559738654 1
1757594706347 0.32523127544545893 2
1757594706386 0.013412960018824971 3
1757594706424 0.001945552420385549 4
1757594706463 0.003320287503375295 5
1757594706502 0.032431835480995416 6
1757594706540 0.02064109037575206 7
1757594706579 0.12877410099748524 8
1757594706618 0.17125295327325826 9
1757594706657 0.1298167969443591 10
1757594706695 0.11707004159749046 11
1757594706733 0.1241246397024693 12
1757594706772 0.3426417074402968 13
1757594706811 0.010002819564368106 14
1757594706850 0.17530219104340236 15
1757594706888 0.1967453403692237 16
1757594706927 0.0179842620756375 17
1757594706966 0.001333481075581667 18
1757594707004 0.2102457827974565 19
1757594707043 0.34195559747636123 20
1757594707081 0.5416223829319579 21
1757594707120 0.001233923673431637 22
1757594707159 0.12262497832052976 23
1757594707197 0.019341734156487208 24
1757594707236 0.028704581596194073 25
1757594707274 0.011130404327063755 26
1757594707313 0.2822403114486233 27
1757594707352 0.1950818743512271 28
1757594707391 0.22522341637241985 29
1757594707429 0.13512547038301181 30
1757594707468 0.6928395231197284 31
1757594707507 0.00168214435331003 32
1757594707546 0.04547074729205066 33
1757594707585 0.2817822193821145 34
1757594707623 0.35107417849108247 35
1757594707662 0.1023878624768531 36
1757594707700 0.36859489832358305 37
1757594707739 0.03740851183187969 38
1757594707777 0.2775501905681645 39
1757594707815 0.20517193837267264 40
1757594707854 0.004861793011623707 41
1757594707892 0.03324807629965032 42
1757594707931 0.08441176185586419 43
1757594707969 0.0031763672932833805 44
1757594708008 0.054126980968802196 45
1757594708047 0.004251292171743378 46
1757594708086 0.03757105906511086 47
1757594708124 0.09434521681914929 48
1757594708163 0.12644132990744467 49
1757594708201 0.7586979325757925 50
1757594708239 0.11775999072249549 51
1757594708278 0.009212236444553561 52
1757594708317 0.14626610719306227 53
1757594708356 0.06690418369223745 54
1757594708394 0.31162912117169395 55
1757594708433 0.06939638120232461 56
1757594708472 0.06420306635343251 57
1757594708510 0.08335638353298812 58
1757594708549 0.08994159352377414 59
1757594708588 0.0008601562758289357 60
1757594708646 0.19045972412182552 61
1757594708685 0.7216984860916666 62
1757594708724 0.18207600711025895 63
1757594708763 0.15712996598063392 64
1757594708802 0.003352852138892549 65
1757594708840 0.03497771527211329 66
1757594708879 0.18388937142939887 67
1757594708918 0.02423704744226221 68
1757594708956 0.1476728064006299 69
1757594708996 0.024234126170546766 70
1757594709034 0.19631490509493854 71
1757594709073 1.2142295003148893 72
1757594709112 0.15039548333710417 73
1757594709151 0.001997239258814714 74
1757594709190 0.3339390640772289 75
1757594709229 0.07375930935607211 76
1757594709268 0.07124737466027652 77
1757594709307 0.15392339026295584 78
1757594709346 0.019721056547315798 79
1757594709385 0.14754602601199007 80
1757594709424 0.009992708134620842 81
1757594709462 0.05126209106472846 82
1757594709501 0.033058635147850964 83
1757594709540 4.9454805141204865 84
1757594709579 0.004554014351016035 85
1757594709619 0.0689588185056697 86
1757594709658 0.025903167702721424 87
1757594709697 0.10409830157591865 88
1757594709735 0.16327086810499042 89
1757594709774 0.2923866440119007 90
1757594709813 0.013427912135778526 91
1757594709852 0.0013078679424475758 92
1757594709891 0.016345917283823355 93
1757594709930 0.036105929342045755 94
1757594709969 0.003542706301000571 95
1757594710007 0.28132975622864886 96
1757594710046 0.485798994413242 97
1757594710085 0.24029715175935432 98
1757594710124 0.058320541982538325 99
1757594710164 0.10519520148017011 100
1757594710202 0.0019185869714987626 101
1757594710241 0.10424902391207347 102
1757594710280 0.10372064808918388 103
1757594710319 0.14351298463640924 104
1757594710357 0.17458800286913176 105
1757594710396 0.16521680599085733 106
1757594710435 0.03541347837282893 107
1757594710474 0.033235966480050845 108
1757594710513 0.03989420768900501 109
1757594710551 0.015773992640778455 110
1757594710590 0.016944091377475178 111
1757594710629 0.05861380149359017 112
1757594710668 0.12285050457715731 113
1757594710709 0.13285788717095653 114
1757594710748 0.22065184119348064 115
1757594710787 0.004766930918392029 116
1757594710827 0.000707589363654187 117
1757594710865 0.02877331345755345 118
1757594710904 0.05974877072221189 119
1757594710942 0.09566256988098422 120
1757594710982 0.056731837779937136 121
1757594711021 0.03182161455891185 122
1757594711060 0.006565304775764716 123
1757594711099 0.0075937319851735584 124
1757594711138 0.0031666213521800352 125
1757594711177 0.09633423994242908 126
1757594711216 0.7366088512902826 127
1757594711254 0.05307339291348129 128
1757594711293 0.04877702129648837 129
1757594711332 0.015927349408392744 130
1757594711371 0.10766714285674091 131
1757594711410 0.07541373675969133 132
1757594711448 0.052684175389066876 133
1757594711487 0.07436455538999481 134
1757594711526 0.11494611434070573 135
1757594711566 0.22634768162507446 136
1757594711605 0.02294466537379373 137
1757594711644 0.19629622915633338 138
1757594711684 0.0008576104161905997 139
1757594711723 0.2948570228416957 140
1757594711762 0.046887757570627304 141
1757594711801 0.15977293056218386 142
1757594711841 0.004524837412446763 143
1757594711880 0.033200559605388515 144
1757594711920 0.15102775393540413 145
1757594711959 0.03423455193995235 146
1757594711998 0.007412100260646682 147
1757594712038 0.005042560877389601 148
1757594712077 0.05836135939926822 149
1757594712116 0.04630920965165496 150
1757594712156 0.043052208921322166 151
1757594712195 0.6535336495089618 152
1757594712234 0.09169938102603609 153
1757594712273 0.054507582376940415 154
1757594712312 0.100326699984135 155
1757594712352 0.1010041498273856 156
1757594712391 0.22434291416568317 157
1757594712430 0.21806966211272744 158
1757594712468 0.3964871466274664 159
1757594712507 0.00030187499763136374 160
1757594712548 0.11079067900316143 161
1757594712587 0.28505417532515454 162
1757594712626 0.01319255824848764 163
1757594712665 0.0475096462073376 164
1757594712705 0.02738817335675619 165
1757594712744 0.0015248321778558512 166
1757594712783 1.1768196863023677 167
1757594712823 0.055084339034534906 168
1757594712864 0.1350014467818322 169
1757594712905 0.00020698133175814614 170
1757594712945 0.20260895874921897 171
1757594712985 0.023528291198556293 172
1757594713025 0.32794383857279286 173
1757594713065 0.0054419633692694685 174
1757594713104 0.02530245999939698 175
1757594713144 0.00083267607848093 176
1757594713183 0.08617192353654843 177
1757594713223 0.0015751990268009597 178
1757594713262 0.0030806193490945924 179
1757594713301 0.15260581903509787 180
1757594713341 0.18732543969602372 181
1757594713380 0.05633810404213989 182
1757594713420 0.21516897383381023 183
1757594713459 0.008169681138351516 184
1757594713499 0.0055525369951443665 185
1757594713539 0.11253034156142346 186
1757594713579 0.015547813334981399 187
1757594713618 0.18495525383104644 188
1757594713658 0.4724269786338195 189
1757594713698 0.03556764333266814 190
1757594713737 0.13861786323835443 191
1757594713777 0.11514023076821633 192
1757594713817 0.04437128247511416 193
1757594713856 0.03924411521363564 194
1757594713896 0.010465662309437821 195
1757594713935 0.297002242105208 196
1757594713975 0.19164110372043827 197
1757594714014 0.0001558803534690273 198
1757594714054 0.14217721441608097 199
1757594714094 0.0005163009505315949 200
1757594714134 0.3474749120519482 201
1757594714176 0.26587947236875625 202
1757594714216 0.0008543640744993115 203
1757594714257 2.070846274059048 204
1757594714299 0.4275869090564185 205
1757594714340 0.019420807657370743 206
1757594714380 0.0049850688039633165 207
1757594714420 0.0009323065568442502 208
1757594714460 0.08916355234693955 209
1757594714499 2.266270816060795e-05 210
1757594714539 0.012190414461331041 211
1757594714578 0.1471020939190705 212
1757594714621 0.5401920213431886 213
1757594714661 0.3260103233868907 214
1757594714701 0.0006226077259475453 215
1757594714740 0.023742078814739706 216
1757594714779 0.28782925264244624 217
1757594714819 0.05637376010791889 218
1757594714859 0.22037940195061134 219
1757594714899 1.121631316954155 220
1757594714939 0.0005406590832874361 221
1757594714978 0.02958872473000545 222
1757594715018 0.06551433360804401 223
1757594715058 0.08697188392804545 224
1757594715099 0.03355323733325251 225
1757594715139 0.14984498365624405 226
1757594715179 0.05968742387179268 227
1757594715219 0.04580354653250574 228
1757594715259 0.0017719350680156782 229
1757594715298 0.45832897496627306 230
1757594715338 0.38693672571603527 231
1757594715379 0.7392736058566906 232
1757594715431 0.02346375291630846 233
1757594715471 0.21663551308643134 234
1757594715511 0.1594550054911277 235
1757594715551 0.006186459523850688 236
1757594715591 0.40698746018394977 237
1757594715632 0.32961203173324444 238
1757594715671 0.03673150070944355 239
1757594715711 0.004432734745857185 240
1757594715750 0.06879273725471399 241
1757594715790 0.01486272041755008 242
1757594715830 0.5164402685429209 243
1757594715870 0.0006301708883132812 244
1757594715910 0.00020345270818771907 245
1757594715950 0.11263852450983448 246
1757594715989 0.6551319227200997 247
1757594716029 0.008223947898767806 248
1757594716068 0.030420185815369812 249
1757594716108 0.006200999510127119 250
1757594716148 0.06387941081666935 251
1757594716189 0.010380939730888432 252
1757594716229 0.15445826487429198 253
1757594716269 0.2184979180641866 254
1757594716309 0.30300298749230764 255
1757594716349 0.2923023024539029 256
1757594716388 0.08647755534542506 257
1757594716428 0.00043866850740277813 258
1757594716468 0.018074461873554666 259
1757594716508 0.0006058955252556795 260
1757594716547 0.006731905930689665 261
1757594716588 0.00930146194064727 262
1757594716628 0.2673338793350581 263
1757594716668 0.03307215885858016 264
1757594716707 0.05022889657746556 265
1757594716748 0.3004144928292421 266
1757594716789 0.10914453589871013 267
1757594716830 0.01614243973581414 268
1757594716870 0.029358712909426498 269
1757594716911 0.07731545634468687 270
1757594716951 0.010570599038341373 271
1757594716990 0.23802452067633398 272
1757594717030 0.017305852831771128 273
1757594717070 0.14687499853410155 274
1757594717110 0.08136390993160432 275
1757594717150 0.11661815162242369 276
1757594717190 0.0672947957074188 277
1757594717230 1.555248925845696 278
1757594717270 0.047730828390410866 279
1757594717311 0.08686831148965848 280
1757594717352 0.013504302885440298 281
1757594717393 0.09192700465061826 282
1757594717432 0.04819487427400717 283
1757594717472 0.05247975110725225 284
1757594717512 0.025596922806791454 285
1757594717552 0.016450534489974702 286
1757594717591 0.1838668953303092 287
1757594717632 0.06835987912010955 288
1757594717672 0.003906863733563723 289
1757594717712 0.026201792894599077 290
1757594717752 0.34174856513784074 291
1757594717793 0.0035181644044018274 292
1757594717833 0.20796045429655813 293
1757594717873 0.08626045743747958 294
1757594717913 0.1536796496851589 295
1757594717953 0.18811582495493556 296
1757594717993 0.08846436415692384 297
1757594718034 0.03209385183132554 298
1757594718074 0.0257201337257549 299
1757594718114 0.16110811859025198 300
1757594718155 0.003898312730438004 301
1757594718195 0.16314860583512195 302
1757594718235 0.002149217344725594 303
1757594718276 0.027670355230485614 304
1757594718316 0.009343474584527783 305
1757594718356 0.3471526631413794 306
1757594718396 0.35270346243161976 307
1757594718436 0.35424943600113723 308
1757594718477 0.2660569721494303 309
1757594718517 0.4578838154878066 310
1757594718557 0.008685291763351973 311
1757594718597 0.023485803262703678 312
1757594718637 0.6582543243402487 313
1757594718677 0.022224020297391137 314
1757594718718 0.3860649664864494 315
1757594718758 0.1317656083621441 316
1757594718798 0.02714989987272595 317
1757594718839 0.2881925721878537 318
1757594718879 0.040327135284912594 319
1757594718919 0.021523739053519432 320
1757594718959 0.0015044710057017263 321
1757594719000 2.1912034446833646 322
1757594719040 0.10606215328250533 323
1757594719080 0.01417403972251247 324
1757594719120 0.2569048466099745 325
1757594719160 0.0284878953362633 326
1757594719200 0.1934652282481611 327
1757594719241 0.062153297610256404 328
1757594719281 0.2776610211246141 329
1757594719321 0.029244916389634498 330
1757594719362 0.08875027766895899 331
1757594719401 0.024512768651258836 332
1757594719442 0.18811333101753322 333
1757594719484 0.0006990687983601772 334
1757594719525 0.06790737305431184 335
1757594719565 0.0736362706621945 336
1757594719605 0.5785760924342918 337
1757594719646 0.00954460362407457 338
1757594719687 0.2209667868398247 339
1757594719727 0.06993287603075589 340
1757594719767 0.06801787926311703 341
1757594719808 0.04935081200900776 342
1757594719849 0.06422603489124322 343
1757594719889 1.2325893612314864 344
1757594719929 0.09208946033657547 345
1757594719970 0.40613850978967875 346
1757594720010 0.010817828817478118 347
1757594720050 0.001004667375956103 348
1757594720091 0.5550180550169946 349
1757594720131 0.08881628927232793 350
1757594720171 0.024112073951802055 351
1757594720212 0.046640400328647 352
1757594720252 0.24367085259654067 353
1757594720293 0.47783271338990907 354
1757594720333 0.03637442452852323 355
1757594720373 0.05934889506622296 356
1757594720414 0.05614316010244457 357
1757594720454 0.7314511782074777 358
1757594720494 0.013211364526003773 359
1757594720535 0.01344303544450947 360
1757594720575 1.2941726867166308 361
1757594720615 0.18354873043198333 362
1757594720656 0.05409889949955458 363
1757594720696 0.0009719978345058294 364
1757594720736 0.43918179705401267 365
1757594720777 0.006893886112320862 366
1757594720817 0.13547522866617617 367
1757594720858 0.007877015878291345 368
1757594720898 0.0005485017856364179 369
1757594720939 0.3305791019227287 370
1757594720980 0.02158325576515493 371
1757594721021 0.053129224824015456 372
1757594721061 0.02053892819954465 373
1757594721101 0.021012506699208185 374
1757594721142 0.0007154057553295939 375
1757594721183 1.6322693526517404 376
1757594721223 0.030899275117769704 377
1757594721264 0.0011086355289233925 378
1757594721304 5.054758812288545e-05 379
1757594721345 0.006112558448163354 380
1757594721385 0.03371921848723288 381
1757594721425 0.3652624655405619 382
1757594721465 0.0005665598877544055 383
1757594721505 0.009294685480611619 384
1757594721546 0.03598286026245497 385
1757594721588 0.018039708822275544 386
1757594721629 0.12182983352401919 387
1757594721671 0.03944087569913055 388
1757594721711 0.8119650794044001 389
1757594721752 0.00035352043177556616 390
1757594721793 0.20460146381495106 391
1757594721833 3.7387176473019057 392
1757594721874 0.0068171611086441175 393
1757594721914 0.01579793406321879 394
1757594721955 0.157038749110338 395
1757594721995 0.40508646090151945 396
1757594722038 0.0043371892221967506 397
1757594722081 5.903043551444355e-06 398
1757594722122 0.37405012146557215 399
1757594722163 0.03009290521922889 400
1757594722203 0.1794752855778379 401
1757594722244 0.6375765903226974 402
1757594722285 0.1342730944079931 403
1757594722326 0.07868496160248446 404
1757594722369 0.04376825233420667 405
1757594722412 0.05549221055151802 406
1757594722453 0.017408969841026224 407
1757594722493 0.06312293269925619 408
1757594722534 0.11288092744914625 409
1757594722575 0.16947610491056617 410
1757594722618 0.08006511745039091 411
1757594722659 0.02280599933854398 412
1757594722700 0.058889670831551284 413
1757594722741 0.03453203465405447 414
1757594722783 0.5220727755331229 415
1757594722838 0.5981263007248685 416
1757594722899 0.29362359233444 417
1757594722951 0.499054516749929 418
1757594722997 0.016061681149511665 419
1757594723040 0.33270848696105326 420
1757594723085 0.0005412524132173958 421
1757594723133 0.00031336240985341577 422
1757594723179 0.04766374120655872 423
1757594723224 0.07601815351368917 424
1757594723267 0.12391729193535693 425
1757594723308 0.06284581983774537 426
1757594723350 0.011897147119183191 427
1757594723392 0.03075084575109144 428
1757594723435 0.0013231778503123408 429
1757594723478 0.057513918118899256 430
1757594723520 0.16516707283106866 431
1757594723561 0.3651954958067642 432
1757594723604 0.19213578697633968 433
1757594723645 0.5000215241733023 434
1757594723687 0.26487472333644096 435
1757594723730 1.8947469399738835e-05 436
1757594723773 0.09478156069050774 437
1757594723820 0.26829727305859125 438
1757594723878 0.1227290236235276 439
1757594723920 0.002839748959306507 440
1757594723961 0.0010756617985641002 441
1757594724003 0.03678210289015581 442
1757594724044 0.0472109596414353 443
1757594724087 0.1263363520144689 444
1757594724128 1.8674531595089576 445
1757594724169 0.17733864733529608 446
1757594724211 0.10950844685671957 447
1757594724252 0.05548294616089577 448
1757594724293 0.053937018570530286 449
1757594724335 0.009849104474187747 450
1757594724377 0.017068348454226605 451
1757594724418 0.029708083079298668 452
1757594724459 0.27115245822478956 453
1757594724501 0.218139595464062 454
1757594724542 0.0247148251380825 455
1757594724583 0.027150913915028534 456
1757594724625 0.07408136178893208 457
1757594724667 0.05342900573163289 458
1757594724708 0.22980384663305806 459
1757594724750 0.26702800121380693 460
1757594724791 0.0005175772990320148 461
1757594724836 0.006867194195562284 462
1757594724877 0.13023349879246973 463
1757594724919 0.1705607332133428 464
1757594724960 0.014186757827124873 465
1757594725001 0.0005625716462655388 466
1757594725042 0.17803844397706672 467
1757594725083 0.05468918404330889 468
1757594725125 0.07957583429999428 469
1757594725174 0.09528311379829933 470
1757594725220 0.04727662739734744 471
1757594725263 0.07881257674667823 472
1757594725305 0.30290413078429773 473
1757594725347 0.17967692901652693 474
1757594725388 0.21119147170174998 475
1757594725441 0.0006871474732289767 476
1757594725483 0.03026468283916667 477
1757594725525 0.033870659748697976 478
1757594725566 0.08355874993767048 479
1757594725608 0.022569506319240738 480
1757594725650 0.03367957513173032 481
1757594725692 0.08408290255783438 482
1757594725733 0.047237186399280005 483
1757594725775 0.18837303255947788 484
1757594725817 0.014530899927591216 485
1757594725858 0.07961612463742422 486
1757594725900 0.14952978709689044 487
1757594725942 0.36667796913182416 488
1757594725984 0.053366331755806164 489
1757594726026 5.251005475844426 490
1757594726068 0.05687986523580782 491
1757594726109 0.6517820551574218 492
1757594726150 0.9452014070567181 493
1757594726193 2.0829600429738772e-05 494
1757594726235 0.015820055351163168 495
1757594726277 0.04576668820465718 496
1757594726319 0.32835096149116577 497
1757594726360 0.023509270957065835 498
1757594726402 0.11943141600355955 499
