1757518076115 130.33999539580455 0
1757518076128 92.3396304430284 1
1757518076147 63.733951837450604 2
1757518076159 49.39343464625717 3
1757518076172 44.9179274976244 4
1757518076184 21.606653249236278 5
1757518076194 20.43334473861752 6
1757518076204 13.154212464758793 7
1757518076213 10.386624128910672 8
1757518076223 7.791385636082037 9
1757518076233 9.828374795837416 10
1757518076242 8.473595302068482 11
1757518076252 5.4142726655241225 12
1757518076262 9.691726506867875 13
1757518076272 2.009876750875797 14
1757518076281 1.8767010368780674 15
1757518076291 4.78708738733229 16
1757518076302 5.482277186733266 17
1757518076312 3.5388531756997605 18
1757518076321 2.7015911020399597 19
1757518076337 4.155196762980066 20
1757518076354 3.2657055642366735 21
1757518076364 2.942878455213785 22
1757518076374 6.930062829195326 23
1757518076384 3.834116658776145 24
1757518076394 6.089404952545702 25
1757518076404 3.7503519910365015 26
1757518076414 4.7001853202918955 27
1757518076424 4.430103774394638 28
1757518076434 3.926684904793403 29
1757518076444 3.361021519064266 30
1757518076457 3.811824423939948 31
1757518076468 2.4487372573100354 32
1757518076478 3.9736207186897157 33
1757518076488 4.7266382511728455 34
1757518076498 3.4171910587808494 35
1757518076507 1.1860085331575465 36
1757518076517 3.3038977923858317 37
1757518076527 2.8585918549905056 38
1757518076536 2.2368590137873796 39
1757518076546 3.2844410340221484 40
1757518076556 0.9033303237805437 41
1757518076566 3.840822145793572 42
1757518076576 2.426701599289661 43
1757518076585 1.7060230162050933 44
1757518076595 2.793053145920022 45
1757518076605 1.3297531152040702 46
1757518076615 2.9686637770840907 47
1757518076624 1.0636216055623096 48
1757518076634 3.8579257486502914 49
1757518076644 2.646346144876617 50
1757518076653 3.0107397501553974 51
1757518076663 2.65647965211302 52
1757518076672 3.5185478286224825 53
1757518076682 2.3881533162928443 54
1757518076692 1.2375015463855357 55
1757518076701 2.4882695973853934 56
1757518076711 1.1613329321564867 57
1757518076721 1.8126881133206822 58
1757518076731 2.9739251735076566 59
1757518076741 1.8241081151940437 60
1757518076750 2.5995222327287633 61
1757518076760 1.8584994954534788 62
1757518076770 2.6922996271728703 63
1757518076779 4.858448166715024 64
1757518076789 3.4832021252444267 65
1757518076805 2.815394428098544 66
1757518076822 2.489433798478316 67
1757518076834 2.3979850320629588 68
1757518076844 2.492824304999719 69
1757518076855 2.2605973920004736 70
1757518076865 2.725041144075124 71
1757518076875 2.619131669179663 72
1757518076885 2.6445316854939755 73
1757518076895 3.321053562719937 74
1757518076905 1.6030120005041004 75
1757518076916 1.8512504196491888 76
1757518076926 1.461632698698201 77
1757518076936 2.672951456607102 78
1757518076946 2.361796236679573 79
1757518076957 1.9911697824653543 80
1757518076968 1.4260890733697318 81
1757518076978 2.2184731697740703 82
1757518076988 2.4281795788640075 83
1757518076998 1.3178679605934076 84
1757518077008 2.533952883656769 85
1757518077018 3.0856681549940914 86
1757518077028 1.3508164832698193 87
1757518077039 2.9538856930753257 88
1757518077049 2.397214936676615 89
1757518077059 3.264950988224642 90
1757518077069 1.3556025809994006 91
1757518077079 1.4194327379269913 92
1757518077089 1.4675799969250876 93
1757518077099 2.025283887676516 94
1757518077109 2.4292425756333516 95
1757518077119 0.5889847167808032 96
1757518077129 1.2021671335154978 97
1757518077139 2.637850253069525 98
1757518077149 4.469791245419486 99
1757518077159 1.3587412423436034 100
1757518077169 0.8485151060834674 101
1757518077179 3.2324803559436828 102
1757518077189 3.6658250947650184 103
1757518077199 3.350545350972726 104
1757518077209 1.794789926213715 105
1757518077219 2.248731678139211 106
1757518077230 1.2904453301209686 107
1757518077240 1.6906893055268393 108
1757518077249 2.5992477629455455 109
1757518077259 0.8163969131910991 110
1757518077270 1.1930165169110531 111
1757518077281 1.697351451381289 112
1757518077292 2.3551804827773406 113
1757518077302 1.9699847867839868 114
1757518077317 1.3546941139254947 115
1757518077339 1.6231168773133442 116
1757518077350 2.1319080845796585 117
1757518077360 1.1115989597410163 118
1757518077370 1.6797224375429722 119
1757518077380 2.1878283052037606 120
1757518077390 1.0945513900499144 121
1757518077400 1.8709762334901812 122
1757518077410 1.080116041896393 123
1757518077420 0.9301990001750451 124
1757518077431 2.034512416388316 125
1757518077443 2.1326595777656734 126
1757518077455 1.0457102204012205 127
1757518077468 1.746523164954308 128
1757518077481 1.3914749851032169 129
1757518077495 0.9353245780363678 130
1757518077510 2.3327147187656125 131
1757518077524 1.549974339780968 132
1757518077541 0.9193165347409717 133
1757518077576 1.7698286689369211 134
1757518077595 1.563808108139124 135
1757518077609 1.5544177277228826 136
1757518077628 1.0288414921691462 137
1757518077645 1.0450664790926156 138
1757518077662 0.923408967640721 139
1757518077676 0.5390970074865796 140
1757518077688 2.009668549384955 141
1757518077700 0.6331854641359648 142
1757518077714 1.015311332982434 143
1757518077726 1.3187467045102987 144
1757518077740 0.9598532991638017 145
1757518077752 0.8169380003628874 146
1757518077765 0.957380441095819 147
1757518077776 2.0077349896167984 148
1757518077787 1.4294727421457245 149
1757518077798 1.242905040300695 150
1757518077809 1.2119108807282137 151
1757518077822 1.0041452319454731 152
1757518077833 0.8118870069890396 153
1757518077844 1.8519297401226975 154
1757518077855 1.427945895472136 155
1757518077866 0.965286739126303 156
1757518077876 0.6899387338261103 157
1757518077887 0.8373353321664302 158
1757518077898 1.1924624630149683 159
1757518077909 0.7156802628029219 160
1757518077920 0.3305887314289377 161
1757518077930 1.0385848917584064 162
1757518077941 1.060646592221922 163
1757518077952 1.0569835086705652 164
1757518077963 0.7790867721771592 165
1757518077974 1.601901271117416 166
1757518077985 0.43127139983578244 167
1757518077995 1.3797218865582195 168
1757518078006 0.8621300344908646 169
1757518078016 0.9833096349824944 170
1757518078027 0.9989197771444639 171
1757518078037 0.262374182151556 172
1757518078048 0.5740358631311269 173
1757518078059 0.6061013680697729 174
1757518078069 1.2172967536296044 175
1757518078080 1.324635443266635 176
1757518078090 0.7421948501074925 177
1757518078101 1.0259743969405815 178
1757518078111 1.3537402595285273 179
1757518078122 1.4120963529463872 180
1757518078132 1.10525453929043 181
1757518078143 0.8531128293709885 182
1757518078154 1.1755019310794999 183
1757518078166 2.851061519482273 184
1757518078178 0.7627436517021624 185
1757518078190 1.1004843945556269 186
1757518078200 0.22492738557346742 187
1757518078211 0.9496160149834688 188
1757518078222 1.2005150224673933 189
1757518078233 0.9410359014212076 190
1757518078243 1.0458169869203842 191
1757518078254 0.7828103736901942 192
1757518078265 0.9216496075732293 193
1757518078275 1.1031675590885361 194
1757518078286 0.4538279667640851 195
1757518078296 0.49153588615918054 196
1757518078307 0.6321950027793154 197
1757518078318 1.070349211463473 198
1757518078329 0.5993557358831323 199
1757518078339 0.6431457632373105 200
1757518078350 0.6205137693135695 201
1757518078361 1.1258547277539976 202
1757518078371 0.7631402143173739 203
1757518078382 0.8786082220385654 204
1757518078393 0.653631829588277 205
1757518078403 0.783140435546344 206
1757518078414 0.5855681147713299 207
1757518078425 1.4871748963847127 208
1757518078436 0.9208050467009488 209
1757518078446 0.5553256005095506 210
1757518078457 0.5873990531527475 211
1757518078468 0.5395794218330557 212
1757518078478 0.2463186851930914 213
1757518078489 0.3584417903924581 214
1757518078500 0.7916951608603624 215
1757518078510 0.5131959940275841 216
1757518078521 0.931108691345992 217
1757518078532 1.0065742551451744 218
1757518078543 0.9105252981797256 219
1757518078553 0.6881174416320884 220
1757518078564 0.5799128529133858 221
1757518078575 0.679557332880905 222
1757518078586 0.6920660304486562 223
1757518078597 0.35669853725634354 224
1757518078607 0.536256486912556 225
1757518078618 0.6610148746830756 226
1757518078629 0.7200690346751417 227
1757518078640 0.4875204299334121 228
1757518078650 0.6305076990228151 229
1757518078661 0.49618197374302614 230
1757518078672 0.7536299861464006 231
1757518078683 0.6412152943196222 232
1757518078697 0.44764144447709786 233
1757518078708 0.9173557326243436 234
1757518078719 0.5669721708469111 235
1757518078729 0.6096420889366748 236
1757518078740 0.9506856671316545 237
1757518078751 0.6758911503565636 238
1757518078762 0.7008271465379424 239
1757518078772 0.7935508489881437 240
1757518078783 0.4125556343837765 241
1757518078794 0.9532737592430319 242
1757518078804 0.6950382249585032 243
1757518078815 0.4374479528701392 244
1757518078826 0.9153237791682425 245
1757518078837 0.7607872250584468 246
1757518078847 0.4409439197799793 247
1757518078858 0.6349683881184052 248
1757518078869 0.3975815982654388 249
1757518078880 0.7154735879925531 250
1757518078891 0.7272394541234062 251
1757518078902 0.8783454700958558 252
1757518078921 0.6508421433407302 253
1757518078946 0.44408122877227246 254
1757518078960 0.6555687834305978 255
1757518078971 0.5334336072272835 256
1757518078983 0.48502951395101956 257
1757518078994 0.39536123274136614 258
1757518079006 0.39117425363487895 259
1757518079017 0.3847877292121688 260
1757518079029 0.673034467827839 261
1757518079040 0.6216971126511482 262
1757518079051 0.3939840838830777 263
1757518079063 0.4680550647444104 264
1757518079074 0.5990810858797355 265
1757518079085 0.38680077000676477 266
1757518079096 0.36744437939758307 267
1757518079107 0.3811625838998902 268
1757518079118 0.5305654633436355 269
1757518079130 0.4451478191139583 270
1757518079141 0.8159273200841581 271
1757518079152 0.35520587897385447 272
1757518079163 1.2605870397195666 273
1757518079175 0.3814815357742558 274
1757518079188 0.2776680837466744 275
1757518079201 0.5370760247029767 276
1757518079213 0.3385152051996275 277
1757518079225 0.35659680513325326 278
1757518079237 0.40000358672690056 279
1757518079249 0.7815271451119101 280
1757518079260 0.5225954855039108 281
1757518079272 0.38186274510125107 282
1757518079283 0.29127388383038627 283
1757518079294 0.49918346508189504 284
1757518079305 0.46982617041227914 285
1757518079317 0.3226962068048309 286
1757518079328 0.35645228981957267 287
1757518079339 0.31954021675426586 288
1757518079350 0.3501490624597936 289
1757518079361 0.30942223182213874 290
1757518079373 0.46264646003700216 291
1757518079384 0.2906542796731381 292
1757518079395 0.3533132705601542 293
1757518079406 0.4262048702797941 294
1757518079417 0.44926362242001655 295
1757518079429 0.5926183700081953 296
1757518079440 0.4598697477831174 297
1757518079451 0.40753514148681513 298
1757518079462 0.394013059396913 299
1757518079474 0.4359385524601303 300
1757518079485 0.42889781567552415 301
1757518079496 0.40187768854638867 302
1757518079507 0.1626272325015936 303
1757518079518 0.41408040689949527 304
1757518079529 0.22335722034454142 305
1757518079541 0.5220599711418978 306
1757518079552 0.2018734251067666 307
1757518079563 0.3569672249365378 308
1757518079574 0.2807611047711523 309
1757518079585 0.3891885630703666 310
1757518079596 0.42107464459932925 311
1757518079607 0.5425560454377947 312
1757518079618 0.4404034426526968 313
1757518079630 0.22926095300560295 314
1757518079641 0.2675636064379895 315
1757518079653 0.27461838337417127 316
1757518079664 0.2532652678167789 317
1757518079675 0.24426202613299147 318
1757518079687 0.26085599293145095 319
1757518079698 0.1958421877924584 320
1757518079709 0.18066581394499368 321
1757518079720 0.2753425434135639 322
1757518079731 0.31234971761228414 323
1757518079743 0.22677677650304853 324
1757518079754 0.24238918917204919 325
1757518079765 0.192754494181216 326
1757518079776 0.23382256402496304 327
1757518079788 0.332586012369574 328
1757518079799 0.3694095944476125 329
1757518079810 0.3535233351490674 330
1757518079822 0.3020986700207016 331
1757518079833 0.19630587652938164 332
1757518079845 0.17919669110538802 333
1757518079857 0.2703003256752366 334
1757518079868 0.24744390000297367 335
1757518079879 0.20931548985436796 336
1757518079891 0.23122352735065588 337
1757518079903 0.32456486995612405 338
1757518079914 0.3719318890459639 339
1757518079926 0.34648664831818066 340
1757518079938 0.2529930434549198 341
1757518079950 0.4592284151347044 342
1757518079962 0.2089497259434072 343
1757518079973 0.13428762547927192 344
1757518079985 0.41274493443189336 345
1757518079996 0.2044043091111292 346
1757518080008 0.1995545418296398 347
1757518080019 0.3884039759645326 348
1757518080030 0.16021451665446892 349
1757518080078 0.4769816150439643 350
1757518080103 0.2876964177764592 351
1757518080117 0.16083546392904177 352
1757518080128 0.27808747225354286 353
1757518080140 0.17235121504941175 354
1757518080152 0.3023892926293528 355
1757518080164 0.16530977213266593 356
1757518080176 0.1995369025240143 357
1757518080187 0.28615631494857674 358
1757518080199 0.25359929838330353 359
1757518080210 0.295404828259336 360
1757518080222 0.35392356930127106 361
1757518080233 0.11390300743719825 362
1757518080245 0.13758714221918147 363
1757518080257 0.2727707083769868 364
1757518080268 0.25563578284391575 365
1757518080280 0.28294650285355727 366
1757518080291 0.23669079647863153 367
1757518080303 0.3553575112121777 368
1757518080314 0.2467872505029059 369
1757518080326 0.19575352720897085 370
1757518080337 0.2347255122106297 371
1757518080350 0.16579250818477811 372
1757518080361 0.19869051770959792 373
1757518080373 0.1983765874066385 374
1757518080385 0.0921686134939614 375
1757518080397 0.2206584432436532 376
1757518080409 0.40943062290405746 377
1757518080421 0.3778573227680878 378
1757518080433 0.25960541198706194 379
1757518080445 0.3307320616602507 380
1757518080457 0.22966493075458042 381
1757518080468 0.15679266406844414 382
1757518080480 0.11895298259512135 383
1757518080491 0.13781581376991753 384
1757518080503 0.1598023694602028 385
1757518080515 0.11787199615755434 386
1757518080526 0.17133261054607843 387
1757518080538 0.530201585761912 388
1757518080549 0.1904513314969139 389
1757518080561 0.32054756126719425 390
1757518080573 0.3165813667268229 391
1757518080585 0.21122686191247414 392
1757518080596 0.21902387305290025 393
1757518080608 0.22508732386858496 394
1757518080620 0.2433962485277425 395
1757518080631 0.22782261638208634 396
1757518080643 0.24582876055878916 397
1757518080655 0.37933282199897944 398
1757518080667 0.2516342943356949 399
1757518080678 0.23032563803286937 400
1757518080690 0.24298094496959768 401
1757518080702 0.14632364842227558 402
1757518080713 0.23339786183399278 403
1757518080729 0.23063161634894047 404
1757518080741 0.1381222257661209 405
1757518080753 0.1687595300864769 406
1757518080764 0.25609284170839625 407
1757518080776 0.2342735380765251 408
1757518080788 0.17265285649602594 409
1757518080800 0.4881516079280605 410
1757518080812 0.11654165300382265 411
1757518080824 0.24690976552612268 412
1757518080835 0.24323139467160648 413
1757518080847 0.1911936354065361 414
1757518080859 0.0896550750548193 415
1757518080871 0.11659345767160322 416
1757518080883 0.16162071610404577 417
1757518080895 0.20407888197557422 418
1757518080907 0.17375037175229952 419
1757518080919 0.18324581445779822 420
1757518080930 0.1765929247491051 421
1757518080942 0.15040702180905868 422
1757518080954 0.2015743755509423 423
1757518080966 0.2582806797789073 424
1757518080978 0.23511090754521216 425
1757518080990 0.13674930421480497 426
1757518081003 0.23057877377772443 427
1757518081015 0.06986153325539658 428
1757518081027 0.18565985860579462 429
1757518081039 0.2226365762963895 430
1757518081051 0.18960196867021847 431
1757518081064 0.2144344003714005 432
1757518081076 0.31463142506719094 433
1757518081088 0.17185332760463065 434
1757518081100 0.17531551266753714 435
1757518081112 0.11175863033674516 436
1757518081124 0.3201513525148694 437
1757518081136 0.15392853700174572 438
1757518081148 0.4201169830444956 439
1757518081160 0.1544820704395164 440
1757518081172 0.15213864046966194 441
1757518081184 0.2356941235817424 442
1757518081196 0.2397918796808218 443
1757518081208 0.126747901635599 444
1757518081220 0.22024455877327218 445
1757518081232 0.20176003242412568 446
1757518081244 0.19099905606206322 447
1757518081256 0.21778977726964474 448
1757518081268 0.1679715807602958 449
1757518081280 0.1835658749206596 450
1757518081292 0.20239407294784706 451
1757518081304 0.13001205637972485 452
1757518081316 0.1775268994499569 453
1757518081328 0.20606471140854798 454
1757518081341 0.15346341258272092 455
1757518081353 0.2511129867882794 456
1757518081365 0.2588774004283059 457
1757518081377 0.1580141911456129 458
1757518081389 0.22864549447269042 459
1757518081401 0.09957687559079836 460
1757518081414 0.17215871051560183 461
1757518081426 0.25274262134763503 462
1757518081438 0.15956628193555514 463
1757518081450 0.14087424394820036 464
1757518081463 0.4073003336817192 465
1757518081475 0.190921173603058 466
1757518081487 0.15367104903771595 467
1757518081499 0.09632502072005274 468
1757518081511 0.1385968637100504 469
1757518081523 0.1282907803531787 470
1757518081535 0.22584749982941751 471
1757518081548 0.12029915158567211 472
1757518081560 0.2611399063129003 473
1757518081572 0.0961746167489086 474
1757518081584 0.21597118782351013 475
1757518081596 0.1841664717572267 476
1757518081609 0.11830602214745392 477
1757518081621 0.36806496695391433 478
1757518081633 0.19181733183078095 479
1757518081645 0.09721442679208393 480
1757518081658 0.14309632820322457 481
1757518081670 0.10033305029674515 482
1757518081682 0.36680078489123036 483
1757518081696 0.17221582658107587 484
1757518081709 0.22213452286041027 485
1757518081723 0.11196700810303893 486
1757518081736 0.271410072666018 487
1757518081749 0.14590920650781822 488
1757518081761 0.12836507080527354 489
1757518081774 0.10549078093273447 490
1757518081786 0.10312041348999573 491
1757518081798 0.1060097805492461 492
1757518081810 0.2236420695887443 493
1757518081823 0.2630540220667906 494
1757518081835 0.2217371328569017 495
1757518081848 0.051665813038485504 496
1757518081861 0.1418775940155134 497
1757518081874 0.18772225137999934 498
1757518081886 0.1839058802914751 499
