1757517962418 3.6002966171886928 0
1757517962428 0.8685002470964097 1
1757517962437 0.7814998906775453 2
1757517962446 0.13161855236731893 3
1757517962456 0.15902019492544492 4
1757517962466 0.1208533563855754 5
1757517962475 0.1096095283426855 6
1757517962484 0.10072119252448973 7
1757517962494 0.09311468738531342 8
1757517962503 0.1145942237734829 9
1757517962513 0.14627402929315703 10
1757517962522 0.14898675451325183 11
1757517962532 0.2375960906046775 12
1757517962541 0.19652366615515518 13
1757517962550 0.10156838998778 14
1757517962560 0.10132806935119505 15
1757517962569 0.09941111219117689 16
1757517962578 0.1291054765483759 17
1757517962588 0.05345887165998962 18
1757517962597 0.061816158577099 19
1757517962607 0.11799241567079234 20
1757517962616 0.09032790061107124 21
1757517962626 0.11656617556112786 22
1757517962636 0.08209029938881084 23
1757517962646 0.12013704194589302 24
1757517962655 0.09432446157200598 25
1757517962665 0.07624424878664199 26
1757517962674 0.041951250011014664 27
1757517962683 0.12416800150739639 28
1757517962693 0.11974544310055386 29
1757517962702 0.1415241710052976 30
1757517962712 0.07244946913516392 31
1757517962721 0.1320209538481724 32
1757517962731 0.10520255896744651 33
1757517962740 0.0903883812176191 34
1757517962749 0.057328837151998026 35
1757517962759 0.044201665405530596 36
1757517962768 0.07285233018158353 37
1757517962777 0.08317494106726284 38
1757517962786 0.11751603356225801 39
1757517962796 0.05646228674082908 40
1757517962805 0.10226775658889953 41
1757517962815 0.06485247951844142 42
1757517962824 0.043547522321951755 43
1757517962834 0.09893991145931184 44
1757517962843 0.1230275356669393 45
1757517962852 0.09042956210292866 46
1757517962862 0.09590028984218625 47
1757517962872 0.1051566325309475 48
1757517962882 0.11454046924819962 49
1757517962891 0.08291664710850193 50
1757517962900 0.09418490739298536 51
1757517962910 0.09632066118777369 52
1757517962920 0.07573806828751184 53
1757517962930 0.11959079305765194 54
1757517962940 0.07453623198614914 55
1757517962950 0.14469043051810737 56
1757517962959 0.12259527144900312 57
1757517962969 0.09578802759156226 58
1757517962979 0.07156520974096117 59
1757517962988 0.08031490739859748 60
1757517962998 0.054562623431281605 61
1757517963008 0.08045748599328775 62
1757517963017 0.09474546014199894 63
1757517963027 0.08139192077641708 64
1757517963037 0.09697170660455065 65
1757517963047 0.1268087526659043 66
1757517963056 0.07830495046739133 67
1757517963066 0.07406627119424601 68
1757517963076 0.07411190568847631 69
1757517963085 0.11877885994639147 70
1757517963095 0.06815854556163921 71
1757517963104 0.10769947254565228 72
1757517963114 0.06790794057262509 73
1757517963124 0.08205376794198449 74
1757517963134 0.07563524022341785 75
1757517963145 0.06714260844174595 76
1757517963156 0.1431077049618382 77
1757517963166 0.06467061426428168 78
1757517963182 0.08233454504737453 79
1757517963192 0.07226835677454652 80
1757517963202 0.07759212203937241 81
1757517963212 0.07407004677389002 82
1757517963222 0.09189853815924114 83
1757517963232 0.07310272733331628 84
1757517963242 0.05905349179262367 85
1757517963252 0.12417378373484406 86
1757517963262 0.07055208324710659 87
1757517963272 0.14173170085610468 88
1757517963283 0.05843173733464694 89
1757517963292 0.10019714402205077 90
1757517963302 0.09198013204223315 91
1757517963312 0.07757142507417032 92
1757517963322 0.042843804991416656 93
1757517963332 0.10743048340075013 94
1757517963342 0.12741075243588257 95
1757517963352 0.12204148917541241 96
1757517963362 0.1046941741320918 97
1757517963372 0.08236891541762445 98
1757517963382 0.1322842057692727 99
1757517963392 0.07593967168981255 100
1757517963402 0.06516176006921218 101
1757517963412 0.1062348131413006 102
1757517963421 0.0931537810531414 103
1757517963431 0.08404067286744424 104
1757517963441 0.14419525267317976 105
1757517963451 0.08750715302568163 106
1757517963461 0.045522304403728515 107
1757517963470 0.0748088167943055 108
1757517963480 0.11155128559496479 109
1757517963490 0.10601849902703821 110
1757517963500 0.10603388100504338 111
1757517963510 0.07373042362093375 112
1757517963520 0.08530519423160249 113
1757517963530 0.08255061361952788 114
1757517963540 0.07226535377254584 115
1757517963549 0.07285477702196375 116
1757517963559 0.5618340002404459 117
1757517963569 0.07306492094593017 118
1757517963579 0.06377077948940897 119
1757517963589 0.07263803431432338 120
1757517963599 0.08348114404430136 121
1757517963609 0.06442291025818447 122
1757517963620 0.08802698014088722 123
1757517963630 0.08328282434912064 124
1757517963645 0.07796132931303376 125
1757517963664 0.10084046274362636 126
1757517963674 0.052750470400900806 127
1757517963684 0.08470734887845514 128
1757517963695 0.08914156649005163 129
1757517963705 0.13618266780587696 130
1757517963715 0.11548280885451499 131
1757517963725 0.05797405713565664 132
1757517963735 0.12556095756779734 133
1757517963745 0.07713173142098478 134
1757517963756 0.10370295734329951 135
1757517963765 0.11330457326282446 136
1757517963776 0.07081818659983212 137
1757517963786 0.07420595953271948 138
1757517963796 0.19257359822923248 139
1757517963806 0.08585015636982563 140
1757517963817 0.09207582788866897 141
1757517963827 0.05670772368205321 142
1757517963837 0.09532746218830276 143
1757517963849 0.06712809431369784 144
1757517963860 0.05132276415494731 145
1757517963870 0.09747868367012961 146
1757517963881 0.042858887739043 147
1757517963891 0.07982691066636313 148
1757517963901 0.06562167390270368 149
1757517963912 0.08488062043247159 150
1757517963922 0.10359716306772884 151
1757517963932 0.05027191728934076 152
1757517963942 0.08002039659090776 153
1757517963953 0.13727921071213736 154
1757517963963 0.060494924317326955 155
1757517963973 0.06335822760728992 156
1757517963984 0.057296559789560254 157
1757517963994 0.11338928821117658 158
1757517964005 0.1981082019692511 159
1757517964015 0.08023858319865707 160
1757517964026 0.08565527200630613 161
1757517964036 0.08986939127960672 162
1757517964046 0.11088228783639313 163
1757517964057 0.07884654530817672 164
1757517964067 0.05624870735973118 165
1757517964077 0.10432962465454239 166
1757517964088 0.09135774575023682 167
1757517964098 0.0978584962048721 168
1757517964108 0.07377717998056123 169
1757517964118 0.0788653785040477 170
1757517964129 0.0526312040253005 171
1757517964139 0.11216932325530168 172
1757517964150 0.06472105675095274 173
1757517964160 0.1639566849068007 174
1757517964170 0.10109960626733423 175
1757517964181 0.09318914379914742 176
1757517964191 0.1568114902998079 177
1757517964201 0.08348826565716469 178
1757517964212 0.1139300463743562 179
1757517964222 0.09495662502431798 180
1757517964233 0.0839036482080438 181
1757517964243 0.07844428406806768 182
1757517964253 0.10769288299988274 183
1757517964264 0.09197829623102374 184
1757517964274 0.07904892279207382 185
1757517964285 0.10201821872599816 186
1757517964295 0.05481537467320583 187
1757517964305 0.1377859094085848 188
1757517964315 0.06859960973614317 189
1757517964326 0.06775121490780794 190
1757517964336 0.06065744845519239 191
1757517964347 0.07583125624414681 192
1757517964357 0.08087441689467445 193
1757517964370 0.07307669188420535 194
1757517964381 0.11227058540082877 195
1757517964392 0.06512133385207132 196
1757517964402 0.06345751948866654 197
1757517964412 0.16318310395454663 198
1757517964423 0.0658388731369564 199
1757517964433 0.05521913076478981 200
1757517964444 0.12038153828489352 201
1757517964454 0.08588791681051265 202
1757517964465 0.09960660413676858 203
1757517964475 0.0993150633854859 204
1757517964486 0.13331348950085353 205
1757517964496 0.12802429039926302 206
1757517964507 0.0719930183252076 207
1757517964519 0.08800452823232688 208
1757517964531 0.11072390415900611 209
1757517964543 0.10719352607586373 210
1757517964555 0.05947787141809439 211
1757517964568 0.11759390818624861 212
1757517964580 0.10615236613318442 213
1757517964592 0.0654690201585154 214
1757517964605 0.10951668743283029 215
1757517964617 0.08156880522863709 216
1757517964629 0.11526969333203588 217
1757517964641 0.19312780428365386 218
1757517964653 0.07990275588157089 219
1757517964666 0.06403258487221479 220
1757517964678 0.0730624798197684 221
1757517964691 0.06061318455181038 222
1757517964713 0.16449349211003936 223
1757517964729 0.08674112167700775 224
1757517964743 0.14233869352836495 225
1757517964754 0.1754194840734447 226
1757517964767 0.055828707752108374 227
1757517964778 0.10095915813246517 228
1757517964789 0.08079738630182726 229
1757517964800 0.05357566458314461 230
1757517964811 0.08265800676492413 231
1757517964821 0.09505170022482928 232
1757517964833 0.0636304456800094 233
1757517964844 0.12480776678850918 234
1757517964855 0.14116368078945632 235
1757517964866 0.06802843339131966 236
1757517964878 0.06929148383322391 237
1757517964889 0.09027614441063507 238
1757517964900 0.1333644168829655 239
1757517964911 0.08986111527327831 240
1757517964922 0.1183519625262956 241
1757517964933 0.04099801401167383 242
1757517964945 0.10485873717689106 243
1757517964956 0.0895638668685484 244
1757517964967 0.10208913937887697 245
1757517964978 0.08464957133227241 246
1757517964989 0.10487913183017905 247
1757517965000 0.06728331211595431 248
1757517965011 0.06604651915155178 249
1757517965021 0.06777934095519562 250
1757517965032 0.062395836235680284 251
1757517965043 0.12954886805751903 252
1757517965054 0.08320429010031936 253
1757517965065 0.08753576167004674 254
1757517965076 0.09792343593313373 255
1757517965087 0.07351323394724125 256
1757517965097 0.07106070724412912 257
1757517965108 0.10497780674812335 258
1757517965119 0.07849365769750737 259
1757517965130 0.05932011630289252 260
1757517965141 0.08792817203584456 261
1757517965152 0.14798471093427695 262
1757517965163 0.07392336685780343 263
1757517965174 0.06508672010391944 264
1757517965184 0.0942095387521077 265
1757517965195 0.10533226427142768 266
1757517965206 0.1282354431609593 267
1757517965217 0.09966962966385919 268
1757517965228 0.1361189751311101 269
1757517965239 0.12580691567464514 270
1757517965250 0.10119280397451352 271
1757517965261 0.09895193238021703 272
1757517965272 0.10237726415664393 273
1757517965283 0.10914004727274398 274
1757517965293 0.09546367160878658 275
1757517965304 0.0697921389849902 276
1757517965315 0.09721052880962279 277
1757517965326 0.07965730571249928 278
1757517965337 0.04781704507596074 279
1757517965348 0.05396045822107718 280
1757517965359 0.07517560258357435 281
1757517965370 0.0781653774881956 282
1757517965381 0.05068381283683055 283
1757517965392 0.10999182617531873 284
1757517965403 0.056262670826090086 285
1757517965414 0.06107817431948023 286
1757517965425 0.07628589054772453 287
1757517965437 0.5924677232121625 288
1757517965448 0.055013412564949536 289
1757517965459 0.0747055509120262 290
1757517965471 0.08781607067491524 291
1757517965482 0.1445422760981563 292
1757517965493 0.06755788307435825 293
1757517965504 0.07768830692365736 294
1757517965515 0.05512302187198236 295
1757517965526 0.07949643839964711 296
1757517965538 0.24796292044911045 297
1757517965549 0.05811834702940185 298
1757517965560 0.08736194628707787 299
1757517965571 0.09487899157642887 300
1757517965582 0.17854064858133756 301
1757517965593 0.0866949617336889 302
1757517965604 0.1365558851341275 303
1757517965615 0.074791877366617 304
1757517965626 0.076660988896697 305
1757517965638 0.06550462764302603 306
1757517965649 0.031675353347375805 307
1757517965660 0.07975091766397874 308
1757517965671 0.07348766725092065 309
1757517965682 0.053591115197533616 310
1757517965693 0.1657416225008813 311
1757517965704 0.11757104764311097 312
1757517965716 0.12286507075599504 313
1757517965727 0.13766421651422053 314
1757517965738 0.12033965818347457 315
1757517965749 0.08667749295674441 316
1757517965761 0.10944175020760705 317
1757517965772 0.04531787127216653 318
1757517965783 0.1405149498667061 319
1757517965794 0.08101709253951539 320
1757517965805 0.09568269494481682 321
1757517965816 0.08624179167557057 322
1757517965827 0.09267945392420113 323
1757517965839 0.05509618935590005 324
1757517965850 0.06626981219057523 325
1757517965861 0.05783344628072787 326
1757517965872 0.06396523852445617 327
1757517965883 0.0669584589474295 328
1757517965895 0.09561068343085312 329
1757517965906 0.10101979681135516 330
1757517965918 0.05426086589756003 331
1757517965929 0.09657180689959001 332
1757517965940 0.0737787964838477 333
1757517965951 0.059540422833314496 334
1757517965963 0.0626013269775815 335
1757517965975 0.06310599528158242 336
1757517965986 0.0787863323451941 337
1757517965998 0.0887211664859457 338
1757517966009 0.0762368141614837 339
1757517966020 0.15187841448369366 340
1757517966032 0.06915378282186964 341
1757517966043 0.06733483371686959 342
1757517966055 0.08285144545266292 343
1757517966066 0.10892878125492084 344
1757517966078 0.11178243210349169 345
1757517966089 0.054669151494337785 346
1757517966100 0.06438168865949022 347
1757517966112 0.0752566016093051 348
1757517966123 0.1020387627846192 349
1757517966135 0.11417267381672074 350
1757517966147 0.14970988637699756 351
1757517966158 0.06712862213159362 352
1757517966170 0.1072517757180368 353
1757517966182 0.08303299788349926 354
1757517966193 0.06547851593585359 355
1757517966204 0.07963986112523343 356
1757517966216 0.07329406940314806 357
1757517966227 0.10164462438595157 358
1757517966238 0.11502371278964654 359
1757517966250 0.1097561943524551 360
1757517966262 0.08729850267981826 361
1757517966273 0.07644569229352592 362
1757517966285 0.15150208680490382 363
1757517966296 0.14353830232115092 364
1757517966308 0.08206959057037573 365
1757517966319 0.06629818565609026 366
1757517966330 0.11332154824736543 367
1757517966342 0.07406899529639868 368
1757517966354 0.09854016505855359 369
1757517966365 0.07041043147156019 370
1757517966377 0.06946321747211225 371
1757517966388 0.08479783067189163 372
1757517966400 0.10312897908150279 373
1757517966411 0.05665976706442007 374
1757517966423 0.065570031656912 375
1757517966434 0.08024269524588047 376
1757517966446 0.18191156104478326 377
1757517966458 0.0796176278452879 378
1757517966469 0.10149326467130404 379
1757517966481 0.10128841862129631 380
1757517966492 0.08123858830058844 381
1757517966504 0.10738970484075926 382
1757517966521 0.08554110211157219 383
1757517966534 0.08854656779640607 384
1757517966546 0.08946488174460722 385
1757517966558 0.11028697706928683 386
1757517966569 0.06948821370779244 387
1757517966581 0.090813670180079 388
1757517966593 0.07569699477394468 389
1757517966604 0.08413188477082142 390
1757517966616 0.05744280916597286 391
1757517966628 0.061986158189462896 392
1757517966639 0.0745940311714466 393
1757517966651 0.0724187168899623 394
1757517966663 0.07854372734487718 395
1757517966675 0.0841482231414297 396
1757517966686 0.06663695020609631 397
1757517966698 0.08300373398513426 398
1757517966709 0.09284489107806329 399
1757517966721 0.09283756922176824 400
1757517966732 0.12059300056096073 401
1757517966744 0.07372028209938082 402
1757517966756 0.08394035812578342 403
1757517966768 0.08004168932716366 404
1757517966780 0.08016653618532615 405
1757517966791 0.07128498092556168 406
1757517966803 0.11567978776759602 407
1757517966815 0.057212978797623916 408
1757517966826 0.10137937673788354 409
1757517966838 0.12034729593267562 410
1757517966850 0.10606905214740119 411
1757517966862 0.12521649006498323 412
1757517966874 0.1481018764695466 413
1757517966886 0.12301706682062577 414
1757517966897 0.06515084249509748 415
1757517966909 0.04163057066535812 416
1757517966921 0.16420364971719895 417
1757517966933 0.08964685080981535 418
1757517966945 0.06924889915918993 419
1757517966957 0.09145611463658736 420
1757517966970 0.05590314624339125 421
1757517966982 0.22256338395456907 422
1757517966994 0.08747742471912151 423
1757517967006 0.09565821508581997 424
1757517967017 0.1644134205998346 425
1757517967029 0.07643436617063303 426
1757517967041 0.0853785597659568 427
1757517967053 0.06926164987127362 428
1757517967066 0.12496645349042364 429
1757517967078 0.10623149183661593 430
1757517967089 0.056551542340351 431
1757517967101 0.08735351542428633 432
1757517967113 0.1532391572419605 433
1757517967126 0.0640305623801695 434
1757517967137 0.07805862967954977 435
1757517967150 0.08482769983564172 436
1757517967162 0.06359020035167015 437
1757517967174 0.08490925629481323 438
1757517967186 0.056683736765960474 439
1757517967198 0.09085577018296254 440
1757517967210 0.07979738319515606 441
1757517967222 0.07850008384386246 442
1757517967234 0.2408321748169231 443
1757517967249 0.0792319312832179 444
1757517967261 0.057131107616098555 445
1757517967273 0.09798211180043878 446
1757517967285 0.07565621176701981 447
1757517967297 0.13004853301032035 448
1757517967309 0.07203329140323475 449
1757517967321 0.12220885661218774 450
1757517967333 0.0743205500574859 451
1757517967345 0.06634072487380308 452
1757517967357 0.04552374938576136 453
1757517967369 0.1148985255034677 454
1757517967381 0.09665128583451617 455
1757517967393 0.11027099475323382 456
1757517967405 0.2447053002914535 457
1757517967417 0.058201474573979915 458
1757517967429 0.06339178953100966 459
1757517967441 0.08811689228730561 460
1757517967453 0.13118323347197222 461
1757517967466 0.06531930314919121 462
1757517967478 0.20371219340194127 463
1757517967490 0.06841370170900248 464
1757517967502 0.08096466204075232 465
1757517967514 0.0815794848493687 466
1757517967526 0.05965724571711794 467
1757517967538 0.0737997917648522 468
1757517967550 0.05835700281734693 469
1757517967563 0.07139279929875636 470
1757517967575 0.0967675663993415 471
1757517967587 0.07281974722571767 472
1757517967599 0.06237054456344586 473
1757517967611 0.08390309300789545 474
1757517967624 0.08737197607027568 475
1757517967636 0.12549044629442188 476
1757517967649 0.10144061700726219 477
1757517967662 0.13097439232841462 478
1757517967674 0.050937490678459395 479
1757517967686 0.0762365775363549 480
1757517967698 0.13394942410192456 481
1757517967710 0.10743220903608935 482
1757517967723 0.07767473074925854 483
1757517967735 0.0687482290171678 484
1757517967747 0.09891044398087402 485
1757517967760 0.08234815407766588 486
1757517967772 0.07304218611392767 487
1757517967784 0.09446231506482156 488
1757517967796 0.0697395553806239 489
1757517967809 0.08217611120067582 490
1757517967821 0.08378582810190845 491
1757517967833 0.07673170997451573 492
1757517967845 0.10493392297347358 493
1757517967857 0.05607615885804298 494
1757517967870 0.08700739050960449 495
1757517967882 0.09359063835439332 496
1757517967894 0.08361528286272026 497
1757517967906 0.10064131505056413 498
1757517967919 0.08754921569357649 499
