1757518033879 1.5437700005502493 0
1757518033889 0.40645189036522417 1
1757518033898 0.6537030869420238 2
1757518033908 0.16785140711231322 3
1757518033918 0.15411989957111114 4
1757518033927 0.10975096794897528 5
1757518033936 0.0755937289295418 6
1757518033946 0.1429938386114228 7
1757518033955 0.12418405820193937 8
1757518033964 0.17217125921114315 9
1757518033974 0.11426682738719678 10
1757518033983 0.11301928420497528 11
1757518033992 0.12382807189925507 12
1757518034001 0.056257691881063034 13
1757518034011 0.0912071695272749 14
1757518034020 0.07190786928113384 15
1757518034029 0.10023690261225181 16
1757518034039 0.07631082813448437 17
1757518034049 0.08868907538463494 18
1757518034058 0.14479216777421638 19
1757518034068 0.1313847799580944 20
1757518034078 0.10332216251544554 21
1757518034088 0.1140330325847945 22
1757518034098 0.11141683267488947 23
1757518034107 0.09245851718209534 24
1757518034117 0.10315026678524344 25
1757518034126 0.07787691064002879 26
1757518034135 0.09460013701385167 27
1757518034145 0.11640951636295409 28
1757518034154 0.1765516703387244 29
1757518034164 0.09264649709119925 30
1757518034173 0.13572005852243743 31
1757518034183 0.11441919281439904 32
1757518034192 0.08191131762259683 33
1757518034202 0.09876790863097788 34
1757518034211 0.0917824861797948 35
1757518034221 0.1210558643722799 36
1757518034230 0.05630704077350917 37
1757518034240 0.16677119813768612 38
1757518034249 0.25323142437492335 39
1757518034259 0.16943962775289428 40
1757518034268 0.0803093621394721 41
1757518034278 0.07285639908613889 42
1757518034287 0.08505690712019351 43
1757518034297 0.06900475904340281 44
1757518034307 0.19339329615728826 45
1757518034316 0.06216999633322736 46
1757518034326 0.04690991715424744 47
1757518034335 0.5721847176170334 48
1757518034345 0.2641644799214336 49
1757518034355 0.06680391928308348 50
1757518034364 0.10697001380146251 51
1757518034374 0.13180423493247392 52
1757518034384 0.08265292196537127 53
1757518034393 0.10295205686848871 54
1757518034403 0.101961321054711 55
1757518034412 0.0896256447080149 56
1757518034422 0.06178017689433469 57
1757518034431 0.05722022785998101 58
1757518034441 0.0987992759685435 59
1757518034451 0.10036701881930067 60
1757518034460 0.07705663543224721 61
1757518034470 0.08385140461898923 62
1757518034479 0.06472410213263087 63
1757518034489 0.06174997674144059 64
1757518034499 0.06900995791063133 65
1757518034509 0.09899038445593371 66
1757518034518 0.07638356625214185 67
1757518034528 0.17789731849392135 68
1757518034538 0.0918882821522163 69
1757518034548 0.0684991488420431 70
1757518034560 0.16806839934492507 71
1757518034570 0.05556797935726708 72
1757518034580 0.12230427958157243 73
1757518034590 0.10519657410011346 74
1757518034600 0.08739725306588332 75
1757518034609 0.12743387693919506 76
1757518034619 0.1487918039427091 77
1757518034629 0.07268352150237922 78
1757518034638 0.05224344515180165 79
1757518034648 0.0752647850138339 80
1757518034658 0.2031775445524484 81
1757518034668 0.09548324096339511 82
1757518034678 0.12201313426858797 83
1757518034687 0.09589700672951801 84
1757518034697 0.09732991520598554 85
1757518034707 0.08800631901434268 86
1757518034717 0.14580345500242756 87
1757518034727 0.10936547068365562 88
1757518034746 0.1245834299014645 89
1757518034758 0.11338054654004695 90
1757518034768 0.06755504698969278 91
1757518034778 0.052343758072502876 92
1757518034789 0.0691076820408773 93
1757518034801 0.058147503681036106 94
1757518034812 0.059619875992382734 95
1757518034827 0.04021508139429435 96
1757518034839 0.14349042196258158 97
1757518034850 0.0770097683270122 98
1757518034860 0.07996530959809393 99
1757518034871 0.11184056676310497 100
1757518034881 0.10466681647293428 101
1757518034891 0.06732270772325925 102
1757518034901 0.10488284415244117 103
1757518034912 0.11531463858968986 104
1757518034922 0.0954881263393803 105
1757518034932 0.07981884805994365 106
1757518034942 0.08342754128627444 107
1757518034952 0.10253572117411823 108
1757518034962 0.06466991206805932 109
1757518034972 0.15545483560010742 110
1757518034982 0.2453991088451774 111
1757518034993 0.050830204700738825 112
1757518035003 0.047889085434098616 113
1757518035013 0.09609999332992872 114
1757518035023 0.08646619813534993 115
1757518035033 0.07958301623408147 116
1757518035043 0.09647254619539758 117
1757518035053 0.10534344081363921 118
1757518035063 0.09313176904601177 119
1757518035073 0.05700067517917127 120
1757518035083 0.06293208335010872 121
1757518035106 0.55689170749208 122
1757518035118 0.06784588437491106 123
1757518035129 0.07549861861343593 124
1757518035139 0.05156121714679624 125
1757518035149 0.060119168782084925 126
1757518035159 0.0895581195172859 127
1757518035169 0.06617436401601964 128
1757518035179 0.08530383018826478 129
1757518035189 0.07396198525301827 130
1757518035199 0.07613353557712219 131
1757518035209 0.08436603867073211 132
1757518035219 0.12186407525433043 133
1757518035229 0.09379833929394162 134
1757518035239 0.14430027340108229 135
1757518035249 0.07356044130234313 136
1757518035259 0.07461976255124649 137
1757518035270 0.07899262503350649 138
1757518035280 0.11038190039606678 139
1757518035290 0.08788118101988115 140
1757518035300 0.08672979248654027 141
1757518035311 0.08287702238806921 142
1757518035321 0.049443833258435446 143
1757518035331 0.11571860550802762 144
1757518035341 0.057098816225294696 145
1757518035351 0.07716748256194866 146
1757518035361 0.07020791380348407 147
1757518035371 0.10783299424729077 148
1757518035381 0.11458357218879271 149
1757518035392 0.09596162718907192 150
1757518035402 0.14026928638356542 151
1757518035412 0.07861999441647861 152
1757518035422 0.08687908996988133 153
1757518035433 0.12064111416040896 154
1757518035443 0.0710449338308312 155
1757518035453 0.0734963488026895 156
1757518035463 0.08642706800238495 157
1757518035473 0.16711105075154198 158
1757518035484 0.111008721832205 159
1757518035494 0.09894171392961067 160
1757518035505 0.049547200493652355 161
1757518035515 0.06482485754747688 162
1757518035525 0.04915635507042008 163
1757518035536 0.07346104763659429 164
1757518035546 0.09544955364996842 165
1757518035557 0.0743788696628007 166
1757518035567 0.07967730273810807 167
1757518035580 0.0963092188531553 168
1757518035590 0.10299753090388633 169
1757518035601 0.23129000297802593 170
1757518035611 0.1366479144177421 171
1757518035621 0.08847991539940732 172
1757518035632 0.06969271539850616 173
1757518035642 0.07362149139337208 174
1757518035652 0.06725723327794154 175
1757518035663 0.09773871747078627 176
1757518035674 0.08925825350678512 177
1757518035684 0.06332573008938584 178
1757518035695 0.10940518240371147 179
1757518035705 0.07392216142019171 180
1757518035716 0.06854074535267983 181
1757518035726 0.06264697658454711 182
1757518035737 0.1073046336588684 183
1757518035747 0.09861465627968619 184
1757518035758 0.07028945544951788 185
1757518035770 0.09250760570227128 186
1757518035781 0.05222186328333435 187
1757518035792 0.1013218212538647 188
1757518035802 0.09228670155761985 189
1757518035813 0.10422748294356211 190
1757518035824 0.08058318963134198 191
1757518035834 0.06611873245894663 192
1757518035845 0.16725215557486794 193
1757518035856 0.08381313334064755 194
1757518035867 0.10379736259170383 195
1757518035877 0.044841712849114264 196
1757518035888 0.08437305147468287 197
1757518035898 0.10332426040646578 198
1757518035909 0.07156665864604692 199
1757518035919 0.06851171092971238 200
1757518035930 0.07490089240098521 201
1757518035940 0.08871129665562173 202
1757518035951 0.08462500644761001 203
1757518035961 0.10517655256535965 204
1757518035972 0.07726995704293922 205
1757518035983 0.09011563516385836 206
1757518035993 0.0904560734035665 207
1757518036004 0.22860612555556978 208
1757518036014 0.07579001316377854 209
1757518036025 0.1590054035400943 210
1757518036036 0.11571376594749531 211
1757518036046 0.07225984196018134 212
1757518036057 0.06833032418496293 213
1757518036068 0.08743346519575915 214
1757518036078 0.10216312693886734 215
1757518036089 0.06034327867102592 216
1757518036099 0.5502174923287152 217
1757518036110 0.07400872111092488 218
1757518036120 0.07473192630508436 219
1757518036131 0.09076985884899166 220
1757518036141 0.20328019216621368 221
1757518036152 0.10651642155296043 222
1757518036163 0.042204112840653916 223
1757518036173 0.09987208491447815 224
1757518036184 0.1431477571859013 225
1757518036195 0.13539599689634163 226
1757518036206 0.11889597314078029 227
1757518036217 0.07372759894036687 228
1757518036227 0.24913458060664095 229
1757518036238 0.06313202006877171 230
1757518036249 0.12233355440235019 231
1757518036259 0.1213464400761618 232
1757518036270 0.11479342156357762 233
1757518036281 0.10505729623633447 234
1757518036291 0.07912479324900008 235
1757518036302 0.09043034983367976 236
1757518036313 0.08002383997596535 237
1757518036324 0.052472407839640155 238
1757518036335 0.09571417999042221 239
1757518036346 0.12670316783376945 240
1757518036356 0.10949950771042015 241
1757518036367 0.08562160948617709 242
1757518036378 0.10525785804474351 243
1757518036389 0.07700468518838936 244
1757518036400 0.08350351494338355 245
1757518036411 0.1127568354772083 246
1757518036421 0.1074021708465374 247
1757518036432 0.13514844039704316 248
1757518036443 0.07026929927111689 249
1757518036454 0.10098864519589437 250
1757518036464 0.09032763745283047 251
1757518036475 0.0872777981587876 252
1757518036486 0.10881767491602427 253
1757518036497 0.05692663600775085 254
1757518036508 0.07237158230412871 255
1757518036519 0.07080630204570804 256
1757518036530 0.10529194278420508 257
1757518036541 0.08417748912968849 258
1757518036552 0.10390378427994813 259
1757518036563 0.09061671012844412 260
1757518036574 0.06394503217005507 261
1757518036585 0.12253825533779036 262
1757518036596 0.06791847765510788 263
1757518036607 0.11096858986546615 264
1757518036618 0.07252478978116556 265
1757518036629 0.09870218807808816 266
1757518036640 0.09549614568488472 267
1757518036651 0.08343936931525195 268
1757518036662 0.10104607695711199 269
1757518036673 0.052245009399836374 270
1757518036684 0.08675931277380877 271
1757518036695 0.053707731853215965 272
1757518036706 0.04349096500207221 273
1757518036717 0.0569628520248205 274
1757518036727 0.07578623437043684 275
1757518036739 0.11216905933110309 276
1757518036750 0.12931806230580709 277
1757518036761 0.11750256113372579 278
1757518036772 0.07531356745617894 279
1757518036783 0.07834828756200125 280
1757518036794 0.10432568590715421 281
1757518036804 0.09871706080307119 282
1757518036815 0.08126495677407278 283
1757518036826 0.13729885881593085 284
1757518036837 0.05885522820604951 285
1757518036848 0.07754245722782012 286
1757518036860 0.08475675449935886 287
1757518036871 0.08134608962945909 288
1757518036882 0.1820191292542864 289
1757518036893 0.07697876208801366 290
1757518036904 0.09865140781627171 291
1757518036915 0.07101859943278475 292
1757518036927 0.12679464906289223 293
1757518036938 0.08678328430468832 294
1757518036949 0.10143827139061007 295
1757518036960 0.06255740244504474 296
1757518036971 0.08336187355784755 297
1757518036982 0.15743566549061805 298
1757518036994 0.09058122238224119 299
1757518037005 0.09758266968223486 300
1757518037016 0.12017290500314702 301
1757518037028 0.5868313606354995 302
1757518037039 0.13279843049828846 303
1757518037050 0.07511491063406048 304
1757518037061 0.06502214101469499 305
1757518037073 0.058477850962577634 306
1757518037084 0.13172453262973244 307
1757518037095 0.21753289369504622 308
1757518037107 0.12114963518622554 309
1757518037118 0.13913117863707444 310
1757518037129 0.05745535208344828 311
1757518037140 0.08885650981404467 312
1757518037151 0.07031511578211853 313
1757518037163 0.07381847965652219 314
1757518037174 0.0740245757520687 315
1757518037185 0.11103038872725692 316
1757518037196 0.19128102304862354 317
1757518037207 0.11090562790998035 318
1757518037218 0.09243023905443792 319
1757518037229 0.09910121531608385 320
1757518037243 0.11162829425383781 321
1757518037255 0.1691738848272636 322
1757518037266 0.03507262595268044 323
1757518037278 0.0787709235028091 324
1757518037289 0.08914829475512921 325
1757518037300 0.1553247002750328 326
1757518037311 0.1635728770128326 327
1757518037323 0.06461855806441118 328
1757518037334 0.10158860777516493 329
1757518037345 0.08690580470368559 330
1757518037357 0.2469415940869227 331
1757518037368 0.06400323836661533 332
1757518037379 0.14362359531361926 333
1757518037390 0.1417055310398688 334
1757518037402 0.04965381033081564 335
1757518037413 0.07211687528296794 336
1757518037425 0.07835078431666814 337
1757518037436 0.08563045793549492 338
1757518037448 0.07131231665969001 339
1757518037459 0.11085549966348272 340
1757518037470 0.10580361082653941 341
1757518037482 0.09675333284279837 342
1757518037493 0.07514441559993414 343
1757518037506 0.05243220894096777 344
1757518037517 0.1271836026490954 345
1757518037529 0.07233989805567574 346
1757518037540 0.09807251889199274 347
1757518037552 0.06904260130497147 348
1757518037563 0.12160409386209656 349
1757518037575 0.050156074190903906 350
1757518037587 0.059006096757648036 351
1757518037598 0.12639187197041468 352
1757518037610 0.10607999144153034 353
1757518037621 0.07994928095634005 354
1757518037633 0.06481051244254904 355
1757518037644 0.06760416901718218 356
1757518037656 0.10614269778007333 357
1757518037667 0.07366337234458156 358
1757518037679 0.11621713286773705 359
1757518037690 0.057661388624045844 360
1757518037702 0.05247594917926251 361
1757518037714 0.05684229635785713 362
1757518037725 0.061441877626735 363
1757518037736 0.11721848758572842 364
1757518037748 0.05761676218269184 365
1757518037759 0.11439808742852388 366
1757518037771 0.12252753296452802 367
1757518037782 0.07310946052444312 368
1757518037794 0.13150036791150535 369
1757518037806 0.11348519305024188 370
1757518037817 0.0586240139927106 371
1757518037829 0.12303425658733555 372
1757518037840 0.1148154075455451 373
1757518037852 0.1499914182284519 374
1757518037864 0.09204644738892319 375
1757518037876 0.07272377574210483 376
1757518037887 0.20010405263199957 377
1757518037899 0.08506968103923392 378
1757518037910 0.07866716733647604 379
1757518037922 0.13931816114642287 380
1757518037934 0.07706091147329314 381
1757518037946 0.14363234637735428 382
1757518037957 0.10441970321278247 383
1757518037969 0.08734931609646196 384
1757518037980 0.08516258028560672 385
1757518037992 0.12988704458122186 386
1757518038003 0.09623015381776716 387
1757518038015 0.10989393120322245 388
1757518038027 0.05362365615547667 389
1757518038039 0.10226962082363847 390
1757518038050 0.09605072533814249 391
1757518038062 0.12663021697995336 392
1757518038074 0.11016432360962455 393
1757518038086 0.07852059167365881 394
1757518038097 0.10908051849440244 395
1757518038109 0.10339467865693751 396
1757518038121 0.11507849461827199 397
1757518038133 0.06700523020309088 398
1757518038144 0.08886967984933201 399
1757518038156 0.09184254909581518 400
1757518038168 0.15384349282070708 401
1757518038180 0.11573368640981602 402
1757518038191 0.08143210200088584 403
1757518038203 0.06036832556774385 404
1757518038215 0.10679814733426002 405
1757518038227 0.04489967533571454 406
1757518038239 0.09368508060227364 407
1757518038251 0.0764954655057012 408
1757518038262 0.14019430381248976 409
1757518038274 0.07825224414337703 410
1757518038286 0.06249412174654615 411
1757518038298 0.09709064286628441 412
1757518038310 0.08340528899527185 413
1757518038322 0.08346341045344649 414
1757518038334 0.14893712062411787 415
1757518038345 0.09527178350888572 416
1757518038357 0.08692317323655849 417
1757518038369 0.10552101677731811 418
1757518038381 0.09671059806436139 419
1757518038393 0.07826792880378755 420
1757518038405 0.07136088299033948 421
1757518038417 0.05164823096278291 422
1757518038429 0.09363495259168696 423
1757518038441 0.09946618298251288 424
1757518038453 0.08237765594122064 425
1757518038465 0.07174694335508466 426
1757518038476 0.08435809757595512 427
1757518038488 0.12513234593989644 428
1757518038500 0.0739809863974798 429
1757518038512 0.10542805445728806 430
1757518038524 0.05219522199485602 431
1757518038536 0.10846944670703844 432
