1757517900728 165.52287431306073 0
1757517900736 164.90324979790304 1
1757517900745 163.73050062723175 2
1757517900753 162.06817252880458 3
1757517900762 159.97638877778485 4
1757517900770 157.51155191037495 5
1757517900779 154.72617984848196 6
1757517900787 151.66884713088885 7
1757517900796 148.3842072278947 8
1757517900804 144.91307632390664 9
1757517900813 141.292562624178 10
1757517900822 137.556228294628 11
1757517900830 133.73427367636185 12
1757517900839 129.85373551267028 13
1757517900847 125.93869265645414 14
1757517900856 122.01047414978443 15
1757517900865 118.08786573490602 16
1757517900873 114.1873118097176 17
1757517900882 110.32311061632291 18
1757517900891 106.5076010785736 19
1757517900900 102.7513402089045 20
1757517900908 99.06327040724925 21
1757517900917 95.45087629327807 22
1757517900926 91.92033096239307 23
1757517900935 88.47663174834177 24
1757517900944 85.12372572129375 25
1757517900953 81.86462525845945 26
1757517900962 78.70151410198372 27
1757517900970 75.63584437191857 28
1757517900979 72.6684250354797 29
1757517900988 69.79950235167162 30
1757517900997 67.02883281601996 31
1757517901006 64.35574912639807 32
1757517901015 61.77921968002278 33
1757517901023 59.29790209542883 34
1757517901032 56.910191233173876 35
1757517901041 54.61426216630292 36
1757517901050 52.40810852721585 37
1757517901062 50.28957663228886 38
1757517901070 48.256395759994696 39
1757517901079 46.30620493279754 40
1757517901088 44.436576528143085 41
1757517901097 42.64503701966967 42
1757517901105 40.92908512652318 43
1757517901114 39.286207626499206 44
1757517901123 37.71389306776649 45
1757517901132 36.20964359412878 46
1757517901141 34.7709850802835 47
1757517901149 33.39547575620781 48
1757517901158 32.08071348371868 49
1757517901167 30.824341833336646 50
1757517901175 29.62405509578003 51
1757517901184 28.47760234970861 52
1757517901193 27.382790695638242 53
1757517901202 26.337487755215484 54
1757517901211 25.33962352521717 55
1757517901220 24.387191666655063 56
1757517901228 23.478250301172686 57
1757517901237 22.61092237945684 58
1757517901246 21.783395679598808 59
1757517901255 20.993922487177855 60
1757517901263 20.240819003251012 61
1757517901272 19.522464521373674 62
1757517901281 18.837300410201184 63
1757517901290 18.183828934092418 64
1757517901300 17.56061194040692 65
1757517901309 16.96626943883832 66
1757517901317 16.3994780951028 67
1757517901326 15.858969658595807 68
1757517901335 15.343529341193285 69
1757517901344 14.85199416219975 70
1757517901353 14.383251272490247 71
1757517901362 13.93623626915594 72
1757517901371 13.509931510406062 73
1757517901380 13.103364439094847 74
1757517901389 12.715605922010269 75
1757517901398 12.345768610967975 76
1757517901407 11.99300533078402 77
1757517901416 11.656507498342368 78
1757517901425 11.335503576215194 79
1757517901434 11.029257563627501 80
1757517901443 10.737067526970668 81
1757517901452 10.458264171554992 82
1757517901461 10.192209455843003 83
1757517901470 9.938295249012 84
1757517901479 9.695942032356585 85
1757517901489 9.46459764474577 86
1757517901498 9.243736072098141 87
1757517901507 9.032856280620514 88
1757517901516 8.83148109337234 89
1757517901525 8.639156109562567 90
1757517901534 8.455448665853813 91
1757517901543 8.279946838843541 92
1757517901552 8.112258487801036 93
1757517901561 7.95201033667014 94
1757517901570 7.798847094291182 95
1757517901580 7.652430611753313 96
1757517901589 7.512439075757975 97
1757517901598 7.378566236854014 98
1757517901607 7.250520671391968 99
1757517901616 7.128025076042316 100
1757517901625 7.010815593723585 101
1757517901635 6.898641169794392 102
1757517901644 6.791262937375943 103
1757517901653 6.688453630687871 104
1757517901663 6.589997025300285 105
1757517901672 6.495687404226635 106
1757517901681 6.405329048807864 107
1757517901690 6.318735753363488 108
1757517901700 6.23573036261384 109
1757517901709 6.156144330906508 110
1757517901718 6.079817302309397 111
1757517901728 6.0065967106627385 112
1757517901737 5.93633739871364 113
1757517901746 5.868901255485703 114
1757517901755 5.804156871067906 115
1757517901765 5.741979208036457 116
1757517901774 5.682249288752618 117
1757517901783 5.624853897809818 118
1757517901792 5.569685298930808 119
1757517901802 5.516640965644938 120
1757517901811 5.465623325102092 121
1757517901820 5.416539514407076 122
1757517901830 5.36930114888428 123
1757517901839 5.323824101707359 124
1757517901849 5.280028294352924 125
1757517901858 5.2378374973621415 126
1757517901867 5.197179140914911 127
1757517901877 5.157984134745314 128
1757517901886 5.120186696947053 129
1757517901895 5.083724191238294 130
1757517901905 5.048536972275573 131
1757517901915 5.014568238624516 132
1757517901924 4.981763893013637 133
1757517901933 4.950072409515139 134
1757517901944 4.919444707312933 135
1757517901967 4.889834030734184 136
1757517901979 4.861195835236445 137
1757517901988 4.833487679056202 138
1757517901998 4.806669120239933 139
1757517902008 4.780701618790636 140
1757517902017 4.755548443677199 141
1757517902027 4.7311745844652835 142
1757517902036 4.707546667339757 143
1757517902046 4.684632875301331 144
1757517902056 4.662402872328708 145
1757517902065 4.640827731309692 146
1757517902075 4.619879865552566 147
1757517902084 4.599532963700016 148
1757517902093 4.579761927874987 149
1757517902103 4.560542814897589 150
1757517902113 4.541852780419305 151
1757517902122 4.523670025828991 152
1757517902132 4.505973747791568 153
1757517902141 4.488744090287974 154
1757517902151 4.471962099031279 155
1757517902161 4.455609678139724 156
1757517902170 4.439669548953951 157
1757517902179 4.424125210890876 158
1757517902189 4.408960904232149 159
1757517902199 4.394161574750578 160
1757517902208 4.379712840082037 161
1757517902218 4.3656009577560395 162
1757517902227 4.351812794801075 163
1757517902237 4.338335798846689 164
1757517902247 4.325157970646741 165
1757517902256 4.312267837953135 166
1757517902266 4.299654430671926 167
1757517902275 4.287307257238383 168
1757517902285 4.275216282149076 169
1757517902294 4.263371904594074 170
1757517902304 4.251764938133543 171
1757517902314 4.240386591367056 172
1757517902324 4.229228449545541 173
1757517902333 4.218282457079381 174
1757517902343 4.207540900897476 175
1757517902352 4.196996394614984 176
1757517902362 4.1866418634695695 177
1757517902372 4.176470529987589 178
1757517902381 4.166475900344195 179
1757517902391 4.156651751382592 180
1757517902401 4.146992118259665 181
1757517902411 4.1374912826872015 182
1757517902420 4.1281437617385945 183
1757517902430 4.118944297193331 184
1757517902440 4.109887845392791 185
1757517902450 4.100969567581347 186
1757517902461 4.092184820709439 187
1757517902470 4.083529148675573 188
1757517902480 4.074998273985253 189
1757517902490 4.066588089806724 190
1757517902500 4.058294652403671 191
1757517902510 4.0501141739263975 192
1757517902520 4.042043015543805 193
1757517902529 4.034077680899546 194
1757517902539 4.0262148098762305 195
1757517902549 4.0184511726527035 196
1757517902559 4.010783664040048 197
1757517902568 4.003209298082656 198
1757517902578 3.9957252029113124 199
1757517902588 3.9883286158361098 200
1757517902598 3.9810168786676265 201
1757517902608 3.9737874332547154 202
1757517902618 3.9666378172291004 203
1757517902628 3.95956565994632 204
1757517902638 3.952568678613404 205
1757517902647 3.9456446745944964 206
1757517902657 3.938791529885809 207
1757517902667 3.932007203751461 208
1757517902677 3.9252897295128117 209
1757517902686 3.9186372114836043 210
1757517902696 3.9120478220440544 211
1757517902709 3.905519798847262 212
1757517902719 3.899051442151412 213
1757517902729 3.892641112272013 214
1757517902739 3.886287227148194 215
1757517902748 3.879988260017833 216
1757517902758 3.8737427371961486 217
1757517902768 3.8675492359530974 218
1757517902778 3.86140638248458 219
1757517902787 3.855312849973221 220
1757517902798 3.8492673567345754 221
1757517902807 3.843268664444436 222
1757517902817 3.8373155764437836 223
1757517902827 3.8314069361174266 224
1757517902837 3.825541625343045 225
1757517902847 3.8197185630074646 226
1757517902857 3.8139367035867426 227
1757517902867 3.808195035787228 228
1757517902877 3.8024925812449095 229
1757517902887 3.796828393280168 230
1757517902896 3.791201555705378 231
1757517902906 3.7856111816830937 232
1757517902917 3.780056412632313 233
1757517902927 3.774536417180644 234
1757517902937 3.7690503901604826 235
1757517902947 3.763597551646824 236
1757517902957 3.7581771460351523 237
1757517902967 3.752788441157443 238
1757517902976 3.7474307274345913 239
1757517902986 3.742103317063472 240
1757517902996 3.7368055432373404 241
1757517903007 3.7315367593979394 242
1757517903018 3.7262963385178485 243
1757517903028 3.7210836724117367 244
1757517903039 3.7158981710753647 245
1757517903049 3.7107392620510398 246
1757517903059 3.7056063898181297 247
1757517903070 3.7004990152079826 248
1757517903080 3.695416614841807 249
1757517903090 3.6903586805906374 250
1757517903100 3.6853247190564105 251
1757517903110 3.6803142510732902 252
1757517903123 3.6753268112282687 253
1757517903134 3.6703619474003117 254
1757517903145 3.66541922031711 255
1757517903160 3.660498203128872 256
1757517903171 3.6555984809982176 257
1757517903181 3.650719650705728 258
1757517903191 3.645861320270239 259
1757517903201 3.6410231085833864 260
1757517903211 3.6362046450579 261
1757517903222 3.631405569288847 262
1757517903232 3.626625530727413 263
1757517903242 3.621864188366677 264
1757517903252 3.6171212104390067 265
1757517903263 3.612396274124282 266
1757517903273 3.6076890652688176 267
1757517903283 3.6029992781144493 268
1757517903293 3.598326615037205 269
1757517903303 3.593670786295543 270
1757517903313 3.589031509787203 271
1757517903324 3.5844085108150034 272
1757517903334 3.5798015218606896 273
1757517903344 3.575210282366734 274
1757517903354 3.57063453852573 275
1757517903365 3.5660740430771694 276
1757517903375 3.561528555111031 277
1757517903385 3.5569978398784694 278
1757517903395 3.552481668608571 279
1757517903405 3.547979818331606 280
1757517903415 3.543492071708184 281
1757517903426 3.5390182168641267 282
1757517903436 3.5345580472309304 283
1757517903446 3.5301113613915684 284
1757517903457 3.5256779629312445 285
1757517903467 3.521257660293353 286
1757517903477 3.5168502666398496 287
1757517903487 3.512455599716562 288
1757517903498 3.508073481722429 289
1757517903508 3.503703739183452 290
1757517903518 3.4993462028303473 291
1757517903529 3.4950007074803158 292
1757517903539 3.490667091922527 293
1757517903550 3.486345198807261 294
1757517903560 3.4820348745384804 295
1757517903570 3.477735969169965 296
1757517903581 3.473448336304511 297
1757517903591 3.469171832996399 298
1757517903601 3.4649063196568393 299
1757517903612 3.4606516599623025 300
1757517903622 3.4564077207657995 301
1757517903633 3.452174372010799 302
1757517903643 3.4479514866477317 303
1757517903653 3.4437389405530987 304
1757517903664 3.4395366124510427 305
1757517903674 3.4353443838371986 306
1757517903684 3.431162138904877 307
1757517903694 3.426989764473524 308
1757517903705 3.422827149919168 309
1757517903716 3.4186741871069666 310
1757517903726 3.4145307703259142 311
1757517903737 3.4103967962251835 312
1757517903747 3.40627216375256 313
1757517903758 3.40215677409455 314
1757517903768 3.3980505306182573 315
1757517903778 3.3939533388150207 316
1757517903789 3.3898651062454577 317
1757517903800 3.385785742486421 318
1757517903810 3.3817151590791066 319
1757517903821 3.3776532694789223 320
1757517903831 3.3735999890066357 321
1757517903842 3.3695552348009388 322
1757517903852 3.3655189257723666 323
1757517903862 3.361490982558416 324
1757517903873 3.3574713274801518 325
1757517903883 3.3534598844997308 326
1757517903893 3.3494565791792703 327
1757517903904 3.3454613386408734 328
1757517903914 3.3414740915276826 329
1757517903925 3.3374947679660374 330
1757517903936 3.3335232995286255 331
1757517903946 3.329559619198768 332
1757517903957 3.3256036613355517 333
1757517903967 3.321655361639869 334
1757517903978 3.3177146571216083 335
1757517903988 3.313781486067452 336
1757517903999 3.3098557880097035 337
1757517904009 3.30593750369593 338
1757517904020 3.3020265750593945 339
1757517904031 3.2981229451902343 340
1757517904042 3.294226558307547 341
1757517904052 3.2903373597320407 342
1757517904063 3.2864552958594837 343
1757517904074 3.2825803141349508 344
1757517904085 3.2787123630275676 345
1757517904095 3.274851392006056 346
1757517904106 3.2709973515147728 347
1757517904117 3.2671501929506332 348
1757517904127 3.263309868640329 349
1757517904138 3.2594763318183446 350
1757517904149 3.2556495366054734 351
1757517904160 3.2518294379878565 352
1757517904171 3.248015991796626 353
1757517904181 3.244209154688043 354
1757517904192 3.24040888412416 355
1757517904203 3.2366151383539 356
1757517904213 3.2328278763947464 357
1757517904224 3.229047058014807 358
1757517904235 3.225272643715353 359
1757517904246 3.2215045947138177 360
1757517904256 3.2177428729272126 361
1757517904267 3.213987440955949 362
1757517904278 3.210238262068108 363
1757517904289 3.2064953001840424 364
1757517904299 3.2027585198614674 365
1757517904310 3.1990278862807697 366
1757517904321 3.1953033652308314 367
1757517904332 3.1915849230951503 368
1757517904343 3.1878725268382326 369
1757517904354 3.1841661439925 370
1757517904365 3.1804657426453304 371
1757517904375 3.176771291426537 372
1757517904386 3.1730827594961073 373
1757517904397 3.1694001165322954 374
1757517904408 3.1657233327198853 375
1757517904418 3.162052378738952 376
1757517904430 3.1583872257536383 377
1757517904441 3.154727845401444 378
1757517904452 3.151074209782623 379
1757517904463 3.147426291449921 380
1757517904474 3.1437840633984604 381
1757517904485 3.140147499056029 382
1757517904496 3.1365165722734565 383
1757517904507 3.1328912573153165 384
1757517904519 3.129271528850803 385
1757517904530 3.1256573619448265 386
1757517904541 3.1220487320493793 387
1757517904552 3.118445614994998 388
1757517904563 3.1148479869826313 389
1757517904574 3.111255824575429 390
1757517904585 3.1076691046909857 391
1757517904596 3.104087804593575 392
1757517904607 3.1005119018866942 393
1757517904617 3.0969413745057244 394
1757517904629 3.093376200710812 395
1757517904639 3.0898163590798355 396
1757517904650 3.0862618285016565 397
1757517904661 3.082712588169395 398
1757517904672 3.0791686175740134 399
1757517904684 3.0756298964979236 400
1757517904704 3.072096405008767 401
1757517904717 3.0685681234534727 402
1757517904729 3.0650450324522382 403
1757517904740 3.061527112892829 404
1757517904751 3.0580143459249 405
1757517904762 3.054506712954591 406
1757517904773 3.0510041956389946 407
1757517904784 3.0475067758810646 408
1757517904796 3.0440144358244092 409
1757517904807 3.0405271578483166 410
1757517904819 3.0370449245628155 411
1757517904830 3.033567718803973 412
1757517904842 3.0300955236291722 413
1757517904853 3.0266283223125963 414
1757517904864 3.023166098340718 415
1757517904875 3.0197088354079966 416
1757517904887 3.016256517412644 417
1757517904898 3.012809128452394 418
1757517904909 3.009366652820526 419
1757517904920 3.0059290750018435 420
1757517904931 3.002496379668835 421
1757517904942 2.9990685516778965 422
1757517904953 2.9956455760656007 423
1757517904965 2.9922274380450413 424
1757517904976 2.9888141230024474 425
1757517904987 2.985405616493547 426
1757517904998 2.9820019042403443 427
1757517905010 2.978602972127739 428
1757517905021 2.975208806200296 429
1757517905032 2.9718193926591807 430
1757517905043 2.9684347178589316 431
1757517905054 2.9650547683046304 432
1757517905066 2.961679530648826 433
1757517905077 2.9583089916886935 434
1757517905088 2.9549431383632068 435
1757517905100 2.9515819577504763 436
1757517905111 2.9482254370649357 437
1757517905122 2.9448735636547774 438
1757517905133 2.941526324999429 439
1757517905145 2.9381837087069393 440
1757517905156 2.9348457025115944 441
1757517905167 2.931512294271458 442
1757517905179 2.9281834719661264 443
1757517905190 2.924859223694324 444
1757517905201 2.9215395376716917 445
1757517905213 2.91822440222863 446
1757517905224 2.9149138058080806 447
1757517905236 2.9116077369634756 448
1757517905247 2.908306184356707 449
1757517905259 2.9050091367560387 450
1757517905270 2.9017165830341525 451
1757517905282 2.8984285121663373 452
1757517905293 2.8951449132284486 453
1757517905304 2.891865775395184 454
1757517905316 2.8885910879382597 455
1757517905327 2.8853208402245922 456
1757517905339 2.8820550217146543 457
1757517905350 2.878793621960716 458
1757517905361 2.8755366306052963 459
1757517905373 2.872284037379408 460
1757517905384 2.8690358321010985 461
1757517905398 2.8657920046738874 462
1757517905410 2.8625525450851863 463
1757517905421 2.859317443404877 464
1757517905432 2.8560866897838864 465
1757517905443 2.8528602744526883 466
1757517905455 2.8496381877199943 467
1757517905466 2.846420419971343 468
1757517905478 2.8432069616678404 469
1757517905489 2.8399978033447417 470
1757517905501 2.8367929356103394 471
1757517905512 2.833592349144573 472
1757517905523 2.830396034697888 473
1757517905535 2.827203983089999 474
1757517905546 2.824016185208796 475
1757517905558 2.820832632009106 476
1757517905569 2.8176533145116016 477
1757517905580 2.814478223801793 478
1757517905592 2.8113073510287885 479
1757517905603 2.808140687404423 480
1757517905614 2.8049782242020695 481
1757517905626 2.801819952755757 482
1757517905637 2.7986658644590703 483
1757517905649 2.795515950764328 484
1757517905660 2.7923702031814526 485
1757517905672 2.789228613277206 486
1757517905684 2.786091172674177 487
1757517905696 2.782957873050007 488
1757517905707 2.77982870613634 489
1757517905719 2.7767036637181226 490
1757517905730 2.7735827376327027 491
1757517905742 2.7704659197690513 492
1757517905754 2.767353202066937 493
1757517905765 2.764244576516067 494
1757517905777 2.761140035155479 495
1757517905788 2.758039570072602 496
1757517905800 2.7549431734026957 497
1757517905811 2.7518508373279724 498
1757517905823 2.7487625540769693 499
