1757518285782 0.7643148675980589 0
1757518285816 0.3550724821736577 1
1757518285850 0.004958372099860032 2
1757518285883 0.06333916090380916 3
1757518285917 0.8601430520827272 4
1757518285950 0.007734336187824031 5
1757518285984 0.010789094025266675 6
1757518286018 0.1593110713119664 7
1757518286051 0.0012828564977820029 8
1757518286085 0.034474553256078205 9
1757518286118 0.027034372580322905 10
1757518286151 0.00010747476292691291 11
1757518286184 0.02130543215033009 12
1757518286218 0.10064999522794461 13
1757518286252 0.018144750119783094 14
1757518286285 0.2603218516587507 15
1757518286319 0.07675401405634366 16
1757518286353 0.041907687790401486 17
1757518286386 0.012906304900831837 18
1757518286420 0.07083768008717864 19
1757518286454 0.19960909795699416 20
1757518286487 0.01004925103807173 21
1757518286520 0.09989961150985775 22
1757518286553 0.008968384583152349 23
1757518286587 0.050691186216135574 24
1757518286620 0.01696990149017413 25
1757518286653 0.07208866667553437 26
1757518286687 0.1417577110579415 27
1757518286720 0.003177738156841772 28
1757518286756 0.052279807215709136 29
1757518286789 0.31853612116139196 30
1757518286823 0.00017210807241869872 31
1757518286856 0.07187420691571444 32
1757518286890 0.1729989396308209 33
1757518286924 0.058474824915208314 34
1757518286957 0.3559325565607508 35
1757518287006 0.006282182240740359 36
1757518287040 0.016330668812879975 37
1757518287073 0.06381456481530634 38
1757518287107 0.01623818088172111 39
1757518287141 0.12885634315064443 40
1757518287175 0.0014311274759101057 41
1757518287208 0.2411251382151035 42
1757518287242 0.0047611559924741875 43
1757518287276 0.005953802407640795 44
1757518287309 0.06737657140418643 45
1757518287342 0.008470832358779986 46
1757518287376 0.0169044729645701 47
1757518287410 0.7263656053936864 48
1757518287443 0.15920588293986593 49
1757518287476 0.04077346970772351 50
1757518287510 0.44686121808065526 51
1757518287544 0.07391199881140084 52
1757518287578 0.033907568446603156 53
1757518287611 0.028544799693076574 54
1757518287645 0.4851165053033675 55
1757518287678 0.04715490299268311 56
1757518287711 0.20092855196149667 57
1757518287745 0.03713717266045072 58
1757518287778 0.0666797506290142 59
1757518287812 0.02075665482213102 60
1757518287845 0.08336363401742013 61
1757518287878 0.12479783906520969 62
1757518287912 0.013207534640724985 63
1757518287946 0.03390292839243551 64
1757518287979 0.0007162524535795184 65
1757518288013 0.02797199094515292 66
1757518288046 7.00210568339038e-05 67
1757518288080 0.05218731560270796 68
1757518288114 0.033885898968734625 69
1757518288147 0.010647885651897565 70
1757518288181 0.02006617773920834 71
1757518288215 0.03227588846164051 72
1757518288248 0.006106584219609634 73
1757518288282 0.3847570107097309 74
1757518288315 0.025976534983942465 75
1757518288352 0.012240471282604637 76
1757518288386 0.3358536317858775 77
1757518288420 0.22711037610835552 78
1757518288453 7.616633181523723e-06 79
1757518288487 0.03172171180049583 80
1757518288521 0.0026402563393967135 81
1757518288556 0.3541027726066295 82
1757518288591 0.00981319611997586 83
1757518288625 0.09488343443738731 84
1757518288658 0.004171909840844795 85
1757518288692 0.003057578523173061 86
1757518288725 0.2686827183506952 87
1757518288759 0.020244411296351145 88
1757518288793 0.054774105010335354 89
1757518288826 0.04774943194173101 90
1757518288859 0.0024279333767625476 91
1757518288893 0.01877045736092437 92
1757518288927 0.07094427240097459 93
1757518288962 0.07514595023091755 94
1757518288995 0.022422889982473406 95
1757518289030 0.002511690837047201 96
1757518289064 0.00010168654013152715 97
1757518289097 0.004145072396953143 98
1757518289131 0.002700312609641091 99
1757518289165 0.007161781784860463 100
1757518289198 0.05657596384185704 101
1757518289232 0.1946241329447163 102
1757518289266 0.09941620058642238 103
1757518289300 0.059723874210324386 104
1757518289334 5.02122775556514e-05 105
1757518289367 0.09298965437661064 106
1757518289401 0.0797118243565092 107
1757518289435 0.0013037700353707023 108
1757518289469 0.02147589348191502 109
1757518289504 0.13181450448344922 110
1757518289538 0.01940836474415987 111
1757518289572 0.020973127523061904 112
1757518289606 0.23319054131686548 113
1757518289640 0.42738643094246437 114
1757518289674 0.06304984037862611 115
1757518289708 0.1292229009420691 116
1757518289742 0.07250677672004141 117
1757518289776 0.005485852229059405 118
1757518289810 0.03610968724235282 119
1757518289843 0.13130562955105574 120
1757518289877 0.06751006574241045 121
1757518289912 0.01407222642813766 122
1757518289945 0.1504662466211703 123
1757518289979 0.0715027840508375 124
1757518290013 0.4537031749339805 125
1757518290047 0.1450290718797724 126
1757518290081 0.007639551875728099 127
1757518290114 0.05306528616379821 128
1757518290148 0.14022617215662947 129
1757518290182 0.13672524122439506 130
1757518290216 0.031316361076154674 131
1757518290250 0.2190070150989714 132
1757518290284 0.0005363222879045463 133
1757518290318 0.02803089238112053 134
1757518290353 0.08007757886446852 135
1757518290386 0.25535955913049596 136
1757518290420 0.23599866460900248 137
1757518290455 0.00036337089498347276 138
1757518290489 0.016187891801570334 139
1757518290523 0.004715249063733778 140
1757518290557 0.04681614388068651 141
1757518290591 0.06223524521542277 142
1757518290626 0.16542661098065897 143
1757518290662 0.09036093265797959 144
1757518290697 0.06942452419403715 145
1757518290732 0.01641469511745532 146
1757518290767 0.9762745517702639 147
1757518290801 0.005783132422740458 148
1757518290835 0.058917236099441384 149
1757518290869 0.0005864815984037689 150
1757518290904 0.19678488225514915 151
1757518290938 0.18717175783578244 152
1757518290972 0.004816611976177672 153
1757518291007 0.10834410642695755 154
1757518291041 0.004278173915843728 155
1757518291076 0.012059260479632206 156
1757518291111 0.07822112801447419 157
1757518291145 0.02107619028118607 158
1757518291179 0.13175175077577164 159
1757518291214 0.006052524774506933 160
1757518291248 0.021557522417852942 161
1757518291283 1.2717547924528747 162
1757518291317 0.01649514349189573 163
1757518291352 0.02820513616279267 164
1757518291386 0.03734874781659898 165
1757518291421 0.21335164403353787 166
1757518291455 0.1308682154063736 167
1757518291489 0.2952413051433043 168
1757518291525 0.004397352931788572 169
1757518291560 0.034851913705608036 170
1757518291594 0.06166486395661968 171
1757518291629 0.8477132017723131 172
1757518291663 0.07036833336075543 173
1757518291698 0.033197840172571456 174
1757518291733 0.09500020703585504 175
1757518291767 0.22277119723167416 176
1757518291801 0.2012624028113395 177
1757518291836 0.1758933814703314 178
1757518291870 0.059207598790656735 179
1757518291905 0.09311778266566013 180
1757518291940 0.18781981770154127 181
1757518291975 0.15606578148428177 182
1757518292009 0.25666462184171196 183
1757518292044 0.0473739049320612 184
1757518292079 0.023575346796445986 185
1757518292113 0.001380025886783866 186
1757518292147 0.26883108044109655 187
1757518292182 0.04820149421098531 188
1757518292217 0.44719749493726785 189
1757518292251 0.0005491434567397258 190
1757518292286 0.04982773394179157 191
1757518292321 0.030838548934592976 192
1757518292356 0.05753599542290068 193
1757518292390 0.012065126464130852 194
1757518292425 0.21987700333253482 195
1757518292460 0.05242558757537389 196
1757518292494 0.04779311139404357 197
1757518292529 0.2903754964237716 198
1757518292564 0.0008077907225520696 199
1757518292599 0.13943021767452804 200
1757518292634 0.02170733655465999 201
1757518292669 0.11292122458370396 202
1757518292703 0.21030014626860588 203
1757518292738 0.0062574446447202295 204
1757518292773 0.02882681428105332 205
1757518292811 0.1840876930490408 206
1757518292847 2.4137963508678437 207
1757518292882 0.00010233982828857518 208
1757518292917 0.00012505628852898384 209
1757518292952 0.05405637348497767 210
1757518292986 0.24833647047725757 211
1757518293020 0.004931454203676033 212
1757518293055 0.036613481683945945 213
1757518293090 0.44613138189220614 214
1757518293125 0.04316346650593196 215
1757518293160 0.0007261393163404628 216
1757518293194 0.058429143124853845 217
1757518293229 0.025106494315790085 218
1757518293265 0.0005464220657352229 219
1757518293305 0.0007190045016229225 220
1757518293340 0.00025553586982487726 221
1757518293376 0.04835927509939654 222
1757518293411 0.009895233794821302 223
1757518293446 0.004009768321500737 224
1757518293481 0.14517940453680858 225
1757518293516 0.0015752784752391263 226
1757518293552 0.1781020654614748 227
1757518293587 0.002875353837338285 228
1757518293622 0.24895813221289836 229
1757518293656 0.0537260721621999 230
1757518293691 0.005927343532098469 231
1757518293725 0.006531651643510366 232
1757518293760 0.005444526200563917 233
1757518293795 2.620445810889479e-06 234
1757518293830 0.008505518148916535 235
1757518293865 0.005410245857864481 236
1757518293900 0.044622691119560354 237
1757518293937 0.06006360758727552 238
1757518293972 8.484834037498639e-05 239
1757518294006 0.006017047845671564 240
1757518294041 0.008720520829364083 241
1757518294076 0.022651222065681775 242
1757518294111 0.020190736274435184 243
1757518294146 0.011352202531458938 244
1757518294181 0.15147838435358305 245
1757518294216 0.017849318430551566 246
1757518294251 0.030657066417355452 247
1757518294286 0.10356029500287972 248
1757518294321 0.00012561631658233725 249
1757518294355 0.00048810304467527887 250
1757518294391 0.1746622267734257 251
1757518294426 0.15885403773069512 252
1757518294461 0.3572068138515343 253
1757518294496 0.12736429891362838 254
1757518294531 0.043227063426943456 255
1757518294566 0.30618414926317095 256
1757518294601 0.0004950728157272774 257
1757518294636 0.0030726558824944994 258
1757518294671 0.028479510894819773 259
1757518294707 0.061222247533278575 260
1757518294741 0.12172866678700482 261
1757518294776 0.08610052600282579 262
1757518294820 0.0954869271447202 263
1757518294858 0.01271524573649396 264
1757518294893 0.006310593137509284 265
1757518294928 0.07027698767657549 266
1757518294965 0.027938509992766473 267
1757518295001 0.022163474584576667 268
1757518295038 0.010266666865066785 269
1757518295073 0.01723561290442601 270
1757518295108 0.03961328397568118 271
1757518295143 0.03300592570524282 272
1757518295178 0.0032762157862346766 273
1757518295213 0.011304944262935088 274
1757518295249 0.04787991919891959 275
1757518295284 0.06213640305052474 276
1757518295319 0.3688759318914602 277
1757518295354 0.1110116678363372 278
1757518295390 0.024813535706805282 279
1757518295424 0.10514250385863226 280
1757518295459 0.09499865727255521 281
1757518295495 1.2746470980962238e-05 282
1757518295529 0.16016076348910221 283
1757518295565 0.015474931460013048 284
1757518295600 0.16663218159521948 285
1757518295635 0.27705721538425265 286
1757518295670 0.16248490737500332 287
1757518295705 0.01340939258380062 288
1757518295740 0.1375183570255909 289
1757518295775 0.0010273985641056638 290
1757518295810 0.03983326812687357 291
1757518295845 0.0017830342253651451 292
1757518295880 0.24050330896227295 293
1757518295915 0.12178663727060395 294
1757518295951 0.028903596822778075 295
1757518295986 0.031669953412245044 296
1757518296021 0.008221864996558425 297
1757518296056 0.188381154736298 298
1757518296091 0.01974838740550694 299
1757518296127 0.012525134176129061 300
1757518296162 0.040162060227173495 301
1757518296197 0.0739075645773577 302
1757518296232 0.004240259182860352 303
1757518296267 0.11976330841699723 304
1757518296302 0.015463476727443633 305
1757518296337 0.0010509539495456178 306
1757518296372 0.00808598764848765 307
1757518296408 0.10833318007975015 308
1757518296443 0.1297316027292718 309
1757518296478 0.08836662774619469 310
1757518296514 0.011321853765416995 311
1757518296549 0.0002058395308166111 312
1757518296584 0.14738039109704817 313
1757518296620 0.10630480833803697 314
1757518296654 0.3729710083691208 315
1757518296690 0.056670799634097775 316
1757518296726 0.2334157537011963 317
1757518296760 0.0014322784700808884 318
1757518296796 0.26891834328104625 319
1757518296831 0.19116680710468914 320
1757518296867 0.00016827762591736906 321
1757518296902 0.013572933705118426 322
1757518296938 0.024511373261819118 323
1757518296973 0.06783772689421114 324
1757518297008 0.04805470882590727 325
1757518297047 0.267817962145776 326
1757518297083 0.14217141395361602 327
1757518297118 0.019038805571317936 328
1757518297153 0.28212463286553546 329
1757518297189 0.39858806099991934 330
1757518297225 0.0855264931030394 331
1757518297260 0.12679398002975698 332
1757518297295 0.1259644221388398 333
1757518297331 0.005390656138111996 334
1757518297367 0.029812638714025806 335
1757518297403 0.008204388295365012 336
1757518297438 0.041242494776920935 337
1757518297474 0.016167605486107597 338
1757518297509 0.020671530682963683 339
1757518297544 0.014386870364123136 340
1757518297581 0.03894668482916998 341
1757518297616 0.01908640067497001 342
1757518297651 0.1825676031991451 343
1757518297686 0.006752205557680551 344
1757518297721 0.10146296491586985 345
1757518297756 0.031370373544025484 346
1757518297791 0.04459643781567321 347
1757518297827 0.12230761912963534 348
1757518297862 0.07874248667109313 349
1757518297898 0.00032767375306214986 350
1757518297933 0.05538585443997775 351
1757518297969 0.049372527791216876 352
1757518298004 0.10818685519607665 353
1757518298040 1.426083635788652 354
1757518298075 0.02100290526110604 355
1757518298111 0.021230676900371438 356
1757518298146 0.1102260434874972 357
1757518298182 0.02126371790686865 358
1757518298217 0.0646319264261989 359
1757518298253 0.03807690121073385 360
1757518298288 0.000590550714524996 361
1757518298324 0.0007904899556334212 362
1757518298359 0.09041140525130581 363
1757518298395 0.0037508098809521675 364
1757518298431 0.08408757221503775 365
1757518298466 0.005102045474554631 366
1757518298501 0.15909586771652903 367
1757518298537 0.016663170399164838 368
1757518298573 0.13252652337227308 369
1757518298608 0.046246658474554336 370
1757518298644 0.0012212106791901457 371
1757518298679 0.103424341739048 372
1757518298714 0.0011970238973688146 373
1757518298750 0.17400977269005755 374
1757518298786 0.23190973660202957 375
1757518298821 0.026762540016683926 376
1757518298860 0.010750821490613913 377
1757518298896 0.010597084351526582 378
1757518298932 0.007801086500809726 379
1757518298968 0.009196509039722746 380
1757518299004 0.07717703005267028 381
1757518299040 0.028217201032308615 382
1757518299075 1.6923593399375705e-05 383
1757518299112 0.011271239263763897 384
1757518299148 0.27975518351257295 385
1757518299184 0.013541880821879742 386
1757518299219 1.6414261993185568 387
1757518299255 0.13129200918737385 388
1757518299291 0.02426276726864667 389
1757518299327 0.003560240643559684 390
1757518299364 0.3360384164039449 391
1757518299401 0.0591376220225726 392
1757518299437 0.0002278463607887591 393
1757518299473 0.011102781254424493 394
1757518299508 0.802543983500438 395
1757518299544 0.11838757309746016 396
1757518299581 0.09550040473993904 397
1757518299617 0.07427282779129711 398
1757518299653 0.0026218168027316332 399
1757518299689 0.14895842116684174 400
1757518299726 0.374425021771112 401
1757518299761 0.09125213004223513 402
1757518299797 0.0007728228692281831 403
1757518299833 0.2749076355518259 404
1757518299870 0.01729867673980844 405
1757518299906 0.020564617486196087 406
1757518299942 0.12249934956767815 407
1757518299978 0.02300323764089536 408
1757518300014 0.15568315895287815 409
1757518300050 0.0011345957626064846 410
1757518300086 0.09444121720944376 411
1757518300122 0.035851083892731866 412
1757518300158 0.0314346152350434 413
1757518300193 0.13004564088582282 414
1757518300229 0.2597398987300661 415
1757518300265 0.008848381272417185 416
1757518300301 0.0022558611058901396 417
1757518300336 0.015716202634570273 418
1757518300372 0.1991442371596456 419
1757518300409 0.06894399148944924 420
1757518300445 0.006523818289928059 421
1757518300481 0.11348746580013507 422
1757518300517 0.09120898012091459 423
1757518300554 0.10336945711761182 424
1757518300590 0.296975491363501 425
1757518300625 0.003172355368727327 426
1757518300662 0.25333242974498066 427
1757518300698 0.10379524370368194 428
1757518300734 0.0012563989816297427 429
1757518300770 0.075327461231466 430
1757518300806 0.007506966066247415 431
1757518300842 0.0033368680542235226 432
1757518300878 0.37508354760862844 433
1757518300914 0.04044058230080806 434
1757518300950 0.08436367652994066 435
1757518300986 0.010753354186880507 436
1757518301022 0.03834135125754667 437
1757518301058 0.0012613699010651618 438
1757518301094 0.1466592657882004 439
1757518301130 0.0004909606260356695 440
1757518301167 0.014641036812996222 441
1757518301203 0.005238872772199972 442
1757518301239 0.0057164868544962505 443
1757518301275 0.015816677501199385 444
1757518301311 0.011094489852129822 445
1757518301347 0.09561914805037748 446
1757518301383 0.07363580234302008 447
1757518301419 0.07813836694904415 448
1757518301455 0.016582649436659262 449
1757518301491 0.007872168308551869 450
1757518301527 0.010215940364932442 451
1757518301565 0.07785175401631539 452
1757518301602 0.032151778334700225 453
1757518301638 0.018946123432502755 454
1757518301675 0.1331833406847895 455
1757518301711 0.008421389025266792 456
1757518301747 0.0018138457611384356 457
1757518301783 0.0002591151848610096 458
1757518301820 0.057170022087442235 459
1757518301856 0.02410359874200421 460
1757518301892 0.03684299515181963 461
1757518301928 0.04295171634633537 462
1757518301965 0.163915262984156 463
1757518302001 0.005211628546487885 464
1757518302038 0.0009797113353825285 465
1757518302074 0.35717582977038836 466
1757518302110 0.06689113879960504 467
1757518302147 0.1346256415009461 468
1757518302183 6.615727884036735e-05 469
1757518302219 0.08624348145443728 470
1757518302255 0.7170931457403183 471
1757518302292 0.12298845856711903 472
1757518302328 0.00452412309415099 473
1757518302364 7.29501241435749e-06 474
1757518302400 0.0735204092765507 475
1757518302436 0.00011720985421219522 476
1757518302473 0.4096285677687032 477
1757518302509 0.05196036128396548 478
1757518302545 0.13174412423461662 479
1757518302582 0.046187151515725625 480
1757518302618 0.06333877097500529 481
1757518302654 0.7669592235243576 482
1757518302690 0.23500339208666252 483
1757518302726 0.003164622242616808 484
1757518302763 0.21728525182946268 485
1757518302799 0.1266181384648848 486
1757518302835 0.004420595625921735 487
1757518302871 0.1677227798124563 488
1757518302908 0.013582920196436596 489
1757518302944 0.003810887449688065 490
1757518302981 0.01746837253332802 491
1757518303017 0.06646719102915206 492
1757518303054 0.004185922557000053 493
1757518303090 0.09041245832457852 494
1757518303126 0.08776132467893041 495
1757518303163 0.3225804980691215 496
1757518303199 0.46543003854766307 497
1757518303235 0.32106425276206346 498
1757518303273 0.010720267540163465 499
