1757518363828 27.606473682437052 0
1757518363861 2.0509466934054834 1
1757518363894 0.5141476046403269 2
1757518363928 0.03394493616840672 3
1757518363961 16.034583745673057 4
1757518363995 30.628426437868374 5
1757518364028 0.6430330978100645 6
1757518364062 5.453168824871578 7
1757518364096 0.882020416749842 8
1757518364130 3.066915090481597 9
1757518364164 13.006831679740312 10
1757518364198 0.4498754283756693 11
1757518364231 18.31920909866973 12
1757518364266 0.016485886404121516 13
1757518364300 0.026775002739103694 14
1757518364334 0.053163797237705965 15
1757518364367 0.048112020279754655 16
1757518364401 0.7298676119166717 17
1757518364434 0.13739605885803058 18
1757518364468 0.5066373329428381 19
1757518364502 0.17057421989990273 20
1757518364535 0.19390884399754107 21
1757518364569 1.7786021300439445 22
1757518364602 0.30162484607744283 23
1757518364635 0.05458223667676924 24
1757518364669 0.36540401635274533 25
1757518364702 4.193936355368386 26
1757518364735 0.010963656513315918 27
1757518364769 1.2331525146045674 28
1757518364802 0.19910314455350567 29
1757518364836 0.0877771790323001 30
1757518364880 0.00213611257584292 31
1757518364914 0.5360951522881034 32
1757518364948 0.3937857442386654 33
1757518364981 0.046705633936178104 34
1757518365015 0.6215199222724527 35
1757518365050 0.028772444666604887 36
1757518365094 0.0038725024382209347 37
1757518365128 0.804055241125937 38
1757518365162 0.06663642103311813 39
1757518365195 0.012513435634883382 40
1757518365229 7.405828077670756 41
1757518365263 0.3295375412596355 42
1757518365297 5.257183831403074 43
1757518365330 0.0018014535213474792 44
1757518365364 0.004730391649669755 45
1757518365399 3.7322134473044173 46
1757518365435 0.06777467811197452 47
1757518365470 0.06150302659726651 48
1757518365504 0.0008698169838323684 49
1757518365538 0.028093345353280827 50
1757518365571 0.005380882510477872 51
1757518365606 0.0013679583515995653 52
1757518365639 0.3440211424458041 53
1757518365673 1.1136548765144556 54
1757518365707 0.19425110884032828 55
1757518365741 0.04812218352121794 56
1757518365775 0.10903155288327185 57
1757518365809 0.057172143287627035 58
1757518365843 0.025595785022324753 59
1757518365876 0.2079893934409985 60
1757518365910 1.459796611655644 61
1757518365944 1.357357060736114 62
1757518365977 0.0006111257159265237 63
1757518366012 0.05330873703902962 64
1757518366045 0.037312953028472845 65
1757518366079 0.05004078084704857 66
1757518366114 0.000643460488328852 67
1757518366148 0.6123851563369614 68
1757518366182 0.00022140621092372 69
1757518366217 0.052991119830631615 70
1757518366251 0.6126836769641393 71
1757518366285 0.11795256548446731 72
1757518366318 0.124773422885617 73
1757518366352 0.01807153518930798 74
1757518366386 0.00014167750512247826 75
1757518366420 1.5755290540277602 76
1757518366455 0.0020667045344376577 77
1757518366490 0.324589730534746 78
1757518366524 0.11188027836794089 79
1757518366559 0.031115301041964843 80
1757518366593 0.004914744174730717 81
1757518366626 0.004427282432024633 82
1757518366660 0.001929317430992793 83
1757518366695 0.00353367457174973 84
1757518366729 0.6452463540394533 85
1757518366763 0.007265794077140727 86
1757518366797 0.21621672961780627 87
1757518366831 0.15402915537691184 88
1757518366865 0.029536397351090305 89
1757518366899 0.011945229769270801 90
1757518366934 0.020827524681919795 91
1757518366968 0.00024264434392002603 92
1757518367001 0.018059404208866467 93
1757518367035 0.21132263884415142 94
1757518367069 0.05105955270882934 95
1757518367103 0.16118963395247815 96
1757518367137 0.19445807442660284 97
1757518367170 0.22236449767505664 98
1757518367204 0.021499849263425484 99
1757518367238 0.008008716721352496 100
1757518367272 0.3371695828730519 101
1757518367306 3.142478537112115 102
1757518367340 0.3386963142584165 103
1757518367374 0.006449347954605593 104
1757518367408 0.03227576497132241 105
1757518367442 0.0004992406842358213 106
1757518367476 0.16572572539219993 107
1757518367509 0.11241390086958129 108
1757518367544 0.6347027069603892 109
1757518367577 0.4373532261814038 110
1757518367611 0.000648947173654096 111
1757518367645 0.012951047825284435 112
1757518367680 0.02886682286622328 113
1757518367714 0.0022055490957981253 114
1757518367748 0.002387995299252078 115
1757518367782 0.0005556782998690219 116
1757518367821 0.01962338130141487 117
1757518367856 0.28349265175492006 118
1757518367890 0.0030902462246504246 119
1757518367924 0.07839197905811722 120
1757518367958 0.07996158300542401 121
1757518367993 0.20591099410522196 122
1757518368027 0.1885670970771922 123
1757518368061 0.011464967105601227 124
1757518368095 0.00010138832263549282 125
1757518368130 0.009837157833071727 126
1757518368165 0.04790945725195129 127
1757518368199 0.18907688160848146 128
1757518368234 0.07209055363566694 129
1757518368268 0.00864900098137899 130
1757518368302 0.0075530872272913056 131
1757518368337 0.0033586171089282977 132
1757518368371 0.031090167631117046 133
1757518368406 0.03961475745717085 134
1757518368440 0.16450608875922398 135
1757518368474 0.0103347142275715 136
1757518368509 0.004453099963052621 137
1757518368544 0.3793622703720205 138
1757518368580 0.057736430184476 139
1757518368616 0.019188759409661294 140
1757518368651 0.0043408738761034765 141
1757518368686 0.07069312184790164 142
1757518368721 0.029459312981873785 143
1757518368755 0.13376442316671705 144
1757518368789 0.07980237562883205 145
1757518368824 0.016640242678773096 146
1757518368859 0.0038938275699785334 147
1757518368893 0.03635940450123157 148
1757518368928 0.02176409198737144 149
1757518368962 0.13528063183591466 150
1757518368997 0.0002628328400424954 151
1757518369031 0.03674469569476691 152
1757518369066 0.06046563478548202 153
1757518369101 0.8224649307321846 154
1757518369136 0.032311906838657506 155
1757518369171 0.09488738381874973 156
1757518369209 0.0017540308086897688 157
1757518369244 0.04057203102741296 158
1757518369278 0.0015631855027605467 159
1757518369312 0.007437537143420373 160
1757518369346 0.32142310629923826 161
1757518369381 0.0951378347031068 162
1757518369415 0.26922717760227033 163
1757518369450 0.010684590560395002 164
1757518369484 0.009596278334508825 165
1757518369519 0.039750115354689274 166
1757518369553 2.789977797247185e-06 167
1757518369587 0.012865164805819852 168
1757518369622 0.012217064309947486 169
1757518369656 0.01118893813669081 170
1757518369690 0.22268966218296316 171
1757518369725 0.05594618729751048 172
1757518369759 0.041939996298024994 173
1757518369793 0.0016446056533728896 174
1757518369827 8.569311139883366e-06 175
1757518369861 0.00931283219794723 176
1757518369895 0.002228328714725933 177
1757518369929 0.0221430778796705 178
1757518369964 0.03823311950596538 179
1757518369998 0.00035414031608768594 180
1757518370033 0.17717836785922708 181
1757518370067 0.06395663997062284 182
1757518370101 0.07522176315425678 183
1757518370136 0.00403497032350744 184
1757518370171 0.004329058780190227 185
1757518370205 0.0001598789718413576 186
1757518370239 0.22049979850364715 187
1757518370274 0.15292680480569462 188
1757518370308 0.009170933830519683 189
1757518370343 0.01313047781105111 190
1757518370377 0.0072429122335042635 191
1757518370412 0.09967440315410403 192
1757518370447 0.0027121132005279653 193
1757518370481 0.03089324202563002 194
1757518370516 0.0019341636153334296 195
1757518370550 0.037360608525405674 196
1757518370585 0.0034479339942371534 197
1757518370619 0.9227551663577094 198
1757518370654 0.042731068440459645 199
1757518370688 0.01818684070792016 200
1757518370723 0.3089845432087659 201
1757518370757 0.056239332129459293 202
1757518370792 0.010436104523755691 203
1757518370828 0.06435138390694647 204
1757518370863 0.21228618576625735 205
1757518370898 0.00023098066274141967 206
1757518370933 0.029562909652353742 207
1757518370968 0.10035746703768517 208
1757518371003 0.03333317415746421 209
1757518371037 0.26504092535582224 210
1757518371071 0.02936025591261947 211
1757518371106 0.06701650338047996 212
1757518371141 0.03173985803921262 213
1757518371176 0.11761142039725174 214
1757518371210 0.24305619682496438 215
1757518371245 0.23899382307385314 216
1757518371280 0.009064276991723066 217
1757518371314 0.07256272537196219 218
1757518371349 0.0008550590517623054 219
1757518371384 0.036355988470053564 220
1757518371419 0.17064481186325547 221
1757518371454 0.1315237786370477 222
1757518371489 0.5104578010044633 223
1757518371523 0.01616353013330774 224
1757518371558 0.02144431901942432 225
1757518371593 0.21709301507825465 226
1757518371627 0.06370958679127232 227
1757518371662 0.11928027036011435 228
1757518371697 0.20221272948052327 229
1757518371731 0.0481717803534641 230
1757518371766 0.09678744480481549 231
1757518371801 6.0462960005474975e-05 232
1757518371836 0.005440815325249306 233
1757518371873 0.08443490991068142 234
1757518371909 0.0001233114345835385 235
1757518371945 0.0032132939029999833 236
1757518371980 0.6659282129652266 237
1757518372015 0.10725046953552912 238
1757518372050 0.08957333031898518 239
1757518372085 0.17024106955235416 240
1757518372120 0.0012840592705530792 241
1757518372155 0.07024754212507293 242
1757518372190 0.009415911510365176 243
1757518372226 0.7260881118958895 244
1757518372261 0.15251702359707006 245
1757518372296 0.0016843182204799823 246
1757518372331 0.0017573203625005794 247
1757518372366 0.07204497407195073 248
1757518372401 0.016362039024241198 249
1757518372436 0.001074393163845078 250
1757518372472 0.10595202531752392 251
1757518372507 0.22751374111372838 252
1757518372542 0.01979713081041459 253
1757518372577 0.017839948363318828 254
1757518372613 5.092510322161941e-05 255
1757518372648 0.022560076243949612 256
1757518372683 0.017022868256833013 257
1757518372718 0.0037639089470014792 258
1757518372753 0.02793443993508241 259
1757518372788 0.016888385947463058 260
1757518372824 0.28696048498282584 261
1757518372859 0.08282555476540054 262
1757518372894 0.10878421698826277 263
1757518372929 0.041365835662602664 264
1757518372964 0.10590269559783956 265
1757518373000 0.11632175972202621 266
1757518373037 0.0005492060249811197 267
1757518373074 0.023827395040173 268
1757518373109 0.02728959783788456 269
1757518373144 0.32623951506092536 270
1757518373179 0.7717730956516295 271
1757518373215 0.0020535294891220342 272
1757518373249 0.3013556464214294 273
1757518373286 0.10260115316215501 274
1757518373326 0.0448287342217517 275
1757518373362 0.04371786842198484 276
