1757594677543 123.89877645836904 0
1757594677552 87.00468091533047 1
1757594677562 69.27438581803582 2
1757594677572 46.55355063680833 3
1757594677583 36.43276646041703 4
1757594677593 23.266971259191205 5
1757594677604 23.34228373838676 6
1757594677614 15.121075230916624 7
1757594677624 14.302332237573467 8
1757594677635 12.833297634308066 9
1757594677645 10.264951392148005 10
1757594677656 2.933934642230355 11
1757594677666 6.301963269359003 12
1757594677677 6.731430128216557 13
1757594677686 1.0304162178634482 14
1757594677696 8.906461636082907 15
1757594677706 3.752834933335843 16
1757594677716 6.913572885412597 17
1757594677725 3.7847927445128047 18
1757594677735 1.5028094629094457 19
1757594677745 5.754163102466505 20
1757594677755 5.164095681480336 21
1757594677764 3.5291991145625916 22
1757594677773 4.221776973843847 23
1757594677783 2.751626761587423 24
1757594677792 5.6373627091466725 25
1757594677802 2.534641871804674 26
1757594677811 2.6356103505204906 27
1757594677821 2.3284994653479156 28
1757594677830 5.320792821780107 29
1757594677840 1.997179020227244 30
1757594677850 3.9239509618840858 31
1757594677859 4.079342709123683 32
1757594677869 2.5653385492229264 33
1757594677880 1.8815033051071224 34
1757594677890 2.30960199802266 35
1757594677900 4.4883669449123635 36
1757594677910 2.0818939444823172 37
1757594677919 3.2235015148238624 38
1757594677929 5.706321832562034 39
1757594677939 2.4694440225827488 40
1757594677949 2.0213719487148034 41
1757594677959 1.5298996827534732 42
1757594677970 1.3050598788823862 43
1757594677981 1.9601853822328312 44
1757594677991 4.256401810377894 45
1757594678002 3.7404877835787946 46
1757594678013 2.997950046879503 47
1757594678023 3.985958493688046 48
1757594678034 2.9267257884502094 49
1757594678046 2.3771055223678763 50
1757594678057 4.060319057893098 51
1757594678068 4.105835750361094 52
1757594678079 5.210626640107457 53
1757594678090 1.8234897485383053 54
1757594678102 3.331114678571557 55
1757594678113 2.8129299926846523 56
1757594678124 2.8749463556740826 57
1757594678135 1.8529364669013981 58
1757594678146 3.159678352940087 59
1757594678157 3.6214776693484425 60
1757594678168 2.590102609437516 61
1757594678179 1.4464536733957143 62
1757594678190 1.0312411902642176 63
1757594678200 1.0160848332900998 64
1757594678210 1.8884395326295333 65
1757594678220 2.901062795551466 66
1757594678230 2.426239776422871 67
1757594678240 1.8940852927104572 68
1757594678250 2.086224052760516 69
1757594678259 2.662229626950237 70
1757594678269 2.001141785177323 71
1757594678279 2.481766441100234 72
1757594678288 2.217611485500229 73
1757594678298 2.4415135953950293 74
1757594678308 1.2306539761928266 75
1757594678318 2.838131448907886 76
1757594678328 2.6955441446105612 77
1757594678338 2.450723876468078 78
1757594678348 1.530771332624804 79
1757594678357 2.4775460141196275 80
1757594678367 4.560031124267756 81
1757594678377 1.4650607800965352 82
1757594678387 1.8393957921254707 83
1757594678397 2.173334431412389 84
1757594678407 3.327395363251655 85
1757594678417 2.182244387254743 86
1757594678427 3.133418364878311 87
1757594678437 2.4144862754198764 88
1757594678447 1.9889257623582284 89
1757594678457 0.9257935841575073 90
1757594678467 1.5735574148287481 91
1757594678477 1.4855691862023475 92
1757594678487 1.752359040524791 93
1757594678497 2.367613954717536 94
1757594678507 2.3116607201830868 95
1757594678518 1.3831842188207222 96
1757594678528 2.1550104294638857 97
1757594678538 1.37016817072525 98
1757594678548 0.9985323512512191 99
1757594678558 2.553682477946024 100
1757594678568 2.4021356825607176 101
1757594678579 1.9096949808361596 102
1757594678588 1.1066226742697212 103
1757594678598 2.4921789505132503 104
1757594678608 1.7480813557440698 105
1757594678618 1.8402734148990203 106
1757594678629 3.920496304464036 107
1757594678639 1.6338205595692272 108
1757594678649 0.7380175107451968 109
1757594678659 1.9332561144829823 110
1757594678669 2.582065179417241 111
1757594678679 1.7022156331142186 112
1757594678689 1.1561232713698693 113
1757594678699 1.0491159101916963 114
1757594678709 1.680551168161879 115
1757594678719 1.4110195602116247 116
1757594678729 1.4870549949744611 117
1757594678740 2.166724118072315 118
1757594678750 2.913125350283134 119
1757594678761 1.0144918819355309 120
1757594678773 1.4543732674702936 121
1757594678783 1.3653933039208785 122
1757594678801 1.3567260178381688 123
1757594678830 1.6117728250568963 124
1757594678842 1.7740392211207638 125
1757594678853 1.4503640260355057 126
1757594678864 1.0791337879543823 127
1757594678876 0.9995113301292666 128
1757594678888 1.7316064525526937 129
1757594678900 2.312536911726733 130
1757594678911 0.8124555851343088 131
1757594678922 0.8391092792102517 132
1757594678933 1.935894199141702 133
1757594678943 0.7005256122688408 134
1757594678953 0.679357196127793 135
1757594678964 1.0373600330312527 136
1757594678974 1.094857052737081 137
1757594678985 0.8668937947303286 138
1757594678995 1.651726293988129 139
1757594679005 1.2694021071509862 140
1757594679015 0.8244416860742093 141
1757594679025 0.3428848851829351 142
1757594679036 2.106413937091831 143
1757594679046 1.023933022066716 144
1757594679056 1.368517774166177 145
1757594679067 1.0209580143106576 146
1757594679077 0.533784799467657 147
1757594679087 0.8938693905874637 148
1757594679098 1.125723451218167 149
1757594679109 1.2390405576951369 150
1757594679122 1.1021431614006125 151
1757594679133 1.037318214908387 152
1757594679146 0.6331911134367176 153
1757594679158 0.606455709342224 154
1757594679171 0.4547120628317179 155
1757594679184 0.8485291573222187 156
1757594679196 1.2984192452021452 157
1757594679209 0.8118802567732838 158
1757594679222 0.8418171253617054 159
1757594679234 0.9441174611805474 160
1757594679247 0.5876671881489167 161
1757594679259 1.0265100882596423 162
1757594679271 1.2493309558080827 163
1757594679284 0.8318489643893325 164
1757594679297 1.1523957863466863 165
1757594679311 0.967491099293682 166
1757594679323 0.8897623551441466 167
1757594679335 1.3299193794800341 168
1757594679348 0.9146342042766812 169
1757594679360 1.6176488221466474 170
1757594679373 0.5136000988652284 171
1757594679385 1.0847628471887056 172
1757594679398 0.7776745066969324 173
1757594679411 0.8075329205808136 174
1757594679424 0.9595010850198752 175
1757594679436 0.6585468278786666 176
1757594679448 1.5710195333518187 177
1757594679461 1.468943346768684 178
1757594679474 1.277828962930606 179
1757594679488 0.9851622568341898 180
1757594679501 0.7016298629214942 181
1757594679513 1.0360946056332536 182
1757594679524 1.2453170818331762 183
1757594679536 0.7384823845458949 184
1757594679546 0.918599404660216 185
1757594679557 0.5546464639929587 186
1757594679569 0.9438522766452282 187
1757594679581 0.9804950985665125 188
1757594679594 0.3794991301563305 189
1757594679606 1.0568041596350757 190
1757594679619 0.4610061410935327 191
1757594679632 0.2659122225484704 192
1757594679645 0.4561972396929634 193
1757594679658 0.7609230578406803 194
1757594679671 0.44349569604429695 195
1757594679684 0.6548888355410522 196
1757594679696 0.7948046512578558 197
1757594679709 0.6042474555443559 198
1757594679722 1.0087540612963395 199
1757594679735 0.5652902032681023 200
1757594679748 1.1514670781069865 201
1757594679762 0.8369723059448938 202
1757594679775 0.336215575461454 203
1757594679786 1.077067632319374 204
1757594679797 0.6365872983955965 205
1757594679808 0.719307522078703 206
1757594679818 1.126179168894416 207
1757594679829 1.0882562517326688 208
1757594679840 1.0499416107448194 209
1757594679852 0.6239075368775461 210
1757594679864 0.5952841724606376 211
1757594679876 0.6187340547206388 212
1757594679889 0.8039118892011997 213
1757594679904 0.4338336022548918 214
1757594679927 0.6211335605578356 215
1757594679955 0.60070591868646 216
1757594679969 0.7916821029755076 217
1757594679982 0.4673155809873275 218
1757594679995 0.5044691288317181 219
1757594680008 0.35169444204159206 220
1757594680022 0.8208819915334593 221
1757594680035 0.9920549454121181 222
1757594680047 0.3322129946315242 223
1757594680060 0.20598361497095558 224
1757594680073 0.46605753045478665 225
1757594680090 0.48539873067644634 226
1757594680104 0.3663691060913185 227
1757594680117 0.5278904913806289 228
1757594680130 0.38577518890874235 229
1757594680144 0.39883950467039175 230
1757594680157 0.692281997923562 231
1757594680171 0.5526259225950082 232
1757594680183 0.8427730328014805 233
1757594680196 0.6163977639880365 234
1757594680208 0.7325560393382469 235
1757594680221 0.4201021051167518 236
1757594680234 0.4386731967499583 237
1757594680247 0.5899012951073127 238
1757594680258 0.35275386751436355 239
1757594680270 1.3079358917146922 240
1757594680281 0.41438959459099195 241
1757594680293 0.6984205882779855 242
1757594680304 0.46782750449884464 243
1757594680315 0.34050001536145913 244
1757594680327 0.6622247511197996 245
1757594680339 0.4614044453490542 246
1757594680351 0.46506727204135473 247
1757594680363 0.32689759483914976 248
1757594680375 0.6749595625848189 249
1757594680387 0.5634892904936636 250
1757594680399 0.34784978022416124 251
1757594680412 0.4059308168868146 252
1757594680425 0.5712848373773329 253
1757594680440 0.8455926447117903 254
1757594680458 0.32607325264893816 255
1757594680472 0.8210869051150536 256
1757594680487 0.3905359507873442 257
1757594680499 0.8650117700061125 258
1757594680513 0.3794532746617211 259
1757594680527 0.4051179547506492 260
1757594680540 0.2718443225310648 261
1757594680555 0.36673860225102217 262
1757594680570 0.6206690413281686 263
1757594680583 0.5263078508013807 264
1757594680597 0.2597548392321266 265
1757594680612 0.31935504220369876 266
1757594680626 0.4994793807921439 267
1757594680640 0.35900474187260834 268
1757594680654 0.368967073051019 269
1757594680668 0.9279817064180714 270
1757594680680 0.6246586836173761 271
1757594680691 0.3781246217385886 272
1757594680703 0.3099722774863533 273
1757594680714 0.5966082003555305 274
1757594680726 0.3985674316515636 275
1757594680738 0.35901521511244594 276
1757594680750 0.2707981352917788 277
1757594680763 0.3707899960500231 278
1757594680776 0.47712686209800165 279
1757594680789 0.2303852987059061 280
1757594680802 0.41998174978339337 281
1757594680815 0.4726445847175629 282
1757594680829 1.6647462665907455 283
1757594680841 0.4720354317972106 284
1757594680856 0.42673701585435153 285
1757594680869 0.6661635433397651 286
1757594680882 0.49973460745034576 287
1757594680895 0.1758288404942632 288
1757594680909 0.10543241661318216 289
1757594680921 0.44048267917280354 290
1757594680933 0.4409896398395849 291
1757594680945 0.4553825132924746 292
1757594680956 0.5173030962576836 293
1757594680968 0.27061352955751766 294
1757594680979 0.367229542312098 295
1757594680990 0.4957637192349209 296
1757594681002 0.3822606678502571 297
1757594681013 0.3439840291341716 298
1757594681025 0.3519541088591265 299
1757594681036 0.42514745237036744 300
1757594681047 0.15035966161366354 301
1757594681059 0.32579974402611633 302
1757594681070 0.4830512935134251 303
1757594681081 0.1801107215385778 304
1757594681093 0.277033423271885 305
1757594681104 0.18537456179506143 306
1757594681115 0.3274324620382575 307
1757594681127 0.2665430662585747 308
1757594681138 0.16633268521918176 309
1757594681150 0.3015342429811071 310
1757594681163 0.5025521901074298 311
1757594681175 0.416059433045251 312
1757594681189 0.18984076105920797 313
1757594681202 0.5554482491545255 314
1757594681215 0.44906998516136826 315
1757594681229 0.4133372374553395 316
1757594681242 0.3075584893121844 317
1757594681256 0.24704137459726014 318
1757594681271 0.183690978613189 319
1757594681285 0.26119942486193704 320
1757594681298 0.6034640504134434 321
1757594681311 0.16293756020416303 322
1757594681326 0.18259484586287525 323
1757594681339 0.22972943832756468 324
1757594681353 0.3255685823585583 325
1757594681365 0.1456797340462419 326
1757594681379 0.2888018661621815 327
1757594681393 0.2230165983991678 328
1757594681406 0.27686737762147695 329
1757594681421 0.3727915013250707 330
1757594681435 0.3082245525224256 331
1757594681448 0.30076824056701884 332
1757594681462 0.3161019828096468 333
1757594681475 0.2889519030639075 334
1757594681488 0.21643426110267644 335
1757594681501 0.14601392523711762 336
1757594681514 0.2795802585162028 337
1757594681528 0.30485958880352004 338
1757594681541 0.15688471658005745 339
1757594681555 0.5337831037777582 340
1757594681568 0.08837000776678756 341
1757594681581 0.3406953921114506 342
1757594681595 0.3060300460159338 343
1757594681608 0.16896169537990993 344
1757594681621 0.29649704710879293 345
1757594681634 0.514939863759213 346
1757594681647 0.27199183850242453 347
1757594681661 0.428773647730924 348
1757594681674 1.250984608812327 349
1757594681687 0.21155122134653573 350
1757594681700 0.29263766110121664 351
1757594681713 0.21582710789715948 352
1757594681727 0.06572199453220104 353
1757594681740 0.36846702474115284 354
1757594681753 0.22258500889033225 355
1757594681766 0.15282196626470615 356
1757594681779 0.18031702245132009 357
1757594681793 0.42421494772364676 358
1757594681806 0.29809252837495215 359
1757594681819 0.4436933514463431 360
1757594681832 0.11747471124645202 361
1757594681846 0.20149779145735336 362
1757594681859 0.5208768144563585 363
1757594681873 0.16401568901060457 364
1757594681886 0.25695932047014125 365
1757594681899 0.1478381954161484 366
1757594681912 0.2769115223938509 367
1757594681924 0.31470225687251757 368
1757594681937 0.4175835069429154 369
1757594681949 0.26712329062088536 370
1757594681962 0.3968304098588722 371
1757594681975 0.16831026073226407 372
1757594681988 0.2979006786513302 373
1757594682000 0.16638991807877235 374
1757594682012 0.12513184771138003 375
1757594682025 0.26419090467805445 376
1757594682037 0.27489498161005305 377
1757594682050 0.2620338892318738 378
1757594682062 0.2895202471379625 379
1757594682075 0.21291515466261607 380
1757594682087 0.22739053140557783 381
1757594682099 0.24559265909134886 382
1757594682112 0.28718712912957656 383
1757594682124 0.40138073190340534 384
1757594682136 0.2013160953648933 385
1757594682148 0.18570587220851367 386
1757594682160 0.29855385160800835 387
1757594682172 0.1102870820422934 388
1757594682184 0.14638760601940928 389
1757594682196 0.26872466734184547 390
1757594682208 0.09996218336114711 391
1757594682222 0.2222724926011805 392
1757594682235 0.23698109791075142 393
1757594682249 0.2000347197712227 394
1757594682262 0.4364956190846488 395
1757594682276 0.19677845914783385 396
1757594682290 0.1189134919460625 397
1757594682304 0.14460864824225628 398
1757594682318 0.09386196125983741 399
1757594682332 0.20830122111398347 400
1757594682346 0.3039085358030049 401
1757594682359 0.2987464129348736 402
1757594682371 0.33009767730694456 403
1757594682383 0.1916290364477078 404
1757594682397 0.26992862043381716 405
1757594682410 0.11704362356386601 406
1757594682424 0.1620612288326549 407
1757594682438 0.13999061082719397 408
1757594682452 0.2674213407668306 409
1757594682465 0.20861272415410625 410
1757594682479 0.25032559971223006 411
1757594682493 0.2584414559506497 412
1757594682507 0.16387875048127865 413
1757594682522 0.16347779390175893 414
1757594682536 0.1045790043715895 415
1757594682551 0.2732400318643469 416
1757594682565 0.1352660762065116 417
1757594682581 0.13156527915350097 418
1757594682596 0.2462301793920401 419
1757594682613 0.21741703157228512 420
1757594682629 0.12359789651507351 421
1757594682644 0.2172918863137207 422
1757594682678 0.17011801304791496 423
1757594682709 0.09077648638178201 424
1757594682727 0.29280009746437935 425
1757594682746 0.18778027834137875 426
1757594682762 0.29845509495337624 427
1757594682778 0.21405636047689106 428
1757594682794 0.18159337180514115 429
1757594682810 0.17975773454573418 430
1757594682825 0.18495648177187973 431
1757594682843 0.1662156426012141 432
1757594682856 0.10591714663377919 433
1757594682869 0.1909242474563847 434
1757594682881 0.2264656188388657 435
1757594682893 0.18604132800918977 436
1757594682905 0.23967553608845127 437
1757594682917 0.16456092356696436 438
1757594682930 0.187478494047773 439
1757594682942 0.13528479870307458 440
1757594682954 0.197378199015516 441
1757594682967 0.1762992760193322 442
1757594682980 0.28640282122248084 443
1757594682993 0.13394431860277342 444
1757594683006 0.13791612484693494 445
1757594683019 0.09944688573296387 446
1757594683033 0.2858949919264262 447
1757594683047 0.20403198526783425 448
1757594683061 0.9305068050857672 449
1757594683075 0.9581823611608472 450
1757594683089 0.13099877415819078 451
1757594683105 0.0639909650470239 452
1757594683119 0.13017705001450802 453
1757594683132 0.2816373765036987 454
1757594683146 0.19063806384680676 455
1757594683160 0.09252246246833717 456
1757594683173 0.1660916898286119 457
1757594683188 0.22264237639885676 458
1757594683201 0.12252375484267704 459
1757594683215 0.20042254337153376 460
1757594683229 0.14084258218156004 461
1757594683244 0.1140077547339751 462
1757594683259 0.20573434541069607 463
1757594683273 0.17007217825134371 464
1757594683286 0.16096800226287825 465
1757594683299 0.13252878269087529 466
1757594683311 0.1920925802380817 467
1757594683324 0.2572035961807024 468
1757594683337 0.26492203077255033 469
1757594683349 0.12947292234079896 470
1757594683365 0.09692697204022574 471
1757594683377 0.1250625967058179 472
1757594683390 0.09737735680118188 473
1757594683402 0.0967499932900106 474
1757594683415 0.15643614770167816 475
1757594683427 0.2690606206664917 476
1757594683440 0.13878269553514047 477
1757594683452 0.13591326667476597 478
1757594683466 0.13339445725861918 479
1757594683480 0.10992317501508543 480
1757594683495 0.1349649716624208 481
1757594683511 0.13699514362772153 482
1757594683524 0.1552177785282298 483
1757594683538 0.15349220251321483 484
1757594683552 0.190034347039751 485
1757594683566 0.10414057006177464 486
1757594683580 0.2744685071625565 487
1757594683595 0.1122024617893767 488
1757594683609 0.08339739477278903 489
1757594683623 0.1391052542188789 490
1757594683637 0.29479787931787726 491
1757594683652 0.24529208911860864 492
1757594683665 0.16741341466120488 493
1757594683679 0.2177960564178722 494
1757594683693 0.19675839358207883 495
1757594683707 0.11602115500760267 496
1757594683721 0.13005071753991132 497
1757594683736 0.16385301352363452 498
1757594683749 0.3268062388067037 499
