1757513657808 172.3445885969032 0
1757513657819 165.9248517510447 1
1757513657831 165.41367552032133 2
1757513657843 164.8019718383787 3
1757513657854 164.1944252788359 4
1757513657866 163.5891737044194 5
1757513657877 162.98624106623856 6
1757513657888 162.38561783198287 7
1757513657898 161.7872951012955 8
1757513657909 161.1912639976805 9
1757513657920 160.59751567922493 10
1757513657931 160.0060413382701 11
1757513657941 159.41683220128547 12
1757513657952 158.82987952872878 13
1757513657962 158.24517461492337 14
1757513657973 157.66270878791852 15
1757513657984 157.08247340936268 16
1757513657994 156.50445987436996 17
1757513658006 155.9286596113954 18
1757513658017 155.35506408209932 19
1757513658028 154.7836647812219 20
1757513658039 154.21445323645472 21
1757513658049 153.64742100830975 22
1757513658061 153.0825596899966 23
1757513658073 152.51986090728866 24
1757513658084 151.95931631840457 25
1757513658096 151.40091761387706 26
1757513658107 150.8446565164283 27
1757513658119 150.29052478084685 28
1757513658130 149.73851419385824 29
1757513658142 149.1886165740078 30
1757513658154 148.64082377152985 31
1757513658166 148.09512766823147 32
1757513658178 147.55152017736444 33
1757513658190 147.00999324350488 34
1757513658203 146.47053884243297 35
1757513658214 145.93314898101042 36
1757513658226 145.39781569705983 37
1757513658238 144.86453105924363 38
1757513658250 144.3332871669476 39
1757513658261 143.8040761501548 40
1757513658272 143.27689016933599 41
1757513658283 142.7517214153222 42
1757513658295 142.2285621091927 43
1757513658307 141.70740450215507 44
1757513658318 141.18824087543015 45
1757513658330 140.67106354013103 46
1757513658344 140.15586483715327 47
1757513658359 139.64263713705245 48
1757513658372 139.1313728399362 49
1757513658386 138.62206437534255 50
1757513658400 138.11470420213027 51
1757513658414 137.60928480836156 52
1757513658429 137.1057987111934 53
1757513658447 136.60423845675916 54
1757513658487 136.1045966200594 55
1757513658508 135.60686580484858 56
1757513658524 135.11103864352413 57
1757513658539 134.61710779701392 58
1757513658554 134.1250659546665 59
1757513658570 133.63490583414108 60
1757513658585 133.14662018129604 61
1757513658600 132.6602017700813 62
1757513658614 132.17564340242726 63
1757513658627 131.69293790813748 64
1757513658640 131.21207814478072 65
1757513658655 130.7330569975815 66
1757513658671 130.25586737931414 67
1757513658689 129.7805022301941 68
1757513658703 129.3069545177742 69
1757513658717 128.83521723683643 70
1757513658730 128.36528340928686 71
1757513658744 127.89714608404867 72
1757513658757 127.43079833695987 73
1757513658769 126.96623327066636 74
1757513658780 126.50344401452034 75
1757513658791 126.04242372447521 76
1757513658802 125.58316558298144 77
1757513658814 125.12566279888361 78
1757513658825 124.66990860732173 79
1757513658836 124.21589626962327 80
1757513658847 123.763619073206 81
1757513658859 123.31307033147473 82
1757513658870 122.8642433837207 83
1757513658882 122.4171315950217 84
1757513658895 121.97172835614059 85
1757513658907 121.5280270834266 86
1757513658919 121.08602121871552 87
1757513658931 120.64570422923137 88
1757513658944 120.2070696074857 89
1757513658957 119.77011087118554 90
1757513658969 119.33482156312618 91
1757513658981 118.90119525110059 92
1757513658993 118.46922552780028 93
1757513659006 118.03890601071933 94
1757513659021 117.61023034205822 95
1757513659036 117.18319218862398 96
1757513659049 116.75778524174117 97
1757513659061 116.33400321715241 98
1757513659072 115.91183985492448 99
1757513659083 115.49128891935348 100
1757513659095 115.0723441988716 101
1757513659107 114.65499950595421 102
1757513659118 114.2392486770236 103
1757513659129 113.82508557235805 104
1757513659141 113.41250407600059 105
1757513659152 113.00149809566366 106
1757513659163 112.59206156263802 107
1757513659175 112.18418843170203 108
1757513659187 111.77787268103256 109
1757513659199 111.37310831210874 110
1757513659212 110.96988934962685 111
1757513659224 110.56820984140619 112
1757513659236 110.16806385830222 113
1757513659248 109.76944549411579 114
1757513659261 109.37234886550365 115
1757513659273 108.97676811189105 116
1757513659286 108.58269739538227 117
1757513659299 108.19013090067185 118
1757513659310 107.79906283496146 119
1757513659322 107.4094874278637 120
1757513659333 107.02139893132447 121
1757513659344 106.6347916195313 122
1757513659355 106.24965978882743 123
1757513659366 105.86599775762606 124
1757513659378 105.4837998663256 125
1757513659390 105.10306047722396 126
1757513659401 104.7237739744317 127
1757513659412 104.3459347637909 128
1757513659423 103.96953727278758 129
1757513659435 103.5945759504687 130
1757513659446 103.22104526735991 131
1757513659458 102.84893971537842 132
1757513659470 102.47825380775619 133
1757513659482 102.10898207894975 134
1757513659494 101.74111908456551 135
1757513659507 101.37465940126923 136
1757513659520 101.00959762671278 137
1757513659532 100.64592837944569 138
1757513659545 100.28364629883939 139
1757513659557 99.9227460450019 140
1757513659570 99.56322229870081 141
1757513659584 99.20506976128144 142
1757513659598 98.84828315458769 143
1757513659613 98.4928572208817 144
1757513659628 98.1387867227643 145
1757513659643 97.78606644309701 146
1757513659684 97.43469118492486 147
1757513659710 97.08465577139468 148
1757513659728 96.73595504567788 149
1757513659748 96.3885838708966 150
1757513659770 96.04253713003959 151
1757513659789 95.69780972589254 152
1757513659803 95.35439658095476 153
1757513659817 95.01229263736609 154
1757513659830 94.6714928568315 155
1757513659843 94.33199222054114 156
1757513659856 93.99378572909981 157
1757513659870 93.65686840244635 158
1757513659882 93.32123527978432 159
1757513659895 92.98688141950157 160
1757513659909 92.65380189910022 161
1757513659922 92.32199181512048 162
1757513659935 91.99144628306634 163
1757513659949 91.66216043733337 164
1757513659961 91.33412943113365 165
1757513659973 91.00734843642604 166
1757513659985 90.68181264383831 167
1757513659996 90.35751726259956 168
1757513660010 90.03445752046557 169
1757513660023 89.71262866364772 170
1757513660035 89.39202595674047 171
1757513660048 89.0726446826505 172
1757513660062 88.75448014252758 173
1757513660074 88.43752765568813 174
1757513660086 88.12178255955341 175
1757513660098 87.80724020957149 176
1757513660110 87.493895979151 177
1757513660122 87.18174525959039 178
1757513660134 86.87078346000881 179
1757513660146 86.56100600727758 180
1757513660159 86.25240834595088 181
1757513660172 85.94498593819542 182
1757513660184 85.63873426372585 183
1757513660196 85.33364881973277 184
1757513660208 85.02972512081787 185
1757513660220 84.72695869892432 186
1757513660232 84.4253451032707 187
1757513660243 84.12487990028353 188
1757513660255 83.82555867353041 189
1757513660267 83.52737702365464 190
1757513660279 83.23033056830646 191
1757513660290 82.93441494207927 192
1757513660303 82.63962579644547 193
1757513660314 82.34595879968462 194
1757513660326 82.05340963682593 195
1757513660338 81.76197400957821 196
1757513660350 81.47164763626652 197
1757513660361 81.18242625176866 198
1757513660373 80.89430560744972 199
1757513660385 80.6072814710988 200
1757513660397 80.32134962686527 201
1757513660409 80.03650587519516 202
1757513660422 79.75274603276661 203
1757513660434 79.47006593242997 204
1757513660446 79.18846142314285 205
1757513660458 78.90792836990691 206
1757513660471 78.6284626537086 207
1757513660484 78.35006017145415 208
1757513660496 78.07271683590973 209
1757513660509 77.79642857563812 210
1757513660521 77.52119133494004 211
1757513660534 77.24700107379022 212
1757513660546 76.97385376777962 213
1757513660558 76.70174540805156 214
1757513660571 76.43067200124368 215
1757513660583 76.16062956942817 216
1757513660595 75.89161415004939 217
1757513660607 75.62362179586631 218
1757513660619 75.35664857489394 219
1757513660631 75.0906905703416 220
1757513660643 74.82574388055488 221
1757513660655 74.56180461895858 222
1757513660667 74.29886891399563 223
1757513660680 74.03693290907079 224
1757513660693 73.77599276249234 225
1757513660706 73.51604464741301 226
1757513660718 73.25708475177485 227
1757513660731 72.99910927824835 228
1757513660743 72.74211444417922 229
1757513660757 72.48609648152777 230
1757513660770 72.23105163681545 231
1757513660784 71.97697617106607 232
1757513660798 71.72386635975141 233
1757513660811 71.47171849273339 234
1757513660824 71.2205288742095 235
1757513660837 70.97029382265691 236
1757513660851 70.72100967077654 237
1757513660864 70.47267276543816 238
1757513660876 70.22527946762696 239
1757513660888 69.97882615238674 240
1757513660901 69.73330920876572 241
1757513660913 69.48872503976303 242
1757513660925 69.24507006227473 243
1757513660938 69.00234070703834 244
1757513660950 68.7605334185814 245
1757513660962 68.51964465516656 246
1757513660977 68.27967088873811 247
1757513660990 68.04060860487053 248
1757513661002 67.80245430271322 249
1757513661014 67.56520449493985 250
1757513661027 67.32885570769596 251
1757513661039 67.0934044805451 252
1757513661052 66.85884736641826 253
1757513661066 66.62518093156105 254
1757513661078 66.39240175548278 255
1757513661091 66.1605064309054 256
1757513661104 65.92949156371097 257
1757513661117 65.69935377289134 258
1757513661130 65.47008969049747 259
1757513661142 65.24169596158968 260
1757513661155 65.01416924418398 261
1757513661168 64.7875062092065 262
1757513661182 64.56170354043951 263
1757513661195 64.33675793447281 264
1757513661209 64.1126661006557 265
1757513661223 63.889424761045234 266
1757513661236 63.667030650357994 267
1757513661249 63.445480515921055 268
1757513661263 63.224771117622346 269
1757513661275 63.00489922786357 270
1757513661288 62.78586163150964 271
1757513661301 62.56765512584195 272
1757513661313 62.35027652050978 273
1757513661326 62.13372263748192 274
1757513661339 61.91799031099971 275
1757513661351 61.70307638752803 276
1757513661365 61.48897772570993 277
1757513661379 61.275691196317844 278
1757513661391 61.06321368220758 279
1757513661404 60.85154207827035 280
1757513661417 60.640673291386996 281
1757513661429 60.43060424038159 282
1757513661446 60.221331855975016 283
1757513661461 60.0128530807381 284
1757513661476 59.80516486904665 285
1757513661497 59.59826418703486 286
1757513661510 59.392148012551104 287
1757513661523 59.186813335110855 288
1757513661536 58.98225715585211 289
1757513661549 58.7784764874911 290
1757513661562 58.57546835427679 291
1757513661575 58.37322979194559 292
1757513661588 58.171757847677405 293
1757513661600 57.97104958005235 294
1757513661613 57.771102059004214 295
1757513661625 57.57191236577866 296
1757513661638 57.37347759288744 297
1757513661651 57.175794844067326 298
1757513661664 56.97886123423383 299
1757513661676 56.78267388943896 300
1757513661689 56.58722994682982 301
1757513661702 56.39252655460226 302
1757513661715 56.19856087196008 303
1757513661728 56.00533006907295 304
1757513661740 55.81283132703223 305
1757513661753 55.62106183781036 306
1757513661766 55.43001880421651 307
1757513661779 55.239699439856956 308
1757513661791 55.050100969092085 309
1757513661804 54.86122062699369 310
1757513661817 54.673055659306094 311
1757513661830 54.48560332240245 312
1757513661842 54.29886088324439 313
1757513661855 54.11282561934092 314
1757513661868 53.92749481870861 315
1757513661881 53.742865779828286 316
1757513661895 53.55893581160707 317
1757513661908 53.37570223333699 318
1757513661921 53.193162374654506 319
1757513661933 53.01131357550057 320
1757513661946 52.83015318608114 321
1757513661959 52.64967856682654 322
1757513661972 52.46988708835286 323
1757513661985 52.290776131422085 324
1757513661999 52.1123430869023 325
1757513662011 51.934585355728956 326
1757513662024 51.75750034886623 327
1757513662037 51.581085487267515 328
1757513662049 51.40533820183691 329
1757513662062 51.23025593339131 330
1757513662075 51.055836132620044 331
1757513662088 50.88207626005008 332
1757513662101 50.70897378600423 333
1757513662114 50.53652619056531 334
1757513662127 50.364730963537944 335
1757513662141 50.19358560441083 336
1757513662154 50.02308762231933 337
1757513662168 49.8532345360077 338
1757513662181 49.68402387379209 339
1757513662195 49.51545317352374 340
1757513662208 49.3475199825516 341
1757513662222 49.180221857686455 342
1757513662235 49.01355636516183 343
1757513662249 48.8475210806019 344
1757513662263 48.68211358897993 345
1757513662276 48.51733148458548 346
1757513662290 48.35317237098827 347
1757513662304 48.18963386100007 348
1757513662317 48.02671357664099 349
1757513662331 47.864409149103096 350
1757513662345 47.7027182187141 351
1757513662359 47.54163843490359 352
1757513662373 47.38116745616583 353
1757513662387 47.22130295002684 354
1757513662401 47.06204259300758 355
1757513662414 46.903384070589894 356
1757513662427 46.7453250771821 357
1757513662441 46.58786331608342 358
1757513662454 46.43099649945064 359
1757513662467 46.27472234826347 360
1757513662480 46.11903859228926 361
1757513662493 45.963942970051036 362
1757513662507 45.809433228792074 363
1757513662520 45.655507124442416 364
1757513662533 45.50216242158586 365
1757513662547 45.34939689342481 366
1757513662560 45.19720832174931 367
1757513662573 45.045594496902076 368
1757513662586 44.894553217745504 369
1757513662599 44.74408229162918 370
1757513662612 44.594179534357366 371
1757513662627 44.444842770154274 372
1757513662641 44.29606983163444 373
1757513662654 44.147858559768046 374
1757513662668 44.00020680384902 375
1757513662681 43.85311242146335 376
1757513662694 43.70657327845681 377
1757513662708 43.560587248901875 378
1757513662722 43.415152215067714 379
1757513662735 43.27026606738687 380
1757513662748 43.1259267044249 381
1757513662762 42.98213203284792 382
1757513662775 42.838879967391556 383
1757513662788 42.6961684308299 384
1757513662802 42.55399535394425 385
1757513662816 42.412358675492 386
1757513662829 42.27125634217572 387
1757513662843 42.130686308613 388
1757513662857 41.99064653730424 389
1757513662870 41.85113499860493 390
1757513662883 41.71214967069224 391
1757513662897 41.57368853953601 392
1757513662910 41.43574959886932 393
1757513662923 41.298330850157 394
1757513662936 41.161430302567204 395
1757513662949 41.025045972940156 396
1757513662963 40.889175885758966 397
1757513662976 40.7538180731207 398
1757513662989 40.61897057470601 399
1757513663003 40.48463143775059 400
1757513663020 40.35079871701436 401
1757513663044 40.21747047475496 402
1757513663059 40.08464478069604 403
1757513663073 39.95231971200014 404
1757513663090 39.82049335323904 405
1757513663103 39.68916379636552 406
1757513663117 39.55832914068463 407
1757513663130 39.42798749282426 408
1757513663144 39.298136966709286 409
1757513663158 39.168775683530974 410
1757513663172 39.039901771719144 411
1757513663185 38.911513366915806 412
1757513663199 38.78360861194508 413
1757513663212 38.65618565678714 414
1757513663226 38.52924265854929 415
1757513663240 38.40277778143919 416
1757513663254 38.27678919673679 417
1757513663267 38.15127508276765 418
1757513663281 38.02623362487454 419
1757513663294 37.90166301539222 420
1757513663308 37.77756145361785 421
1757513663321 37.65392714578615 422
1757513663335 37.53075830504137 423
1757513663348 37.408053151411174 424
1757513663362 37.285809911779374 425
1757513663376 37.16402681986057 426
1757513663390 37.04270211617212 427
1757513663403 36.9218340480088 428
1757513663417 36.80142086941682 429
1757513663430 36.68146084116709 430
1757513663444 36.561952230728664 431
1757513663457 36.44289331224476 432
1757513663471 36.324282366504704 433
1757513663484 36.20611768091982 434
1757513663498 36.088397549496996 435
1757513663511 35.9711202728133 436
1757513663524 35.85428415799062 437
1757513663538 35.73788751867075 438
1757513663551 35.621928674989135 439
1757513663565 35.506405953550605 440
1757513663579 35.39131768740471 441
1757513663592 35.27666221601896 442
1757513663605 35.162437885256416 443
1757513663619 35.04864304734903 444
1757513663633 34.93527606087406 445
1757513663647 34.822335290728866 446
1757513663661 34.70981910810696 447
1757513663675 34.597725890473626 448
1757513663688 34.486054021540895 449
1757513663702 34.37480189124491 450
1757513663727 34.26396789571992 451
1757513663750 34.15355043727604 452
1757513663766 34.04354792437407 453
1757513663783 33.933958771602384 454
1757513663797 33.82478139965344 455
1757513663811 33.71601423529908 456
1757513663825 33.607655711368636 457
1757513663839 33.49970426672392 458
1757513663853 33.392158346236414 459
1757513663866 33.285016400764675 460
1757513663880 33.17827688713088 461
1757513663894 33.07193826809669 462
1757513663909 32.965999012341754 463
1757513663923 32.860457594440014 464
1757513663937 32.75531249483701 465
1757513663951 32.65056219982759 466
1757513663965 32.546205201532324 467
1757513663979 32.44223999787625 468
1757513663993 32.338665092565414 469
1757513664008 32.235478995064845 470
1757513664023 32.13268022057596 471
1757513664039 32.03026729001573 472
1757513664053 31.928238729992614 473
1757513664067 31.826593072785368 474
1757513664082 31.7253288563223 475
1757513664096 31.624444624157245 476
1757513664110 31.52393892544936 477
1757513664125 31.423810314941033 478
1757513664138 31.32405735293615 479
1757513664152 31.22467860527882 480
1757513664166 31.125672643331615 481
1757513664180 31.027038043954462 482
1757513664194 30.928773389483677 483
1757513664208 30.830877267710104 484
1757513664223 30.733348271858333 485
1757513664238 30.636185000566048 486
1757513664252 30.53938605786274 487
1757513664266 30.442950053148483 488
1757513664280 30.346875601174222 489
1757513664294 30.25116132201987 490
1757513664311 30.155805841074628 491
1757513664325 30.06080778901596 492
1757513664341 29.96616580178922 493
1757513664357 29.871878520587693 494
1757513664372 29.777944591831368 495
1757513664387 29.684362667147767 496
1757513664404 29.591131403351238 497
1757513664419 29.49824946242331 498
1757513664433 29.40571551149186 499
