1757594512981 171.37494119839158 0
1757594512989 170.73280900976832 1
1757594513001 170.09318028286503 2
1757594513010 169.45604517957491 3
1757594513018 168.82139390062477 4
1757594513026 168.18921668542052 5
1757594513035 167.55950381188902 6
1757594513043 166.9322455963354 7
1757594513052 166.30743239327788 8
1757594513060 165.6850545953103 9
1757594513069 165.06510263294356 10
1757594513077 164.44756697445555 11
1757594513086 163.83243812574253 12
1757594513094 163.21970663017433 13
1757594513103 162.60936306843877 14
1757594513111 162.0013980584025 15
1757594513119 161.39580225495376 16
1757594513128 160.7925663498656 17
1757594513136 160.19168107164253 18
1757594513145 159.59313718538002 19
1757594513153 158.99692549261832 20
1757594513162 158.40303683119535 21
1757594513171 157.81146207510946 22
1757594513179 157.22219213436645 23
1757594513188 156.63521795484863 24
1757594513197 156.05053051816384 25
1757594513205 155.4681208415089 26
1757594513214 154.88797997752806 27
1757594513222 154.31009901416954 28
1757594513231 153.73446907454874 29
1757594513239 153.1610813168106 30
1757594513248 152.58992693398642 31
1757594513257 152.02099715385992 32
1757594513266 151.4542832388289 33
1757594513274 150.88977648576326 34
1757594513283 150.32746822587882 35
1757594513291 149.76734982459055 36
1757594513300 149.20941268138498 37
1757594513309 148.65364822968002 38
1757594513318 148.10004793669597 39
1757594513327 147.54860330331684 40
1757594513336 146.99930586395936 41
1757594513344 146.4521471864422 42
1757594513353 145.90711887184926 43
1757594513362 145.36421255440143 44
1757594513370 144.82341990132582 45
1757594513379 144.28473261272242 46
1757594513387 143.74814242143557 47
1757594513396 143.21364109292665 48
1757594513405 142.6812204251392 49
1757594513413 142.1508722483776 50
1757594513422 141.6225884251713 51
1757594513431 141.09636085015578 52
1757594513440 140.5721814499388 53
1757594513449 140.05004218297566 54
1757594513457 139.52993503944572 55
1757594513466 139.01185204112275 56
1757594513475 138.49578524125445 57
1757594513484 137.9817267244344 58
1757594513493 137.46966860647777 59
1757594513502 136.959603034303 60
1757594513511 136.45152218580068 61
1757594513520 135.94541826971926 62
1757594513529 135.4412835255354 63
1757594513538 134.93911022333987 64
1757594513547 134.43889066370923 65
1757594513555 133.9406171775908 66
1757594513564 133.44428212617817 67
1757594513573 132.94987790079784 68
1757594513582 132.45739692278016 69
1757594513591 131.96683164335053 70
1757594513600 131.47817454350508 71
1757594513609 130.99141813389645 72
1757594513617 130.50655495471304 73
1757594513626 130.0235775755646 74
1757594513635 129.54247859536375 75
1757594513644 129.06325064221468 76
1757594513653 128.5858863732915 77
1757594513662 128.11037847472804 78
1757594513671 127.63671966149872 79
1757594513679 127.16490267731133 80
1757594513688 126.6949202944861 81
1757594513697 126.22676531384525 82
1757594513706 125.76043056460307 83
1757594513715 125.29590890425001 84
1757594513724 124.83319321844205 85
1757594513733 124.3722764208879 86
1757594513742 123.91315145324208 87
1757594513751 123.45581128498877 88
1757594513760 123.00024891333747 89
1757594513769 122.54645736310886 90
1757594513778 122.09442968662658 91
1757594513787 121.64415896361018 92
1757594513796 121.19563830106557 93
1757594513805 120.74886083317729 94
1757594513814 120.30381972120071 95
1757594513823 119.86050815335419 96
1757594513832 119.41891934471545 97
1757594513841 118.97904653711076 98
1757594513850 118.54088299901471 99
1757594513859 118.10442202543895 100
1757594513868 117.66965693783206 101
1757594513877 117.23658108397193 102
1757594513886 116.80518783786235 103
1757594513895 116.3754705996302 104
1757594513904 115.94742279542167 105
1757594513913 115.52103787729973 106
1757594513922 115.09630932314039 107
1757594513931 114.67323063653092 108
1757594513940 114.2517953466693 109
1757594513949 113.83199700826258 110
1757594513958 113.41382920142445 111
1757594513968 112.99728553157712 112
1757594513977 112.58235962935031 113
1757594513986 112.16904515048012 114
1757594513995 111.75733577571211 115
1757594514004 111.34722521069959 116
1757594514014 110.93870718590892 117
1757594514023 110.53177545651796 118
1757594514033 110.12642380231985 119
1757594514042 109.72264602762586 120
1757594514051 109.32043596116725 121
1757594514060 108.9197874560002 122
1757594514069 108.5206943894083 123
1757594514079 108.12315066280831 124
1757594514088 107.72715020165234 125
1757594514097 107.33268695533569 126
1757594514106 106.93975489709953 127
1757594514115 106.54834802393904 128
1757594514124 106.15846035650704 129
1757594514134 105.7700859390218 130
1757594514143 105.3832188391752 131
1757594514152 104.99785314803577 132
1757594514161 104.61398297996146 133
1757594514171 104.23160247250367 134
1757594514180 103.85070578631714 135
1757594514189 103.47128710506803 136
1757594514199 103.09334063534423 137
1757594514210 102.71686060656289 138
1757594514220 102.34184127088008 139
1757594514229 101.96827690310481 140
1757594514239 101.59616180060253 141
1757594514248 101.22549028321308 142
1757594514257 100.85625669315752 143
1757594514267 100.48845539495038 144
1757594514276 100.12208077531211 145
1757594514286 99.75712724308117 146
1757594514295 99.39358922912733 147
1757594514305 99.03146118626165 148
1757594514314 98.67073758915394 149
1757594514323 98.31141293424311 150
1757594514333 97.95348173965237 151
1757594514342 97.59693854510365 152
1757594514352 97.24177791183165 153
1757594514361 96.88799442249848 154
1757594514371 96.5355826811113 155
1757594514380 96.1845373129339 156
1757594514390 95.83485296440664 157
1757594514399 95.48652430306016 158
1757594514408 95.13954601743288 159
1757594514418 94.79391281698864 160
1757594514427 94.44961943203268 161
1757594514437 94.10666061362996 162
1757594514446 93.7650311335231 163
1757594514456 93.42472578405089 164
1757594514465 93.08573937806509 165
1757594514475 92.74806674885268 166
1757594514484 92.41170275005216 167
1757594514494 92.07664225557355 168
1757594514503 91.74288015952051 169
1757594514513 91.4104113761071 170
1757594514522 91.07923083958114 171
1757594514531 90.74933350414392 172
1757594514541 90.4207143438704 173
1757594514550 90.09336835263183 174
1757594514560 89.76729054401879 175
1757594514569 89.44247595125934 176
1757594514579 89.11891962714566 177
1757594514589 88.79661664395387 178
1757594514599 88.47556209336796 179
1757594514608 88.15575108640381 180
1757594514618 87.83717875333146 181
1757594514628 87.51984024359956 182
1757594514638 87.20373072576037 183
1757594514648 86.8888453873927 184
1757594514657 86.57517943502845 185
1757594514667 86.26272809407536 186
1757594514676 85.95148660874608 187
1757594514686 85.64145024197902 188
1757594514695 85.33261427536858 189
1757594514705 85.0249740090898 190
1757594514714 84.71852476182445 191
1757594514724 84.41326187068795 192
1757594514733 84.10918069115776 193
1757594514743 83.80627659699992 194
1757594514753 83.50454498019619 195
1757594514762 83.2039812508733 196
1757594514772 82.90458083723034 197
1757594514782 82.60633918546766 198
1757594514792 82.30925175971574 199
1757594514801 82.01331404196476 200
1757594514811 81.71852153199322 201
1757594514820 81.42486974729772 202
1757594514830 81.13235422302363 203
1757594514840 80.84097051189549 204
1757594514850 80.55071418414597 205
1757594514859 80.26158082744796 206
1757594514869 79.97356604684595 207
1757594514879 79.68666546468683 208
1757594514888 79.4008747205516 209
1757594514898 79.11618947118671 210
1757594514908 78.83260539043626 211
1757594514918 78.5501181691768 212
1757594514927 78.26872351524683 213
1757594514937 77.98841715338138 214
1757594514947 77.70919482514526 215
1757594514957 77.43105228886571 216
1757594514967 77.15398531956714 217
1757594514976 76.87798970890523 218
1757594514986 76.6030612650999 219
1757594514996 76.32919581287122 220
1757594515006 76.05638919337325 221
1757594515015 75.78463726413068 222
1757594515026 75.51393589897306 223
1757594515035 75.24428098796815 224
1757594515045 74.97566843736247 225
1757594515055 74.70809416951445 226
1757594515065 74.4415541228298 227
1757594515074 74.17604425170191 228
1757594515084 73.91156052644412 229
1757594515094 73.64809893323016 230
1757594515104 73.38565547403081 231
1757594515113 73.12422616654987 232
1757594515123 72.86380704416399 233
1757594515133 72.60439415585999 234
1757594515143 72.3459835661725 235
1757594515153 72.08857135512397 236
1757594515163 71.83215361816312 237
1757594515172 71.5767264661017 238
1757594515182 71.32228602505825 239
1757594515192 71.06882843639288 240
1757594515202 70.81634985665063 241
1757594515212 70.56484645749997 242
1757594515221 70.31431442567285 243
1757594515231 70.0647499629053 244
1757594515241 69.81614928588021 245
1757594515251 69.5685086261644 246
1757594515261 69.32182423015253 247
1757594515271 69.07609235900829 248
1757594515281 68.83130928860673 249
1757594515291 68.58747130947268 250
1757594515300 68.34457472672834 251
1757594515310 68.10261586003008 252
1757594515320 67.8615910435149 253
1757594515331 67.62149662574171 254
1757594515351 67.38232896963528 255
1757594515364 67.14408445242681 256
1757594515374 66.90675946560182 257
1757594515384 66.67035041484041 258
1757594515394 66.43485371996215 259
1757594515404 66.20026581487029 260
1757594515418 65.96658314749679 261
1757594515428 65.73380217974598 262
1757594515438 65.50191938743905 263
1757594515448 65.2709312602611 264
1757594515458 65.04083430170456 265
1757594515468 64.81162502901411 266
1757594515478 64.58329997313517 267
1757594515488 64.35585567865694 268
1757594515498 64.12928870375961 269
1757594515508 63.90359562016136 270
1757594515518 63.67877301306338 271
1757594515528 63.454817481098196 272
1757594515538 63.23172563627582 273
1757594515548 63.00949410393073 274
1757594515558 62.7881195226697 275
1757594515568 62.56759854431914 276
1757594515578 62.347927833873285 277
1757594515588 62.12910406944189 278
1757594515598 61.91112394219828 279
1757594515608 61.693984156327765 280
1757594515618 61.47768142897669 281
1757594515628 61.26221249020127 282
1757594515638 61.04757408291626 283
1757594515647 60.833762962843906 284
1757594515658 60.62077589846383 285
1757594515668 60.4086096709631 286
1757594515678 60.19726107418489 287
1757594515688 59.98672691457992 288
1757594515698 59.777004011155014 289
1757594515709 59.56808919542561 290
1757594515719 59.359979311363496 291
1757594515729 59.152671215351354 292
1757594515740 58.94616177613008 293
1757594515750 58.74044787475276 294
1757594515760 58.535526404534195 295
1757594515770 58.33139427100379 296
1757594515780 58.1280483918566 297
1757594515791 57.92548569690546 298
1757594515801 57.72370312803315 299
1757594515811 57.52269763914489 300
1757594515821 57.32246619612083 301
1757594515831 57.12300577676884 302
1757594515841 56.92431337077654 303
1757594515851 56.72638597966614 304
1757594515861 56.52922061674633 305
1757594515872 56.33281430706619 306
1757594515882 56.13716408736883 307
1757594515893 55.942267006044865 308
1757594515904 55.748120123087716 309
1757594515914 55.55472051004604 310
1757594515924 55.36206524997895 311
1757594515935 55.17015143741186 312
1757594515946 54.978976178288235 313
1757594515956 54.788536589926764 314
1757594515966 54.59882980097699 315
1757594515977 54.40985295137227 316
1757594515987 54.22160319228751 317
1757594515998 54.03407768609298 318
1757594516008 53.847273606311404 319
1757594516019 53.661188137573056 320
1757594516030 53.47581847557321 321
1757594516040 53.291161827026805 322
1757594516051 53.10721540962563 323
1757594516061 52.92397645199588 324
1757594516072 52.74144219365404 325
1757594516082 52.55960988496326 326
1757594516093 52.37847678709278 327
1757594516103 52.198040171972835 328
1757594516113 52.01829732225382 329
1757594516124 51.83924553126268 330
1757594516135 51.660882102962894 331
1757594516145 51.48320435190939 332
1757594516155 51.306209603210135 333
1757594516166 51.12989519248111 334
1757594516176 50.95425846580842 335
1757594516186 50.77929677970359 336
1757594516197 50.60500750106513 337
1757594516207 50.43138800713508 338
1757594516218 50.25843568546067 339
1757594516228 50.08614793385147 340
1757594516238 49.914522160341164 341
1757594516249 49.7435557831448 342
1757594516259 49.573246230620015 343
1757594516270 49.40359094122738 344
1757594516280 49.23458736348857 345
1757594516291 49.06623295594945 346
1757594516301 48.89852518713807 347
1757594516312 48.73146153552726 348
1757594516322 48.565039489493174 349
1757594516333 48.39925654727848 350
1757594516343 48.2341102169517 351
1757594516354 48.06959801636991 352
1757594516365 47.90571747313836 353
1757594516375 47.74246612457392 354
1757594516385 47.57984151766553 355
1757594516396 47.417841209036105 356
1757594516406 47.256462764905145 357
1757594516417 47.0957037610502 358
1757594516428 46.93556178277015 359
1757594516438 46.77603442484599 360
1757594516449 46.61711929150486 361
1757594516459 46.458813996382624 362
1757594516470 46.30111616248619 363
1757594516480 46.14402342215668 364
1757594516491 45.98753341703254 365
1757594516502 45.83164379801382 366
1757594516513 45.67635222522442 367
1757594516523 45.5216563679756 368
1757594516534 45.36755390473105 369
1757594516544 45.21404252307012 370
1757594516555 45.06111991965116 371
1757594516566 44.908783800176515 372
1757594516576 44.757031879356845 373
1757594516587 44.60586188087536 374
1757594516597 44.455271537352445 375
1757594516608 44.30525859031037 376
1757594516619 44.155820790138 377
1757594516629 44.006955896056546 378
1757594516640 43.85866167608383 379
1757594516650 43.71093590700045 380
1757594516661 43.56377637431454 381
1757594516672 43.41718087222723 382
1757594516683 43.27114720359928 383
1757594516693 43.12567317991605 384
1757594516704 42.980756621253725 385
1757594516715 42.83639535624575 386
1757594516725 42.692587222048424 387
1757594516736 42.54933006430845 388
1757594516747 42.40662173712764 389
1757594516758 42.2644601030316 390
1757594516769 42.12284303293453 391
1757594516780 41.981768406108394 392
1757594516791 41.841234110147795 393
1757594516802 41.7012380409381 394
1757594516813 41.56177810262304 395
1757594516824 41.42285220757174 396
1757594516835 41.28445827634615 397
1757594516845 41.146594237669646 398
1757594516856 41.00925802839273 399
1757594516867 40.87244759346389 400
1757594516878 40.7361608858955 401
1757594516889 40.600395866732505 402
1757594516899 40.465150505021604 403
1757594516910 40.330422777778224 404
1757594516921 40.196210669956734 405
1757594516932 40.06251217441742 406
1757594516943 39.92932529189708 407
1757594516954 39.796648030976804 408
1757594516965 39.66447840805096 409
1757594516976 39.53281444729703 410
1757594516987 39.401654180645 411
1757594516998 39.2709956477458 412
1757594517009 39.14083689594215 413
1757594517020 39.01117598023726 414
1757594517031 38.88201096326528 415
1757594517041 38.7533399152602 416
1757594517052 38.62516091402725 417
1757594517063 38.49747204491221 418
1757594517074 38.37027140077206 419
1757594517084 38.243557081944665 420
1757594517095 38.11732719622026 421
1757594517106 37.99157985881148 422
1757594517117 37.86631319232403 423
1757594517128 37.741525326728215 424
1757594517138 37.617214399328844 425
1757594517149 37.49337855473716 426
1757594517160 37.370015944842194 427
1757594517171 37.247124728780854 428
1757594517182 37.12470307291054 429
1757594517193 37.002749150780595 430
1757594517204 36.88126114310358 431
1757594517215 36.76023723772654 432
1757594517226 36.63967562960418 433
1757594517237 36.51957452076945 434
1757594517248 36.399932120307305 435
1757594517259 36.28074664432482 436
1757594517270 36.16201631592557 437
1757594517281 36.043739365180606 438
1757594517292 35.92591402910155 439
1757594517304 35.80853855161326 440
1757594517315 35.691611183526476 441
1757594517325 35.575130182510826 442
1757594517336 35.459093813067724 443
1757594517347 35.343500346503 444
1757594517358 35.22834806090083 445
1757594517370 35.11363524109682 446
1757594517381 34.99936017865123 447
1757594517392 34.885521171821935 448
1757594517403 34.772116525539545 449
1757594517414 34.659144551379164 450
1757594517425 34.546603567535705 451
1757594517436 34.434491898797624 452
1757594517448 34.322807876520336 453
1757594517460 34.21154983860003 454
1757594517471 34.100716129449516 455
1757594517482 33.990305099970975 456
1757594517496 33.880315107530784 457
1757594517507 33.77074451593448 458
1757594517518 33.66159169540095 459
1757594517529 33.5528550225376 460
1757594517540 33.444532880314135 461
1757594517551 33.336623658039066 462
1757594517563 33.22912575133366 463
1757594517573 33.12203756210726 464
1757594517584 33.01535749853246 465
1757594517596 32.90908397502069 466
1757594517607 32.8032154121973 467
1757594517618 32.69775023687763 468
1757594517630 32.59268688204183 469
1757594517641 32.488023786811105 470
1757594517652 32.38375939642381 471
1757594517663 32.2798921622103 472
1757594517674 32.17642054157002 473
1757594517685 32.07334299794727 474
1757594517697 31.97065800080679 475
1757594517708 31.868364025610873 476
1757594517719 31.766459553795265 477
1757594517730 31.664943072745842 478
1757594517742 31.563813075775048 479
1757594517753 31.463068062098813 480
1757594517765 31.362706536812684 481
1757594517776 31.262727010869156 482
1757594517788 31.16312800105477 483
1757594517799 31.063908029966502 484
1757594517810 30.96506562598975 485
1757594517822 30.866599323274542 486
1757594517833 30.768507661713432 487
1757594517845 30.670789186918807 488
1757594517856 30.573442450200318 489
1757594517867 30.476466008542534 490
1757594517879 30.37985842458234 491
1757594517890 30.28361826658678 492
1757594517901 30.187744108431005 493
1757594517913 30.092234529576125 494
1757594517924 29.99708811504746 495
1757594517935 29.90230345541159 496
1757594517947 29.807879146756253 497
1757594517958 29.71381379066682 498
1757594517970 29.62010599420608 499
