1757595226575 169.08220123107475 0
1757595226584 162.79589380895902 1
1757595226593 151.3102263697405 2
1757595226602 135.94618036884867 3
1757595226611 118.1106871862576 4
1757595226620 99.17085295320413 5
1757595226630 80.35556809505188 6
1757595226640 62.6865773252398 7
1757595226651 46.93849880665061 8
1757595226663 33.62522258676704 9
1757595226675 23.008642129422398 10
1757595226686 15.124778860278395 11
1757595226698 9.822004514378857 12
1757595226716 6.806174021220729 13
1757595226729 5.687956654454771 14
1757595226740 6.028389909954819 15
1757595226750 7.3795741472509775 16
1757595226760 9.318379708939137 17
1757595226772 11.471969178575806 18
1757595226783 13.534780267064269 19
1757595226794 15.27732319278257 20
1757595226805 16.547692903205146 21
1757595226817 17.26707099990261 22
1757595226828 17.42069951400356 23
1757595226840 17.045865114474243 24
1757595226851 16.218362490200587 25
1757595226862 15.038738891346238 26
1757595226873 13.619389180959429 27
1757595226883 12.073302293181746 28
1757595226906 10.504982731074856 29
1757595226920 9.003807181216823 30
1757595226932 7.639843660550404 31
1757595226943 6.461970425942113 32
1757595226955 5.497990345498285 33
1757595226966 4.756344891491091 34
1757595226977 4.228987690864841 35
1757595226993 3.8949749360646098 36
1757595227006 3.7243611564456818 37
1757595227018 3.6820450560021727 38
1757595227031 3.731282317835283 39
1757595227042 3.836661961143406 40
1757595227055 3.9664225746883384 41
1757595227065 4.0940585219060095 42
1757595227075 4.199229597899084 43
1757595227086 4.26803782598403 44
1757595227099 4.29277084686083 45
1757595227112 4.271232743048795 46
1757595227122 4.205791292644962 47
1757595227133 4.102267478371704 48
1757595227142 3.9687809960801026 49
1757595227162 3.8146471298270765 50
1757595227187 3.6493982813562043 51
1757595227201 3.481980037105059 52
1757595227218 3.3201489483351834 53
1757595227233 3.1700787730509767 54
1757595227247 3.0361648906406535 55
1757595227258 2.9210035924222244 56
1757595227269 2.8255141874327383 57
1757595227281 2.7491671952625176 58
1757595227292 2.690280897557255 59
1757595227303 2.6463505627770836 60
1757595227316 2.614379009851302 61
1757595227329 2.591183066261784 62
1757595227341 2.573657166041423 63
1757595227353 2.558982164851257 64
1757595227365 2.5447738792076127 65
1757595227375 2.5291714755824293 66
1757595227385 2.510870372390743 67
1757595227395 2.4891076369344507 68
1757595227404 2.463609941475747 69
1757595227414 2.434515066118946 70
1757595227423 2.4022778520702985 71
1757595227433 2.3675706155049276 72
1757595227442 2.331186551442217 73
1757595227452 2.293952812630066 74
1757595227462 2.2566579492006476 75
1757595227472 2.219996421471253 76
1757595227483 2.184531095044011 77
1757595227493 2.1506730982770064 78
1757595227504 2.11867723071052 79
1757595227516 2.088650282985233 80
1757595227526 2.0605691576371727 81
1757595227536 2.0343055336175615 82
1757595227547 2.0096539447876 83
1757595227557 1.9863604822342755 84
1757595227568 1.9641498160110717 85
1757595227578 1.9427487993027437 86
1757595227589 1.9219055086308774 87
1757595227600 1.9014031384938415 88
1757595227611 1.8810686699955563 89
1757595227621 1.860776644780317 90
1757595227631 1.8404486838335345 91
1757595227641 1.8200495918220474 92
1757595227650 1.7995809868054593 93
1757595227659 1.7790734042522418 94
1757595227671 1.7585777597837655 95
1757595227680 1.7381569358307412 96
1757595227690 1.71787810284986 97
1757595227699 1.6978062143212476 98
1757595227709 1.6779989426140502 99
1757595227718 1.6585031631311946 100
1757595227727 1.6393529566437715 101
1757595227737 1.6205689905965361 102
1757595227747 1.6021590622811015 103
1757595227756 1.5841195400969663 104
1757595227767 1.5664374212619117 105
1757595227777 1.5490927311777931 106
1757595227789 1.5320610160012238 107
1757595227818 1.5153157201208685 108
1757595227842 1.498830288548044 109
1757595227855 1.4825798854856782 110
1757595227866 1.4665426701150097 111
1757595227877 1.4507006154456337 112
1757595227889 1.4350398934651585 113
1757595227901 1.4195508783751296 114
1757595227912 1.4042278389258152 115
1757595227923 1.389068401073252 116
1757595227935 1.3740728643125644 117
1757595227947 1.3592434504589719 118
1757595227958 1.3445835539674884 119
1757595227969 1.3300970498005131 120
1757595227980 1.3157876999999478 121
1757595227990 1.301658684954419 122
1757595228000 1.287712271077664 123
1757595228010 1.2739496141410485 124
1757595228020 1.2603706874334972 125
1757595228029 1.2469743165626863 126
1757595228039 1.2337582981065516 127
1757595228049 1.220719577302542 128
1757595228058 1.2078544601884025 129
1757595228068 1.1951588376431619 130
1757595228078 1.182628402125646 131
1757595228088 1.170258842071011 132
1757595228098 1.1580460034164601 133
1757595228107 1.145986012181026 134
1757595228117 1.1340753560959915 135
1757595228127 1.1223109267388578 136
1757595228137 1.110690026320038 137
1757595228147 1.0992103451487942 138
1757595228156 1.08786991687603 139
1757595228166 1.0766670589484864 140
1757595228176 1.0656003054241643 141
1757595228186 1.054668338531234 142
1757595228196 1.0438699242510772 143
1757595228206 1.0332038559155046 144
1757595228216 1.0226689084621197 145
1757595228226 1.0122638047002404 146
1757595228236 1.001987193790953 147
1757595228246 0.9918376411965826 148
1757595228256 0.9818136286411114 149
1757595228267 0.9719135621531492 150
1757595228277 0.9621357860253937 151
1757595228287 0.9524786004942243 152
1757595228297 0.9429402810819177 153
1757595228307 0.9335190978108547 154
1757595228316 0.9242133328488733 155
1757595228326 0.9150212955362351 156
1757595228336 0.905941334140409 157
1757595228346 0.8969718440540709 158
1757595228356 0.8881112724725291 159
1757595228366 0.8793581198436985 160
1757595228376 0.8707109385700451 161
1757595228386 0.8621683295568128 162
1757595228396 0.8537289372496619 163
1757595228406 0.845391443795881 164
1757595228415 0.8371545629088667 165
1757595228425 0.8290170339278717 166
1757595228435 0.8209776164572294 167
1757595228445 0.8130350858531861 168
1757595228454 0.8051882297123188 169
1757595228464 0.7974358454117164 170
1757595228474 0.7897767386631237 171
1757595228484 0.7822097229749868 172
1757595228494 0.7747336198689703 173
1757595228504 0.7673472596707351 174
1757595228514 0.7600494826864111 175
1757595228524 0.7528391405839187 176
1757595228534 0.7457150978177043 177
1757595228543 0.7386762329635587 178
1757595228553 0.7317214398627608 179
1757595228563 0.7248496285087567 180
1757595228573 0.7180597256421187 181
1757595228583 0.7113506750481791 182
1757595228593 0.7047214375757346 183
1757595228603 0.6981709909127574 184
1757595228614 0.6916983291668894 185
1757595228624 0.6853024623043177 186
1757595228634 0.6789824155012543 187
1757595228644 0.6727372284587958 188
1757595228654 0.666565954725219 189
1757595228664 0.6604676610609381 190
1757595228674 0.654441426871885 191
1757595228684 0.6484863437268724 192
1757595228694 0.6426015149657989 193
1757595228704 0.6367860553973085 194
1757595228714 0.6310390910784927 195
1757595228724 0.6253597591644874 196
1757595228734 0.6197472078132066 197
1757595228744 0.6142005961292938 198
1757595228754 0.6087190941315446 199
1757595228764 0.6033018827297053 200
1757595228774 0.5979481536985133 201
1757595228784 0.5926571096397317 202
1757595228794 0.587427963925642 203
1757595228804 0.5822599406204263 204
1757595228814 0.5771522743783108 205
1757595228824 0.572104210319514 206
1757595228835 0.5671150038866841 207
1757595228845 0.5621839206856859 208
1757595228856 0.5573102363151125 209
1757595228866 0.5524932361892023 210
1757595228877 0.5477322153584929 211
1757595228887 0.5430264783321123 212
1757595228898 0.538375338904909 213
1757595228909 0.5337781199916923 214
1757595228919 0.5292341534702285 215
1757595228929 0.5247427800335946 216
1757595228940 0.5203033490519604 217
1757595228951 0.5159152184432608 218
1757595228961 0.5115777545517642 219
1757595228972 0.5072903320332703 220
1757595228983 0.5030523337455998 221
1757595228994 0.49886315064299097 222
1757595229004 0.49472218167309534 223
1757595229014 0.4906288336755198 224
1757595229025 0.4865825212809922 225
1757595229035 0.48258266681056305 226
1757595229046 0.47862870017439113 227
1757595229056 0.4747200587700205 228
1757595229066 0.4708561873800969 229
1757595229077 0.46703653806978424 230
1757595229087 0.4632605700840856 231
1757595229097 0.4595277497454775 232
1757595229107 0.45583755035218226 233
1757595229117 0.4521894520774873 234
1757595229128 0.4485829418703864 235
1757595229138 0.44501751335783823 236
1757595229148 0.4414926667488235 237
1757595229159 0.4380079087403417 238
1757595229169 0.4345627524253716 239
1757595229179 0.43115671720285 240
1757595229190 0.42778932868953684 241
1757595229200 0.42446011863375527 242
1757595229211 0.4211686248307841 243
1757595229221 0.4179143910398905 244
1757595229232 0.41469696690275876 245
1757595229243 0.4115159078632577 246
1757595229254 0.4083707750883795 247
1757595229267 0.40526113539031433 248
1757595229278 0.4021865611495436 249
1757595229289 0.3991466302388864 250
1757595229300 0.3961409259485085 251
1757595229310 0.39316903691186394 252
1757595229321 0.39023055703254367 253
1757595229331 0.38732508541205907 254
1757595229342 0.384452226278584 255
1757595229352 0.38161158891664176 256
1757595229363 0.37880278759779445 257
1757595229373 0.37602544151230577 258
1757595229383 0.37327917470183564 259
1757595229394 0.37056361599311227 260
1757595229405 0.36787839893263335 261
1757595229416 0.3652231617223784 262
1757595229426 0.36259754715647535 263
1757595229437 0.3600012025588787 264
1757595229447 0.3574337797219569 265
1757595229457 0.3548949348460628 266
1757595229468 0.35238432847994283 267
1757595229478 0.3499016254620873 268
1757595229488 0.34744649486290746 269
1757595229498 0.34501860992775474 270
1757595229509 0.3426176480207644 271
1757595229519 0.3402432905694848 272
1757595229530 0.33789522301030916 273
1757595229540 0.33557313473466016 274
1757595229550 0.3332767190359371 275
1757595229561 0.3310056730572144 276
1757595229571 0.32875969773966734 277
1757595229581 0.32653849777174276 278
1757595229591 0.32434178153902493 279
1757595229602 0.32216926107484045 280
1757595229612 0.3200206520115488 281
1757595229624 0.3178956735325332 282
1757595229634 0.3157940483248752 283
1757595229645 0.31371550253271924 284
1757595229656 0.3116597657112877 285
1757595229666 0.30962657078156536 286
1757595229677 0.30761565398563 287
1757595229688 0.3056267548426185 288
1757595229698 0.3036596161053256 289
1757595229709 0.30171398371740893 290
1757595229719 0.2997896067712192 291
1757595229730 0.2978862374662105 292
1757595229741 0.29600363106794764 293
1757595229751 0.29414154586768715 294
1757595229762 0.29229974314252355 295
1757595229773 0.290477987116112 296
1757595229783 0.2886760449199156 297
1757595229794 0.286893686555021 298
1757595229805 0.2851306848544743 299
1757595229815 0.283386815446137 300
1757595229826 0.28166185671608757 301
1757595229837 0.2799555897725085 302
1757595229848 0.27826779841008364 303
1757595229858 0.2765982690749067 304
1757595229869 0.27494679082985746 305
1757595229880 0.27331315532048095 306
1757595229891 0.2716971567413259 307
1757595229901 0.2700985918027634 308
1757595229912 0.26851725969826085 309
1757595229923 0.2669529620721119 310
1757595229933 0.265405502987617 311
1757595229944 0.26387468889570337 312
1757595229955 0.26236032860397757 313
1757595229965 0.26086223324620966 314
1757595229976 0.25938021625223917 315
1757595229987 0.2579140933182957 316
1757595229998 0.25646368237772327 317
1757595230008 0.2550288035721225 318
1757595230019 0.2536092792228732 319
1757595230030 0.2522049338030608 320
1757595230041 0.2508155939097802 321
1757595230052 0.24944108823682826 322
1757595230063 0.2480812475477626 323
1757595230074 0.24673590464933037 324
1757595230084 0.24540489436526944 325
1757595230095 0.24408805351045582 326
1757595230106 0.24278522086541454 327
1757595230117 0.24149623715116753 328
1757595230128 0.2402209450044391 329
1757595230139 0.23895918895318355 330
1757595230149 0.23771081539245933 331
1757595230160 0.23647567256062085 332
1757595230171 0.2352536105158411 333
1757595230182 0.23404448111295378 334
1757595230193 0.23284813798059523 335
1757595230204 0.2316644364986806 336
1757595230215 0.23049323377616301 337
1757595230226 0.22933438862910016 338
1757595230237 0.2281877615590306 339
1757595230248 0.22705321473161594 340
1757595230259 0.22593061195559902 341
1757595230270 0.22481981866201955 342
1757595230281 0.22372070188373155 343
1757595230292 0.2226331302351829 344
1757595230303 0.2215569738924761 345
1757595230314 0.22049210457368204 346
1757595230325 0.21943839551943384 347
1757595230336 0.21839572147377287 348
1757595230347 0.21736395866525438 349
1757595230358 0.21634298478829855 350
1757595230369 0.21533267898480113 351
1757595230380 0.21433292182598396 352
1757595230391 0.2133435952944875 353
1757595230402 0.21236458276670436 354
1757595230413 0.21139576899534102 355
1757595230424 0.21043704009222952 356
1757595230435 0.20948828351134416 357
1757595230447 0.2085493880320575 358
1757595230458 0.20762024374262186 359
1757595230469 0.206700742023859 360
1757595230480 0.20579077553307076 361
1757595230491 0.204890238188167 362
1757595230502 0.20399902515199522 363
1757595230513 0.2031170328168848 364
1757595230524 0.20224415878938612 365
1757595230535 0.2013803018752278 366
1757595230546 0.200525362064447 367
1757595230557 0.19967924051674096 368
1757595230568 0.19884183954699258 369
1757595230579 0.19801306261099802 370
1757595230590 0.19719281429137647 371
1757595230602 0.19638100028366043 372
1757595230613 0.19557752738258125 373
1757595230624 0.19478230346851932 374
1757595230635 0.19399523749414613 375
1757595230646 0.1932162394712224 376
1757595230657 0.192445220457593 377
1757595230669 0.19168209254432977 378
1757595230680 0.1909267688430507 379
1757595230691 0.1901791634734076 380
1757595230702 0.18943919155073444 381
1757595230713 0.18870676917384901 382
1757595230725 0.1879818134130228 383
1757595230736 0.18726424229810834 384
1757595230748 0.18655397480680735 385
1757595230759 0.1858509308531046 386
1757595230770 0.18515503127584487 387
1757595230782 0.18446619782746118 388
1757595230793 0.1837843531628445 389
1757595230804 0.18310942082836015 390
1757595230815 0.18244132525100665 391
1757595230827 0.18177999172771322 392
1757595230838 0.18112534641477235 393
1757595230849 0.18047731631741615 394
1757595230861 0.1798358292795139 395
1757595230872 0.17920081397342388 396
1757595230883 0.17857219988994597 397
1757595230895 0.177949917328429 398
1757595230906 0.1773338973869936 399
1757595230918 0.1767240719528768 400
1757595230929 0.17612037369291042 401
1757595230941 0.17552273604411356 402
1757595230952 0.1749310932044082 403
1757595230963 0.17434538012345194 404
1757595230975 0.1737655324935905 405
1757595230986 0.17319148674092028 406
1757595230998 0.17262318001647123 407
1757595231010 0.17206055018749875 408
1757595231021 0.17150353582888353 409
1757595231033 0.17095207621464592 410
1757595231045 0.17040611130956704 411
1757595231056 0.1698655817609113 412
1757595231068 0.16933042889026104 413
1757595231079 0.16880059468544456 414
1757595231091 0.16827602179258438 415
1757595231102 0.16775665350822158 416
1757595231113 0.16724243377156112 417
1757595231125 0.16673330715680187 418
1757595231136 0.16622921886557107 419
1757595231148 0.16573011471944857 420
1757595231160 0.1652359411525884 421
1757595231171 0.16474664520443516 422
1757595231182 0.16426217451252542 423
1757595231194 0.16378247730538448 424
1757595231205 0.1633075023955137 425
1757595231217 0.1628371991724613 426
1757595231228 0.16237151759598265 427
1757595231239 0.16191040818928784 428
1757595231251 0.16145382203236686 429
1757595231262 0.16100171075540842 430
1757595231273 0.1605540265322923 431
1757595231285 0.16011072207416924 432
1757595231296 0.1596717506231152 433
1757595231308 0.15923706594587064 434
1757595231319 0.15880662232765108 435
1757595231331 0.15838037456604165 436
1757595231342 0.15795827796496428 437
1757595231354 0.15754028832871814 438
1757595231365 0.15712636195609592 439
1757595231377 0.15671645563457792 440
1757595231389 0.15631052663458467 441
1757595231400 0.15590853270381924 442
1757595231412 0.1555104320616624 443
1757595231424 0.1551161833936486 444
1757595231436 0.15472574584600496 445
1757595231448 0.15433907902025928 446
1757595231460 0.15395614296791477 447
1757595231471 0.15357689818518921 448
1757595231483 0.15320130560781992 449
1757595231495 0.15282932660593432 450
1757595231506 0.15246092297898106 451
1757595231518 0.15209605695072254 452
1757595231530 0.15173469116429303 453
1757595231541 0.15137678867731688 454
1757595231553 0.15102231295708013 455
1757595231565 0.15067122787576934 456
1757595231578 0.1503234977057689 457
1757595231590 0.149979087115005 458
1757595231602 0.14963796116236186 459
1757595231614 0.14930008529314093 460
1757595231625 0.14896542533458557 461
1757595231638 0.14863394749145226 462
1757595231650 0.14830561834164274 463
1757595231662 0.1479804048318827 464
1757595231674 0.1476582742734596 465
1757595231685 0.14733919433800885 466
1757595231697 0.14702313305334883 467
1757595231709 0.146710058799375 468
1757595231720 0.1463999403039927 469
1757595231732 0.146092746639108 470
1757595231744 0.14578844721666556 471
1757595231756 0.14548701178473125 472
1757595231768 0.14518841042362207 473
1757595231779 0.1448926135420894 474
1757595231791 0.1445995918735407 475
1757595231803 0.1443093164723133 476
1757595231815 0.14402175870998724 477
1757595231827 0.14373689027174702 478
1757595231838 0.14345468315278503 479
1757595231850 0.14317510965474922 480
1757595231862 0.14289814238223494 481
1757595231873 0.14262375423931392 482
1757595231885 0.14235191842611267 483
1757595231897 0.14208260843542625 484
1757595231909 0.14181579804937208 485
1757595231921 0.14155146133609034 486
1757595231933 0.14128957264647668 487
1757595231945 0.14103010661095847 488
1757595231957 0.14077303813630945 489
1757595231969 0.14051834240249908 490
1757595231980 0.14026599485958474 491
1757595231992 0.1400159712246355 492
1757595232004 0.1397682474786999 493
1757595232016 0.13952279986379995 494
1757595232027 0.1392796048799697 495
1757595232040 0.13903863928232857 496
1757595232051 0.13879988007818264 497
1757595232066 0.13856330452416538 498
1757595232078 0.13832889012341593 499
