1757516784254 170.18837878562968 0
1757516784272 163.86311331860526 1
1757516784283 152.30623820223556 2
1757516784292 136.84687948547906 3
1757516784301 118.90064607027301 4
1757516784309 99.8430874931956 5
1757516784317 80.91070238038313 6
1757516784325 63.131585323428716 7
1757516784333 47.28519766116538 8
1757516784341 33.88867693066635 9
1757516784349 23.20561477766315 10
1757516784357 15.272333927669617 11
1757516784365 9.936337551580973 12
1757516784373 6.901712870251593 13
1757516784382 5.776748544534872 14
1757516784390 6.119766383768414 15
1757516784398 7.480066662276873 16
1757516784406 9.431845576393476 17
1757516784414 11.599879782881477 18
1757516784422 13.676620770748753 19
1757516784430 15.431054422211878 20
1757516784439 16.71023091146507 21
1757516784447 17.434746930105014 22
1757516784455 17.589670873580182 23
1757516784465 17.212458538648548 24
1757516784474 16.3793367746148 25
1757516784483 15.191464926392994 26
1757516784491 13.761950014586976 27
1757516784499 12.204521646428447 28
1757516784507 10.62439380827908 29
1757516784516 9.111575603177348 30
1757516784524 7.736658954871281 31
1757516784533 6.548919957077432 32
1757516784541 5.576428121781294 33
1757516784549 4.8277656259553 34
1757516784558 4.294914086131896 35
1757516784566 3.9568636531296284 36
1757516784575 3.783530515404822 37
1757516784584 3.739625359474137 38
1757516784592 3.7881878917910297 39
1757516784600 3.893582632505322 40
1757516784608 4.023831367379479 41
1757516784617 4.152231834630326 42
1757516784625 4.258275982344353 43
1757516784633 4.327931649482682 44
1757516784642 4.35338752486609 45
1757516784651 4.332382787497296 46
1757516784659 4.2672510693373695 47
1757516784667 4.163805235095975 48
1757516784676 4.030177359910624 49
1757516784684 3.8757098365181752 50
1757516784692 3.7099713651357558 51
1757516784701 3.541948061354805 52
1757516784709 3.3794370937723945 53
1757516784718 3.228649726460462 54
1757516784726 3.0940135071962893 55
1757516784735 2.9781502559296906 56
1757516784743 2.881997685438426 57
1757516784751 2.805037780222854 58
1757516784759 2.7455940401800576 59
1757516784769 2.701161735799183 60
1757516784777 2.668739683258087 61
1757516784786 2.6451379580678767 62
1757516784794 2.6272426824316337 63
1757516784802 2.6122258825983393 64
1757516784812 2.5976948718456607 65
1757516784820 2.581781260548347 66
1757516784829 2.5631742553493178 67
1757516784837 2.5411062468677246 68
1757516784845 2.515300780531863 69
1757516784854 2.4858939364475834 70
1757516784863 2.4533400631679223 71
1757516784871 2.4183119159489963 72
1757516784880 2.3816037652186384 73
1757516784889 2.344044190424739 74
1757516784898 2.3064232678494667 75
1757516784906 2.2694368798951143 76
1757516784915 2.2336490627832988 77
1757516784923 2.1994717740613505 78
1757516784932 2.16716026457614 79
1757516784940 2.1368214076892467 80
1757516784949 2.1084318649507363 81
1757516784958 2.0818628198512346 82
1757516784966 2.056908138774118 83
1757516784976 2.033313158889583 84
1757516784985 2.0108017901675126 85
1757516784993 1.989100188148075 86
1757516785002 1.9679558469330194 87
1757516785011 1.9471515287760184 88
1757516785019 1.9265139497174244 89
1757516785028 1.9059175540310043 90
1757516785037 1.885284019645249 91
1757516785046 1.8645783385389443 92
1757516785055 1.8438024155859478 93
1757516785064 1.8229871383855172 94
1757516785072 1.8021838057738102 95
1757516785081 1.7814556829339547 96
1757516785090 1.7608702958174365 97
1757516785098 1.7404929054437188 98
1757516785107 1.7203814298077649 99
1757516785116 1.7005829208151606 100
1757516785125 1.6811315656366381 101
1757516785134 1.6620480723481998 102
1757516785142 1.6433402215805057 103
1757516785151 1.6250043191009609 104
1757516785159 1.607027266391413 105
1757516785168 1.5893889732264468 106
1757516785177 1.572064862773522 107
1757516785186 1.5550282601102505 108
1757516785194 1.538252503604262 109
1757516785203 1.5217126701050223 110
1757516785211 1.5053868548987417 111
1757516785220 1.4892569923796404 112
1757516785229 1.4733092409343798 113
1757516785238 1.4575339841960493 114
1757516785247 1.4419255201113015 115
1757516785255 1.4264815194950986 116
1757516785264 1.4112023378611604 117
1757516785273 1.3960902596871274 118
1757516785282 1.3811487445274893 119
1757516785291 1.3663817312261977 120
1757516785300 1.3517930415467547 121
1757516785309 1.3373859092913083 122
1757516785318 1.3231626466346806 123
1757516785327 1.309124446866338 124
1757516785335 1.2952713126184483 125
1757516785344 1.2816020912682855 126
1757516785353 1.2681145945830936 127
1757516785362 1.2548057776505532 128
1757516785371 1.241671952373359 129
1757516785380 1.2287090128574134 130
1757516785389 1.2159126533944105 131
1757516785397 1.2032785639279495 132
1757516785406 1.19080259242878 133
1757516785415 1.178480868083096 134
1757516785424 1.166309883290975 135
1757516785434 1.1542865359458643 136
1757516785443 1.142408136175539 137
1757516785451 1.130672383610161 138
1757516785461 1.119077322318702 139
1757516785471 1.1076212808914014 140
1757516785501 1.096302804858386 141
1757516785514 1.085120587861272 142
1757516785523 1.0740734068860422 143
1757516785533 1.0631600655671645 144
1757516785542 1.0523793482185517 145
1757516785551 1.041729985948977 146
1757516785560 1.0312106350636272 147
1757516785569 1.0208198670006723 148
1757516785578 1.0105561683342559 149
1757516785587 1.000417948903062 150
1757516785596 0.990403555885253 151
1757516785605 0.9805112916102796 152
1757516785614 0.9707394330382434 153
1757516785623 0.9610862511061998 154
1757516785632 0.951550028492464 155
1757516785641 0.9421290747441413 156
1757516785650 0.9328217381106936 157
1757516785659 0.9236264137981343 158
1757516785668 0.914541548680675 159
1757516785677 0.9055656427652582 160
1757516785687 0.8966972478915929 161
1757516785696 0.8879349642658115 162
1757516785705 0.8792774354749182 163
1757516785714 0.8707233426199105 164
1757516785723 0.862271398151075 165
1757516785732 0.8539203398999933 166
1757516785742 0.8456689256951031 167
1757516785751 0.8375159288302116 168
1757516785760 0.8294601345409991 169
1757516785769 0.8215003375397675 170
1757516785778 0.813635340570496 171
1757516785788 0.8058639538773709 172
1757516785797 0.7981849954323824 173
1757516785806 0.7905972917406763 174
1757516785817 0.7830996790339629 175
1757516785827 0.7756910046698571 176
1757516785836 0.7683701285749479 177
1757516785845 0.7611359245971061 178
1757516785854 0.7539872816659446 179
1757516785863 0.7469231046939873 180
1757516785872 0.7399423151840622 181
1757516785882 0.7330438515374165 182
1757516785891 0.7262266690807986 183
1757516785900 0.7194897398488022 184
1757516785910 0.7128320521695172 185
1757516785919 0.7062526101072606 186
1757516785928 0.6997504328171467 187
1757516785938 0.6933245538624745 188
1757516785948 0.6869740205392179 189
1757516785959 0.6806978932432761 190
1757516785971 0.67449524490619 191
1757516785980 0.6683651605152345 192
1757516785990 0.6623067367246307 193
1757516785999 0.6563190815566857 194
1757516786009 0.6504013141852595 195
1757516786018 0.6445525647895008 196
1757516786028 0.6387719744629785 197
1757516786037 0.6330586951621525 198
1757516786046 0.6274118896784463 199
1757516786056 0.6218307316197049 200
1757516786065 0.6163144053888054 201
1757516786074 0.6108621061501406 202
1757516786084 0.6054730397774091 203
1757516786093 0.6001464227790841 204
1757516786103 0.5948814822004403 205
1757516786112 0.5896774555031219 206
1757516786122 0.5845335904250825 207
1757516786132 0.5794491448245593 208
1757516786141 0.5744233865127142 209
1757516786150 0.569455593079418 210
1757516786160 0.5645450517167302 211
1757516786169 0.559691059043847 212
1757516786178 0.554892920936831 213
1757516786188 0.5501499523653907 214
1757516786198 0.5454614772382959 215
1757516786207 0.5408268282581633 216
1757516786217 0.5362453467856194 217
1757516786226 0.5317163827122635 218
1757516786236 0.5272392943415144 219
1757516786246 0.5228134482760641 220
1757516786255 0.5184382193105301 221
1757516786264 0.5141129903279774 222
1757516786274 0.5098371521990057 223
1757516786284 0.505610103682285 224
1757516786294 0.5014312513257054 225
1757516786303 0.49730000936741864 226
1757516786313 0.49321579963649764 227
1757516786323 0.4891780514529454 228
1757516786332 0.4851862015271253 229
1757516786342 0.481239693858794 230
1757516786351 0.47733797963602465 231
1757516786361 0.473480517134341 232
1757516786371 0.4696667716164771 233
1757516786380 0.46589621523309904 234
1757516786390 0.4621683269248161 235
1757516786399 0.4584825923257661 236
1757516786409 0.4548385036689487 237
1757516786418 0.4512355596934529 238
1757516786428 0.44767326555361897 239
1757516786438 0.4441511327301637 240
1757516786448 0.44066867894316997 241
1757516786457 0.4372254280668839 242
1757516786467 0.4338209100461813 243
1757516786476 0.43045466081457173 244
1757516786487 0.427126222213609 245
1757516786496 0.42383514191357696 246
1757516786506 0.42058097333534533 247
1757516786516 0.41736327557328684 248
1757516786525 0.4141816133191948 249
1757516786535 0.4110355567871279 250
1757516786544 0.4079246816391924 251
1757516786554 0.4048485689121935 252
1757516786563 0.40180680494518745 253
1757516786573 0.3987989813079441 254
1757516786583 0.3958246947303107 255
1757516786593 0.39288354703252765 256
1757516786603 0.3899751450564899 257
1757516786613 0.38709910059798014 258
1757516786622 0.38425503033987785 259
1757516786632 0.38144255578635666 260
1757516786641 0.3786613031980681 261
1757516786651 0.37591090352830053 262
1757516786661 0.3731909923601004 263
1757516786670 0.37050120984435736 264
1757516786680 0.3678412006387918 265
1757516786690 0.3652106138478848 266
1757516786700 0.362609102963666 267
1757516786709 0.3600363258073728 268
1757516786719 0.3574919444719537 269
1757516786729 0.35497562526538246 270
1757516786739 0.3524870386547732 271
1757516786749 0.35002585921127516 272
1757516786759 0.34759176555574206 273
1757516786769 0.3451844403051344 274
1757516786779 0.342803570019692 275
1757516786789 0.34044884515081286 276
1757516786799 0.33811995998965205 277
1757516786809 0.3358166126164666 278
1757516786818 0.3335385048506206 279
1757516786828 0.3312853422013244 280
1757516786838 0.32905683381904377 281
1757516786848 0.32685269244759835 282
1757516786858 0.3246726343769397 283
1757516786868 0.32251637939657124 284
1757516786878 0.32038365074965774 285
1757516786888 0.3182741750877568 286
1757516786898 0.31618768242619294 287
1757516786908 0.3141239061000629 288
1757516786918 0.3120825827208547 289
1757516786928 0.310063452133676 290
1757516786938 0.3080662573750717 291
1757516786948 0.30609074463144376 292
1757516786958 0.30413666319803334 293
1757516786968 0.30220376543848215 294
1757516786978 0.3002918067449463 295
1757516786988 0.29840054549877165 296
1757516786998 0.29652974303169843 297
1757516787008 0.2946791635876113 298
1757516787018 0.2928485742848127 299
1757516787028 0.2910377450788126 300
1757516787038 0.2892464487256357 301
1757516787049 0.28747446074563104 302
1757516787059 0.28572155938777694 303
1757516787069 0.2839875255944781 304
1757516787079 0.28227214296684516 305
1757516787089 0.28057519773045714 306
1757516787100 0.27889647870158357 307
1757516787110 0.2772357772538731 308
1757516787120 0.27559288728550774 309
1757516787130 0.2739676051867866 310
1757516787140 0.27235972980817547 311
1757516787150 0.27076906242877735 312
1757516787160 0.2691954067252369 313
1757516787170 0.26763856874107517 314
1757516787180 0.26609835685642913 315
1757516787190 0.2645745817582155 316
1757516787200 0.26306705641069245 317
1757516787210 0.26157559602642444 318
1757516787220 0.26010001803763594 319
1757516787230 0.2586401420679609 320
1757516787240 0.2571957899045652 321
1757516787251 0.25576678547065645 322
1757516787261 0.25435295479835685 323
1757516787271 0.2529541260019438 324
1757516787281 0.2515701292514531 325
1757516787292 0.25020079674664036 326
1757516787302 0.2488459626912894 327
1757516787313 0.2475054632678638 328
1757516787323 0.24617913661250718 329
1757516787333 0.24486682279036912 330
1757516787344 0.24356836377127067 331
1757516787354 0.24228360340569874 332
1757516787364 0.24101238740110056 333
1757516787376 0.23975456329853165 334
1757516787386 0.23850998044958033 335
1757516787397 0.23727848999361942 336
1757516787407 0.23605994483536574 337
1757516787418 0.23485419962272316 338
1757516787428 0.23366111072492934 339
1757516787438 0.23248053621099662 340
1757516787449 0.23131233582843744 341
1757516787459 0.23015637098226657 342
1757516787469 0.2290125047142868 343
1757516787480 0.22788060168265814 344
1757516787491 0.22676052814171957 345
1757516787501 0.22565215192209095 346
1757516787511 0.2245553424110348 347
1757516787522 0.22346997053308051 348
1757516787532 0.22239590873090267 349
1757516787543 0.2213330309464406 350
1757516787554 0.2202812126022946 351
1757516787565 0.21924033058333373 352
1757516787575 0.2182102632185752 353
1757516787585 0.21719089026327962 354
1757516787596 0.2161820928812954 355
1757516787606 0.21518375362763403 356
1757516787617 0.21419575643126273 357
1757516787627 0.21321798657813756 358
1757516787637 0.21225033069444815 359
1757516787648 0.21129267673008745 360
1757516787659 0.21034491394233573 361
1757516787669 0.20940693287975695 362
1757516787679 0.20847862536630646 363
1757516787690 0.20755988448564638 364
1757516787701 0.2066506045656634 365
1757516787711 0.20575068116319165 366
1757516787722 0.20486001104893226 367
1757516787733 0.2039784921925665 368
1757516787744 0.2031060237480687 369
1757516787755 0.20224250603920482 370
1757516787765 0.2013878405452149 371
1757516787776 0.20054192988669994 372
1757516787786 0.19970467781166112 373
1757516787797 0.19887598918175142 374
1757516787808 0.1980557699586814 375
1757516787819 0.19724392719081085 376
1757516787829 0.19644036899991557 377
1757516787840 0.19564500456812023 378
1757516787851 0.19485774412499332 379
1757516787861 0.1940784989348294 380
1757516787872 0.19330718128406799 381
1757516787882 0.19254370446889485 382
1757516787893 0.19178798278299386 383
1757516787903 0.19103993150545523 384
1757516787914 0.19029946688884342 385
1757516787925 0.18956650614741247 386
1757516787935 0.18884096744547876 387
1757516787946 0.1881227698859348 388
1757516787956 0.18741183349891963 389
1757516787967 0.18670807923061933 390
1757516787978 0.18601142893222783 391
1757516787988 0.18532180534903733 392
1757516787999 0.18463913210966962 393
1757516788010 0.18396333371544502 394
1757516788021 0.18329433552988694 395
1757516788031 0.18263206376836286 396
1757516788042 0.1819764454878485 397
1757516788052 0.1813274085768324 398
1757516788063 0.18068488174534203 399
1757516788074 0.18004879451509434 400
1757516788084 0.17941907720977954 401
1757516788095 0.17879566094545896 402
1757516788106 0.17817847762108963 403
1757516788117 0.17756745990916442 404
1757516788129 0.17696254124647956 405
1757516788140 0.17636365582500413 406
1757516788151 0.17577073858287573 407
1757516788162 0.17518372519550784 408
1757516788172 0.17460255206680692 409
1757516788183 0.1740271563204979 410
1757516788194 0.17345747579156356 411
1757516788205 0.17289344901778894 412
1757516788216 0.172335015231413 413
1757516788227 0.17178211435088328 414
1757516788238 0.17123468697271454 415
1757516788249 0.17069267436344798 416
1757516788260 0.1701560184517158 417
1757516788270 0.16962466182040087 418
1757516788281 0.16909854769889132 419
1757516788292 0.1685776199554421 420
1757516788303 0.16806182308961864 421
1757516788314 0.16755110222484534 422
1757516788325 0.1670454031010456 423
1757516788336 0.16654467206735973 424
1757516788347 0.16604885607498016 425
1757516788358 0.16555790267004677 426
1757516788369 0.1650717599866491 427
1757516788380 0.1645903767399111 428
1757516788390 0.1641137022191565 429
1757516788401 0.16364168628116676 430
1757516788413 0.16317427934351506 431
1757516788424 0.1627114323779911 432
1757516788435 0.16225309690409367 433
1757516788445 0.1617992249826242 434
1757516788456 0.16134976920933228 435
1757516788467 0.16090468270867372 436
1757516788478 0.1604639191276069 437
1757516788489 0.1600274326294994 438
1757516788500 0.1595951778880886 439
1757516788511 0.1591671100815272 440
1757516788525 0.15874318488649308 441
1757516788537 0.15832335847238294 442
1757516788547 0.15790758749556474 443
1757516788559 0.15749582909371007 444
1757516788570 0.1570880408801929 445
1757516788581 0.15668418093855577 446
1757516788592 0.1562842078170441 447
1757516788603 0.15588808052320774 448
1757516788614 0.15549575851857092 449
1757516788625 0.15510720171336081 450
1757516788636 0.15472237046131068 451
1757516788647 0.154341225554512 452
1757516788659 0.15396372821834647 453
1757516788669 0.15358984010646645 454
1757516788680 0.15321952329583763 455
1757516788691 0.15285274028185428 456
1757516788702 0.15248945397349628 457
1757516788714 0.15212962768855895 458
1757516788725 0.15177322514893282 459
1757516788736 0.15142021047594345 460
1757516788747 0.1510705481857508 461
1757516788759 0.1507242031847938 462
1757516788769 0.15038114076530903 463
1757516788781 0.15004132660087868 464
1757516788792 0.14970472674205418 465
1757516788804 0.14937130761202344 466
1757516788816 0.14904103600232735 467
1757516788826 0.1487138790686335 468
1757516788837 0.14838980432656185 469
1757516788848 0.1480687796475524 470
1757516788860 0.14775077325479233 471
1757516788871 0.14743575371918646 472
1757516788882 0.1471236899553778 473
1757516788893 0.14681455121781375 474
1757516788904 0.14650830709686546 475
1757516788915 0.14620492751498593 476
1757516788927 0.14590438272292064 477
1757516788939 0.14560664329595807 478
1757516788950 0.1453116801302313 479
1757516788961 0.14501946443905905 480
1757516788973 0.14472996774933058 481
1757516788984 0.14444316189793865 482
1757516788995 0.14415901902824826 483
1757516789007 0.14387751158661202 484
1757516789018 0.143598612318928 485
1757516789030 0.143322294267235 486
1757516789041 0.14304853076634666 487
1757516789055 0.14277729544053588 488
1757516789067 0.14250856220024655 489
1757516789078 0.14224230523885303 490
1757516789090 0.14197849902945112 491
1757516789101 0.1417171183216923 492
1757516789113 0.14145813813865632 493
1757516789124 0.14120153377375436 494
1757516789136 0.14094728078767763 495
1757516789147 0.1406953550053732 496
1757516789158 0.14044573251306278 497
1757516789170 0.1401983896552943 498
1757516789181 0.13995330303202555 499
