1757518070420 127.23582451505077 0
1757518070429 97.42630464026887 1
1757518070438 64.07718801093466 2
1757518070447 50.07112542308821 3
1757518070457 30.485533239472318 4
1757518070466 26.66266541220632 5
1757518070475 23.994085437064843 6
1757518070484 13.774728722851444 7
1757518070494 19.108915145109815 8
1757518070503 16.87055187605534 9
1757518070512 10.10874047912442 10
1757518070521 12.493841571754691 11
1757518070531 4.500278796599209 12
1757518070540 8.54476497131432 13
1757518070549 6.502448623490823 14
1757518070558 4.258426917121511 15
1757518070568 3.2341718520678513 16
1757518070577 6.4428649104496465 17
1757518070586 3.7231273123655395 18
1757518070595 3.820769832144444 19
1757518070604 6.25577963741382 20
1757518070614 5.620360013743854 21
1757518070623 4.515716400177365 22
1757518070634 4.544151701015908 23
1757518070643 5.9022064120035855 24
1757518070653 3.2522840461080147 25
1757518070662 3.386005147652346 26
1757518070672 3.331698846516437 27
1757518070681 3.356038986658365 28
1757518070690 0.5794665658514642 29
1757518070699 3.656601962766207 30
1757518070708 3.930479388348492 31
1757518070718 4.521846644946859 32
1757518070727 4.422235426371173 33
1757518070736 4.417868385727117 34
1757518070745 2.7825816368344407 35
1757518070754 1.2301963142889814 36
1757518070764 6.3509415930799245 37
1757518070773 2.1008058965896157 38
1757518070782 3.5809966088603447 39
1757518070792 4.215549650486983 40
1757518070801 3.2220674391142894 41
1757518070810 3.9117487909851416 42
1757518070820 6.023929275882183 43
1757518070830 2.8371273335021727 44
1757518070839 2.4442695587523553 45
1757518070849 5.306907609185919 46
1757518070858 5.167968526894504 47
1757518070867 3.1396092457885767 48
1757518070877 2.5812227993720587 49
1757518070886 5.218106609236832 50
1757518070896 1.2117893908876827 51
1757518070905 3.2765603037039392 52
1757518070915 2.1600686882023794 53
1757518070924 2.3857251281709373 54
1757518070934 1.9143152933646124 55
1757518070943 1.52101409479162 56
1757518070953 1.0886831533987646 57
1757518070962 2.8297482363259236 58
1757518070972 1.6632646267203157 59
1757518070981 3.663431908770582 60
1757518070991 2.011683616983646 61
1757518071000 2.3632847247370807 62
1757518071010 3.35739215861589 63
1757518071019 2.3681292498488333 64
1757518071029 3.106170976053024 65
1757518071039 2.022391501593679 66
1757518071048 2.0789559617332283 67
1757518071058 0.9937427830346627 68
1757518071067 2.708263039350947 69
1757518071077 2.137498050781904 70
1757518071086 1.6758694467187647 71
1757518071096 2.824568346310334 72
1757518071105 1.8978189674451735 73
1757518071115 1.5334034206489333 74
1757518071125 1.6162554250156458 75
1757518071134 1.4021882944009518 76
1757518071144 2.685629813354586 77
1757518071154 4.632254499017589 78
1757518071163 2.384745004043998 79
1757518071173 2.341199965700738 80
1757518071183 1.4249159542060001 81
1757518071192 1.3668057931858069 82
1757518071202 3.2185682420889283 83
1757518071212 3.7828184944978944 84
1757518071221 2.532714937839401 85
1757518071231 1.5993426635321866 86
1757518071241 0.6145697495551222 87
1757518071250 2.343889415670885 88
1757518071260 1.8709341361169476 89
1757518071270 1.2640697935768903 90
1757518071279 1.4911162862366099 91
1757518071289 2.3666782637389883 92
1757518071299 1.6969342622874728 93
1757518071308 2.778650627242004 94
1757518071318 2.1226566286874764 95
1757518071328 1.6455133507838424 96
1757518071337 1.2472823177681127 97
1757518071347 0.6166315701867544 98
1757518071357 1.2985975508235725 99
1757518071367 1.7886546207745084 100
1757518071377 1.707379159154842 101
1757518071386 2.638960770818983 102
1757518071396 1.0148292720577028 103
1757518071406 1.2336895701302064 104
1757518071415 1.2077704094301538 105
1757518071425 0.8606275221371241 106
1757518071435 1.3168434570457108 107
1757518071445 2.026711236801989 108
1757518071454 0.9228676590841243 109
1757518071464 1.6014479096188803 110
1757518071474 0.4998264508427265 111
1757518071484 1.3527559497506598 112
1757518071494 1.034543230646501 113
1757518071504 1.928987809472645 114
1757518071514 1.2350931919908785 115
1757518071524 1.737140438870142 116
1757518071533 2.4474192319334462 117
1757518071544 1.9663403976690657 118
1757518071553 1.9923467080843147 119
1757518071563 1.6752532185470665 120
1757518071573 1.6158995600028585 121
1757518071583 0.9251790254665408 122
1757518071593 0.7485066052909726 123
1757518071603 2.1843697914626654 124
1757518071613 1.5150612795787524 125
1757518071623 2.3789725405001865 126
1757518071633 1.8082332555371428 127
1757518071658 1.4423708488007918 128
1757518071673 1.1416683559915894 129
1757518071684 0.8907389915667809 130
1757518071695 1.5323500961744183 131
1757518071706 1.1833327835673282 132
1757518071716 0.7797533559755788 133
1757518071727 1.005720481868442 134
1757518071737 0.8924771850218391 135
1757518071748 1.309777068506802 136
1757518071758 1.0918591367403538 137
1757518071769 1.4666725764040691 138
1757518071780 1.1993286157254726 139
1757518071790 1.2144508772945597 140
1757518071800 0.8520689253418897 141
1757518071810 1.3961295334357071 142
1757518071820 1.050640888847387 143
1757518071830 1.3189840343812402 144
1757518071841 1.7340861608774785 145
1757518071851 0.6980955161427547 146
1757518071861 1.372733155327264 147
1757518071872 0.7482765602590342 148
1757518071882 1.4006683386143706 149
1757518071892 0.7636315223623994 150
1757518071902 1.0295594067090281 151
1757518071912 0.6248755471365133 152
1757518071922 0.9722890783751034 153
1757518071932 0.9752076032509043 154
1757518071943 1.3432957196712032 155
1757518071953 1.1237164305989276 156
1757518071963 1.2788448781063346 157
1757518071973 0.926705824329356 158
1757518071983 0.6905969349470473 159
1757518071994 1.258092176135284 160
1757518072004 0.9169867052541302 161
1757518072014 1.2908899607496098 162
1757518072024 0.7421631605031702 163
1757518072035 0.5485129216410818 164
1757518072045 1.2418405536520103 165
1757518072056 0.5928697239098055 166
1757518072066 1.2413991451547908 167
1757518072076 0.8974643013716084 168
1757518072086 0.5300141294098971 169
1757518072096 0.6128860277469192 170
1757518072107 0.4286550478358342 171
1757518072117 0.3043628467265638 172
1757518072127 0.8704879608507136 173
1757518072138 1.2217350508780034 174
1757518072148 0.7411461241765154 175
1757518072158 0.6181375226818138 176
1757518072169 1.1416382000768908 177
1757518072179 0.707533282066299 178
1757518072189 0.9607489876713804 179
1757518072199 1.2632111664903043 180
1757518072210 0.678040787056759 181
1757518072220 0.874983804109805 182
1757518072230 0.8793450010326258 183
1757518072240 1.5184024687950368 184
1757518072251 1.2309472991996078 185
1757518072261 1.2781449803327407 186
1757518072271 0.46080748396187887 187
1757518072282 1.210000090434645 188
1757518072292 0.6537437891839529 189
1757518072302 0.9575600799151673 190
1757518072316 1.0536379275370293 191
1757518072327 1.1391286454672367 192
1757518072337 0.8819189972964585 193
1757518072348 0.7827164762068587 194
1757518072358 1.3062549494743825 195
1757518072368 0.5443260888951011 196
1757518072378 1.3371821666579584 197
1757518072389 1.4225649134662415 198
1757518072399 0.551867571648751 199
1757518072410 0.5247895374119584 200
1757518072420 0.7181426794454691 201
1757518072431 0.9862149876782746 202
1757518072441 1.042837453878885 203
1757518072452 0.606137666393505 204
1757518072462 0.7713882489822607 205
1757518072472 0.546585333520848 206
1757518072483 0.6133983552144303 207
1757518072493 0.6566557606109499 208
1757518072504 0.4953061372579337 209
1757518072514 0.43765481310725585 210
1757518072525 1.2081290957210766 211
1757518072535 0.22389629067724337 212
1757518072546 0.6257767998119084 213
1757518072557 0.7984360688425196 214
1757518072567 0.5229677819265506 215
1757518072578 1.1189770309202374 216
1757518072588 0.38431483770354985 217
1757518072599 1.1559800874428072 218
1757518072609 0.40985616995171154 219
1757518072620 0.47182098960712976 220
1757518072631 0.8418132056762414 221
1757518072641 0.4218098299784123 222
1757518072652 0.5066782516270678 223
1757518072663 0.40633678063148754 224
1757518072673 0.5474369396148991 225
1757518072684 0.4892453033502087 226
1757518072695 0.5658996226573796 227
1757518072705 0.7618948007442986 228
1757518072716 0.9085890615592394 229
1757518072726 0.5127225247389792 230
1757518072737 0.7511091034066831 231
1757518072748 1.3273713250091506 232
1757518072759 0.41575876617680607 233
1757518072770 0.9309966997847509 234
1757518072781 0.40613927554092866 235
1757518072791 1.108402242228567 236
1757518072802 0.2146576655744558 237
1757518072813 0.5991684954981188 238
1757518072823 0.5900557101184624 239
1757518072834 0.19635082805721632 240
1757518072844 0.31629852854583596 241
1757518072855 0.3606758890018021 242
1757518072866 0.6016264951814486 243
1757518072876 0.8636896660295555 244
1757518072887 1.0132483238502978 245
1757518072898 0.602681314297071 246
1757518072909 0.43236468313420134 247
1757518072920 0.7553291536346868 248
1757518072930 0.5823886545580895 249
1757518072941 0.3271141842641085 250
1757518072952 0.5892747538551409 251
1757518072963 0.6710126664597733 252
1757518072974 0.6760541486440068 253
1757518072984 0.7675568235618082 254
1757518072995 0.41805314926394166 255
1757518073006 0.4004977350321079 256
1757518073017 0.44228666620247253 257
1757518073028 0.36585517076876667 258
1757518073039 0.45489154800108444 259
1757518073050 0.4712807199518833 260
1757518073061 0.5890538872002558 261
1757518073072 0.6212593499310256 262
1757518073083 0.5669060291234598 263
1757518073094 0.6509832207114372 264
1757518073105 0.7445883688883375 265
1757518073116 0.3327422333664193 266
1757518073127 0.7929941615245922 267
1757518073137 0.2968309011486588 268
1757518073148 0.29606888706936646 269
1757518073159 0.20063184577809512 270
1757518073172 0.6080256811891124 271
1757518073184 0.5278684500374146 272
1757518073197 0.5017746549238234 273
1757518073212 0.44955673942481617 274
1757518073224 0.3484938711866963 275
1757518073235 0.6337249644043472 276
1757518073246 0.3423460729641458 277
1757518073260 0.524250454067467 278
1757518073271 0.4766944544384524 279
1757518073282 0.26585099582706634 280
1757518073293 0.3645244600658695 281
1757518073304 0.45303644372737234 282
1757518073315 0.2071994127464941 283
1757518073326 0.43646124667359676 284
1757518073337 0.7183013037947319 285
1757518073348 0.3414012104292184 286
1757518073359 0.24755063853389392 287
1757518073370 0.35116271441790686 288
1757518073381 0.16085469754559945 289
1757518073392 0.7221342049308243 290
1757518073403 0.3939853342971934 291
1757518073414 0.17560438707491544 292
1757518073424 0.30106171623205535 293
1757518073435 0.31347260795089293 294
1757518073446 0.41262050619199697 295
1757518073457 0.6978299628065423 296
1757518073468 0.30307167986386646 297
1757518073479 0.5092506503957094 298
1757518073490 0.1801385618279091 299
1757518073502 0.5325195305258994 300
1757518073513 0.497347567671538 301
1757518073524 0.38098407485290225 302
1757518073535 0.4998872045430801 303
1757518073547 0.4643427617748165 304
1757518073558 0.21193462285720596 305
1757518073569 0.2004058741689272 306
1757518073580 0.175314828872937 307
1757518073591 0.3351094448312854 308
1757518073602 0.22547632639707216 309
1757518073614 0.5119853623868545 310
1757518073625 0.4440936691218341 311
1757518073636 0.13697592182152096 312
1757518073647 0.21382678773188948 313
1757518073658 0.48483018411580525 314
1757518073670 0.36336536699169725 315
1757518073681 0.4713376415493145 316
1757518073692 0.27068773442539645 317
1757518073703 0.17464560566473886 318
1757518073714 0.25105339394021425 319
1757518073726 0.3345607566389198 320
1757518073737 0.49349547027549673 321
1757518073748 0.7001571622537734 322
1757518073759 0.4831210999411192 323
1757518073771 0.31558055469393403 324
1757518073783 0.23476365209761654 325
1757518073794 0.33877700073750033 326
1757518073806 0.3988115737023381 327
1757518073818 0.4076568261928017 328
1757518073829 0.30488399358554047 329
1757518073840 0.28910858080429275 330
1757518073852 0.32055977199226116 331
1757518073863 0.32184668408265976 332
1757518073875 0.18499517149062933 333
1757518073886 0.22244240181119382 334
1757518073898 0.3344822231249878 335
1757518073909 0.48393294665210385 336
1757518073921 0.2015652470920148 337
1757518073932 0.34300653062174646 338
1757518073943 0.3939814434435197 339
1757518073955 0.4710572353413576 340
1757518073966 0.23510408349740053 341
1757518073978 0.23024044203340283 342
1757518073989 0.23467086568701417 343
1757518074000 0.35913844558372016 344
1757518074012 0.30260761269417724 345
1757518074023 0.2275967455685505 346
1757518074035 0.44198999392081517 347
1757518074046 0.3465756738542285 348
1757518074057 0.29916988007065615 349
1757518074069 0.12554725570544634 350
1757518074081 0.3685311536387666 351
1757518074092 0.23169375411681556 352
1757518074104 0.346481844848385 353
1757518074115 0.32120463280713496 354
1757518074127 0.2041139976665878 355
1757518074138 0.3951262154192793 356
1757518074150 0.136474320942828 357
1757518074161 0.2895264662445002 358
1757518074173 0.23379209968811748 359
1757518074184 0.26895630920889946 360
1757518074195 0.34653825720656706 361
1757518074207 0.453495854024909 362
1757518074219 0.22774926196146747 363
1757518074230 0.4266478064159936 364
1757518074241 0.20803742223509528 365
1757518074253 0.24896100580573519 366
1757518074264 0.15634499552529008 367
1757518074276 0.3592064932282459 368
1757518074288 0.31666555748561986 369
1757518074299 0.20518550983015943 370
1757518074311 0.3876514660610053 371
1757518074323 0.4565704604418139 372
1757518074334 0.3012573070211273 373
1757518074346 0.3275670496773252 374
1757518074358 0.17267657663083155 375
1757518074371 0.18616263797923244 376
1757518074384 0.37830810160057654 377
1757518074396 0.16600233196372916 378
1757518074409 0.25946962244501465 379
1757518074422 0.2738460338390392 380
1757518074433 0.3590838484738106 381
1757518074445 0.29077940492433885 382
1757518074457 0.13372857646629918 383
1757518074469 0.39579176865708876 384
1757518074481 0.3619781054156852 385
1757518074492 0.31023161121468973 386
1757518074505 0.2813139172050971 387
1757518074516 0.2396717893882945 388
1757518074528 0.1901525540583941 389
1757518074540 0.17172544281122912 390
1757518074551 0.14386928166398952 391
1757518074563 0.21810634690397804 392
1757518074575 0.43884600252211203 393
1757518074588 0.16078813110017404 394
1757518074600 0.15459122650938636 395
1757518074612 0.44324898244243066 396
1757518074624 0.22788971189250595 397
1757518074635 0.1374200497761876 398
1757518074647 0.28226091155616445 399
1757518074659 0.23545548814152367 400
1757518074671 0.2463373985654689 401
1757518074682 0.22892083220607007 402
1757518074694 0.27338447879658295 403
1757518074706 0.24330039204394874 404
1757518074718 0.2059292946260572 405
1757518074730 0.3822030486848476 406
1757518074751 0.29135432830448 407
1757518074766 0.23124411616855234 408
1757518074777 0.24101977696431082 409
1757518074789 0.16073343479750807 410
1757518074801 0.16588768172406845 411
1757518074813 0.2391761286088978 412
1757518074825 0.3159403098741226 413
1757518074837 0.2833483990229952 414
1757518074849 0.2197135887758349 415
1757518074861 0.1587276452828743 416
1757518074873 0.16695627275741984 417
1757518074885 0.08033409927876901 418
1757518074896 0.27167056770009707 419
1757518074908 0.2607099560501711 420
1757518074920 0.18521870368301158 421
1757518074932 0.16833620912500258 422
1757518074944 0.11792302767565485 423
1757518074955 0.12517215562748094 424
1757518074967 0.1832464537633063 425
1757518074979 0.2169236199114981 426
1757518074991 0.15226554539985773 427
1757518075002 0.2867526524077801 428
1757518075014 0.12964116787466823 429
1757518075026 0.212726243712777 430
1757518075038 0.2156965403820449 431
1757518075050 0.13894969421328404 432
1757518075062 0.2725093316681252 433
1757518075074 0.20510492378584505 434
1757518075086 0.21329031815626376 435
1757518075098 0.2003677083828128 436
1757518075110 0.20971267705895916 437
1757518075122 0.16730840330308266 438
1757518075134 0.1734765190979578 439
1757518075146 0.31928805206032257 440
1757518075158 0.1915116522005876 441
1757518075170 0.13224928549500145 442
1757518075182 0.11956684425439328 443
1757518075194 0.3222457057739248 444
1757518075206 0.16811549764182984 445
1757518075218 0.1848864322953499 446
1757518075230 0.1499556049118554 447
1757518075241 0.08691670742514664 448
1757518075253 0.13945379996997123 449
1757518075265 0.1789744709238427 450
1757518075277 0.09010615200451857 451
1757518075289 0.17763098489799442 452
1757518075301 0.2785546453168865 453
1757518075313 0.29974106686467294 454
1757518075325 0.1813194695366371 455
1757518075337 0.18930570880356568 456
1757518075349 0.1696770599776919 457
1757518075361 0.1905869079159527 458
1757518075373 0.1747071750295611 459
1757518075385 0.21406602172218975 460
1757518075397 0.14402793910671138 461
1757518075409 0.23830021352199945 462
1757518075427 0.16380035768466128 463
1757518075463 0.1574883953824303 464
1757518075508 0.08204923485893369 465
1757518075530 0.1087785334043423 466
1757518075554 0.09797644061662754 467
1757518075586 0.21381886055034496 468
1757518075605 0.31564226257924005 469
1757518075639 0.23193150950150865 470
1757518075660 0.31284579202681223 471
1757518075674 0.25032392213304094 472
1757518075693 0.15005883684919588 473
1757518075706 0.12731868518124942 474
1757518075721 0.12359206507623548 475
1757518075737 0.12678587560932097 476
1757518075751 0.1593538052234213 477
1757518075765 0.2143052694810777 478
1757518075779 0.2599611940118661 479
1757518075797 0.1243853952562601 480
1757518075813 0.1730591759427877 481
1757518075826 0.19362170319718713 482
1757518075840 0.18961170993117946 483
1757518075853 0.1958806868831531 484
1757518075866 0.14250510401333516 485
1757518075884 0.2168683993691744 486
1757518075898 0.1636471533682084 487
1757518075912 0.3958163939338866 488
1757518075925 0.11442368201630182 489
1757518075939 0.1228152825076782 490
1757518075959 0.05739510634055197 491
1757518075973 0.30564191012622743 492
1757518075989 0.30896393536407674 493
1757518076003 0.10697822442457756 494
1757518076016 0.18862281949125514 495
1757518076031 0.3848810266892432 496
1757518076049 0.19706121520200012 497
1757518076063 0.17453719770080806 498
1757518076077 0.1620223480100808 499
