1757517979697 4.594448504477612 0
1757517979707 2.5940258864485286 1
1757517979716 2.5589047175495185 2
1757517979726 4.66085938659267 3
1757517979735 5.074235666841965 4
1757517979744 4.352868081869849 5
1757517979754 2.7374381521283007 6
1757517979763 1.7667795625893006 7
1757517979772 0.8785355577981302 8
1757517979781 1.5510025289047689 9
1757517979791 1.8636048932627756 10
1757517979800 1.7747739326038074 11
1757517979810 1.8526618821295988 12
1757517979819 1.1581331298890114 13
1757517979828 0.600001207790469 14
1757517979839 0.5592392452883382 15
1757517979849 0.5081963799908354 16
1757517979858 0.5129569206595793 17
1757517979867 0.6005670867361925 18
1757517979877 0.9941914968510908 19
1757517979887 2.7413329922159098 20
1757517979898 0.7656356220372389 21
1757517979908 0.9489109602173492 22
1757517979917 0.8086943820245814 23
1757517979927 0.3591465184124565 24
1757517979937 0.5295695460649708 25
1757517979946 0.2777766362301634 26
1757517979955 0.6755260573905628 27
1757517979965 0.28577196834437024 28
1757517979974 0.33155938761807385 29
1757517979984 0.5452333228039263 30
1757517979993 0.25744084262886385 31
1757517980003 0.4807597618749994 32
1757517980012 0.2339592021097379 33
1757517980022 0.5643714828269784 34
1757517980031 0.308686431746459 35
1757517980041 0.33230789616322803 36
1757517980051 0.3881084885054876 37
1757517980060 0.3615173233735875 38
1757517980069 0.2640136948714711 39
1757517980079 0.09308877006890068 40
1757517980088 0.30354384658329076 41
1757517980098 0.19149723864752494 42
1757517980108 0.2965470540580071 43
1757517980118 0.1374933910527931 44
1757517980128 0.25292501779372445 45
1757517980137 0.19769004538482912 46
1757517980147 0.11507464978211004 47
1757517980157 0.09625086719059003 48
1757517980166 0.10921682109176532 49
1757517980175 0.12466576225208505 50
1757517980185 0.10589256194322053 51
1757517980194 0.1436603828264708 52
1757517980204 0.07684304078419013 53
1757517980214 0.09164657478047904 54
1757517980223 0.8770915813764232 55
1757517980233 0.0942481271035524 56
1757517980243 0.1972443990180359 57
1757517980255 0.10767239660482318 58
1757517980265 0.12785913298101798 59
1757517980274 0.05755441169825956 60
1757517980284 0.07677223127254723 61
1757517980293 0.06886915655696776 62
1757517980303 0.09018402748303374 63
1757517980312 0.13753648440742527 64
1757517980322 0.13922924867746192 65
1757517980332 0.13941227446062138 66
1757517980341 0.12267122254485102 67
1757517980351 0.10513211432814659 68
1757517980361 0.08932263986558715 69
1757517980370 0.11206313372898519 70
1757517980380 0.13161738407486356 71
1757517980390 0.07313900902412675 72
1757517980400 0.12620612233894496 73
1757517980409 0.08180920142049866 74
1757517980419 0.09808893075199548 75
1757517980429 0.2049961752380594 76
1757517980438 0.08293761910344924 77
1757517980448 0.09238793763027447 78
1757517980458 0.07565453953068295 79
1757517980468 0.17763930908319164 80
1757517980477 0.12339451114108897 81
1757517980487 0.24821674862188195 82
1757517980497 0.12060926088978711 83
1757517980507 0.10397117826733791 84
1757517980517 0.08046608706934943 85
1757517980527 0.19505875497337058 86
1757517980536 0.06831439269801694 87
1757517980546 0.20573145844545118 88
1757517980556 0.09431477594302726 89
1757517980566 0.13132138817659303 90
1757517980575 0.09835045981511788 91
1757517980585 0.09473351313813604 92
1757517980595 0.085418782751767 93
1757517980605 0.15701062865681384 94
1757517980615 0.11974652648739109 95
1757517980625 0.187924258167895 96
1757517980634 0.12211278821185444 97
1757517980644 0.055181782385235884 98
1757517980654 0.09887822597031955 99
1757517980664 0.09902437674486284 100
1757517980674 0.15889829217219234 101
1757517980683 0.09310961270330768 102
1757517980693 0.09651427747550417 103
1757517980703 0.11755643490263357 104
1757517980713 0.08928725294666819 105
1757517980723 0.08781390252187708 106
1757517980733 0.06443008481703719 107
1757517980743 0.06089421095562714 108
1757517980753 0.10606656367069436 109
1757517980763 0.11897921646154196 110
1757517980773 0.07738791912560815 111
1757517980783 0.11136407030452652 112
1757517980793 0.07339457446800599 113
1757517980803 0.10644096856259236 114
1757517980814 0.09337446269072937 115
1757517980824 0.10606425786493147 116
1757517980834 0.07242061417590757 117
1757517980844 0.10398203814266772 118
1757517980854 0.0904855725302308 119
1757517980864 0.10139439422288404 120
1757517980874 0.0898112370513933 121
1757517980885 0.2463262499947821 122
1757517980895 0.10762477599631264 123
1757517980905 0.0827430684568048 124
1757517980916 0.09019451947017565 125
1757517980926 0.13536156954414183 126
1757517980936 0.12068271823766061 127
1757517980946 0.09603097444385228 128
1757517980956 0.1448500888286428 129
1757517980966 0.1374859403977018 130
1757517980976 0.05960687835089552 131
1757517980986 0.08979041341067322 132
1757517980996 0.10683202559798845 133
1757517981022 0.10529806731807159 134
1757517981032 0.11025073395104366 135
1757517981043 0.0857160637828391 136
1757517981053 0.11220714338129281 137
1757517981063 0.07816648824927305 138
1757517981074 0.0660204702202867 139
1757517981085 0.09570872537959095 140
1757517981095 0.07685247274926825 141
1757517981105 0.10151806410453207 142
1757517981115 0.13285002859256537 143
1757517981126 0.0725978260650411 144
1757517981136 0.12135660785924342 145
1757517981146 0.15794966071704805 146
1757517981156 0.08633386643893375 147
1757517981166 0.17729307277657252 148
1757517981176 0.1833410880780719 149
1757517981186 0.11365277119736876 150
1757517981197 0.16442810944228226 151
1757517981207 0.07231206097139642 152
1757517981217 0.08307370667929419 153
1757517981228 0.09836757534083711 154
1757517981238 0.09244969102388077 155
1757517981248 0.1294032184280406 156
1757517981258 0.10605056186153704 157
1757517981268 0.09367191558752734 158
1757517981279 0.16170248428366898 159
1757517981289 0.06578490097403199 160
1757517981299 0.08203513678171409 161
1757517981310 0.08826945277942659 162
1757517981320 0.15983907422878782 163
1757517981330 0.15808188964041978 164
1757517981340 0.092005075013358 165
1757517981351 0.08398119294946862 166
1757517981361 0.12300342375293558 167
1757517981371 0.07727071285888627 168
1757517981381 0.11730410730947957 169
1757517981392 0.04023475299787006 170
1757517981402 0.11405606261726656 171
1757517981412 0.081245419030175 172
1757517981423 0.0898411102873265 173
1757517981433 0.10402791719754848 174
1757517981443 0.08718309323767022 175
1757517981453 0.12654184538614557 176
1757517981463 0.11002502535275958 177
1757517981474 0.0825454810733642 178
1757517981484 0.15987006918739066 179
1757517981495 0.06603881702590945 180
1757517981506 0.1469906491804232 181
1757517981517 0.07278919605044586 182
1757517981527 0.1008213166396048 183
1757517981537 0.04738916538227433 184
1757517981548 0.10339239558481497 185
1757517981558 0.11378142157887622 186
1757517981568 0.0904864245317632 187
1757517981579 0.11515772505096297 188
1757517981589 0.10654547059302348 189
1757517981599 0.131554666593134 190
1757517981609 0.06796616927162044 191
1757517981620 0.06194414181876112 192
1757517981631 0.09567772667370793 193
1757517981641 0.10562204849409212 194
