1757594462350 167.45881269402952 0
1757594462358 161.246872052167 1
1757594462367 149.89530095979512 2
1757594462375 134.70670961801682 3
1757594462385 117.06853157034338 4
1757594462393 98.3294730535042 5
1757594462401 79.70281617320167 6
1757594462409 62.19858366904783 7
1757594462418 46.58405725873414 8
1757594462426 33.37014036770616 9
1757594462434 22.819620574004492 10
1757594462442 14.972516669162266 11
1757594462450 9.683347293884411 12
1757594462459 6.665259309275423 13
1757594462467 5.5364115887315934 14
1757594462475 5.86472206755283 15
1757594462483 7.207951352782816 16
1757594462492 9.147021509105468 17
1757594462500 11.31137364569645 18
1757594462509 13.39598923065958 19
1757594462517 15.170392535610548 20
1757594462525 16.480488311476055 21
1757594462534 17.244459484613575 22
1757594462543 17.44415840744583 23
1757594462551 17.11348734476228 24
1757594462560 16.32520275944827 25
1757594462568 15.177421644512732 26
1757594462576 13.780886437217733 27
1757594462585 12.247786940447718 28
1757594462594 10.682669344637532 29
1757594462602 9.17570583912551 30
1757594462610 7.798370313712279 31
1757594462619 6.601377814491481 32
1757594462628 5.61460407422934 33
1757594462636 4.848608251944732 34
1757594462645 4.297334745059307 35
1757594462654 3.9415633401963706 36
1757594462662 3.7527037706767956 37
1757594462671 3.696582571426123 38
1757594462680 3.736938318515663 39
1757594462688 3.838417692137593 40
1757594462697 3.9689420494431626 41
1757594462705 4.101386396854016 42
1757594462714 4.214575380176595 43
1757594462723 4.2936512882208175 44
1757594462732 4.329905686476824 45
1757594462741 4.320189052495789 46
1757594462750 4.266022621640429 47
1757594462759 4.172535303021548 48
1757594462768 4.047338228424576 49
1757594462777 3.8994327314147186 50
1757594462786 3.738226809616715 51
1757594462795 3.5727127127677503 52
1757594462803 3.4108362183086873 53
1757594462812 3.2590679953539956 54
1757594462821 3.1221703601938677 55
1757594462829 3.003139388087852 56
1757594462838 2.9032930490241555 57
1757594462847 2.822470705150525 58
1757594462855 2.7593075877886153 59
1757594462864 2.7115492032240414 60
1757594462873 2.676374317903676 61
1757594462882 2.650700516705121 62
1757594462891 2.6314525999280622 63
1757594462899 2.6157806391699205 64
1757594462908 2.6012208048287264 65
1757594462917 2.5857976874486592 66
1757594462925 2.56807147163533 67
1757594462934 2.547136822965552 68
1757594462943 2.5225826690954696 69
1757594462951 2.4944232471843866 70
1757594462960 2.4630109766986723 71
1757594462969 2.428941076721802 72
1757594462977 2.3929565853418304 73
1757594462986 2.355860768253033 74
1757594462996 2.318442027258373 75
1757594463005 2.281414516581904 76
1757594463014 2.2453758932775014 77
1757594463022 2.2107820779096996 78
1757594463031 2.1779376551312186 79
1757594463041 2.1469996364128723 80
1757594463050 2.117991742460661 81
1757594463059 2.0908261179449084 82
1757594463068 2.065329423634525 83
1757594463077 2.0412705057531637 84
1757594463086 2.0183872580713027 85
1757594463094 1.9964108072401823 86
1757594463104 1.9750857087684748 87
1757594463112 1.95418539022004 88
1757594463121 1.9335225800559712 89
1757594463130 1.9129548865056774 90
1757594463139 1.8923860234849978 91
1757594463149 1.8717634127313088 92
1757594463158 1.851073024721261 93
1757594463166 1.8303323643622968 94
1757594463175 1.8095824747498979 95
1757594463184 1.7888797403713417 96
1757594463192 1.7682881381435533 97
1757594463202 1.7478724283551583 98
1757594463211 1.7276926140752804 99
1757594463219 1.7077998404970012 100
1757594463228 1.6882337655469988 101
1757594463237 1.6690213171844404 102
1757594463246 1.6501766652107284 103
1757594463255 1.6317021773040634 104
1757594463264 1.6135900991314454 105
1757594463273 1.5958246936545308 106
1757594463282 1.5783845907233114 107
1757594463291 1.5612451296198138 108
1757594463300 1.5443805190554847 109
1757594463309 1.5277656861623232 110
1757594463318 1.5113777337463095 111
1757594463327 1.4951969697896474 112
1757594463336 1.4792075121235848 113
1757594463345 1.4633975025271595 114
1757594463354 1.4477589873386647 115
1757594463363 1.4322875358971552 116
1757594463372 1.4169816743277466 117
1757594463381 1.401842211403931 118
1757594463390 1.386871526843332 119
1757594463399 1.3720728819564774 120
1757594463409 1.3574497996199937 121
1757594463418 1.3430055465302866 122
1757594463427 1.3287427368603093 123
1757594463436 1.3146630637905408 124
1757594463445 1.3007671546375925 125
1757594463454 1.2870545369029198 126
1757594463463 1.2735236966943966 127
1757594463473 1.2601722075945336 128
1757594463482 1.2469969069426825 129
1757594463491 1.2339940973182186 130
1757594463500 1.2211597533318597 131
1757594463509 1.2084897171971862 132
1757594463519 1.1959798705149869 133
1757594463528 1.18362627385215 134
1757594463537 1.1714252696890393 135
1757594463546 1.1593735478773992 136
1757594463556 1.1474681757080856 137
1757594463584 1.1357065969308462 138
1757594463597 1.1240866055634957 139
1757594463606 1.112606301106319 140
1757594463616 1.1012640319159817 141
1757594463625 1.0900583331032128 142
1757594463635 1.0789878645280178 143
1757594463644 1.0680513534107352 144
1757594463653 1.0572475448849066 145
1757594463662 1.0465751626032178 146
1757594463672 1.0360328803660763 147
1757594463681 1.0256193047438502 148
1757594463690 1.0153329678562197 149
1757594463699 1.0051723288793117 150
1757594463708 0.9951357824765896 151
1757594463718 0.9852216721794399 152
1757594463727 0.975428306752082 153
1757594463737 0.9657539777282449 154
1757594463746 0.9561969765652595 155
1757594463755 0.9467556101857352 156
1757594463764 0.9374282140313266 157
1757594463774 0.9282131621047898 158
1757594463783 0.9191088738006441 159
1757594463792 0.9101138176015977 160
1757594463801 0.9012265119368029 161
1757594463811 0.8924455236530716 162
1757594463820 0.8837694646419376 163
1757594463829 0.8751969872000289 164
1757594463839 0.8667267786845574 165
1757594463848 0.8583575559717613 166
1757594463858 0.850088060144533 167
1757594463867 0.8419170517375589 168
1757594463876 0.8338433067649282 169
1757594463886 0.8258656136543573 170
1757594463895 0.8179827711216868 171
1757594463905 0.8101935869433443 172
1757594463914 0.8024968775261903 173
1757594463923 0.7948914681344866 174
1757594463932 0.7873761936120347 175
1757594463942 0.7799498994319933 176
1757594463951 0.7726114429149367 177
1757594463960 0.765359694474079 178
1757594463969 0.7581935387717498 179
1757594463979 0.7511118757006553 180
1757594463988 0.744113621133101 181
1757594463998 0.7371977074100555 182
1757594464007 0.7303630835670551 183
1757594464016 0.7236087153143471 184
1757594464026 0.7169335848041617 185
1757594464035 0.7103366902277408 186
1757594464045 0.7038170452897805 187
1757594464054 0.6973736786079922 188
1757594464064 0.6910056330825626 189
1757594464073 0.6847119652738999 190
1757594464083 0.6784917448195832 191
1757594464093 0.6723440539126891 192
1757594464102 0.666267986855137 193
1757594464111 0.6602626496916696 194
1757594464121 0.654327159923212 195
1757594464131 0.6484606462928929 196
1757594464140 0.6426622486339968 197
1757594464150 0.6369311177668153 198
1757594464159 0.6312664154303899 199
1757594464169 0.6256673142352743 200
1757594464178 0.6201329976249943 201
1757594464188 0.6146626598353935 202
1757594464198 0.6092555058438393 203
1757594464208 0.6039107513024733 204
1757594464217 0.5986276224523127 205
1757594464227 0.5934053560171959 206
1757594464237 0.588243199078406 207
1757594464246 0.5831404089323551 208
1757594464257 0.578096252934596 209
1757594464267 0.5731100083340813 210
1757594464276 0.568180962101677 211
1757594464286 0.5633084107567812 212
1757594464295 0.5584916601955119 213
1757594464305 0.5537300255232152 214
1757594464315 0.549022830893447 215
1757594464324 0.5443694093547562 216
1757594464334 0.5397691027059413 217
1757594464343 0.5352212613598812 218
1757594464353 0.5307252442153992 219
1757594464362 0.526280418536402 220
1757594464372 0.521886159837163 221
1757594464384 0.5175418517725656 222
1757594464395 0.5132468860320958 223
1757594464406 0.5090006622364469 224
1757594464416 0.5048025878357486 225
1757594464426 0.5006520780086136 226
1757594464436 0.4965485555614756 227
1757594464447 0.49249145082775736 228
1757594464457 0.48848020156679905 229
1757594464467 0.48451425286245686 230
1757594464478 0.48059305702158733 231
1757594464488 0.4767160734725843 232
1757594464498 0.4728827686643379 233
1757594464507 0.46909261596585655 234
1757594464517 0.46534509556693837 235
1757594464527 0.46163969438013164 236
1757594464537 0.45797590594423965 237
1757594464547 0.4543532303295561 238
1757594464557 0.4507711740449341 239
1757594464567 0.44722924994675056 240
1757594464577 0.44372697714977066 241
1757594464587 0.4402638809398876 242
1757594464597 0.43683949268859457 243
1757594464607 0.43345334976918637 244
1757594464617 0.4301049954744486 245
1757594464627 0.42679397893583676 246
1757594464637 0.4235198550439355 247
1757594464648 0.42028218437014087 248
1757594464658 0.41708053308944737 249
1757594464668 0.4139144729043099 250
1757594464678 0.4107835809694556 251
1757594464688 0.40768743981770167 252
1757594464698 0.4046256372866767 253
1757594464708 0.4015977664464769 254
1757594464718 0.3986034255282781 255
1757594464728 0.3956422178538619 256
1757594464738 0.39271375176611334 257
1757594464748 0.3898176405604909 258
1757594464758 0.38695350241745524 259
1757594464768 0.38412096033591575 260
1757594464778 0.3813196420676428 261
1757594464788 0.3785491800526885 262
1757594464798 0.3758092113557801 263
1757594464809 0.37309937760369455 264
1757594464819 0.37041932492357993 265
1757594464828 0.36776870388222727 266
1757594464839 0.3651471694262574 267
1757594464849 0.36255438082319913 268
1757594464859 0.3599900016034413 269
1757594464869 0.3574536995030532 270
1757594464879 0.35494514640741565 271
1757594464889 0.35246401829567453 272
1757594464899 0.3500099951859862 273
1757594464910 0.3475827610815496 274
1757594464922 0.345182003917381 275
1757594464932 0.3428074155078706 276
1757594464943 0.34045869149505287 277
1757594464953 0.3381355312976135 278
1757594464964 0.3358376380606343 279
1757594464975 0.33356471860602205 280
1757594464985 0.3313164833836581 281
1757594464995 0.3290926464232531 282
1757594465006 0.32689292528685376 283
1757594465016 0.3247170410220638 284
1757594465026 0.32256471811591597 285
1757594465037 0.32043568444939985 286
1757594465047 0.3183296712526563 287
1757594465057 0.3162464130607875 288
1757594465067 0.314185647670331 289
1757594465077 0.3121471160963127 290
1757594465087 0.31013056252994625 291
1757594465097 0.3081357342969125 292
1757594465108 0.30616238181623784 293
1757594465118 0.3042102585597413 294
1757594465128 0.3022791210120753 295
1757594465138 0.30036872863129355 296
1757594465149 0.298478843810021 297
1757594465159 0.29660923183711596 298
1757594465169 0.29475966085990446 299
1757594465180 0.2929299018469278 300
1757594465190 0.2911197285512192 301
1757594465200 0.28932891747408235 302
1757594465211 0.2875572478293793 303
1757594465221 0.2858045015083275 304
1757594465232 0.2840704630447621 305
1757594465243 0.28235491958091363 306
1757594465253 0.28065766083363 307
1757594465263 0.2789784790610906 308
1757594465274 0.27731716902997955 309
1757594465284 0.2756735279830965 310
1757594465306 0.27404735560744586 311
1757594465319 0.27243845400273875 312
1757594465330 0.27084662765035583 313
1757594465340 0.26927168338271745 314
1757594465351 0.26771343035308975 315
1757594465361 0.2661716800058053 316
1757594465372 0.2646462460468921 317
1757594465382 0.2631369444151038 318
1757594465392 0.2616435932533535 319
1757594465403 0.2601660128805338 320
1757594465413 0.2587040257637269 321
1757594465423 0.25725745649079507 322
1757594465434 0.25582613174334884 323
1757594465444 0.25440988027006967 324
1757594465455 0.25300853286042163 325
1757594465465 0.25162192231870006 326
1757594465475 0.250249883438442 327
1757594465485 0.24889225297718745 328
1757594465496 0.24754886963158287 329
1757594465506 0.24621957401281433 330
1757594465517 0.24490420862238713 331
1757594465527 0.24360261782822257 332
1757594465537 0.24231464784109197 333
1757594465548 0.24104014669134802 334
1757594465558 0.23977896420599829 335
1757594465568 0.2385309519860633 336
1757594465579 0.2372959633842557 337
1757594465589 0.2360738534829481 338
1757594465599 0.23486447907245991 339
1757594465610 0.2336676986296017 340
1757594465620 0.2324833722965435 341
1757594465631 0.23131136185994028 342
1757594465642 0.23015153073034966 343
1757594465652 0.22900374392192627 344
1757594465663 0.22786786803237985 345
1757594465673 0.2267437712232137 346
1757594465684 0.22563132320020746 347
1757594465694 0.22453039519418605 348
1757594465705 0.22344085994202056 349
1757594465716 0.2223625916679 350
1757594465726 0.22129546606484055 351
1757594465737 0.22023936027644495 352
1757594465747 0.21919415287891214 353
1757594465758 0.2181597238632656 354
1757594465769 0.21713595461784188 355
1757594465779 0.21612272791098702 356
1757594465790 0.21511992787400136 357
1757594465801 0.21412743998430026 358
1757594465811 0.21314515104879217 359
1757594465822 0.2121729491874934 360
1757594465832 0.21121072381734085 361
1757594465843 0.21025836563622283 362
1757594465854 0.20931576660722942 363
1757594465864 0.20838281994309021 364
1757594465874 0.20745942009084684 365
1757594465885 0.20654546271668522 366
1757594465896 0.20564084469101163 367
1757594465906 0.20474546407368036 368
1757594465917 0.2038592200994542 369
1757594465927 0.2029820131636284 370
1757594465938 0.20211374480784824 371
1757594465949 0.20125431770611782 372
1757594465959 0.20040363565098798 373
1757594465970 0.19956160353991903 374
1757594465980 0.19872812736182766 375
1757594465992 0.1979031141838066 376
1757594466004 0.19708647213801264 377
1757594466015 0.19627811040873158 378
1757594466026 0.19547793921960438 379
1757594466037 0.19468586982102398 380
1757594466049 0.19390181447769167 381
1757594466060 0.19312568645633174 382
1757594466071 0.192357400013573 383
1757594466082 0.19159687038398052 384
1757594466093 0.1908440137682393 385
1757594466104 0.19009874732149598 386
1757594466115 0.1893609891418517 387
1757594466126 0.1886306582589904 388
1757594466137 0.18790767462297073 389
1757594466148 0.187191959093143 390
1757594466158 0.1864834334272299 391
1757594466169 0.1857820202705222 392
1757594466180 0.18508764314523768 393
1757594466191 0.1844002264399933 394
1757594466202 0.18371969539942815 395
1757594466212 0.18304597611395154 396
1757594466223 0.18237899550962486 397
1757594466234 0.18171868133816688 398
1757594466245 0.18106496216709045 399
1757594466256 0.18041776736996842 400
1757594466267 0.17977702711681512 401
1757594466278 0.17914267236459092 402
1757594466289 0.17851463484783728 403
1757594466300 0.17789284706941463 404
1757594466311 0.177277242291372 405
1757594466322 0.17666775452592245 406
1757594466333 0.176064318526539 407
1757594466344 0.17546686977915318 408
1757594466355 0.1748753444934802 409
1757594466366 0.17428967959443561 410
1757594466377 0.1737098127136791 411
1757594466388 0.17313568218124223 412
1757594466399 0.17256722701728477 413
1757594466411 0.17200438692393438 414
1757594466422 0.17144710227724405 415
1757594466433 0.17089531411924258 416
1757594466444 0.17034896415008102 417
1757594466455 0.1698079947202918 418
1757594466466 0.1692723488231221 419
1757594466476 0.16874197008699166 420
1757594466488 0.16821680276801562 421
1757594466498 0.16769679174264243 422
1757594466509 0.16718188250037028 423
1757594466520 0.16667202113656174 424
1757594466531 0.16616715434534485 425
1757594466542 0.16566722941260587 426
1757594466553 0.165172194209055 427
1757594466565 0.1646819971834031 428
1757594466576 0.1641965873556002 429
1757594466587 0.16371591431016952 430
1757594466598 0.16323992818961955 431
1757594466609 0.16276857968794176 432
1757594466620 0.16230182004418278 433
1757594466631 0.16183960103610012 434
1757594466642 0.16138187497389628 435
1757594466653 0.16092859469402898 436
1757594466665 0.16047971355309792 437
1757594466676 0.16003518542180153 438
1757594466687 0.1595949646789825 439
1757594466699 0.15915900620572798 440
1757594466710 0.15872726537955667 441
1757594466721 0.15829969806866825 442
1757594466733 0.1578762606262695 443
1757594466744 0.15745690988496625 444
1757594466756 0.1570416031512262 445
1757594466767 0.15663029819990296 446
1757594466778 0.15622295326884025 447
1757594466789 0.15581952705352697 448
1757594466800 0.15541997870182642 449
1757594466812 0.15502426780877288 450
1757594466823 0.1546323544114176 451
1757594466834 0.15424419898375136 452
1757594466845 0.15385976243168598 453
1757594466856 0.15347900608808834 454
1757594466867 0.15310189170788624 455
1757594466878 0.1527283814632258 456
1757594466889 0.15235843793868967 457
1757594466901 0.15199202412657842 458
1757594466912 0.15162910342223565 459
1757594466923 0.15126963961944515 460
1757594466934 0.15091359690587272 461
1757594466945 0.15056093985857236 462
1757594466957 0.15021163343953456 463
1757594466968 0.14986564299129815 464
1757594466979 0.14952293423261315 465
1757594466990 0.14918347325415354 466
1757594467002 0.14884722651428145 467
1757594467013 0.14851416083486452 468
1757594467024 0.1481842433971428 469
1757594467036 0.1478574417376456 470
1757594467047 0.14753372374415144 471
1757594467061 0.14721305765171053 472
1757594467072 0.1468954120386977 473
1757594467083 0.14658075582292512 474
1757594467095 0.146269058257796 475
1757594467106 0.14596028892850607 476
1757594467117 0.1456544177482871 477
1757594467129 0.14535141495470286 478
1757594467140 0.1450512511059777 479
1757594467151 0.14475389707738362 480
1757594467162 0.14445932405765244 481
1757594467174 0.14416750354545013 482
1757594467185 0.14387840734587565 483
1757594467197 0.14359200756701193 484
1757594467208 0.14330827661651693 485
1757594467219 0.1430271871982499 486
1757594467231 0.1427487123089406 487
1757594467242 0.14247282523490243 488
1757594467253 0.1421994995487752 489
1757594467264 0.14192870910631267 490
1757594467276 0.14166042804321008 491
1757594467287 0.1413946307719621 492
1757594467298 0.14113129197876154 493
1757594467310 0.14087038662043744 494
1757594467321 0.14061188992142593 495
1757594467333 0.14035577737077348 496
1757594467345 0.14010202471918756 497
1757594467356 0.13985060797610346 498
1757594467368 0.1396015034068024 499
