1757518093124 159.54847650573043 0
1757518093134 154.36153897567954 1
1757518093143 153.41192890370434 2
1757518093153 147.73691716379966 3
1757518093162 140.99016796555978 4
1757518093172 129.41536200247012 5
1757518093182 131.52557089355292 6
1757518093195 132.6334744955677 7
1757518093219 123.08634688524775 8
1757518093231 120.53473968953935 9
1757518093241 116.7758531295485 10
1757518093251 115.3075390134473 11
1757518093260 108.12790142689877 12
1757518093270 107.72516766411648 13
1757518093279 102.34721048678654 14
1757518093288 101.15467160782158 15
1757518093298 97.39799300707202 16
1757518093307 93.06860708611553 17
1757518093317 91.55826187005691 18
1757518093328 86.08281887320098 19
1757518093338 83.69697826737223 20
1757518093347 85.29451955778828 21
1757518093357 79.30282906205754 22
1757518093366 76.00346674769035 23
1757518093376 79.70938856792718 24
1757518093386 72.35703504244456 25
1757518093395 76.31148210043192 26
1757518093405 72.10392662159337 27
1757518093415 72.29742603261462 28
1757518093425 66.05373272945664 29
1757518093435 70.63628463034283 30
1757518093444 56.7932696306541 31
1757518093454 53.411592321820066 32
1757518093463 51.04003849231324 33
1757518093472 54.36900524369837 34
1757518093482 56.62760384220187 35
1757518093491 51.37218579375345 36
1757518093500 53.221186915943086 37
1757518093510 47.98412821273475 38
1757518093519 47.135600962813854 39
1757518093529 49.609883674090064 40
1757518093538 46.54655750860776 41
1757518093548 45.592993849453485 42
1757518093558 38.05887637991188 43
1757518093568 41.89753612444087 44
1757518093579 37.28057888552439 45
1757518093589 39.06773841628982 46
1757518093599 33.17081037240225 47
1757518093609 38.11629288430137 48
1757518093619 43.813659526462736 49
1757518093629 41.387105753572314 50
1757518093639 34.370076891943675 51
1757518093649 31.129498856163156 52
1757518093659 31.42151588526982 53
1757518093668 32.85696080217356 54
1757518093678 27.91538696327386 55
1757518093688 34.58337574567239 56
1757518093698 31.432247233141585 57
1757518093707 26.68875283415726 58
1757518093717 29.884364309449037 59
1757518093727 22.495230665342813 60
1757518093736 26.20460165642884 61
1757518093746 24.183637268079995 62
1757518093756 25.30071654059914 63
1757518093765 23.395958083270436 64
1757518093775 14.828265910667659 65
1757518093784 26.63965366483341 66
1757518093794 27.144057837390122 67
1757518093803 16.005302183250276 68
1757518093813 17.104034742818474 69
1757518093822 16.779103582236555 70
1757518093833 23.574775606720394 71
1757518093843 13.989546698016301 72
1757518093854 16.697470708087938 73
1757518093864 18.4702654727768 74
1757518093874 23.728215712040033 75
1757518093884 14.69159294201929 76
1757518093893 19.084476186623807 77
1757518093903 19.500345364425844 78
1757518093913 13.657384730126612 79
1757518093923 18.889402950890457 80
1757518093933 11.235057140428232 81
1757518093943 15.477355412710583 82
1757518093953 23.12314812518044 83
1757518093964 12.030841497666547 84
1757518093974 17.32914290957478 85
1757518093984 14.46703944312359 86
1757518093994 13.39954835001981 87
1757518094004 15.829897857006271 88
1757518094014 12.243728354578991 89
1757518094024 15.098612773551633 90
1757518094033 11.656098170449816 91
1757518094043 8.512116408711316 92
1757518094053 16.340475963332068 93
1757518094066 12.15483202949273 94
1757518094077 9.690135500002771 95
1757518094087 14.384688868327137 96
1757518094098 15.949814055307233 97
1757518094109 12.611801904217018 98
1757518094120 10.595089571549538 99
1757518094132 15.110464541118194 100
1757518094143 6.3024619064616525 101
1757518094157 12.809277959854967 102
1757518094169 10.721740378845356 103
1757518094180 16.17851883454928 104
1757518094191 13.952496948648749 105
1757518094202 6.5935044944054555 106
1757518094213 6.19885356934047 107
1757518094225 9.030225698097542 108
1757518094236 6.2737706890384155 109
1757518094247 9.876179026769307 110
1757518094258 7.511610289008087 111
1757518094269 11.548729114841622 112
1757518094281 9.551586421210963 113
1757518094292 8.304434131045259 114
1757518094303 11.811371457856513 115
1757518094314 12.147519183053065 116
1757518094326 10.415985384255361 117
1757518094362 4.941018505628963 118
1757518094374 7.3737220842824085 119
1757518094385 3.4854748774251045 120
1757518094396 11.40242844562258 121
1757518094407 8.557274225149163 122
1757518094417 6.65187181149145 123
1757518094427 8.185955439836734 124
1757518094438 6.012943866991597 125
1757518094448 7.2408323231571785 126
1757518094459 7.271354404742102 127
1757518094470 7.800989181134708 128
1757518094481 12.306500431965567 129
1757518094493 5.613972346039471 130
1757518094505 5.754262829963627 131
1757518094516 9.57124925909487 132
1757518094527 5.54864185378086 133
1757518094539 5.845559119630795 134
1757518094550 3.635835819436578 135
1757518094561 6.819910960487987 136
1757518094571 5.519548723789829 137
1757518094581 2.844716000456881 138
1757518094592 6.437354927807659 139
1757518094602 6.410846741553525 140
1757518094612 6.369736192099016 141
1757518094623 6.489669119437237 142
1757518094633 8.761752379208698 143
1757518094643 4.552080459669442 144
1757518094653 6.426832773274892 145
1757518094663 6.02649864357972 146
1757518094673 4.419723408028145 147
1757518094683 8.177500124283034 148
1757518094694 1.3807417683057241 149
1757518094704 7.667329880735093 150
1757518094714 11.371307089910063 151
1757518094725 7.632431423714888 152
1757518094735 3.861255209016145 153
1757518094745 6.916771084551186 154
1757518094756 7.460921855428961 155
1757518094776 6.641659685485714 156
1757518094789 0.8987942838497399 157
1757518094801 5.74620518818603 158
1757518094813 4.133326870592788 159
1757518094825 4.4888714560934275 160
1757518094837 6.524164928959445 161
1757518094848 8.443380407051107 162
1757518094859 3.075667210542436 163
1757518094870 4.516899709610194 164
1757518094880 5.465600224934738 165
1757518094891 2.01980057948378 166
1757518094901 5.60259783959796 167
1757518094912 6.79428732053769 168
1757518094922 5.258672936506595 169
1757518094933 6.564343041967207 170
1757518094943 13.032726334908272 171
1757518094953 5.4942347714590465 172
1757518094964 5.447590194896408 173
1757518094974 3.509194757923169 174
1757518094985 3.4639890372877162 175
1757518094995 6.758554928144523 176
1757518095006 4.69390802473377 177
1757518095016 5.2105032180768776 178
1757518095027 6.780075572244163 179
1757518095037 3.9086626303490313 180
1757518095048 4.862294004215434 181
1757518095058 9.429720249593299 182
1757518095068 2.0715737483132326 183
1757518095079 2.941812589564512 184
1757518095089 5.186437652415725 185
1757518095100 6.884990294343487 186
1757518095111 1.7982352066649805 187
1757518095121 3.065076758504278 188
1757518095132 1.041607440266781 189
1757518095142 3.551663283862306 190
1757518095153 3.926809053132085 191
1757518095164 2.5155852087232176 192
1757518095174 2.5022255382041783 193
1757518095184 5.953285158127283 194
1757518095195 3.070675925111226 195
1757518095205 6.131685535034695 196
1757518095216 1.4239488802640976 197
1757518095227 4.133445976121708 198
1757518095237 5.4470071161863105 199
1757518095248 5.425773231829517 200
1757518095258 7.220800336905273 201
1757518095269 3.7464326603697042 202
1757518095280 3.441914409190706 203
1757518095290 4.137990132955833 204
1757518095301 2.8107015590801807 205
1757518095312 5.071925420369688 206
1757518095323 2.8734962372029225 207
1757518095334 2.401459206701632 208
1757518095345 3.106838784704684 209
1757518095356 6.413914915621801 210
1757518095367 2.5658364727016725 211
1757518095378 6.261609054658556 212
1757518095389 6.729274521693177 213
1757518095400 1.9748794480923828 214
1757518095410 4.757702309960681 215
1757518095421 4.596605892890936 216
1757518095431 6.349393661608306 217
1757518095442 4.14074947881872 218
1757518095453 4.608572361372469 219
1757518095463 3.0891089061594426 220
1757518095474 3.263768032712724 221
1757518095484 3.3517874109372743 222
1757518095494 4.136882199346131 223
1757518095505 3.700050358873992 224
1757518095516 3.5243978051193015 225
1757518095527 4.074701772952856 226
1757518095537 2.479278427141268 227
1757518095548 3.7601401815713964 228
1757518095559 2.717325354579065 229
1757518095569 1.8603100309314593 230
1757518095581 8.145250279956507 231
1757518095591 7.553017325456751 232
1757518095602 1.750093858065749 233
1757518095613 4.13587630417354 234
1757518095624 5.469581423345018 235
1757518095636 5.108428408006833 236
1757518095646 5.526947158948624 237
1757518095657 7.5430133435102364 238
1757518095668 3.1275631879019143 239
1757518095678 2.918821939941761 240
1757518095689 4.207347798578587 241
1757518095700 3.1751918628029125 242
1757518095711 1.2776853609267336 243
1757518095722 4.051406482576362 244
1757518095733 3.146187236771217 245
1757518095744 2.3748048686060033 246
1757518095755 5.178449860651586 247
1757518095766 3.8783733215759346 248
1757518095776 5.788088740342108 249
1757518095787 2.9742927113767523 250
1757518095798 4.896542039976607 251
1757518095809 3.4282049877045355 252
1757518095820 2.6704787774926597 253
1757518095831 2.076327054621649 254
1757518095842 3.6041947324053223 255
1757518095853 4.0074782953006505 256
1757518095863 2.3368889286869843 257
1757518095874 4.727489526593844 258
1757518095885 4.169797671259131 259
1757518095896 4.493066164304382 260
1757518095907 3.996645114738834 261
1757518095918 3.3360611142146217 262
1757518095929 4.378672084772925 263
1757518095940 1.9119218761263275 264
1757518095950 3.9799723234285733 265
1757518095962 2.0435942625173014 266
1757518095974 4.078490102628476 267
1757518095985 4.293592387714286 268
1757518095996 6.170357415885725 269
1757518096007 3.270975212044122 270
1757518096018 2.6813619215325946 271
1757518096029 4.357786949465109 272
1757518096040 3.741234720604359 273
1757518096051 2.7153293382077046 274
1757518096063 2.1777482578437444 275
1757518096074 2.7708379623450656 276
1757518096085 4.751651110920183 277
1757518096096 6.087822876490269 278
1757518096107 2.439725898841175 279
1757518096118 3.2966574942561153 280
1757518096129 3.1575717996456047 281
1757518096140 2.227987358135171 282
1757518096151 5.467771599123469 283
1757518096163 3.3692866250097158 284
1757518096174 5.676526807458455 285
1757518096185 2.134168927030308 286
1757518096197 2.574723824798253 287
1757518096210 2.630581294537551 288
1757518096224 5.381381219945176 289
1757518096235 3.055730833628517 290
1757518096247 3.9114358756076126 291
1757518096259 3.9639691788697085 292
1757518096271 3.3078800804919584 293
1757518096282 3.8781873381939427 294
1757518096293 3.9123471896132815 295
1757518096304 3.9005734783683264 296
1757518096316 5.025147034485413 297
1757518096327 3.3724935272153695 298
1757518096338 3.4673330363602433 299
1757518096349 3.2048525205191374 300
1757518096360 7.310255076279953 301
1757518096372 4.461758647482431 302
1757518096383 3.771628425183076 303
1757518096394 2.922770578341635 304
1757518096405 4.9956733231231 305
1757518096416 2.869564123871302 306
1757518096428 2.5466324742068145 307
1757518096439 5.4031939529592306 308
1757518096450 2.906335450329101 309
1757518096462 1.6101391048774247 310
1757518096474 3.9172318584698047 311
1757518096485 1.8112218631185455 312
1757518096496 4.134379286454051 313
1757518096507 1.816699545695163 314
1757518096518 3.433678806704449 315
1757518096530 3.814515430913624 316
1757518096541 3.8408593773951814 317
1757518096553 2.8254956647313785 318
1757518096564 3.8568511639938525 319
1757518096575 3.356742052329309 320
1757518096587 4.588528333499398 321
1757518096598 6.119019630156592 322
1757518096609 6.650056067775435 323
1757518096620 3.0142511510613144 324
1757518096632 3.1654752399306725 325
1757518096643 1.2364101867130344 326
1757518096655 3.388274303796091 327
1757518096666 3.055284349670251 328
1757518096677 1.6510080369340765 329
1757518096688 8.140086558655698 330
1757518096700 3.357787319853636 331
1757518096711 2.5478688659090483 332
1757518096723 4.848214133460374 333
1757518096734 1.842278476056023 334
1757518096745 2.2517077485287564 335
1757518096757 2.1995620227481316 336
1757518096768 3.2750840177551486 337
1757518096779 4.243735663713486 338
1757518096790 3.3567673719545423 339
1757518096802 1.9624168199155272 340
1757518096813 3.884602480969842 341
1757518096825 2.2718243349484757 342
1757518096836 2.6349546449346617 343
1757518096850 4.543379166577354 344
1757518096862 2.6460672809206742 345
1757518096873 2.8810704882071265 346
1757518096885 3.5063520180479433 347
1757518096896 3.5895521096907013 348
1757518096908 2.067268216298296 349
1757518096919 2.5133605574728994 350
1757518096930 2.7330222322264834 351
1757518096942 4.508629016577414 352
1757518096953 4.837504625113767 353
1757518096965 1.4428283819341459 354
1757518096976 3.3368877095275287 355
1757518096988 4.401420771033564 356
1757518096999 1.9330907989288066 357
1757518097011 1.8616434328709692 358
1757518097022 3.454579321700575 359
1757518097034 2.9899472742863162 360
1757518097045 5.445891603687053 361
1757518097057 3.0580283378556485 362
1757518097068 3.8954883059827954 363
1757518097079 3.9737076375416986 364
1757518097091 3.49926542036671 365
1757518097102 4.045480931323149 366
1757518097114 1.5945746444191553 367
1757518097125 4.433697353678216 368
1757518097137 5.609794279417724 369
1757518097148 1.3727866425983 370
1757518097160 3.9809991609357698 371
1757518097172 2.4878152439366934 372
1757518097183 4.899429864665756 373
1757518097195 3.632141890793381 374
1757518097207 1.101548627885111 375
1757518097218 3.10361540620954 376
1757518097230 2.061313433687208 377
1757518097241 3.625167513549953 378
1757518097253 4.704569739229628 379
1757518097265 3.608901005108546 380
1757518097276 3.6381091433319095 381
1757518097288 1.8774439070641984 382
1757518097299 2.839147649044492 383
1757518097311 3.384499967659341 384
1757518097323 4.781244991755677 385
1757518097334 1.3754307665226102 386
1757518097346 1.4254959304846953 387
1757518097358 2.472271042636629 388
1757518097369 4.807877314665457 389
1757518097381 1.8350203643693515 390
1757518097393 2.615735553870329 391
1757518097404 2.386561732879708 392
1757518097416 2.5060679437746556 393
1757518097427 4.949527902346823 394
1757518097439 4.500340551159279 395
1757518097451 2.583913795938093 396
1757518097462 3.5699888894723077 397
1757518097474 3.2433015658971356 398
1757518097486 3.318215111937122 399
1757518097497 4.484607750440567 400
1757518097509 2.8307763416171583 401
1757518097520 4.077089926393533 402
1757518097532 6.3455949329875025 403
1757518097544 2.140241966269496 404
1757518097556 3.330430498734479 405
1757518097567 4.048471075733506 406
1757518097579 3.460944672884362 407
1757518097590 2.9700747321545538 408
1757518097602 4.729373946790551 409
1757518097614 4.99867649556203 410
1757518097626 1.5610541756975702 411
1757518097638 4.275390818754444 412
1757518097649 2.2866106175647776 413
1757518097661 2.0407982995702882 414
1757518097673 2.6857554558833736 415
1757518097685 2.81949447308326 416
1757518097696 3.5451581030427297 417
1757518097708 2.5568578287832127 418
1757518097720 5.115052788140894 419
1757518097731 3.290629627652291 420
1757518097743 2.7605721151874874 421
1757518097756 5.12631260392177 422
1757518097768 3.024540317750986 423
1757518097780 2.7843143448900545 424
1757518097792 3.909950711665258 425
1757518097804 4.962834503457623 426
1757518097816 6.338596795983726 427
1757518097828 1.5532535973279922 428
1757518097840 3.418072289056769 429
1757518097852 3.3819833788219156 430
1757518097864 4.7423196906957354 431
1757518097876 3.194871364687628 432
1757518097888 2.4925180293967566 433
1757518097901 2.845308911419266 434
1757518097913 2.651864316960268 435
1757518097925 4.0341166178230745 436
1757518097937 4.2109472390103955 437
1757518097949 3.0115725093158314 438
1757518097960 3.789882261460369 439
1757518097972 3.2789340299120617 440
1757518097985 4.073907126596814 441
1757518097998 1.6185321030355286 442
1757518098010 2.0964613168896906 443
1757518098022 1.7474580906131607 444
1757518098034 2.4495126668442797 445
1757518098046 3.0213385727917905 446
1757518098058 3.27882553464906 447
1757518098070 2.798249563335719 448
1757518098082 1.6814339534501994 449
1757518098094 3.1648956822557177 450
1757518098106 4.7922824137102396 451
1757518098118 3.2403680903360317 452
1757518098130 4.264348999655963 453
1757518098142 2.3168262299449838 454
1757518098154 3.0565793413737894 455
1757518098166 2.215687316376734 456
1757518098178 3.1175169843033315 457
1757518098190 2.200720087378474 458
1757518098202 4.533313111873104 459
1757518098214 2.2451794625501966 460
1757518098226 2.8504081700081283 461
1757518098238 1.8389355178531974 462
1757518098251 2.400800995376979 463
1757518098262 5.022120590761987 464
1757518098275 4.3204136184307975 465
1757518098287 4.308442462251481 466
1757518098299 2.756071780444911 467
1757518098313 3.450447203101662 468
1757518098325 3.322258160507829 469
1757518098337 4.272964093268707 470
1757518098349 2.6309119838884762 471
1757518098361 3.216892238881227 472
1757518098373 3.2373373985605514 473
1757518098385 3.061699418264163 474
1757518098397 1.3845251741381321 475
1757518098409 0.730205538105556 476
1757518098421 2.635828952079398 477
1757518098433 3.2697499191187296 478
1757518098445 2.149064545765205 479
1757518098458 4.155351778864099 480
1757518098470 3.115136705802706 481
1757518098482 2.4085535796126942 482
1757518098494 4.002057253339131 483
1757518098506 3.6249098881144826 484
1757518098518 2.749108872962978 485
1757518098530 2.4978320495526756 486
1757518098542 2.4400541330213392 487
1757518098555 2.5171542553712616 488
1757518098567 5.119247364816595 489
1757518098579 4.275326066053757 490
1757518098592 3.49167927417626 491
1757518098604 4.408908025289096 492
1757518098616 2.7271403131222356 493
1757518098628 5.049838938054959 494
1757518098640 2.2246451592007532 495
1757518098652 3.6650283478072803 496
1757518098666 3.7589006623331733 497
1757518098678 3.256872284894952 498
1757518098690 1.9660169872871058 499
