1757513843516 170.69594079151787 0
1757513843524 164.3562570939604 1
1757513843532 152.77259914672368 2
1757513843541 137.2764129109994 3
1757513843550 119.28572219925074 4
1757513843558 100.17844413942892 5
1757513843566 81.1932866265177 6
1757513843575 63.360315632638084 7
1757513843584 47.460676091869985 8
1757513843592 34.0128778847016 9
1757513843600 23.281572468347004 10
1757513843608 15.303845966609531 11
1757513843617 9.927697145184936 12
1757513843625 6.8574774469867625 13
1757513843633 5.701548478366632 14
1757513843641 6.0181540252967825 15
1757513843649 7.3564032366277194 16
1757513843658 9.290221676245158 17
1757513843666 11.444064130090938 18
1757513843674 13.510031544570326 19
1757513843683 15.256747626638811 20
1757513843691 16.530900832861512 21
1757513843699 17.25273457158353 22
1757513843708 17.406977207750735 23
1757513843716 17.0307603784507 24
1757513843725 16.200003931500905 25
1757513843734 15.015578042825174 26
1757513843743 13.590318988190255 27
1757513843751 12.037704896081115 28
1757513843760 10.46271877900824 29
1757513843768 8.955160894041908 30
1757513843777 7.585438319615011 31
1757513843786 6.402668213791307 32
1757513843795 5.434788757894031 33
1757513843803 4.690279637517243 34
1757513843812 4.161049377764289 35
1757513843821 3.8260441707880584 36
1757513843830 3.655164202495304 37
1757513843839 3.6131300229270824 38
1757513843847 3.663014135260354 39
1757513843856 3.769233148997858 40
1757513843865 3.899876068509891 41
1757513843873 4.028318510596191 42
1757513843881 4.134136416867312 43
1757513843890 4.203383339325357 44
1757513843899 4.228331358186052 45
1757513843910 4.206797206464465 46
1757513843918 4.1411833711269175 47
1757513843927 4.037360746605202 48
1757513843936 3.903507254278097 49
1757513843945 3.7489983462086838 50
1757513843953 3.583423092366869 51
1757513843962 3.4157759995073698 52
1757513843970 3.253851862037418 53
1757513843978 3.103850393775075 54
1757513843987 2.9701802497923997 55
1757513843995 2.8554389640667757 56
1757513844004 2.7605365163605398 57
1757513844012 2.6849255517493007 58
1757513844021 2.626900276543876 59
1757513844030 2.583928116563838 60
1757513844038 2.552982607890278 61
1757513844047 2.5308519220786745 62
1757513844055 2.5144041637891585 63
1757513844064 2.5007974563470254 64
1757513844072 2.4876293029665235 65
1757513844081 2.473025366237729 66
1757513844090 2.455672374284798 67
1757513844099 2.4348032011415093 68
1757513844107 2.410144262680091 69
1757513844116 2.3818362968734763 70
1757513844124 2.350339510373957 71
1757513844133 2.316333172130299 72
1757513844142 2.280618242328366 73
1757513844150 2.2440297667584392 74
1757513844159 2.207363752935778 75
1757513844168 2.171321256814139 76
1757513844177 2.136470593005996 77
1757513844186 2.103227041698811 78
1757513844195 2.0718482257820057 79
1757513844203 2.0424424980647964 80
1757513844212 2.0149872042479853 81
1757513844220 1.9893535399858462 82
1757513844229 1.9653348488928908 83
1757513844238 1.9426755505309101 84
1757513844247 1.9210983767575487 85
1757513844256 1.9003281663549512 86
1757513844265 1.8801110627624 87
1757513844273 1.8602285286098028 88
1757513844282 1.8405060955508483 89
1757513844291 1.820817182666401 90
1757513844300 1.8010826272292704 91
1757513844309 1.781266774258083 92
1757513844318 1.7613710712471549 93
1757513844327 1.7414261237237496 94
1757513844336 1.721483102409096 95
1757513844345 1.7016052727599689 96
1757513844354 1.681860262107012 97
1757513844362 1.6623135070206911 98
1757513844371 1.6430231502213035 99
1757513844379 1.6240364955625561 100
1757513844388 1.605387991146371 101
1757513844397 1.5870986007105607 102
1757513844406 1.569176344966445 103
1757513844415 1.5516177475166661 104
1757513844424 1.5344099019508501 105
1757513844433 1.5175328835572695 106
1757513844442 1.5009622555648416 107
1757513844450 1.4846714602143307 108
1757513844459 1.468633933556553 109
1757513844468 1.4528248344551558 110
1757513844477 1.437222328363627 111
1757513844486 1.4218084115442584 112
1757513844495 1.4065692990341245 113
1757513844503 1.3914954284066878 114
1757513844512 1.3765811507370849 115
1757513844521 1.3618241904664452 116
1757513844530 1.3472249580155466 117
1757513844539 1.3327857943949353 118
1757513844548 1.3185102173250192 119
1757513844557 1.3044022252206406 120
1757513844566 1.290465700452443 121
1757513844575 1.2767039380386458 122
1757513844584 1.2631193115580228 123
1757513844594 1.2497130755241743 124
1757513844603 1.2364852933286472 125
1757513844612 1.2234348724547308 126
1757513844621 1.2105596840304027 127
1757513844629 1.1978567417539565 128
1757513844638 1.1853224154543753 129
1757513844648 1.1729526565958646 130
1757513844657 1.1607432164060707 131
1757513844666 1.148689841497206 132
1757513844675 1.1367884363883287 133
1757513844684 1.1250351868193074 134
1757513844693 1.1134266418440912 135
1757513844702 1.101959756169382 136
1757513844711 1.0906318969176922 137
1757513844720 1.079440820882717 138
1757513844730 1.0683846294227877 139
1757513844749 1.0574617084764164 140
1757513844769 1.04667066089712 141
1757513844782 1.0360102375319116 142
1757513844791 1.0254792723584394 143
1757513844800 1.0150766256968307 144
1757513844810 1.0048011381568889 145
1757513844819 0.9946515966814924 146
1757513844828 0.9846267128903513 147
1757513844837 0.9747251129737816 148
1757513844846 0.9649453376677293 149
1757513844855 0.9552858503682357 150
1757513844865 0.9457450512043892 151
1757513844874 0.9363212948580526 152
1757513844883 0.9270129100589407 153
1757513844892 0.9178182189518013 154
1757513844901 0.9087355548849189 155
1757513844910 0.8997632775630562 156
1757513844919 0.8908997849060407 157
1757513844928 0.8821435213265297 158
1757513844938 0.873492982462736 159
1757513844947 0.8649467166612266 160
1757513844956 0.8565033236919231 161
1757513844966 0.8481614512937915 162
1757513844975 0.8399197901981837 163
1757513844984 0.8317770682684414 164
1757513844993 0.8237320443392697 165
1757513845002 0.8157835022511901 166
1757513845012 0.807930245467051 167
1757513845021 0.80017109254053 168
1757513845030 0.7925048735919447 169
1757513845040 0.7849304278419006 170
1757513845049 0.7774466021650632 171
1757513845059 0.7700522505573503 172
1757513845068 0.7627462343623171 173
1757513845078 0.7555274230754001 174
1757513845087 0.7483946955364417 175
1757513845096 0.7413469413284334 176
1757513845106 0.7343830622201133 177
1757513845115 0.7275019735182228 178
1757513845125 0.7207026052280155 179
1757513845134 0.7139839029548719 180
1757513845143 0.7073448285123549 181
1757513845153 0.7007843602312812 182
1757513845162 0.6943014929880583 183
1757513845171 0.6878952379885734 184
1757513845181 0.681564622355628 185
1757513845190 0.675308688573813 186
1757513845200 0.6691264938464017 187
1757513845209 0.6630171094152918 188
1757513845219 0.6569796198883141 189
1757513845228 0.6510131226093993 190
1757513845238 0.6451167270973586 191
1757513845247 0.6392895545691303 192
1757513845257 0.6335307375541893 193
1757513845266 0.62783941959883 194
1757513845276 0.6222147550528403 195
1757513845285 0.616655908926316 196
1757513845294 0.6111620568017807 197
1757513845304 0.6057323847855715 198
1757513845313 0.600366089482744 199
1757513845323 0.5950623779811581 200
1757513845332 0.5898204678327137 201
1757513845342 0.5846395870222721 202
1757513845352 0.5795189739178638 203
1757513845362 0.5744578771984741 204
1757513845371 0.5694555557583117 205
1757513845381 0.5645112785886656 206
1757513845390 0.5596243246399972 207
1757513845400 0.5547939826681876 208
1757513845410 0.5500195510693529 209
1757513845419 0.5453003377079263 210
1757513845429 0.5406356597423898 211
1757513845438 0.5360248434525425 212
1757513845448 0.5314672240715878 213
1757513845458 0.5269621456252856 214
1757513845467 0.5225089607798082 215
1757513845477 0.518107030698966 216
1757513845486 0.5137557249108451 217
1757513845496 0.5094544211832592 218
1757513845505 0.5052025054071179 219
1757513845515 0.5009993714863511 220
1757513845525 0.4968444212331067 221
1757513845534 0.4927370642667544 222
1757513845544 0.48867671791546163 223
1757513845554 0.48466280711921256 224
1757513845564 0.4806947643334119 225
1757513845574 0.47677202943237845 226
1757513845584 0.47289404961241693 227
1757513845593 0.46906027929424615 228
1757513845603 0.4652701800248035 229
1757513845613 0.4615232203786604 230
1757513845623 0.4578188758592948 231
1757513845632 0.45415662880055846 232
1757513845642 0.45053596826878134 233
1757513845653 0.4469563899657872 234
1757513845662 0.44341739613322256 235
1757513845672 0.43991849545841555 236
1757513845682 0.43645920298201374 237
1757513845693 0.43303904000745536 238
1757513845703 0.42965753401241763 239
1757513845713 0.42631421856216883 240
1757513845723 0.4230086332248211 241
1757513845733 0.4197403234883391 242
1757513845743 0.4165088406792325 243
1757513845754 0.4133137418827666 244
1757513845764 0.41015458986456943 245
1757513845776 0.4070309529934979 246
1757513845786 0.4039424051656596 247
1757513845796 0.40088852572949574 248
1757513845806 0.3978688994118224 249
1757513845817 0.39488311624483335 250
1757513845826 0.39193077149396477 251
1757513845836 0.3890114655866686 252
1757513845846 0.38612480404203275 253
1757513845858 0.38327039740132657 254
1757513845872 0.38044786115942464 255
1757513845884 0.3776568156971497 256
1757513845896 0.37489688621456563 257
1757513845908 0.3721677026652265 258
1757513845921 0.36946889969138363 259
1757513845933 0.3668001165601671 260
1757513845943 0.36416099710072625 261
1757513845954 0.3615511896423587 262
1757513845964 0.35897034695355995 263
1757513845974 0.35641812618203206 264
1757513845984 0.35389418879558937 265
1757513845994 0.35139820052398013 266
1757513846004 0.34892983130155253 267
1757513846014 0.3464887552107759 268
1757513846024 0.34407465042660756 269
1757513846034 0.34168719916163043 270
1757513846044 0.3393260876119941 271
1757513846054 0.33699100590411885 272
1757513846065 0.33468164804214956 273
1757513846075 0.3323977118561466 274
1757513846085 0.33013889895100523 275
1757513846095 0.3279049146560925 276
1757513846105 0.325695467975581 277
1757513846115 0.3235102715394994 278
1757513846126 0.3213490415554511 279
1757513846136 0.3192114977610439 280
1757513846146 0.3170973633769617 281
1757513846156 0.31500636506073115 282
1757513846167 0.3129382328611412 283
1757513846177 0.3108927001733002 284
1757513846187 0.3088695036943564 285
1757513846197 0.30686838337982564 286
1757513846207 0.30488908240056406 287
1757513846217 0.30293134710034414 288
1757513846227 0.300994926954024 289
1757513846237 0.2990795745263345 290
1757513846247 0.2971850454312137 291
1757513846257 0.29531109829175756 292
1757513846268 0.2934574947006994 293
1757513846278 0.2916239991814508 294
1757513846289 0.2898103791497138 295
1757513846299 0.2880164048755914 296
1757513846310 0.2862418494462628 297
1757513846321 0.28448648872915167 298
1757513846331 0.2827501013356326 299
1757513846341 0.28103246858521846 300
1757513846352 0.27933337447027223 301
1757513846364 0.2776526056211856 302
1757513846374 0.27598995127206116 303
1757513846385 0.2743452032268599 304
1757513846395 0.27271815582602593 305
1757513846406 0.2711086059135732 306
1757513846416 0.2695163528046198 307
1757513846426 0.2679411982533923 308
1757513846437 0.26638294642165844 309
1757513846447 0.26484140384759386 310
1757513846460 0.263316379415095 311
1757513846471 0.2618076843235006 312
1757513846481 0.2603151320577429 313
1757513846491 0.25883853835889836 314
1757513846502 0.2573777211951544 315
1757513846512 0.2559325007331745 316
1757513846522 0.25450269930984415 317
1757513846533 0.2530881414044227 318
1757513846543 0.2516886536110631 319
1757513846554 0.25030406461171667 320
1757513846564 0.24893420514939785 321
1757513846574 0.24757890800182913 322
1757513846585 0.24623800795543477 323
1757513846595 0.24491134177969182 324
1757513846606 0.2435987482018301 325
1757513846616 0.2423000678818809 326
1757513846626 0.24101514338806312 327
1757513846637 0.23974381917249546 328
1757513846647 0.23848594154725877 329
1757513846658 0.23724135866075555 330
1757513846668 0.23600992047441743 331
1757513846679 0.234791478739711 332
1757513846689 0.23358588697545385 333
1757513846700 0.23239300044545083 334
1757513846710 0.23121267613642194 335
1757513846721 0.23004477273622495 336
1757513846731 0.22888915061238765 337
1757513846741 0.227745671790903 338
1757513846752 0.22661419993533977 339
1757513846763 0.22549460032621338 340
1757513846773 0.22438673984063331 341
1757513846783 0.22329048693223955 342
1757513846794 0.2222057116113943 343
1757513846804 0.2211322854256414 344
1757513846815 0.22007008144042456 345
1757513846825 0.2190189742200796 346
1757513846836 0.21797883980905342 347
1757513846846 0.2169495557133983 348
1757513846857 0.21593100088249734 349
1757513846868 0.2149230556910432 350
1757513846879 0.2139256019212473 351
1757513846889 0.2129385227452924 352
1757513846900 0.21196170270801526 353
1757513846911 0.2109950277098198 354
1757513846922 0.2100383849898203 355
1757513846932 0.2090916631091996 356
1757513846947 0.20815475193479088 357
1757513846958 0.20722754262288567 358
1757513846969 0.206309927603239 359
1757513846980 0.205401800563301 360
1757513846990 0.20450305643264538 361
1757513847001 0.20361359136761076 362
1757513847011 0.20273330273614 363
1757513847022 0.20186208910281772 364
1757513847032 0.20099985021410716 365
1757513847043 0.20014648698378484 366
1757513847053 0.19930190147855062 367
1757513847064 0.1984659969038519 368
1757513847075 0.19763867758986242 369
1757513847085 0.19681984897767318 370
1757513847097 0.19600941760564758 371
1757513847108 0.1952072910959532 372
1757513847118 0.19441337814128132 373
1757513847129 0.1936275884917271 374
1757513847140 0.19284983294185173 375
1757513847150 0.19208002331790305 376
1757513847161 0.1913180724652046 377
1757513847172 0.19056389423571746 378
1757513847183 0.189817403475746 379
1757513847194 0.1890785160138239 380
1757513847204 0.1883471486487405 381
1757513847215 0.18762321913772925 382
1757513847226 0.1869066461848055 383
1757513847237 0.18619734942926247 384
1757513847247 0.18549524943430548 385
1757513847258 0.18480026767583943 386
1757513847269 0.18411232653139836 387
1757513847280 0.18343134926922172 388
1757513847291 0.18275726003745943 389
1757513847301 0.1820899838535363 390
1757513847312 0.1814294465936279 391
1757513847323 0.180775574982291 392
1757513847333 0.18012829658222118 393
1757513847344 0.17948753978413445 394
1757513847355 0.17885323379679124 395
1757513847366 0.17822530863713879 396
1757513847377 0.1776036951205779 397
1757513847388 0.17698832485136626 398
1757513847399 0.17637913021312693 399
1757513847410 0.175776044359493 400
1757513847421 0.17517900120486227 401
1757513847432 0.17458793541527323 402
1757513847443 0.17400278239939854 403
1757513847453 0.1734234782996436 404
1757513847465 0.1728499599833716 405
1757513847476 0.1722821650342332 406
1757513847487 0.17172003174360098 407
1757513847497 0.171163499102126 408
1757513847508 0.1706125067913814 409
1757513847519 0.1700669951756301 410
1757513847530 0.16952690529369435 411
1757513847541 0.1689921788509093 412
1757513847552 0.16846275821120513 413
1757513847563 0.16793858638926393 414
1757513847575 0.16741960704279518 415
1757513847586 0.16690576446489616 416
1757513847597 0.1663970035765134 417
1757513847609 0.1658932699189948 418
1757513847620 0.16539450964674288 419
1757513847631 0.16490066951995047 420
1757513847642 0.16441169689743507 421
1757513847653 0.16392753972955917 422
1757513847664 0.16344814655123827 423
1757513847675 0.162973466475041 424
1757513847686 0.16250344918437007 425
1757513847697 0.1620380449267324 426
1757513847708 0.16157720450708934 427
1757513847720 0.1611208792812923 428
1757513847731 0.16066902114960036 429
1757513847742 0.16022158255027805 430
1757513847753 0.1597785164532702 431
1757513847767 0.1593397763539591 432
1757513847778 0.15890531626699722 433
1757513847789 0.15847509072021787 434
1757513847800 0.15804905474861747 435
1757513847812 0.15762716388841677 436
1757513847823 0.1572093741711933 437
1757513847834 0.15679564211808691 438
1757513847845 0.1563859247340782 439
1757513847856 0.15598017950233362 440
1757513847867 0.1555783643786209 441
1757513847879 0.1551804377858051 442
1757513847890 0.15478635860838935 443
1757513847901 0.1543960861871451 444
1757513847912 0.15400958031379758 445
1757513847924 0.15362680122577457 446
1757513847935 0.1532477096010283 447
1757513847946 0.15287226655291214 448
1757513847958 0.1525004336251253 449
1757513847969 0.15213217278671892 450
1757513847981 0.15176744642716158 451
1757513847992 0.15140621735146448 452
1757513848004 0.15104844877536935 453
1757513848015 0.15069410432059496 454
1757513848027 0.15034314801013532 455
1757513848038 0.14999554426362574 456
1757513848050 0.14965125789275407 457
1757513848063 0.14931025409673807 458
1757513848075 0.1489724984578514 459
1757513848088 0.14863795693700554 460
1757513848099 0.14830659586938338 461
1757513848111 0.14797838196013482 462
1757513848123 0.14765328228010885 463
1757513848135 0.14733126426165122 464
1757513848146 0.14701229569445232 465
1757513848158 0.14669634472143006 466
1757513848169 0.14638337983468516 467
1757513848181 0.14607336987148514 468
1757513848193 0.14576628401031136 469
1757513848205 0.1454620917669443 470
1757513848216 0.14516076299060118 471
1757513848228 0.14486226786011805 472
1757513848239 0.1445665768801813 473
1757513848251 0.14427366087759483 474
1757513848262 0.14398349099760607 475
1757513848274 0.14369603870026632 476
1757513848285 0.1434112757568352 477
1757513848297 0.14312917424623428 478
1757513848310 0.14284970655154033 479
1757513848322 0.14257284535651385 480
1757513848333 0.1422985636421809 481
1757513848344 0.1420268346834474 482
1757513848356 0.14175763204575823 483
1757513848367 0.14149092958179332 484
1757513848379 0.1412267014282051 485
1757513848390 0.14096492200239463 486
1757513848402 0.1407055659993246 487
1757513848414 0.1404486083883739 488
1757513848425 0.1401940244102247 489
1757513848437 0.13994178957379194 490
1757513848448 0.1396918796531859 491
1757513848460 0.13944427068470885 492
1757513848471 0.13919893896389365 493
1757513848483 0.1389558610425742 494
1757513848495 0.13871501372598727 495
1757513848507 0.13847637406991506 496
1757513848518 0.13823991937785637 497
1757513848530 0.13800562719823395 498
1757513848541 0.13777347532163625 499
