1757518469359 0.0012184907435252262 0
1757518469393 9.515691264738256e-05 1
1757518469426 0.21483382838525708 2
1757518469460 0.14236771094257275 3
1757518469493 0.34412010506828533 4
1757518469527 0.5924083403504354 5
1757518469561 0.008529976694160175 6
1757518469595 0.08536539418733215 7
1757518469628 0.021267666764531307 8
1757518469661 0.2722781525430642 9
1757518469694 0.8306977664468967 10
1757518469728 0.09300806563746639 11
1757518469762 0.016864136478709043 12
1757518469795 0.19292747122562245 13
1757518469829 0.23051736377777293 14
1757518469862 0.06601404904495636 15
1757518469896 0.6841170828406254 16
1757518469930 0.08849654193959326 17
1757518469963 0.004498617251108337 18
1757518469997 0.05564084326371684 19
1757518470030 0.05522915056647342 20
1757518470064 0.008700025718461572 21
1757518470097 0.18532410022375448 22
1757518470130 0.03574976639363501 23
1757518470164 0.07823919151456889 24
1757518470197 0.07216294296929175 25
1757518470231 0.041536191901232936 26
1757518470264 0.0011555099490756654 27
1757518470298 0.03180827083020654 28
1757518470332 0.06333676369791812 29
1757518470366 0.11741018753078693 30
1757518470400 0.00899109637828304 31
1757518470433 0.0017237325701309945 32
1757518470467 0.04818731076443808 33
1757518470502 0.019076421271572663 34
1757518470537 0.0024878135777943082 35
1757518470572 0.10547786779735122 36
1757518470607 0.03907646734801861 37
1757518470641 0.002907614940898002 38
1757518470689 0.0015652059116284213 39
1757518470723 0.022053635907203516 40
1757518470757 0.18431122844941603 41
1757518470791 0.1331461929542483 42
1757518470824 0.4686728273443112 43
1757518470858 0.16705156413062433 44
1757518470892 0.04035249729491434 45
1757518470927 0.1932391037440742 46
1757518470961 0.007237638813206193 47
1757518470995 0.03908023936089993 48
1757518471028 0.008778879537286616 49
1757518471063 0.083538987016411 50
1757518471098 0.0024096384495745416 51
1757518471132 0.00017690995211022518 52
1757518471165 0.020599001641112627 53
1757518471198 0.0012136201791218746 54
1757518471232 0.09054459481662215 55
1757518471266 0.12069638583680056 56
1757518471300 0.152708604498855 57
1757518471334 0.08121603623525371 58
1757518471368 0.3009384835992747 59
1757518471402 0.009965721717385856 60
1757518471435 0.012621857180358662 61
1757518471470 0.013058684575117404 62
1757518471503 0.02517152565577956 63
1757518471537 0.06593878045702314 64
1757518471571 0.17223160919483485 65
1757518471605 0.006111563605530605 66
1757518471638 0.020935976740203886 67
1757518471672 0.07985431525116717 68
1757518471706 0.04104856561228468 69
1757518471739 0.0038645582922115593 70
1757518471773 0.07244399661035562 71
1757518471807 0.00012561607641697255 72
1757518471841 0.2891153943966159 73
1757518471874 0.024051096130506606 74
1757518471909 0.0016412005503781575 75
1757518471943 0.007931891498040803 76
1757518471976 0.1656856090045887 77
1757518472010 0.14054299228188727 78
1757518472044 0.027893560567525847 79
1757518472078 0.019159430910952013 80
1757518472112 0.03177914696655691 81
1757518472146 0.3102602770810893 82
1757518472180 0.018910052162071315 83
1757518472214 0.0011321391292848958 84
1757518472247 0.04925665640117688 85
1757518472281 0.14427422101163148 86
1757518472315 0.012294025658926741 87
1757518472349 0.04474015828412577 88
1757518472382 0.07934805495510815 89
1757518472416 0.05334676807822037 90
1757518472450 0.01999117387405137 91
1757518472484 0.05870602945364609 92
1757518472518 0.2884018808928101 93
1757518472551 0.1153233069331221 94
1757518472585 0.027116676427503737 95
1757518472619 0.01489472875020129 96
1757518472653 0.2323003933309827 97
1757518472687 0.3392646041222973 98
1757518472721 0.0057809683158034225 99
1757518472757 0.03658351892262341 100
1757518472791 0.03642693540296643 101
1757518472825 0.07652417478992625 102
1757518472859 0.0014288305331103383 103
1757518472893 0.031164352490965518 104
1757518472928 0.030671601773910602 105
1757518472963 0.058014320329458656 106
1757518472997 0.07944414131488123 107
1757518473031 0.00029289509785025496 108
1757518473065 0.06340631781563329 109
1757518473099 0.05413259822552203 110
1757518473133 0.14608722904681398 111
1757518473167 0.05407765531307689 112
1757518473201 0.012061135976662522 113
1757518473235 0.15294593807907916 114
1757518473269 0.12677486377462294 115
1757518473304 0.0963492096871199 116
1757518473343 0.01654282993820739 117
1757518473378 0.0185188918526849 118
1757518473413 0.0015803766242563201 119
1757518473447 0.1487729957759327 120
1757518473485 0.00471242637877825 121
1757518473519 0.04493415957114919 122
1757518473554 0.035234466534025 123
1757518473588 0.011468797689995395 124
1757518473623 0.28740683052526267 125
1757518473657 0.0002801083162428129 126
1757518473692 0.023028936869567383 127
1757518473727 0.0009619565838092071 128
1757518473761 0.0034614344888291063 129
1757518473796 0.017052929270947766 130
1757518473830 0.08683493558755012 131
1757518473865 0.028895227738499143 132
1757518473900 0.020587620247773622 133
1757518473934 0.036569926974341666 134
1757518473969 0.002369077256224048 135
1757518474003 0.00038316495351142993 136
1757518474038 0.05999713988825408 137
1757518474072 0.28540991033415275 138
1757518474107 0.11874912439738201 139
1757518474141 0.008244667053324299 140
1757518474175 0.01710226007400979 141
1757518474209 0.07570535192645066 142
1757518474243 0.028058613885685528 143
1757518474277 0.25833243405699136 144
1757518474312 0.1055348320257026 145
1757518474346 0.018837824808074388 146
1757518474380 0.05299639776169052 147
1757518474415 0.0037560239141604477 148
1757518474449 0.04684045606601747 149
1757518474484 0.0472629856982461 150
1757518474519 0.089572273441383 151
1757518474553 0.2991181663934196 152
1757518474588 0.04186475446053069 153
1757518474622 0.026983947905714734 154
1757518474657 0.18767169510855544 155
1757518474691 0.005257895395962068 156
1757518474726 0.14847572305363457 157
1757518474760 0.03548588763820897 158
1757518474795 0.5809592840804724 159
1757518474830 0.03448453145577253 160
1757518474864 0.10991418255367962 161
1757518474913 0.07088681236617149 162
1757518474948 0.20639422146573597 163
1757518474983 0.26985411695964445 164
1757518475018 0.18964618679763376 165
1757518475053 0.05413070899953564 166
1757518475087 0.1573994554152985 167
1757518475122 0.08548385377856058 168
1757518475157 0.1822808728786513 169
1757518475191 0.011765592272572593 170
1757518475226 0.0030025061060202436 171
1757518475260 0.044821732874696756 172
1757518475295 0.12223621456031077 173
1757518475330 0.18857610742864492 174
1757518475365 0.013901313730027167 175
1757518475399 0.0032133599363660375 176
1757518475434 0.0006796375508932882 177
1757518475469 1.3197294365355965 178
1757518475503 0.03865660921620779 179
1757518475538 0.2167265321780611 180
1757518475573 0.08344399643547284 181
1757518475608 0.04335005906474509 182
1757518475642 0.03340271635150333 183
1757518475677 0.0500321413918034 184
1757518475712 0.2763558165738748 185
1757518475747 0.009427058868856203 186
1757518475784 0.7364982859699661 187
1757518475821 0.8320345282838645 188
1757518475856 0.14661387159951136 189
1757518475890 0.021795796868429206 190
1757518475925 0.018606203838556157 191
1757518475960 0.13064513914685577 192
1757518475995 0.004833787485306197 193
1757518476029 0.03096345329735866 194
1757518476064 0.0930633237756263 195
1757518476098 0.13327924195296711 196
1757518476133 0.15917950135870346 197
1757518476168 0.06341655245991412 198
1757518476202 0.0629322317972363 199
1757518476237 0.03235137119107754 200
1757518476272 0.05830342767883523 201
1757518476306 0.12400730309899886 202
1757518476341 5.721649181177647e-05 203
1757518476375 0.1120080747426905 204
1757518476410 0.14459376951355465 205
1757518476445 0.0077915122720541305 206
1757518476480 0.00898036905562831 207
1757518476514 0.019534951953541272 208
1757518476549 0.011570130406626073 209
1757518476583 0.005692979311893316 210
1757518476618 0.14411899466408964 211
1757518476652 1.0272112638172994e-05 212
1757518476687 0.13427039673886682 213
1757518476721 0.04243753556665481 214
1757518476756 0.0002839482921678795 215
1757518476791 0.13875472722643042 216
1757518476826 0.03190062517988518 217
1757518476860 0.0028991798454643934 218
1757518476895 0.004350253219053761 219
1757518476930 0.0073407720726588145 220
1757518476966 0.09043268783896041 221
1757518477001 0.06030675024367837 222
1757518477036 0.05451673368961683 223
1757518477071 0.012584998433243432 224
1757518477107 0.026244706276734482 225
1757518477142 0.017792140775136064 226
1757518477177 0.015111379773588077 227
1757518477212 0.0972036269239603 228
1757518477247 0.10050037087570249 229
1757518477282 0.06595933568659691 230
1757518477317 0.3927131970275346 231
1757518477353 0.019155840663517335 232
1757518477388 0.027736141977973087 233
1757518477423 0.013682751788460928 234
1757518477458 0.014565679773457543 235
1757518477493 0.003786364240454445 236
1757518477528 0.07327664048639014 237
1757518477563 0.018228229989848577 238
1757518477597 0.1402310242837262 239
1757518477633 0.0940414534606411 240
1757518477668 0.0004857285427831694 241
1757518477703 0.6951785393520369 242
1757518477738 0.03355165093301548 243
1757518477773 0.019484869111526967 244
1757518477808 0.2463727478805021 245
1757518477843 0.09895689963538513 246
1757518477879 0.04062885978151682 247
1757518477914 0.036494111016248804 248
1757518477949 0.09138027865978206 249
1757518477985 0.03941950489513727 250
1757518478020 0.12272922396278718 251
1757518478055 0.30951740139184053 252
1757518478091 0.11948267613818647 253
1757518478125 0.02406894537562547 254
1757518478160 0.10179974689682939 255
1757518478195 0.005466746136045845 256
1757518478230 0.1067346479265529 257
1757518478265 0.11727991281732535 258
1757518478300 0.025464396847633606 259
1757518478335 0.086537361790474 260
1757518478370 0.0005112812588619519 261
1757518478405 0.21745886575396986 262
1757518478441 0.00428174294347368 263
1757518478476 0.4067941859028983 264
1757518478511 0.010570534068688119 265
1757518478546 0.022189496084273747 266
1757518478581 0.02497218491317152 267
1757518478616 0.053408547987789406 268
1757518478652 0.01261091505945391 269
1757518478687 0.06104243785911783 270
1757518478722 0.0074331114603735015 271
1757518478757 0.0038104023778165737 272
1757518478792 0.016678052508582432 273
1757518478827 0.003521588666123427 274
1757518478863 0.0653767349298165 275
1757518478898 0.006233297259043611 276
1757518478933 0.06033954113207069 277
1757518478969 0.02669248273827967 278
1757518479005 0.0072115598920232575 279
1757518479040 0.12433723983142328 280
1757518479075 0.24598598800686766 281
1757518479110 0.011142861220277777 282
1757518479146 1.4678054745171385e-07 283
1757518479181 0.024411287080655358 284
1757518479216 0.0026375838766827192 285
1757518479252 0.24421275228326866 286
1757518479288 0.038246346415130916 287
1757518479324 0.03602515947875728 288
1757518479359 0.010863784284188795 289
1757518479395 0.02959032035200091 290
1757518479430 0.044369383449455305 291
1757518479465 0.0032401712500118706 292
1757518479501 0.01545055099247285 293
1757518479536 0.2076872381019633 294
1757518479572 0.01935853414538355 295
1757518479607 0.05655369691241084 296
1757518479642 0.14300299546798603 297
1757518479678 0.04344191162591259 298
1757518479713 0.05738707134186891 299
1757518479748 0.0036818035788177867 300
1757518479783 0.17712990934261102 301
1757518479819 0.08021868716703487 302
1757518479854 0.007257943267967377 303
1757518479889 0.0328654649927919 304
1757518479924 0.22713476604279664 305
1757518479960 0.37601931672016603 306
1757518479995 0.27560675647260446 307
1757518480030 0.20210951276961026 308
1757518480066 0.17010532289252658 309
1757518480102 0.10501849058010472 310
1757518480142 0.05293689573972575 311
1757518480179 0.17072654981205476 312
1757518480220 7.991747286087462e-08 313
1757518480258 0.016264600165081685 314
1757518480296 0.0010733278212307384 315
1757518480335 0.03350556358169557 316
1757518480374 0.04904739698720791 317
1757518480412 0.04649376151040895 318
1757518480454 0.03670301900736016 319
1757518480492 0.03662567944805768 320
1757518480533 0.33013024052036855 321
1757518480572 0.034212694464928084 322
1757518480612 0.19743919467395155 323
1757518480649 0.21617713299073466 324
1757518480694 0.24877294736319894 325
1757518480735 0.12074053860874934 326
1757518480771 0.1258630090340857 327
1757518480807 0.08001680370533304 328
1757518480843 0.07213892417466686 329
1757518480879 0.08831724469082583 330
1757518480914 0.20351367675707102 331
1757518480950 0.018745347255043954 332
1757518480985 0.0009461463491213348 333
1757518481021 0.10761284826376478 334
1757518481057 0.08188935781935529 335
1757518481092 0.04062093636507471 336
1757518481128 0.1598002620158989 337
1757518481164 0.03738859142293258 338
1757518481200 0.040818940399889425 339
1757518481236 0.12413315010907797 340
1757518481271 0.018131573369174647 341
1757518481307 0.12079649832194263 342
1757518481343 0.029979996875153545 343
1757518481379 0.02786418261626513 344
1757518481414 0.07965558573558094 345
1757518481450 0.0004361672177315301 346
1757518481487 0.008580258067613658 347
1757518481523 0.08877813464113006 348
1757518481558 0.07737816749199809 349
1757518481594 0.02085459893580284 350
1757518481630 1.3475145795831082e-05 351
1757518481665 0.25972538187705096 352
1757518481701 0.062431092313064346 353
1757518481736 0.47500305462900144 354
1757518481772 0.002014561462758808 355
1757518481809 0.06540591073379985 356
1757518481844 0.012355068612406353 357
1757518481880 0.05676474603760296 358
1757518481916 0.018796578179118284 359
1757518481952 0.001958302295247354 360
1757518481993 0.10406908235431901 361
1757518482028 0.11804222343195547 362
1757518482065 0.001644446196776132 363
1757518482102 0.009284970239687907 364
1757518482139 0.0003872099899810552 365
1757518482177 0.0006702369538960764 366
1757518482214 1.0284834950718502 367
1757518482249 0.05664871010613093 368
1757518482285 0.002443611859999672 369
1757518482321 0.0029163131552919835 370
1757518482360 0.10887500288317324 371
1757518482397 0.001994994402841447 372
1757518482433 0.0015613654002899209 373
1757518482469 0.01345684008003195 374
1757518482505 0.0562883890960365 375
1757518482540 0.006617136899096577 376
1757518482576 0.0026620797107206485 377
1757518482612 0.07425229677915039 378
1757518482648 0.11413928881244771 379
1757518482685 0.026206264124201753 380
1757518482721 0.3642146089297533 381
1757518482756 0.06371898576989309 382
1757518482792 0.03593469648295732 383
1757518482828 0.030921774417430718 384
1757518482864 0.02385412353664972 385
1757518482900 0.008331187089716342 386
1757518482936 0.23312946266823587 387
1757518482972 0.21933740549738048 388
1757518483009 0.019955362475515097 389
1757518483047 0.03440334471594028 390
1757518483083 0.04239620287617584 391
1757518483119 0.03597815698420312 392
1757518483156 0.040053648273371774 393
1757518483193 0.1057440498671646 394
1757518483229 0.14766931678043033 395
1757518483266 0.019273945182030655 396
1757518483302 0.044177342741627615 397
1757518483345 0.11502825573448157 398
1757518483382 0.10351263808290054 399
1757518483418 0.10679548820842309 400
1757518483454 0.0017580908447186443 401
1757518483490 0.12596324199424558 402
1757518483527 0.005064318368165636 403
1757518483563 0.04467061164584232 404
1757518483600 0.0028940187748691918 405
1757518483637 0.0007323749162022876 406
1757518483673 0.00012756100819954797 407
1757518483709 0.28554979703749356 408
1757518483745 0.0004817011256515893 409
1757518483781 0.17326980392292132 410
1757518483818 1.6961411364726133e-05 411
1757518483853 0.04027150292336647 412
1757518483889 0.008632050246050849 413
1757518483925 0.17803773751298002 414
1757518483962 0.020090597243712746 415
1757518483998 0.22049170220439723 416
1757518484034 0.007958661117725044 417
1757518484070 0.08614586949431258 418
1757518484106 0.026327229989889178 419
1757518484142 0.07691749985212334 420
1757518484179 0.14656777281969574 421
1757518484216 0.050107098693338105 422
1757518484252 0.022260433409772632 423
1757518484288 0.026578634571734008 424
1757518484324 0.16763134362150253 425
1757518484360 0.04577297312499885 426
1757518484396 0.006709723185400014 427
1757518484432 0.0010746605462769118 428
1757518484467 0.10718541004508651 429
1757518484503 0.17617762048797436 430
1757518484539 0.0020431288273413933 431
1757518484575 0.015525535727147575 432
1757518484612 0.18611517064190933 433
1757518484648 0.18170964058592584 434
1757518484684 0.015866145099178892 435
1757518484720 0.03907321511419891 436
1757518484757 0.02586075706646861 437
1757518484792 0.05400436688639807 438
1757518484829 0.058064773716195714 439
1757518484865 0.003027154306549091 440
1757518484901 0.02874091422332859 441
1757518484938 0.16447850709445652 442
1757518484974 0.01246768188221 443
1757518485010 0.00029538201826793096 444
1757518485047 0.15928834336102898 445
1757518485084 0.02312189524489687 446
1757518485121 0.05595042315724724 447
1757518485157 0.12544772448678676 448
1757518485193 0.22974596743063255 449
1757518485229 0.07917585891597026 450
1757518485266 0.23572110049205466 451
1757518485302 0.0808397371253487 452
1757518485338 0.0909217176546859 453
1757518485375 0.0810195678856398 454
1757518485411 0.0020958378688652156 455
1757518485448 0.016502563744005404 456
1757518485484 0.017472499257388443 457
1757518485520 0.00032666207472936606 458
1757518485557 0.006241903679396382 459
1757518485593 0.046104754644286094 460
1757518485629 0.0010134014850833417 461
1757518485666 0.034314825673538246 462
1757518485702 0.016109272506004548 463
1757518485739 0.10317861363835265 464
1757518485777 0.3116043092337225 465
1757518485814 0.04986390138965847 466
1757518485851 0.11675747737719669 467
1757518485897 0.008636252293754367 468
1757518485936 0.46960326089165927 469
1757518485972 0.00042719368880562785 470
1757518486008 0.04363067150055358 471
1757518486045 0.10580198642125835 472
1757518486081 0.001609507243867266 473
1757518486118 0.009864796081320409 474
1757518486154 0.004703535542883389 475
1757518486191 0.028421106070257274 476
1757518486227 0.23345553804549402 477
1757518486264 0.07455699845188425 478
1757518486301 0.002219396753280663 479
1757518486337 0.0707106428239423 480
1757518486374 0.030167450307857446 481
1757518486410 0.028484390437293117 482
1757518486446 0.0002679589751599115 483
1757518486482 0.15849282363303951 484
1757518486518 0.06852339393349405 485
1757518486555 0.03157791033363796 486
1757518486592 0.031209614876466854 487
1757518486628 0.2446412036650261 488
1757518486664 0.5324139055959196 489
1757518486700 0.023083593636263253 490
1757518486737 0.041480841629236785 491
1757518486773 0.002043320357101624 492
1757518486809 0.05297036179421457 493
1757518486846 0.04812113265226508 494
1757518486882 0.009605208138036368 495
1757518486919 0.07702450506967631 496
1757518486955 0.022376549722064362 497
1757518486991 0.1124169537489461 498
1757518487028 0.22961413131611252 499
