1757594860990 0.009085391260749018 0
1757594861028 0.2844724315433856 1
1757594861066 0.03857635870648265 2
1757594861105 0.008553432253968363 3
1757594861143 0.02111201079809176 4
1757594861182 0.005214454376301491 5
1757594861222 0.03559677655375794 6
1757594861260 0.0963995673808127 7
1757594861299 0.3034051200258419 8
1757594861338 0.04953981053136775 9
1757594861377 0.014293636781795916 10
1757594861417 0.35806935216224833 11
1757594861456 0.04640973683988795 12
1757594861495 0.14515627273329332 13
1757594861534 0.03999747090952327 14
1757594861573 0.17400977729030798 15
1757594861612 0.02399351661830573 16
1757594861651 0.00975265014419093 17
1757594861689 0.8228542816773788 18
1757594861728 0.009278686984488842 19
1757594861767 0.06908826012001203 20
1757594861805 0.007778509188680798 21
1757594861844 0.20188156068408883 22
1757594861883 0.1748909312109896 23
1757594861922 0.00046119374958849093 24
1757594861961 0.0794485465574149 25
1757594862000 0.026382152930979116 26
1757594862038 0.3474382659263397 27
1757594862077 0.008242142707932084 28
1757594862116 0.003042345033154517 29
1757594862154 0.04234416240451976 30
1757594862193 0.012119840659091415 31
1757594862232 0.02239413208099552 32
1757594862271 0.002009634331050367 33
1757594862328 0.15548626203805704 34
1757594862367 0.1202749547124033 35
1757594862406 0.21993064230656625 36
1757594862445 0.009287896713424509 37
1757594862484 0.00015566220887761517 38
1757594862523 0.032711477779632375 39
1757594862562 0.011681547755460854 40
1757594862601 0.008493758991129075 41
1757594862639 0.10626381769810088 42
1757594862678 0.012664001613112255 43
1757594862719 0.0004725664180080818 44
1757594862759 0.0054390659996701 45
1757594862798 0.09722179945486366 46
1757594862838 0.3734681011458011 47
1757594862876 0.017723321311163658 48
1757594862918 0.11137916002604159 49
1757594862957 0.02020036965656052 50
1757594862996 0.24642662898639037 51
1757594863035 2.5716759485044033e-06 52
1757594863074 0.01388728241352026 53
1757594863113 0.018856671148591173 54
1757594863152 0.1865103125443453 55
1757594863190 0.004660514621595698 56
1757594863230 0.020866069995399333 57
1757594863268 0.04498192465129251 58
1757594863307 0.07784740734456236 59
1757594863346 0.04846599629912466 60
1757594863385 0.41304364468665217 61
1757594863423 0.005938971837243948 62
1757594863462 0.1876899561260241 63
1757594863502 0.8390541255841257 64
1757594863542 0.016953342192028813 65
1757594863581 0.04209416133048884 66
1757594863620 0.6071231872925598 67
1757594863659 0.06197584579851547 68
1757594863698 0.10278313079315089 69
1757594863737 0.055437270922944336 70
1757594863776 0.14548948163075476 71
1757594863815 0.01770678710192899 72
1757594863854 1.0843719108726666 73
1757594863893 0.09277471679928745 74
1757594863931 0.0007752335027533292 75
1757594863970 0.058467544593615965 76
1757594864009 0.3243033179493271 77
1757594864048 0.04259134613309379 78
1757594864086 0.020138187696713706 79
1757594864125 0.008743511546753268 80
1757594864164 0.031806569137722826 81
1757594864203 0.011295698784450487 82
1757594864241 0.005950394702673204 83
1757594864280 0.14421527340682858 84
1757594864319 0.06968569183448503 85
1757594864358 0.0003630425510853257 86
1757594864397 0.0013976881734601542 87
1757594864436 0.028432870968113467 88
1757594864475 0.061556089576223924 89
1757594864513 0.01050871793401178 90
1757594864552 0.022738849669045567 91
1757594864591 0.028529025833948382 92
1757594864630 9.551226458503688e-06 93
1757594864668 0.1045221967561995 94
1757594864707 0.33807597703249787 95
1757594864747 0.217303521396631 96
1757594864787 0.10300528804023533 97
1757594864826 0.4163703008829377 98
1757594864866 0.038109991321335045 99
1757594864905 0.05694985470985489 100
1757594864944 0.1415405698629367 101
1757594864983 0.10394713597481609 102
1757594865022 0.09902210869746521 103
1757594865060 0.28691127843860625 104
1757594865099 0.04359062431518438 105
1757594865138 0.06908476332157652 106
1757594865177 0.020598985146703455 107
1757594865215 0.005015041630942237 108
1757594865254 0.07014529820682827 109
1757594865293 0.005228468510740689 110
1757594865333 0.23352474053465128 111
1757594865372 0.056514114057447884 112
1757594865411 0.1199061539062002 113
1757594865451 0.19176526387777257 114
1757594865502 0.005908271728953242 115
1757594865542 0.031880749786275746 116
1757594865581 0.049729556958217125 117
1757594865622 0.0013873243524409058 118
1757594865662 0.028126324117168065 119
1757594865701 0.11573896235423435 120
1757594865740 0.038704365070339496 121
1757594865779 0.0012073428999123796 122
1757594865819 0.13385000073511785 123
1757594865858 0.1852266721777097 124
1757594865898 0.19121658047927517 125
1757594865937 0.1303130201228826 126
1757594865976 0.005821841917408732 127
1757594866014 0.02612800691357864 128
1757594866054 0.010494379110993275 129
1757594866093 0.2081062649468428 130
1757594866132 0.040898708572142714 131
1757594866172 0.00011567005149498927 132
1757594866211 0.12760455112022343 133
1757594866250 0.4469707452906214 134
1757594866289 0.07890901116251556 135
1757594866328 0.04731524734172455 136
1757594866367 0.07657356006478995 137
1757594866406 0.008486532442674638 138
1757594866446 0.046010816633953684 139
1757594866487 0.17806052798044758 140
1757594866530 0.006267254681311612 141
1757594866571 0.12839412092354996 142
1757594866613 0.04213461468399556 143
1757594866655 0.043925683498551166 144
1757594866695 0.003542581832236496 145
1757594866735 5.535237347474993e-05 146
1757594866775 0.06485241923279125 147
1757594866814 0.002087697769686059 148
1757594866854 0.0016885681508477367 149
1757594866893 0.05614090623978469 150
1757594866932 0.03544641091336195 151
1757594866971 0.058981001038260164 152
1757594867011 0.07617580859925363 153
1757594867050 0.12598458281450706 154
1757594867090 0.1053931059372992 155
1757594867130 0.032281877946119794 156
1757594867170 0.020876317535014392 157
1757594867209 0.008980261781272194 158
1757594867249 0.005127096563892 159
1757594867288 0.12311044769914169 160
1757594867328 0.011247409623454217 161
1757594867367 0.31899965079755654 162
1757594867407 0.019367468224286765 163
1757594867447 0.0055337935327759115 164
1757594867487 0.025811646525914035 165
1757594867526 0.07116146483692212 166
1757594867566 0.018691647077528063 167
1757594867606 0.04393401326778096 168
1757594867645 0.1700183357110821 169
1757594867685 0.02651599091111595 170
1757594867724 0.07736299318412761 171
1757594867764 0.07821130977273028 172
1757594867803 0.04034148586078659 173
1757594867844 0.07821747592888617 174
1757594867885 0.07855326290031761 175
1757594867924 0.0858541390126588 176
1757594867964 0.10059544229768423 177
1757594868004 0.49267054854197717 178
1757594868044 0.07333682569216107 179
1757594868084 0.08347120967431934 180
1757594868123 0.001949828417218731 181
1757594868163 0.0057387601496605295 182
1757594868202 0.0026377736263295784 183
1757594868242 0.19115107004162663 184
1757594868281 0.008603858757575444 185
1757594868321 0.011192818783049807 186
1757594868361 0.00824494917196451 187
1757594868401 0.005284772899327385 188
1757594868440 0.006806172954535066 189
1757594868481 0.014934803026854095 190
1757594868521 0.5123156608192345 191
1757594868561 0.29740514991850786 192
1757594868600 0.00010983815620771873 193
1757594868640 0.03467211584536921 194
1757594868680 0.05947900691782256 195
1757594868720 0.03484861693872999 196
1757594868760 0.1134104923128896 197
1757594868804 0.022175729312835644 198
1757594868844 0.03868758914794145 199
1757594868883 0.03097928483098201 200
1757594868923 0.08129346487609942 201
1757594868963 0.037717789493052815 202
1757594869003 0.1418053620842398 203
1757594869043 0.04860287617220831 204
1757594869083 0.013674185305989527 205
1757594869122 0.04797183539009619 206
1757594869162 0.0136827612014007 207
1757594869202 0.06497824300586647 208
1757594869242 0.09612812542898735 209
1757594869281 0.003702375318077345 210
1757594869321 0.003013265834592847 211
1757594869361 0.04063078431395533 212
1757594869400 2.537974247655588e-06 213
1757594869440 0.0373574855098599 214
1757594869479 0.3178756028199707 215
1757594869519 0.02338622104703398 216
1757594869559 0.03940246958795958 217
1757594869599 0.014141666683125062 218
1757594869638 0.02584336029186322 219
1757594869678 0.335631762797739 220
1757594869719 0.11344177845574141 221
1757594869761 0.12246523642850919 222
1757594869802 0.06504594262353734 223
1757594869842 0.05546681896642338 224
1757594869883 0.04202009861385538 225
1757594869923 0.10653335207884505 226
1757594869963 0.07048859584458697 227
1757594870003 0.0009430421344736525 228
1757594870044 0.3551602488339108 229
1757594870085 0.00022686393497600558 230
1757594870125 0.009163903423950575 231
1757594870165 0.038925706739650685 232
1757594870204 0.2693659213187786 233
1757594870245 0.06219635013459121 234
1757594870287 0.0019779417546150874 235
1757594870327 0.060625241688369955 236
1757594870368 0.05015215916495234 237
1757594870407 0.03334308035618115 238
1757594870447 0.06116012932061265 239
1757594870487 0.09096121172473588 240
1757594870527 0.06407643190721281 241
1757594870567 0.13671001948365874 242
1757594870607 0.24631734116293064 243
1757594870647 0.006678605629651582 244
1757594870687 0.026224714119002665 245
1757594870727 0.154964818938241 246
1757594870767 0.009013708450388293 247
1757594870808 0.07672695058466504 248
1757594870848 0.03574355420958017 249
1757594870889 0.010756787264576238 250
1757594870929 0.06659841997717263 251
1757594870969 0.18785386786450653 252
1757594871009 0.01886778766735255 253
1757594871050 0.012358664167529001 254
1757594871091 0.06486956707262878 255
1757594871131 0.0018836946052930448 256
1757594871171 0.0035713865368418598 257
1757594871211 0.003861797554135712 258
1757594871251 0.0077306722135355175 259
1757594871292 0.06028687147246775 260
1757594871332 0.016270318334041762 261
1757594871372 0.08199002183399709 262
1757594871413 0.24481374712500525 263
1757594871453 0.004473713765579581 264
1757594871493 0.010266946418052992 265
1757594871533 0.008544830844225124 266
1757594871573 0.04733714689800604 267
1757594871614 0.33752616155582016 268
1757594871654 0.6844603375063265 269
1757594871695 0.7472555607403544 270
1757594871736 0.011151106201132837 271
1757594871776 0.022160182518913846 272
1757594871816 0.014510852518526515 273
1757594871857 0.03709254374140908 274
1757594871896 0.06842856975960214 275
1757594871936 0.00015130547219589967 276
1757594871976 0.004409824606411986 277
1757594872016 0.0033174996829929792 278
1757594872056 0.0020823036948649384 279
1757594872096 0.061538963382019966 280
1757594872136 0.009295610479658314 281
1757594872176 0.06513047992463229 282
1757594872218 0.016591821312976558 283
1757594872258 0.0116239240424282 284
1757594872298 0.46025686065754623 285
1757594872338 0.054245362632041556 286
1757594872378 0.022407555476847203 287
1757594872418 0.050741344670279846 288
1757594872458 0.02404142517795334 289
1757594872498 0.05278040945796113 290
1757594872538 0.00010042867977053344 291
1757594872578 0.021974427465187622 292
1757594872618 0.03950337772446528 293
1757594872659 0.0061289426887802005 294
1757594872699 0.011349485814190126 295
1757594872739 0.01989314711706544 296
1757594872778 0.024403523531722753 297
1757594872820 0.255432742847172 298
1757594872860 0.058349039739800185 299
1757594872902 0.24724302362777856 300
1757594872942 0.0004156486265776086 301
1757594872982 0.18035714641963851 302
1757594873022 0.0007242403473550692 303
1757594873062 0.022118922879046852 304
1757594873103 0.5320746833651152 305
1757594873143 0.0001913661759287192 306
1757594873183 0.15988052128331728 307
1757594873223 0.03817720068515117 308
1757594873264 0.03634189622587406 309
1757594873304 0.046703087039391654 310
1757594873345 6.416102140293404e-05 311
1757594873385 0.16036914009951073 312
1757594873426 0.4410503995070391 313
1757594873467 0.10035076628615146 314
1757594873508 0.0054460315735232676 315
1757594873548 0.023699626642107948 316
1757594873589 0.003706873269246948 317
1757594873629 0.027531917042771234 318
1757594873670 0.17703358213710113 319
1757594873710 0.16620006990520345 320
1757594873750 0.07922351889409715 321
1757594873791 0.8032613941355051 322
1757594873831 0.013627336937434372 323
1757594873871 0.008449893649141083 324
1757594873912 0.372068455113693 325
1757594873953 0.11202770641000875 326
1757594873993 0.0027667629930790607 327
1757594874034 0.0908579080988634 328
1757594874075 0.017914170890569306 329
1757594874115 0.06805499303587778 330
1757594874155 0.0569075049880408 331
1757594874196 0.1092813797460311 332
1757594874237 0.006654802273729081 333
1757594874278 0.0022426848199706482 334
1757594874318 0.02529930503332948 335
1757594874359 0.025904006745984937 336
1757594874401 0.029830812321311833 337
1757594874442 0.006122597495946345 338
1757594874483 0.03880852411956996 339
1757594874524 0.06023453942108213 340
1757594874565 0.1435847588664275 341
1757594874605 0.008191064431592678 342
1757594874645 0.0013078886476219462 343
1757594874686 0.016913651998356705 344
1757594874727 0.0008724173163197467 345
1757594874767 0.0020225238169988844 346
1757594874807 0.023035934986144306 347
1757594874849 0.010904879073861978 348
1757594874889 0.009213185337688619 349
1757594874929 0.6456979919948523 350
1757594874970 0.004733505614543799 351
1757594875011 0.03714307779441739 352
1757594875052 0.011959685956576436 353
1757594875093 0.20648053865527208 354
1757594875134 0.47424944331346125 355
1757594875174 0.11593994141817894 356
1757594875215 0.02161621442686446 357
1757594875256 2.6214531794113062e-05 358
1757594875297 0.10909612918233702 359
1757594875337 0.2043521531864668 360
1757594875378 0.023821568362363037 361
1757594875418 0.10755010260314012 362
1757594875468 0.012737484207542065 363
1757594875510 0.016515819362892467 364
1757594875552 0.27060200737972406 365
1757594875592 0.00718243278417445 366
1757594875632 0.007131955125264918 367
1757594875673 0.25527147023500135 368
1757594875714 0.041420529789339154 369
1757594875755 0.12991066282397007 370
1757594875795 0.24139324312798147 371
1757594875837 0.03819664826344248 372
1757594875877 0.010378858960795436 373
1757594875918 0.17623018542855753 374
1757594875958 0.08142631010857487 375
1757594875999 0.0005481534808564579 376
1757594876041 0.0007759621495131062 377
1757594876081 0.1074417926161605 378
1757594876122 0.005227991470645247 379
1757594876162 0.0013439386983285582 380
1757594876203 0.10723386334596637 381
1757594876244 0.4070894629556165 382
1757594876285 0.2068177868588295 383
1757594876325 0.22353529986793172 384
1757594876366 0.029423582336474387 385
1757594876406 0.07931363179569945 386
1757594876448 0.013803393195221236 387
1757594876489 0.029471794914233476 388
1757594876530 0.03792511980438912 389
1757594876572 0.10764729376512004 390
1757594876613 0.13344703030314575 391
1757594876654 0.028425262310428676 392
1757594876695 0.11523771386190189 393
1757594876736 0.09850488517507434 394
1757594876776 0.02513503653309893 395
1757594876817 5.2463324513236353e-05 396
1757594876858 0.12035798342217587 397
1757594876900 0.28940646597201924 398
1757594876942 0.11440210282264981 399
1757594876983 0.009267913564402883 400
1757594877024 0.10958327778907337 401
1757594877064 0.07844350173374026 402
1757594877106 0.06930073035273329 403
1757594877147 0.07988703453116502 404
1757594877187 0.0015745855277586424 405
1757594877228 0.05105707479141442 406
1757594877269 0.0001476790627204333 407
1757594877310 0.154797770461951 408
1757594877351 0.0009785603222037201 409
1757594877391 0.003907450049216008 410
1757594877432 0.009365400552901384 411
1757594877472 0.29171355630949936 412
1757594877513 0.05164432208522227 413
1757594877554 0.03529220014219029 414
1757594877595 0.1935522507126149 415
1757594877636 0.011955152102850069 416
1757594877677 0.4977951682317897 417
1757594877718 0.03883974658474963 418
1757594877759 0.14637559856216134 419
1757594877799 0.0007695496058136704 420
1757594877840 0.06404343716644455 421
1757594877881 0.6076646483847573 422
1757594877923 0.07020598518888056 423
1757594877963 0.1110382640893726 424
1757594878005 0.12943327575162547 425
1757594878045 0.15032582702834135 426
1757594878086 0.013731298202875483 427
1757594878127 0.02041269515365591 428
1757594878169 0.10781196501522336 429
1757594878209 0.025741818817863558 430
1757594878250 0.05530158934764333 431
1757594878291 0.23036499075314223 432
1757594878332 0.044929898913962124 433
1757594878373 0.045327359751148676 434
1757594878414 0.02434724484697816 435
1757594878455 0.16464067950147637 436
1757594878496 0.08015366290765738 437
1757594878536 0.020944509685269824 438
1757594878577 0.0027512141514763407 439
1757594878618 0.023650544128522487 440
1757594878659 0.011635037905580127 441
1757594878701 0.0016818744407598525 442
1757594878743 0.09313420243502153 443
1757594878784 0.05173937961735392 444
1757594878826 0.037024635312311135 445
1757594878867 0.0685483746742466 446
1757594878912 0.10454153242843178 447
1757594878954 0.0034769698924319047 448
1757594878995 0.03521848024595446 449
1757594879036 0.0069827311204432255 450
1757594879077 0.006908599139435101 451
1757594879118 0.005846802130618688 452
1757594879159 0.01023806235898771 453
1757594879200 0.1656156751078643 454
1757594879241 0.004725315150179158 455
1757594879282 0.06917069522076956 456
1757594879324 0.09257756991170404 457
1757594879367 0.0006246689884156647 458
1757594879411 8.618478082864552e-05 459
1757594879455 0.009385171293782352 460
1757594879499 0.13558524709519687 461
1757594879541 0.061652159002400564 462
1757594879584 0.04627551281818808 463
1757594879625 0.06423255940794997 464
1757594879666 1.1237361266523345 465
1757594879707 0.11841899058496597 466
1757594879749 0.06126937839070636 467
1757594879791 0.12620734267351935 468
1757594879833 0.05945254882687034 469
1757594879874 0.0032047163213363215 470
1757594879915 0.15084417337530845 471
1757594879956 0.06637800447878939 472
1757594879997 0.02508345653315286 473
1757594880038 0.001879599219017869 474
1757594880079 0.0479067667437506 475
1757594880121 0.03753270406286194 476
1757594880162 0.014678817612025186 477
1757594880204 0.14159911364818667 478
1757594880245 0.009849660651147224 479
1757594880287 0.015329172241698415 480
1757594880328 0.0006378037705673323 481
1757594880370 0.09664301090107749 482
1757594880411 0.07029694881974338 483
1757594880452 0.034487597138299395 484
1757594880493 0.005090734118157622 485
1757594880535 0.0008365303619719675 486
1757594880576 0.02770942007856346 487
1757594880617 0.02373075331695933 488
1757594880658 0.01638702905027975 489
1757594880699 0.003119091062404906 490
1757594880740 0.001823880568676897 491
1757594880782 0.005766836855550526 492
1757594880823 0.08621698022841316 493
1757594880867 0.011401740366304945 494
1757594880909 0.005938197491056725 495
1757594880950 0.0012213383234113795 496
1757594880991 0.0018400067306492622 497
1757594881032 0.018670476534830734 498
1757594881073 0.21417718998235008 499
