1757594543086 170.15058820372153 0
1757594543095 170.08666941725622 1
1757594543103 170.02277558968888 2
1757594543112 169.95890671119992 3
1757594543120 169.89506277197071 4
1757594543129 169.83124376218555 5
1757594543137 169.76744967203553 6
1757594543146 169.70368049171336 7
1757594543154 169.63993621141532 8
1757594543163 169.57621682134408 9
1757594543171 169.51252231170312 10
1757594543180 169.44885267270308 11
1757594543188 169.38520789455515 12
1757594543197 169.32158796747657 13
1757594543205 169.25799288168744 14
1757594543213 169.19442262741288 15
1757594543222 169.13087719487964 16
1757594543230 169.06735657432097 17
1757594543239 169.0038607559729 18
1757594543247 168.94038973007386 19
1757594543255 168.87694348686907 20
1757594543264 168.81352201660533 21
1757594543272 168.75012530953381 22
1757594543281 168.68675335590945 23
1757594543289 168.62340614599222 24
1757594543298 168.56008367004335 25
1757594543306 168.4967859183317 26
1757594543315 168.4335128811261 27
1757594543324 168.37026454870218 28
1757594543332 168.30704091133825 29
1757594543341 168.24384195931538 30
1757594543350 168.18066768291916 31
1757594543358 168.11751807244192 32
1757594543367 168.0543931181742 33
1757594543376 167.9912928104152 34
1757594543384 167.92821713946677 35
1757594543393 167.86516609563208 36
1757594543402 167.80213966922184 37
1757594543411 167.739137850548 38
1757594543419 167.6761606299272 39
1757594543428 167.61320799768072 40
1757594543436 167.55027994413152 41
1757594543445 167.48737645960833 42
1757594543453 167.42449753444416 43
1757594543462 167.36164315897304 44
1757594543470 167.29881332353554 45
1757594543479 167.23600801847394 46
1757594543488 167.17322723413608 47
1757594543497 167.11047096087324 48
1757594543505 167.04773918904124 49
1757594543514 166.98503190899638 50
1757594543523 166.9223491111041 51
1757594543531 166.85969078572617 52
1757594543540 166.79705692323722 53
1757594543549 166.73444751400876 54
1757594543557 166.67186254841968 55
1757594543566 166.6093020168494 56
1757594543575 166.5467659096853 57
1757594543584 166.48425421731488 58
1757594543592 166.42176693013232 59
1757594543601 166.35930403853402 60
1757594543610 166.29686553292066 61
1757594543619 166.23445140369492 62
1757594543628 166.1720616412672 63
1757594543637 166.10969623604683 64
1757594543646 166.04735517845123 65
1757594543654 165.98503845889942 66
1757594543663 165.92274606781518 67
1757594543672 165.86047799562374 68
1757594543681 165.79823423275778 69
1757594543690 165.73601476965064 70
1757594543699 165.67381959674154 71
1757594543707 165.611648704472 72
1757594543716 165.5495020832875 73
1757594543725 165.48737972363858 74
1757594543733 165.42528161597843 75
1757594543742 165.36320775076447 76
1757594543751 165.30115811845678 77
1757594543760 165.23913270952065 78
1757594543769 165.17713151442584 79
1757594543779 165.11515452364247 80
1757594543787 165.05320172764837 81
1757594543796 164.99127311692146 82
1757594543805 164.9293686819476 83
1757594543814 164.86748841321233 84
1757594543823 164.80563230120862 85
1757594543832 164.74380033642896 86
1757594543841 164.681992509373 87
1757594543850 164.62020881054454 88
1757594543859 164.55844923044785 89
1757594543869 164.49671375959232 90
1757594543878 164.43500238849396 91
1757594543887 164.37331510766882 92
1757594543896 164.31165190763795 93
1757594543904 164.2500127789255 94
1757594543913 164.1883977120618 95
1757594543922 164.12680669757793 96
1757594543931 164.06523972601065 97
1757594543940 164.00369678789932 98
1757594543949 163.94217787378716 99
1757594543957 163.88068297422302 100
1757594543966 163.81921207975702 101
1757594543975 163.75776518094358 102
1757594543984 163.69634226834162 103
1757594543994 163.63494333251245 104
1757594544003 163.5735683640238 105
1757594544012 163.51221735344393 106
1757594544021 163.45089029134738 107
1757594544030 163.3895871683107 108
1757594544039 163.32830797491505 109
1757594544048 163.2670527017441 110
1757594544057 163.20582133938655 111
1757594544066 163.1446138784362 112
1757594544075 163.08343030948691 113
1757594544084 163.02227062313764 114
1757594544093 162.96113480999344 115
1757594544102 162.90002286066024 116
1757594544111 162.83893476574792 117
1757594544120 162.77787051587208 118
1757594544129 162.7168301016517 119
1757594544139 162.65581351370625 120
1757594544148 162.5948207426611 121
1757594544157 162.5338517791469 122
1757594544166 162.4729066137967 123
1757594544175 162.4119852372464 124
1757594544184 162.3510876401361 125
1757594544193 162.29021381310943 126
1757594544202 162.2293637468145 127
1757594544211 162.1685374319028 128
1757594544220 162.10773485903 129
1757594544230 162.04695601885194 130
1757594544239 161.98620090203576 131
1757594544249 161.92546949924366 132
1757594544258 161.86476180114713 133
1757594544267 161.80407779841946 134
1757594544277 161.74341748173728 135
1757594544286 161.68278084178164 136
1757594544295 161.62216786923773 137
1757594544306 161.56157855479304 138
1757594544317 161.5010128891416 139
1757594544327 161.44047086297604 140
1757594544336 161.379952466996 141
1757594544345 161.31945769190514 142
1757594544354 161.2589865284114 143
1757594544364 161.19853896722387 144
1757594544373 161.13811499905518 145
1757594544383 161.07771461462536 146
1757594544392 161.0173378046542 147
1757594544401 160.95698455986712 148
1757594544411 160.8966548709929 149
1757594544420 160.8363487287632 150
1757594544430 160.77606612391412 151
1757594544439 160.71580704718605 152
1757594544448 160.6555714893218 153
1757594544458 160.59535944106756 154
1757594544467 160.53517089317572 155
1757594544477 160.47500583639913 156
1757594544486 160.41486426149464 157
1757594544496 160.35474615922615 158
1757594544505 160.29465152035834 159
1757594544514 160.23458033565834 160
1757594544524 160.1745325959008 161
1757594544533 160.11450829186037 162
1757594544543 160.05450741431753 163
1757594544552 159.9945299540555 164
1757594544562 159.93457590186165 165
1757594544571 159.8746452485264 166
1757594544581 159.8147379848446 167
1757594544590 159.7548541016129 168
1757594544600 159.69499358963378 169
1757594544609 159.63515643971303 170
1757594544619 159.57534264265908 171
1757594544628 159.51555218928462 172
1757594544638 159.45578507040477 173
1757594544647 159.39604127684092 174
1757594544657 159.33632079941617 175
1757594544666 159.27662362895543 176
1757594544676 159.21694975629237 177
1757594544685 159.15729917225957 178
1757594544695 159.09767186769497 179
1757594544704 159.03806783344083 180
1757594544713 158.97848706034176 181
1757594544723 158.91892953924685 182
1757594544733 158.85939526100836 183
1757594544742 158.7998842164826 184
1757594544752 158.7403963965277 185
1757594544761 158.6809317920086 186
1757594544771 158.62149039379182 187
1757594544781 158.5620721927476 188
1757594544790 158.502677179749 189
1757594544800 158.44330534567527 190
1757594544810 158.38395668140723 191
1757594544819 158.32463117782842 192
1757594544829 158.2653288258292 193
1757594544839 158.20604961630087 194
1757594544848 158.14679354013893 195
1757594544858 158.08756058824272 196
1757594544868 158.02835075151478 197
1757594544881 157.96916402086168 198
1757594544891 157.91000038719412 199
1757594544901 157.8508598414253 200
1757594544910 157.79174237447236 201
1757594544920 157.73264797725628 202
1757594544930 157.67357664070076 203
1757594544940 157.614528355735 204
1757594544950 157.55550311328997 205
1757594544959 157.4965009043006 206
1757594544970 157.43752171970658 207
1757594544979 157.37856555044908 208
1757594544989 157.31963238747383 209
1757594544999 157.26072222173144 210
1757594545009 157.20183504417463 211
1757594545019 157.14297084576 212
1757594545029 157.08412961744676 213
1757594545038 157.02531135020004 214
1757594545049 156.96651603498643 215
1757594545058 156.907743662777 216
1757594545068 156.84899422454615 217
1757594545078 156.79026771127243 218
1757594545088 156.73156411393757 219
1757594545098 156.67288342352532 220
1757594545108 156.61422563102596 221
1757594545118 156.555590727431 222
1757594545127 156.49697870373575 223
1757594545137 156.43838955094108 224
1757594545147 156.3798232600495 225
1757594545157 156.32127982206703 226
1757594545166 156.2627592280038 227
1757594545176 156.2042614688738 228
1757594545186 156.14578653569356 229
1757594545196 156.08733441948425 230
1757594545206 156.02890511127165 231
1757594545216 155.97049860208065 232
1757594545226 155.91211488294542 233
1757594545236 155.85375394489822 234
1757594545245 155.79541577897933 235
1757594545255 155.73710037623061 236
1757594545265 155.67880772769638 237
1757594545275 155.62053782442723 238
1757594545285 155.56229065747473 239
1757594545295 155.5040662178959 240
1757594545305 155.4458644967496 241
1757594545314 155.3876854850992 242
1757594545325 155.32952917401235 243
1757594545345 155.27139555455884 244
1757594545358 155.21328461781096 245
1757594545369 155.15519635484821 246
1757594545379 155.09713075675012 247
1757594545390 155.0390878146024 248
1757594545399 154.98106751949078 249
1757594545410 154.92306986250853 250
1757594545420 154.86509483475015 251
1757594545430 154.80714242731395 252
1757594545440 154.7492126313026 253
1757594545450 154.69130543781978 254
1757594545460 154.63342083797616 255
1757594545470 154.57555882288335 256
1757594545480 154.51771938365863 257
1757594545490 154.45990251142004 258
1757594545500 154.4021081972922 259
1757594545510 154.34433643239993 260
1757594545520 154.2865872078748 261
1757594545530 154.2288605148483 262
1757594545541 154.1711563444597 263
1757594545552 154.1134746878498 264
1757594545563 154.0558155361595 265
1757594545573 153.99817888054122 266
1757594545583 153.9405647121426 267
1757594545593 153.88297302211777 268
1757594545604 153.82540380162672 269
1757594545614 153.76785704183072 270
1757594545624 153.71033273389338 271
1757594545635 153.65283086898478 272
1757594545645 153.59535143827677 273
1757594545655 153.53789443294485 274
1757594545665 153.48045984416723 275
1757594545675 153.42304766312657 276
1757594545686 153.36565788100907 277
1757594545696 153.30829048900443 278
1757594545707 153.25094547830574 279
1757594545718 153.19362284010936 280
1757594545728 153.136322565614 281
1757594545739 153.07904464602478 282
1757594545749 153.0217890725474 283
1757594545760 152.96455583639226 284
1757594545770 152.90734492877405 285
1757594545781 152.85015634090885 286
1757594545791 152.79299006401806 287
1757594545802 152.7358460893263 288
1757594545812 152.6787244080608 289
1757594545822 152.62162501145204 290
1757594545832 152.56454789073518 291
1757594545842 152.50749303714807 292
1757594545853 152.4504604419325 293
1757594545863 152.39345009633413 294
1757594545873 152.3364619916006 295
1757594545884 152.27949611898418 296
1757594545894 152.22255246973882 297
1757594545905 152.1656310351261 298
1757594545917 152.10873180640573 299
1757594545929 152.05185477484412 300
1757594545940 151.99499993171113 301
1757594545951 151.93816726827845 302
1757594545962 151.88135677582406 303
1757594545973 151.82456844562526 304
1757594545984 151.76780226896597 305
1757594545994 151.7110582371326 306
1757594546005 151.65433634141453 307
1757594546016 151.5976365731049 308
1757594546027 151.54095892350213 309
1757594546037 151.4843033839041 310
1757594546048 151.42766994561651 311
1757594546059 151.37105859994543 312
1757594546070 151.31446933819996 313
1757594546080 151.2579021516975 314
1757594546091 151.20135703175131 315
1757594546101 151.1448339696855 316
1757594546111 151.08833295682277 317
1757594546122 151.03185398449003 318
1757594546132 150.97539704402007 319
1757594546143 150.91896212674618 320
1757594546153 150.86254922400627 321
1757594546164 150.80615832714315 322
1757594546174 150.7497894274985 323
1757594546185 150.69344251642437 324
1757594546195 150.63711758526907 325
1757594546206 150.5808146253893 326
1757594546216 150.52453362814367 327
1757594546227 150.46827458489244 328
1757594546237 150.41203748700252 329
1757594546248 150.35582232584133 330
1757594546259 150.2996290927815 331
1757594546270 150.24345777919967 332
1757594546281 150.18730837647234 333
1757594546291 150.13118087598306 334
1757594546302 150.07507526911849 335
1757594546312 150.01899154726607 336
1757594546323 149.96292970181852 337
1757594546333 149.90688972417274 338
1757594546344 149.8508716057277 339
1757594546354 149.79487533788534 340
1757594546365 149.7389009120527 341
1757594546375 149.68294831963865 342
1757594546386 149.62701755205603 343
1757594546397 149.57110860072157 344
1757594546407 149.5152214570551 345
1757594546418 149.4593561124794 346
1757594546428 149.40351255842074 347
1757594546439 149.34769078630828 348
1757594546449 149.29189078757605 349
1757594546460 149.23611255366148 350
1757594546471 149.18035607600285 351
1757594546481 149.12462134604488 352
1757594546492 149.06890835523353 353
1757594546503 149.01321709501974 354
1757594546514 148.9575475568559 355
1757594546524 148.90189973219958 356
1757594546535 148.84627361251063 357
1757594546546 148.79066918925366 358
1757594546557 148.735086453895 359
1757594546567 148.67952539790454 360
1757594546578 148.62398601275657 361
1757594546589 148.56846828992775 362
1757594546600 148.51297222090025 363
1757594546610 148.45749779715544 364
1757594546621 148.40204501018266 365
1757594546631 148.34661385147004 366
1757594546642 148.29120431251508 367
1757594546653 148.2358163848111 368
1757594546664 148.1804500598613 369
1757594546675 148.12510532916943 370
1757594546686 148.06978218424155 371
1757594546697 148.01448061658985 372
1757594546707 147.95920061772853 373
1757594546718 147.90394217917347 374
1757594546729 147.84870529244745 375
1757594546740 147.7934899490729 376
1757594546751 147.73829614057777 377
1757594546762 147.6831238584928 378
1757594546772 147.62797309435297 379
1757594546783 147.57284383969437 380
1757594546794 147.51773608606027 381
1757594546805 147.4626498249911 382
1757594546815 147.40758504803838 383
1757594546826 147.35254174675012 384
1757594546837 147.29751991268247 385
1757594546848 147.24251953739198 386
1757594546859 147.18754061244 387
1757594546870 147.13258312939016 388
1757594546880 147.0776470798094 389
1757594546891 147.02273245527104 390
1757594546902 146.96783924734672 391
1757594546914 146.9129674476166 392
1757594546924 146.8581170476589 393
1757594546935 146.8032880390592 394
1757594546946 146.7484804134045 395
1757594546957 146.69369416228614 396
1757594546968 146.63892927729847 397
1757594546978 146.58418575003884 398
1757594546991 146.5294635721075 399
1757594547002 146.47476273510838 400
1757594547013 146.4200832306496 401
1757594547023 146.3654250503422 402
1757594547034 146.31078818579982 403
1757594547045 146.25617262863946 404
1757594547056 146.20157837048285 405
1757594547067 146.14700540295328 406
1757594547081 146.09245371767878 407
1757594547094 146.0379233062877 408
1757594547106 145.9834141604173 409
1757594547118 145.92892627170193 410
1757594547129 145.87445963178345 411
1757594547140 145.82001423230741 412
1757594547151 145.76559006491803 413
1757594547162 145.71118712126693 414
1757594547173 145.65680539300797 415
1757594547185 145.6024448717975 416
1757594547196 145.54810554929696 417
1757594547207 145.49378741716993 418
1757594547218 145.43949046708258 419
1757594547229 145.3852146907041 420
1757594547240 145.33096007971037 421
1757594547251 145.27672662577766 422
1757594547262 145.2225143205853 423
1757594547273 145.16832315581664 424
1757594547284 145.11415312315862 425
1757594547295 145.06000421430102 426
1757594547306 145.00587642093697 427
1757594547317 144.9517697347634 428
1757594547327 144.89768414748065 429
1757594547339 144.84361965079046 430
1757594547350 144.78957623639906 431
1757594547361 144.735553896018 432
1757594547372 144.68155262135832 433
1757594547383 144.6275724041367 434
1757594547394 144.57361323607321 435
1757594547405 144.51967510888957 436
1757594547416 144.4657580143127 437
1757594547427 144.41186194407132 438
1757594547438 144.35798688989783 439
1757594547449 144.30413284352824 440
1757594547460 144.25029979670097 441
1757594547472 144.19648774116013 442
1757594547483 144.14269666864908 443
1757594547494 144.08892657091818 444
1757594547505 144.03517743971886 445
1757594547517 143.9814492668065 446
1757594547528 143.92774204393942 447
1757594547542 143.87405576288043 448
1757594547553 143.82039041539468 449
1757594547564 143.76674599324937 450
1757594547576 143.71312248821732 451
1757594547587 143.65951989207196 452
1757594547598 143.60593819659272 453
1757594547609 143.55237739355962 454
1757594547620 143.4988374747595 455
1757594547631 143.4453184319789 456
1757594547643 143.3918202570085 457
1757594547654 143.33834294164322 458
1757594547665 143.2848864776792 459
1757594547676 143.23145085692065 460
1757594547688 143.17803607116883 461
1757594547699 143.12464211223187 462
1757594547711 143.07126897191992 463
1757594547722 143.0179166420464 464
1757594547734 142.96458511443 465
1757594547745 142.91127438089035 466
1757594547757 142.85798443325027 467
1757594547768 142.80471526333565 468
1757594547780 142.75146686297865 469
1757594547792 142.69823922401156 470
1757594547803 142.64503233827003 471
1757594547815 142.5918461975937 472
1757594547826 142.53868079382704 473
1757594547838 142.4855361188142 474
1757594547849 142.4324121644051 475
1757594547861 142.37930892245254 476
1757594547872 142.32622638481143 477
1757594547884 142.27316454334252 478
1757594547895 142.22012338990632 479
1757594547906 142.16710291636858 480
1757594547918 142.11410311459812 481
1757594547929 142.06112397646586 482
1757594547941 142.00816549384817 483
1757594547952 141.95522765862216 484
1757594547964 141.90231046266996 485
1757594547976 141.84941389787562 486
1757594547987 141.79653795612785 487
1757594547998 141.74368262931634 488
1757594548010 141.69084790933664 489
1757594548021 141.63803378808606 490
1757594548032 141.58524025746436 491
1757594548044 141.5324673093756 492
1757594548055 141.4797149357274 493
1757594548067 141.4269831284296 494
1757594548078 141.37427187939574 495
1757594548090 141.3215811805431 496
1757594548101 141.26891102378926 497
1757594548112 141.21626140106008 498
1757594548124 141.16363230428004 499
