1757513644694 172.1108294961474 0
1757513644706 165.70329606483784 1
1757513644716 165.19285680495244 2
1757513644727 164.58227029969726 3
1757513644738 163.9758196518073 4
1757513644748 163.37165625728107 5
1757513644758 162.769803733594 6
1757513644769 162.17025261857358 7
1757513644783 161.57299407101783 8
1757513644794 160.97801927346302 9
1757513644805 160.38531944264238 10
1757513644817 159.79488582916315 11
1757513644830 159.20670971737815 12
1757513644840 158.620782425261 13
1757513644851 158.03709530427176 14
1757513644861 157.45563973923078 15
1757513644872 156.87640714818244 16
1757513644884 156.2993889822777 17
1757513644895 155.72457672563814 18
1757513644906 155.15196189523257 19
1757513644916 154.58153604074502 20
1757513644928 154.01329074445795 21
1757513644939 153.4472176211122 22
1757513644949 152.88330831779686 23
1757513644960 152.32155451381317 24
1757513644973 151.7619479205551 25
1757513644987 151.20448028138364 26
1757513644998 150.64914337150483 27
1757513645009 150.0959289978446 28
1757513645019 149.54482899892778 29
1757513645032 148.99583524475486 30
1757513645043 148.44893963668326 31
1757513645054 147.90413410730065 32
1757513645064 147.36141062031052 33
1757513645075 146.82076117040708 34
1757513645085 146.2821777831597 35
1757513645096 145.74565251488966 36
1757513645106 145.21117745255344 37
1757513645117 144.6787447136225 38
1757513645127 144.14834644597107 39
1757513645138 143.6199748277505 40
1757513645148 143.0936220672782 41
1757513645159 142.5692804029186 42
1757513645170 142.04694210296853 43
1757513645181 141.52659946554022 44
1757513645191 141.00824481844475 45
1757513645202 140.49187051908243 46
1757513645213 139.9774689543228 47
1757513645223 139.4650325403954 48
1757513645233 138.95455372277107 49
1757513645244 138.44602497605536 50
1757513645255 137.93943880386954 51
1757513645265 137.43478773874358 52
1757513645276 136.93206434200363 53
1757513645286 136.43126120365633 54
1757513645297 135.93237094228414 55
1757513645308 135.4353862049303 56
1757513645318 134.94029966699196 57
1757513645329 134.44710403210942 58
1757513645339 133.9557920320561 59
1757513645350 133.4663564266318 60
1757513645360 132.97879000355198 61
1757513645371 132.49308557834263 62
1757513645382 132.00923599423098 63
1757513645393 131.52723412203943 64
1757513645403 131.04707286007806 65
1757513645414 130.56874513403915 66
1757513645424 130.09224389689126 67
1757513645436 129.61756212877367 68
1757513645447 129.1446928368915 69
1757513645457 128.67362905541162 70
1757513645468 128.20436384535796 71
1757513645479 127.73689029450644 72
1757513645489 127.27120151728568 73
1757513645500 126.80729065466947 74
1757513645511 126.34515087407621 75
1757513645522 125.88477536926843 76
1757513645533 125.42615736024665 77
1757513645544 124.96929009315394 78
1757513645554 124.51416684016903 79
1757513645565 124.06078089940931 80
1757513645576 123.60912559482979 81
1757513645587 123.15919427612361 82
1757513645597 122.71098031862174 83
1757513645608 122.26447712319462 84
1757513645619 121.81967811615269 85
1757513645630 121.37657674915054 86
1757513645641 120.93516649908454 87
1757513645651 120.49544086800148 88
1757513645662 120.05739338299449 89
1757513645673 119.6210175961126 90
1757513645684 119.18630708426008 91
1757513645696 118.7532554491014 92
1757513645727 118.32185631696767 93
1757513645742 117.89210333875867 94
1757513645753 117.46399018984957 95
1757513645764 117.03751056999573 96
1757513645775 116.61265820323861 97
1757513645787 116.18942683781167 98
1757513645798 115.76781024604819 99
1757513645808 115.34780222428708 100
1757513645820 114.9293965927795 101
1757513645831 114.5125871955978 102
1757513645841 114.09736790054465 103
1757513645852 113.68373259905655 104
1757513645863 113.27167520611901 105
1757513645874 112.86118966017092 106
1757513645885 112.45226992301633 107
1757513645896 112.04490997973096 108
1757513645908 111.63910383857846 109
1757513645919 111.2348455309132 110
1757513645930 110.83212911109754 111
1757513645941 110.43094865641007 112
1757513645952 110.03129826695697 113
1757513645965 109.6331720655839 114
1757513645976 109.2365641977893 115
1757513645987 108.84146883163561 116
1757513645998 108.44788015766402 117
1757513646009 108.05579238880372 118
1757513646020 107.6651997602914 119
1757513646031 107.27609652957884 120
1757513646042 106.88847697625121 121
1757513646053 106.5023354019416 122
1757513646064 106.11766613024253 123
1757513646075 105.73446350662327 124
1757513646086 105.35272189834872 125
1757513646097 104.97243569438758 126
1757513646108 104.59359930533499 127
1757513646119 104.21620716332745 128
1757513646130 103.84025372195758 129
1757513646141 103.4657334561931 130
1757513646152 103.09264086229419 131
1757513646163 102.72097045773165 132
1757513646174 102.35071678110273 133
1757513646186 101.98187439205216 134
1757513646197 101.61443787119062 135
1757513646208 101.24840182000979 136
1757513646219 100.88376086080947 137
1757513646230 100.52050963660898 138
1757513646242 100.15864281107193 139
1757513646253 99.79815506842687 140
1757513646264 99.43904111338372 141
1757513646275 99.0812956710594 142
1757513646287 98.72491348689721 143
1757513646298 98.36988932658602 144
1757513646310 98.01621797598601 145
1757513646321 97.66389424104847 146
1757513646332 97.31291294773898 147
1757513646343 96.96326894195813 148
1757513646355 96.61495708946926 149
1757513646367 96.26797227581599 150
1757513646378 95.92230940625068 151
1757513646390 95.57796340565403 152
1757513646401 95.23492921846429 153
1757513646412 94.89320180859626 154
1757513646424 94.5527761593706 155
1757513646435 94.21364727343654 156
1757513646446 93.87581017269717 157
1757513646457 93.5392598982369 158
1757513646468 93.20399151024422 159
1757513646479 92.8700000879431 160
1757513646490 92.53728072951355 161
1757513646502 92.20582855202171 162
1757513646513 91.87563869134695 163
1757513646524 91.54670630210953 164
1757513646536 91.21902655759501 165
1757513646547 90.8925946496868 166
1757513646558 90.56740578879118 167
1757513646570 90.24345520376566 168
1757513646581 89.9207381418514 169
1757513646593 89.5992498685971 170
1757513646605 89.27898566779206 171
1757513646617 88.95994084139454 172
1757513646630 88.64211070946125 173
1757513646643 88.32549061007842 174
1757513646656 88.01007589928986 175
1757513646668 87.69586195103159 176
1757513646679 87.38284415705903 177
1757513646691 87.07101792688002 178
1757513646703 86.76037868768674 179
1757513646715 86.45092188428576 180
1757513646728 86.1426429790305 181
1757513646740 85.83553745175534 182
1757513646752 85.52960079970528 183
1757513646763 85.22482853747158 184
1757513646775 84.9212161969221 185
1757513646787 84.61875932713606 186
1757513646799 84.31745349433766 187
1757513646810 84.01729428182925 188
1757513646822 83.71827728992656 189
1757513646834 83.42039813589204 190
1757513646846 83.12365245386796 191
1757513646857 82.82803589481524 192
1757513646870 82.53354412644447 193
1757513646882 82.24017283315388 194
1757513646894 81.94791771596374 195
1757513646906 81.65677449245189 196
1757513646918 81.3667388966913 197
1757513646929 81.07780667918463 198
1757513646942 80.78997360680205 199
1757513646954 80.5032354627172 200
1757513646966 80.21758804634538 201
1757513646977 79.93302717327998 202
1757513646989 79.64954867522944 203
1757513647001 79.367148399957 204
1757513647012 79.08582221121623 205
1757513647024 78.80556598869154 206
1757513647035 78.52637562793548 207
1757513647047 78.24824704030692 208
1757513647059 77.97117615291239 209
1757513647070 77.69515890854306 210
1757513647082 77.42019126561473 211
1757513647093 77.14626919810732 212
1757513647105 76.87338869550538 213
1757513647117 76.60154576273926 214
1757513647128 76.33073642012216 215
1757513647140 76.06095670329422 216
1757513647152 75.79220266316136 217
1757513647163 75.52447036583746 218
1757513647175 75.2577558925844 219
1757513647186 74.9920553397547 220
1757513647198 74.72736481873353 221
1757513647210 74.46368045587977 222
1757513647221 74.20099839246677 223
1757513647234 73.93931478462936 224
1757513647246 73.6786258033017 225
1757513647258 73.41892763416276 226
1757513647269 73.16021647757876 227
1757513647281 72.90248854854589 228
1757513647292 72.64574007663575 229
1757513647304 72.38996730593594 230
1757513647316 72.13516649499739 231
1757513647328 71.88133391677604 232
1757513647340 71.62846585857874 233
1757513647352 71.37655862200702 234
1757513647365 71.12560852290258 235
1757513647377 70.87561189129138 236
1757513647389 70.62656507132992 237
1757513647401 70.37846442124976 238
1757513647413 70.13130631330495 239
1757513647425 69.88508713371542 240
1757513647437 69.63980328261397 241
1757513647448 69.3954511739942 242
1757513647460 69.15202723565487 243
1757513647472 68.9095279091484 244
1757513647483 68.66794964972534 245
1757513647495 68.42728892628408 246
1757513647507 68.18754222131705 247
1757513647519 67.94870603085865 248
1757513647533 67.71077686443098 249
1757513647545 67.47375124499621 250
1757513647557 67.23762570889976 251
1757513647569 67.00239680582162 252
1757513647581 66.7680610987239 253
1757513647592 66.53461516380035 254
1757513647604 66.3020555904243 255
1757513647616 66.07037898109866 256
1757513647628 65.83958195140401 257
1757513647640 65.6096611299494 258
1757513647652 65.38061315832246 259
1757513647663 65.15243469103726 260
1757513647675 64.92512239548587 261
1757513647687 64.69867295188938 262
1757513647699 64.47308305324665 263
1757513647710 64.24834940528544 264
1757513647722 64.02446872641457 265
1757513647734 63.80143774767386 266
1757513647745 63.57925321268503 267
1757513647757 63.35791187760399 268
1757513647769 63.137410511072794 269
1757513647781 62.91774589417031 270
1757513647794 62.6989148203643 271
1757513647806 62.480914095465614 272
1757513647818 62.26374053757717 273
1757513647830 62.0473909770494 274
1757513647843 61.831862256432565 275
1757513647855 61.617151230427595 276
1757513647867 61.40325476584222 277
1757513647879 61.190169741541446 278
1757513647892 60.977893048403395 279
1757513647904 60.766421589271225 280
1757513647916 60.555752278907924 281
1757513647928 60.34588204394949 282
1757513647940 60.136807822860256 283
1757513647953 59.92852656588688 284
1757513647964 59.72103523501122 285
1757513647977 59.51433080390812 286
1757513647989 59.30841025789788 287
1757513648001 59.10327059390178 288
1757513648013 58.898908820398425 289
1757513648025 58.69532195737762 290
1757513648038 58.4925070362968 291
1757513648051 58.290461100037334 292
1757513648063 58.08918120285903 293
1757513648076 57.88866441035702 294
1757513648088 57.68890779941861 295
1757513648100 57.48990845817871 296
1757513648112 57.291663485976386 297
1757513648125 57.094169993312676 298
1757513648137 56.89742510180694 299
1757513648149 56.701425944153655 300
1757513648161 56.50616966408011 301
1757513648174 56.311653416303514 302
1757513648186 56.11787436648901 303
1757513648198 55.924829691207115 304
1757513648210 55.732516577891836 305
1757513648222 55.540932224798595 306
1757513648235 55.350073840962615 307
1757513648247 55.15993864615706 308
1757513648259 54.97052387085179 309
1757513648272 54.781826756172684 310
1757513648284 54.59384455385961 311
1757513648297 54.40657452622539 312
1757513648309 54.22001394611645 313
1757513648322 54.03416009687017 314
1757513648334 53.84901027227631 315
1757513648346 53.6645617765352 316
1757513648360 53.48081192421829 317
1757513648372 53.29775804022815 318
1757513648389 53.11539745975901 319
1757513648402 52.93372752825561 320
1757513648417 52.75274560137482 321
1757513648431 52.572449044946794 322
1757513648447 52.39283523493382 323
1757513648464 52.21390155739403 324
1757513648480 52.035645408438775 325
1757513648497 51.858064194197524 326
1757513648513 51.68115533077646 327
1757513648530 51.50491624422162 328
1757513648547 51.329344370480285 329
1757513648569 51.15443715536197 330
1757513648586 50.98019205450161 331
1757513648602 50.80660653331967 332
1757513648618 50.633678066987756 333
1757513648633 50.461404140387124 334
1757513648650 50.289782248074395 335
1757513648665 50.118809894241956 336
1757513648682 49.94848459268232 337
1757513648699 49.77880386675028 338
1757513648716 49.60976524932681 339
1757513648732 49.441366282780876 340
1757513648748 49.27360451893449 341
1757513648765 49.10647751902519 342
1757513648781 48.939982853670124 343
1757513648798 48.77411810282984 344
1757513648813 48.60888085577199 345
1757513648826 48.44426871103612 346
1757513648840 48.28027927639722 347
1757513648854 48.11691016882961 348
1757513648869 47.95415901447341 349
1757513648883 47.79202344859704 350
1757513648898 47.630501115563135 351
1757513648914 47.469589668793866 352
1757513648931 47.30928677073422 353
1757513648947 47.14959009281939 354
1757513648965 46.99049731543849 355
1757513648982 46.83200612790137 356
1757513649000 46.674114228402445 357
1757513649016 46.51681932398792 358
1757513649033 46.360119130521156 359
1757513649049 46.20401137264909 360
1757513649066 46.04849378376721 361
1757513649083 45.893564105986954 362
1757513649100 45.73922009010164 363
1757513649117 45.58545949555344 364
1757513649134 45.43228009039908 365
1757513649150 45.27967965127719 366
1757513649167 45.1276559633758 367
1757513649183 44.976206820397664 368
1757513649200 44.825330024530004 369
1757513649217 44.67502338640872 370
1757513649233 44.52528472508915 371
1757513649249 44.37611186800987 372
1757513649265 44.227502650963835 373
1757513649282 44.079454918064286 374
1757513649299 43.9319665217131 375
1757513649317 43.78503532256799 376
1757513649332 43.638659189513014 377
1757513649349 43.4928359996239 378
1757513649365 43.347563638138276 379
1757513649381 43.20283999842412 380
1757513649397 43.0586629819478 381
1757513649412 42.91503049824301 382
1757513649425 42.77194046488019 383
1757513649438 42.62939080743462 384
1757513649452 42.48737945945628 385
1757513649464 42.34590436243907 386
1757513649477 42.20496346578943 387
1757513649491 42.06455472679688 388
1757513649503 41.924676110603 389
1757513649518 41.785325590171325 390
1757513649533 41.646501146256696 391
1757513649549 41.508200767376586 392
1757513649564 41.37042244977918 393
1757513649580 41.23316419741553 394
1757513649597 41.09642402190797 395
1757513649612 40.96019994252291 396
1757513649629 40.824489986138815 397
1757513649645 40.68929218721833 398
1757513649662 40.55460458777874 399
1757513649677 40.42042523736347 400
1757513649691 40.28675219301122 401
1757513649705 40.15358351922936 402
1757513649718 40.02091728796348 403
1757513649731 39.88875157856951 404
1757513649744 39.75708447778464 405
1757513649757 39.625914079699704 406
1757513649770 39.49523848572979 407
1757513649784 39.365055804586625 408
1757513649797 39.2353641522504 409
1757513649810 39.10616165194178 410
1757513649824 38.97744643409335 411
1757513649836 38.84921663632284 412
1757513649850 38.72147040340481 413
1757513649863 38.59420588724285 414
1757513649877 38.46742124684328 415
1757513649890 38.341114648285746 416
1757513649903 38.21528426469789 417
1757513649916 38.08992827622697 418
1757513649929 37.96504487001379 419
1757513649942 37.84063224016476 420
1757513649955 37.716688587725216 421
1757513649971 37.59321212065378 422
1757513649987 37.4702010537938 423
1757513650004 37.347653608848645 424
1757513650020 37.225568014354145 425
1757513650035 37.103942505652576 426
1757513650051 36.98277532486658 427
1757513650088 36.86206472087311 428
1757513650114 36.74180894927652 429
1757513650130 36.622006272383416 430
1757513650145 36.5026549591775 431
1757513650160 36.38375328529203 432
1757513650173 36.26529953298565 433
1757513650187 36.14729199111629 434
1757513650200 36.02972895511591 435
1757513650214 35.91260872696495 436
1757513650227 35.795929615167296 437
1757513650240 35.67968993472506 438
1757513650254 35.56388800711305 439
1757513650267 35.448522160255244 440
1757513650280 35.33359072849848 441
1757513650293 35.219092052587825 442
1757513650307 35.105024479642665 443
1757513650321 34.99138636313194 444
1757513650334 34.878176062849064 445
1757513650347 34.76539194488867 446
1757513650360 34.65303238162108 447
1757513650374 34.541095751668564 448
1757513650387 34.42958043988188 449
1757513650401 34.31848483731516 450
1757513650414 34.20780734120316 451
1757513650427 34.09754635493648 452
1757513650440 33.98770028803843 453
1757513650454 33.8782675561411 454
1757513650467 33.76924658096172 455
1757513650480 33.66063579028006 456
1757513650493 33.55243361791355 457
1757513650507 33.44463850369556 458
1757513650520 33.33724889345111 459
1757513650533 33.2302632389744 460
1757513650547 33.12367999800537 461
1757513650560 33.01749763420737 462
1757513650573 32.91171461714372 463
1757513650587 32.80632942225527 464
1757513650600 32.70134053083786 465
1757513650613 32.59674643001949 466
1757513650627 32.49254561273787 467
1757513650640 32.38873657771847 468
1757513650654 32.28531782945171 469
1757513650667 32.18228787817034 470
1757513650681 32.0796452398291 471
1757513650694 31.977388436080485 472
1757513650708 31.875515994254084 473
1757513650721 31.774026447334197 474
1757513650734 31.67291833393875 475
1757513650747 31.572190198296514 476
1757513650761 31.47184059022632 477
1757513650774 31.37186806511503 478
1757513650787 31.272271183896613 479
1757513650801 31.173048513030334 480
1757513650814 31.07419862447925 481
1757513650828 30.975720095689958 482
1757513650841 30.8776115095702 483
1757513650854 30.779871454468996 484
1757513650868 30.682498524154983 485
1757513650881 30.585491317795423 486
1757513650894 30.48884843993619 487
1757513650908 30.392568500480053 488
1757513650921 30.29665011466688 489
1757513650934 30.2010919030522 490
1757513650948 30.105892491488152 491
1757513650961 30.011050511101473 492
1757513650976 29.916564598273933 493
1757513650990 29.822433394622102 494
1757513651004 29.728655546977183 495
1757513651018 29.635229707365028 496
1757513651031 29.542154532985162 497
1757513651046 29.44942868619291 498
1757513651063 29.357050834477043 499
