1757594412735 168.97338417662553 0
1757594412744 168.34008120268643 1
1757594412753 167.14143969761773 2
1757594412762 165.44240235249856 3
1757594412770 163.30441233501352 4
1757594412779 160.7851091376071 5
1757594412787 157.9381616573231 6
1757594412795 154.81320857583688 7
1757594412804 151.45588150471642 8
1757594412812 147.90789086400608 9
1757594412820 144.2071582132421 10
1757594412829 140.38798187249495 11
1757594412837 136.48122525802455 12
1757594412846 132.5145194980636 13
1757594412854 128.5124736612491 14
1757594412862 124.49688738416285 15
1757594412871 120.48696187667002 16
1757594412879 116.49950625754205 17
1757594412888 112.54913696461878 18
1757594412896 108.64846862416469 19
1757594412904 104.80829527890249 20
1757594412913 101.03776128498068 21
1757594412921 97.34452151310778 22
1757594412930 93.73489074335954 23
1757594412938 90.21398233943287 24
1757594412947 86.7858364370629 25
1757594412955 83.45353799163951 26
1757594412963 80.21932510925569 27
1757594412972 77.08468813945086 28
1757594412980 74.05046004194121 29
1757594412988 71.11689855777539 30
1757594412997 68.28376072104683 31
1757594413005 65.55037024340474 32
1757594413013 62.91567829239278 33
1757594413022 60.378318167997975 34
1757594413030 57.936654361262526 35
1757594413039 55.58882645557765 36
1757594413047 53.332788306359035 37
1757594413055 51.16634290894552 38
1757594413063 49.08717333840939 39
1757594413072 47.09287011893539 40
1757594413080 45.1809553549549 41
1757594413089 43.34890393148519 42
1757594413097 41.594162067405236 43
1757594413105 39.914163482768906 44
1757594413114 38.30634341982201 45
1757594413122 36.76815073721526 46
1757594413131 35.29705827797381 47
1757594413139 33.89057169412676 48
1757594413147 32.54623689446062 49
1757594413156 31.261646266636152 50
1757594413164 30.034443810820306 51
1757594413172 28.862329309007645 52
1757594413181 27.743061642266312 53
1757594413189 26.67446135718766 54
1757594413198 25.65441257279163 55
1757594413206 24.68086430996195 56
1757594413215 23.751831317131906 57
1757594413223 22.86539445831277 58
1757594413232 22.01970072263238 59
1757594413241 21.212962908261535 60
1757594413250 20.443459027896946 61
1757594413259 19.709531477810703 62
1757594413267 19.009586007801285 63
1757594413276 18.342090525166853 64
1757594413285 17.705573762019906 65
1757594413293 17.098623831832395 66
1757594413302 16.519886698026966 67
1757594413310 15.96806457465399 68
1757594413319 15.441914276717819 69
1757594413327 14.94024553548679 70
1757594413336 14.461919292131721 71
1757594413345 14.00584598125961 72
1757594413354 13.57098381431949 73
1757594413362 13.156337071446679 74
1757594413371 12.760954409050049 75
1757594413380 12.38392718933271 76
1757594413388 12.024387836943687 77
1757594413397 11.681508227083759 78
1757594413405 11.354498108613845 79
1757594413414 11.04260356503148 80
1757594413423 10.745105515583852 81
1757594413432 10.461318258257831 82
1757594413441 10.190588055929862 83
1757594413450 9.932291766556826 84
1757594413459 9.685835517941884 85
1757594413468 9.45065342730898 86
1757594413477 9.226206365659971 87
1757594413486 9.01198076666724 88
1757594413494 8.807487479665731 89
1757594413503 8.612260666149073 90
1757594413512 8.425856739040956 91
1757594413521 8.247853343901763 92
1757594413529 8.077848381140786 93
1757594413538 7.915459068230411 94
1757594413547 7.760321040863312 95
1757594413555 7.612087491946993 96
1757594413564 7.470428347301879 97
1757594413573 7.3350294769044195 98
1757594413582 7.2055919405071185 99
1757594413590 7.081831266459572 100
1757594413599 6.963476762559851 101
1757594413608 6.850270857769913 102
1757594413617 6.741968473643619 103
1757594413626 6.638336424330972 104
1757594413635 6.539152844042162 105
1757594413644 6.44420664087849 106
1757594413653 6.35329697596078 107
1757594413661 6.266232766814154 108
1757594413670 6.182832213994644 109
1757594413679 6.102922349973703 110
1757594413688 6.0263386093257125 111
1757594413696 5.9529244192947655 112
1757594413705 5.882530809846981 113
1757594413714 5.815016042346543 114
1757594413723 5.750245256023327 115
1757594413732 5.68809013143121 116
1757594413741 5.6284285701263554 117
1757594413750 5.571144389823785 118
1757594413759 5.516127034320503 119
1757594413768 5.463271297501802 120
1757594413777 5.412477060774936 121
1757594413786 5.363649043301924 122
1757594413795 5.3166965644295034 123
1757594413804 5.2715333177396895 124
1757594413813 5.228077156169974 125
1757594413822 5.186249887675314 126
1757594413831 5.145977080927932 127
1757594413840 5.1071878805731 128
1757594413849 5.069814831581136 129
1757594413858 5.033793712255737 130
1757594413866 4.999063375479844 131
1757594413875 4.965565597799109 132
1757594413884 4.933244935960648 133
1757594413893 4.902048590544587 134
1757594413902 4.871926276340168 135
1757594413911 4.842830099137223 136
1757594413920 4.814714438617145 137
1757594413929 4.787535837044172 138
1757594413938 4.761252893470658 139
1757594413948 4.7358261631850995 140
1757594413961 4.711218062143326 141
1757594413970 4.687392776136793 142
1757594413979 4.664316174463459 143
1757594413988 4.641955727877817 144
1757594413997 4.620280430608184 145
1757594414006 4.599260726238925 146
1757594414015 4.578868437265752 147
1757594414024 4.5590766981413635 148
1757594414034 4.539859891637855 149
1757594414044 4.521193588360487 150
1757594414053 4.503054489255893 151
1757594414062 4.485420370965911 152
1757594414071 4.468270033884234 153
1757594414080 4.451583252782033 154
1757594414089 4.435340729873714 155
1757594414098 4.41952405020126 156
1757594414107 4.404115639221406 157
1757594414116 4.389098722485814 158
1757594414126 4.374457287309249 159
1757594414135 4.3601760463272665 160
1757594414144 4.346240402848227 161
1757594414153 4.3326364179108285 162
1757594414162 4.3193507789612955 163
1757594414171 4.306370770069905 164
1757594414180 4.2936842436098965 165
1757594414189 4.2812795933253485 166
1757594414198 4.269145728719503 167
1757594414208 4.257272050696964 168
1757594414217 4.245648428397657 169
1757594414226 4.234265177163016 170
1757594414235 4.223113037577932 171
1757594414244 4.212183155535008 172
1757594414253 4.201467063269941 173
1757594414263 4.1909566613202225 174
1757594414272 4.180644201360701 175
1757594414282 4.170522269872498 176
1757594414291 4.160583772604311 177
1757594414300 4.150821919786121 178
1757594414309 4.141230212058431 179
1757594414318 4.131802427081357 180
1757594414327 4.122532606789809 181
1757594414336 4.113415045262895 182
1757594414346 4.104444277177144 183
1757594414355 4.095615066814474 184
1757594414364 4.086922397597739 185
1757594414374 4.078361462127633 186
1757594414383 4.069927652696319 187
1757594414392 4.061616552254016 188
1757594414402 4.0534239258067215 189
1757594414411 4.045345712223365 190
1757594414421 4.037378016432428 191
1757594414430 4.029517101989118 192
1757594414439 4.021759383994339 193
1757594414449 4.014101422349097 194
1757594414458 4.00653991532679 195
1757594414467 3.999071693448994 196
1757594414476 3.9916937136489006 197
1757594414486 3.984403053709018 198
1757594414495 3.977196906959524 199
1757594414505 3.970072577224568 200
1757594414514 3.9630274740044467 201
1757594414523 3.9560591078822682 202
1757594414533 3.9491650861441094 203
1757594414543 3.9423431086024494 204
1757594414552 3.935590963612928 205
1757594414561 3.928906524275012 206
1757594414571 3.9222877448078837 207
1757594414580 3.9157326570930735 208
1757594414590 3.9092393673755077 209
1757594414600 3.902806053115786 210
1757594414609 3.8964309599861986 211
1757594414618 3.890112399003441 212
1757594414628 3.8838487437919795 213
1757594414637 3.877638427971062 214
1757594414647 3.8714799426603883 215
1757594414656 3.8653718340978855 216
1757594414666 3.859312701364985 217
1757594414675 3.8533011942137914 218
1757594414684 3.8473360109916164 219
1757594414694 3.8414158966581424 220
1757594414704 3.8355396408907336 221
1757594414713 3.829706076274147 222
1757594414723 3.823914076570019 223
1757594414733 3.8181625550630653 224
1757594414742 3.8124504629798674 225
1757594414752 3.8067767879771424 226
1757594414761 3.8011405526962054 227
1757594414771 3.7955408133803052 228
1757594414781 3.7899766585523578 229
1757594414791 3.7844472077498055 230
1757594414800 3.7789516103142744 231
1757594414810 3.7734890442333158 232
1757594414819 3.7680587150319496 233
1757594414829 3.7626598547115955 234
1757594414838 3.7572917207344307 235
1757594414848 3.75195359505066 236
1757594414858 3.746644783167329 237
1757594414870 3.741364613256236 238
1757594414880 3.7361124352996633 239
1757594414889 3.73088762027153 240
1757594414899 3.7256895593532784 241
1757594414908 3.7205176631819894 242
1757594414918 3.7153713611300425 243
1757594414928 3.7102501006143633 244
1757594414938 3.7051533464341606 245
1757594414948 3.700080580135943 246
1757594414958 3.695031299404523 247
1757594414967 3.690005017478639 248
1757594414976 3.685001262590599 249
1757594414986 3.680019577428331 250
1757594414996 3.675059518619292 251
1757594415005 3.670120656234928 252
1757594415015 3.665202573315099 253
1757594415025 3.660304865411394 254
1757594415035 3.6554271401484852 255
1757594415045 3.6505690168028995 256
1757594415054 3.6457301258983446 257
1757594415064 3.640910108816956 258
1757594415074 3.6361086174254598 259
1757594415084 3.6313253137163133 260
1757594415093 3.6265598694622936 261
1757594415103 3.6218119658846852 262
1757594415113 3.6170812933341097 263
1757594415123 3.6123675509836066 264
1757594415133 3.607670446533223 265
1757594415143 3.6029896959261505 266
1757594415153 3.598325023075233 267
1757594415163 3.593676159599938 268
1757594415172 3.589042844573147 269
1757594415182 3.5844248242773564 270
1757594415192 3.5798218519699763 271
1757594415202 3.575233687657199 272
1757594415212 3.570660097876354 273
1757594415221 3.5661008554861073 274
1757594415231 3.5615557394642745 275
1757594415241 3.5570245347132077 276
1757594415252 3.5525070318719565 277
1757594415262 3.548003027135304 278
1757594415272 3.543512322079358 279
1757594415282 3.5390347234932165 280
1757594415292 3.534570043216773 281
1757594415311 3.5301180979841207 282
1757594415323 3.525678709272582 283
1757594415333 3.5212517031570036 284
1757594415343 3.516836910169041 285
1757594415354 3.512434165161497 286
1757594415364 3.5080433071772434 287
1757594415374 3.5036641793227363 288
1757594415384 3.4992966286457508 289
1757594415394 3.4949405060174383 290
1757594415404 3.49059566601832 291
1757594415414 3.4862619668281343 292
1757594415423 3.4819392701193825 293
1757594415434 3.477627440954573 294
1757594415444 3.4733263476867293 295
1757594415454 3.4690358618632833 296
1757594415464 3.464755858133237 297
1757594415474 3.4604862141572386 298
1757594415484 3.456226810520686 299
1757594415494 3.451977530649727 300
1757594415504 3.447738260729925 301
1757594415514 3.4435088896275077 302
1757594415525 3.4392893088133523 303
1757594415535 3.435079412289196 304
1757594415544 3.4308790965163545 305
1757594415554 3.426688260346734 306
1757594415564 3.4225068049557894 307
1757594415574 3.418334633778061 308
1757594415585 3.41417165244416 309
1757594415595 3.410017768720309 310
1757594415605 3.4058728924493464 311
1757594415616 3.4017369354938096 312
1757594415626 3.3976098116806353 313
1757594415636 3.3934914367476665 314
1757594415646 3.389381728291752 315
1757594415657 3.385280605718522 316
1757594415667 3.3811879901935193 317
1757594415677 3.3771038045950146 318
1757594415687 3.3730279734681523 319
1757594415698 3.3689604229803938 320
1757594415708 3.3649010808785813 321
1757594415718 3.3608498764468817 322
1757594415728 3.35680674046643 323
1757594415738 3.352771605175799 324
1757594415748 3.3487444042328347 325
1757594415759 3.344725072677521 326
1757594415769 3.340713546896092 327
1757594415779 3.3367097645860686 328
1757594415789 3.3327136647221933 329
1757594415800 3.328725187523691 330
1757594415810 3.3247442744221902 331
1757594415820 3.3207708680307024 332
1757594415830 3.316804912113397 333
1757594415840 3.3128463515564244 334
1757594415850 3.3088951323392792 335
1757594415860 3.304951201507345 336
1757594415870 3.3010145071449095 337
1757594415880 3.2970849983491375 338
1757594415890 3.2931626252045634 339
1757594415900 3.289247338758615 340
1757594415910 3.2853390909975273 341
1757594415921 3.281437834823129 342
1757594415931 3.2775435240301163 343
1757594415941 3.2736561132841038 344
1757594415951 3.26977555810017 345
1757594415962 3.2659018148221075 346
1757594415972 3.2620348406020363 347
1757594415982 3.2581745933809074 348
1757594415992 3.25432103186917 349
1757594416002 3.250474115528262 350
1757594416013 3.2466338045524377 351
1757594416023 3.2428000598511573 352
1757594416033 3.2389728430318696 353
1757594416044 3.2351521163834094 354
1757594416055 3.2313378428596784 355
1757594416065 3.2275299860638533 356
1757594416075 3.223728510232986 357
1757594416085 3.219933380223105 358
1757594416096 3.216144561494469 359
1757594416106 3.212362020097515 360
1757594416116 3.208585722659012 361
1757594416127 3.2048156363685205 362
1757594416137 3.2010517289653957 363
1757594416147 3.1972939687259783 364
1757594416158 3.193542324451144 365
1757594416168 3.1897967654542025 366
1757594416178 3.186057261549175 367
1757594416188 3.1823237830392417 368
1757594416198 3.1785963007055944 369
1757594416209 3.1748747857964856 370
1757594416219 3.1711592100166675 371
1757594416230 3.167449545517029 372
1757594416240 3.1637457648844824 373
1757594416250 3.160047841132218 374
1757594416261 3.1563557476900206 375
1757594416271 3.15266945839504 376
1757594416282 3.1489889474826334 377
1757594416292 3.1453141895775296 378
1757594416303 3.1416451596852073 379
1757594416314 3.137981833183379 380
1757594416324 3.134324185813939 381
1757594416334 3.1306721936747834 382
1757594416345 3.1270258332121275 383
1757594416355 3.123385081212865 384
1757594416366 3.119749914797092 385
1757594416376 3.116120311410936 386
1757594416387 3.1124962488194945 387
1757594416397 3.1088777050998906 388
1757594416408 3.1052646586346047 389
1757594416418 3.101657088104901 390
1757594416428 3.0980549724844755 391
1757594416439 3.094458291033208 392
1757594416449 3.0908670232910462 393
1757594416460 3.0872811490720786 394
1757594416471 3.0837006484588394 395
1757594416481 3.0801255017965237 396
1757594416492 3.0765556896875714 397
1757594416502 3.072991192986224 398
1757594416513 3.069431992793357 399
1757594416523 3.0658780704512667 400
1757594416534 3.062329407538752 401
1757594416544 3.0587859858661584 402
1757594416555 3.0552477874706567 403
1757594416566 3.0517147946116436 404
1757594416576 3.0481869897660783 405
1757594416587 3.0446643556241333 406
1757594416597 3.041146875084894 407
1757594416608 3.0376345312520554 408
1757594416619 3.0341273074298503 409
1757594416629 3.03062518711902 410
1757594416640 3.027128154012829 411
1757594416651 3.023636191993314 412
1757594416661 3.020149285127441 413
1757594416672 3.0166674176635166 414
1757594416682 3.013190574027541 415
1757594416693 3.009718738819799 416
1757594416703 3.006251896811318 417
1757594416714 3.0027900329406805 418
1757594416725 2.999333132310633 419
1757594416736 2.995881180185031 420
1757594416746 2.9924341619855888 421
1757594416757 2.9889920632889657 422
1757594416768 2.9855548698237255 423
1757594416779 2.982122567467446 424
1757594416789 2.978695142243877 425
1757594416800 2.975272580320222 426
1757594416811 2.9718548680043684 427
1757594416822 2.9684419917422504 428
1757594416832 2.9650339381152837 429
1757594416843 2.9616306938378494 430
1757594416854 2.9582322457547354 431
1757594416864 2.9548385808388713 432
1757594416875 2.9514496861888215 433
1757594416886 2.9480655490265097 434
1757594416897 2.944686156695053 435
1757594416908 2.941311496656415 436
1757594416919 2.937941556489386 437
1757594416929 2.9345763238873293 438
1757594416940 2.9312157866562454 439
1757594416951 2.927859932712676 440
1757594416962 2.9245087500817246 441
1757594416973 2.921162226895201 442
1757594416983 2.917820351389625 443
1757594416994 2.9144831119044983 444
1757594417005 2.911150496880374 445
1757594417016 2.907822494857177 446
1757594417027 2.9044990944724387 447
1757594417038 2.9011802844596537 448
1757594417050 2.8978660536464877 449
1757594417061 2.8945563909533543 450
1757594417072 2.891251285391642 451
1757594417083 2.8879507260622703 452
1757594417094 2.884654702154227 453
1757594417104 2.881363202942887 454
1757594417115 2.878076217788743 455
1757594417126 2.874793736135875 456
1757594417137 2.8715157475106454 457
1757594417147 2.8682422415202464 458
1757594417158 2.8649732078514156 459
1757594417169 2.8617086362691193 460
1757594417180 2.8584485166152787 461
1757594417190 2.8551928388075023 462
1757594417201 2.851941592837855 463
1757594417212 2.8486947687716935 464
1757594417223 2.845452356746466 465
1757594417234 2.8422143469705485 466
1757594417245 2.838980729722117 467
1757594417256 2.8357514953480925 468
1757594417267 2.8325266342629907 469
1757594417279 2.82930613694789 470
1757594417290 2.82608999394943 471
1757594417301 2.8228781958787206 472
1757594417312 2.8196707334104367 473
1757594417323 2.816467597281751 474
1757594417334 2.813268778291432 475
1757594417346 2.8100742672988797 476
1757594417357 2.8068840552232786 477
1757594417368 2.8036981330425537 478
1757594417379 2.8005164917926506 479
1757594417390 2.7973391225665587 480
1757594417401 2.7941660165135356 481
1757594417412 2.7909971648382017 482
1757594417423 2.7878325587998494 483
1757594417434 2.7846721897114426 484
1757594417449 2.7815160489390673 485
1757594417460 2.7783641279010403 486
1757594417472 2.7752164180671084 487
1757594417486 2.772072910957856 488
1757594417497 2.7689335981438816 489
1757594417508 2.7657984712450707 490
1757594417520 2.762667521930027 491
1757594417531 2.759540741915202 492
1757594417543 2.7564181229644267 493
1757594417554 2.7532996568881303 494
1757594417565 2.7501853355427053 495
1757594417577 2.747075150829921 496
1757594417588 2.743969094696321 497
1757594417599 2.740867159132494 498
1757594417610 2.73776933617266 499
