1757594422610 169.0822012310743 0
1757594422619 168.44799356156628 1
1757594422627 167.81625965225064 2
1757594422635 167.18698977886643 3
1757594422644 166.56017425554373 4
1757594422652 165.9358034346467 5
1757594422660 165.31386770662874 6
1757594422668 164.69435749987724 7
1757594422676 164.0772632805641 8
1757594422685 163.46257555250207 9
1757594422693 162.85028485698402 10
1757594422701 162.2403817726446 11
1757594422710 161.6328569153111 12
1757594422718 161.0277009378506 13
1757594422727 160.42490453002782 14
1757594422737 159.8244584183627 15
1757594422750 159.22635336597222 16
1757594422759 158.6305801724418 17
1757594422768 158.0371296736688 18
1757594422777 157.4459927417237 19
1757594422786 156.85716028470782 20
1757594422794 156.27062324660614 21
1757594422803 155.68637260714982 22
1757594422811 155.1043993816738 23
1757594422820 154.5246946209743 24
1757594422828 153.94724941116866 25
1757594422836 153.37205487355848 26
1757594422845 152.79910216448607 27
1757594422854 152.22838247519735 28
1757594422862 151.65988703170808 29
1757594422871 151.0936070946574 30
1757594422879 150.52953395917822 31
1757594422888 149.9676589547584 32
1757594422896 149.40797344510378 33
1757594422905 148.85046882800395 34
1757594422914 148.2951365351973 35
1757594422922 147.7419680322351 36
1757594422931 147.1909548183521 37
1757594422939 146.6420884263257 38
1757594422947 146.0953604223495 39
1757594422956 145.55076240590063 40
1757594422964 145.00828600960463 41
1757594422973 144.46792289910516 42
1757594422982 143.92966477293865 43
1757594422991 143.39350336239482 44
1757594422999 142.85943043139508 45
1757594423008 142.3274377763605 46
1757594423016 141.79751722607884 47
1757594423024 141.26966064158785 48
1757594423033 140.74385991603373 49
1757594423041 140.22010697455457 50
1757594423050 139.69839377415008 51
1757594423058 139.1787123035519 52
1757594423067 138.661054583107 53
1757594423075 138.14541266464207 54
1757594423084 137.63177863134678 55
1757594423093 137.1201445976471 56
1757594423101 136.6105027090798 57
1757594423110 136.10284514217125 58
1757594423119 135.59716410431744 59
1757594423127 135.09345183365565 60
1757594423136 134.5917005989457 61
1757594423145 134.09190269945498 62
1757594423153 133.59405046482425 63
1757594423162 133.09813625496048 64
1757594423170 132.60415245991004 65
1757594423179 132.1120914997408 66
1757594423188 131.62194582442572 67
1757594423196 131.13370791371918 68
1757594423205 130.6473702770459 69
1757594423213 130.16292545337762 70
1757594423222 129.68036601112178 71
1757594423231 129.1996845479987 72
1757594423239 128.72087369093174 73
1757594423248 128.24392609592613 74
1757594423256 127.76883444795844 75
1757594423265 127.2955914608599 76
1757594423274 126.82418987720449 77
1757594423283 126.35462246818918 78
1757594423291 125.88688203352781 79
1757594423300 125.4209614013351 80
1757594423310 124.95685342801406 81
1757594423318 124.4945509981436 82
1757594423327 124.03404702436895 83
1757594423336 123.57533444728955 84
1757594423345 123.11840623534911 85
1757594423354 122.66325538472225 86
1757594423363 122.20987491921072 87
1757594423372 121.75825789012906 88
1757594423381 121.30839737619735 89
1757594423390 120.860286483434 90
1757594423398 120.41391834504454 91
1757594423407 119.96928612131916 92
1757594423416 119.52638299952137 93
1757594423425 119.08520219378121 94
1757594423434 118.64573694499212 95
1757594423442 118.20798052070269 96
1757594423451 117.77192621501058 97
1757594423460 117.33756734846128 98
1757594423468 116.90489726793864 99
1757594423477 116.47390934656364 100
1757594423486 116.0445969835906 101
1757594423495 115.61695360430272 102
1757594423504 115.19097265990787 103
1757594423513 114.76664762744107 104
1757594423522 114.34397200965577 105
1757594423531 113.92293933492746 106
1757594423540 113.50354315714925 107
1757594423550 113.0857770556318 108
1757594423559 112.66963463500251 109
1757594423568 112.25510952510744 110
1757594423577 111.84219538090755 111
1757594423586 111.43088588238223 112
1757594423595 111.0211747344319 113
1757594423603 110.61305566677464 114
1757594423612 110.20652243385189 115
1757594423621 109.80156881472915 116
1757594423630 109.39818861299877 117
1757594423639 108.99637565668411 118
1757594423648 108.5961237981408 119
1757594423657 108.19742691396183 120
1757594423666 107.80027890488132 121
1757594423675 107.40467369567892 122
1757594423684 107.0106052350868 123
1757594423693 106.61806749569097 124
1757594423702 106.2270544738395 125
1757594423710 105.83756018954895 126
1757594423719 105.44957868640965 127
1757594423728 105.06310403149038 128
1757594423737 104.67813031525225 129
1757594423746 104.29465165144876 130
1757594423756 103.91266217703661 131
1757594423765 103.5321560520861 132
1757594423774 103.15312745968538 133
1757594423783 102.77557060585383 134
1757594423792 102.39947971944764 135
1757594423801 102.02484905207231 136
1757594423810 101.65167287799004 137
1757594423819 101.27994549403341 138
1757594423829 100.909661219513 139
1757594423839 100.54081439613084 140
1757594423848 100.17339938788967 141
1757594423858 99.80741058100693 142
1757594423867 99.44284238382573 143
1757594423876 99.07968922672711 144
1757594423886 98.71794556204341 145
1757594423895 98.35760586397207 146
1757594423904 97.99866462848794 147
1757594423913 97.6411163732581 148
1757594423922 97.28495563755513 149
1757594423931 96.930176982173 150
1757594423940 96.57677498933992 151
1757594423950 96.22474426263722 152
1757594423959 95.87407942691053 153
1757594423968 95.52477512818892 154
1757594423977 95.17682603359856 155
1757594423986 94.83022683128351 156
1757594423996 94.48497223031663 157
1757594424005 94.14105696062163 158
1757594424014 93.79847577289053 159
1757594424023 93.45722343849677 160
1757594424032 93.11729474941956 161
1757594424042 92.77868451815823 162
1757594424051 92.44138757765292 163
1757594424060 92.10539878120366 164
1757594424069 91.77071300238866 165
1757594424079 91.43732513498587 166
1757594424088 91.10523009289115 167
1757594424097 90.77442281004133 168
1757594424106 90.4448982403325 169
1757594424116 90.11665135754278 170
1757594424126 89.78967715525154 171
1757594424135 89.46397064676495 172
1757594424144 89.13952686503369 173
1757594424153 88.81634086257749 174
1757594424162 88.49440771140985 175
1757594424171 88.17372250295573 176
1757594424181 87.85428034797866 177
1757594424191 87.53607637650441 178
1757594424200 87.21910573774251 179
1757594424209 86.9033636000123 180
1757594424219 86.5888451506678 181
1757594424228 86.27554559601907 182
1757594424238 85.96346016126198 183
1757594424247 85.65258409040021 184
1757594424257 85.34291264617224 185
1757594424267 85.03444110997735 186
1757594424276 84.7271647818009 187
1757594424286 84.42107898014089 188
1757594424295 84.11617904193731 189
1757594424304 83.81246032249598 190
1757594424314 83.50991819541748 191
1757594424323 83.20854805252492 192
1757594424332 82.90834530379148 193
1757594424341 82.60930537726821 194
1757594424351 82.31142371901512 195
1757594424360 82.01469579302551 196
1757594424370 81.71911708115988 197
1757594424379 81.42468308307149 198
1757594424389 81.13138931613867 199
1757594424398 80.83923131539376 200
1757594424407 80.54820463345271 201
1757594424417 80.25830484044592 202
1757594424426 79.96952752395114 203
1757594424436 79.68186828891918 204
1757594424446 79.39532275761349 205
1757594424455 79.10988656953263 206
1757594424465 78.82555538134892 207
1757594424474 78.54232486683755 208
1757594424484 78.26019071680913 209
1757594424494 77.97914863904408 210
1757594424503 77.69919435822294 211
1757594424513 77.42032361586135 212
1757594424522 77.14253217024385 213
1757594424532 76.86581579635656 214
1757594424541 76.59017028582008 215
1757594424551 76.31559144682826 216
1757594424560 76.04207510407616 217
1757594424570 75.76961709870055 218
1757594424580 75.49821328821226 219
1757594424589 75.22785954643165 220
1757594424599 74.95855176342468 221
1757594424608 74.69028584543845 222
1757594424617 74.42305771483662 223
1757594424627 74.15686331003812 224
1757594424636 73.89169858544918 225
1757594424646 73.62755951140585 226
1757594424655 73.36444207410656 227
1757594424665 73.10234227555118 228
1757594424674 72.84125613347896 229
1757594424684 72.58117968130526 230
1757594424693 72.32210896806022 231
1757594424703 72.06404005832783 232
1757594424713 71.80696903218242 233
1757594424725 71.55089198513002 234
1757594424735 71.2958050280446 235
1757594424745 71.04170428711019 236
1757594424754 70.78858590375846 237
1757594424764 70.5364460346087 238
1757594424774 70.28528085140839 239
1757594424783 70.03508654097361 240
1757594424793 69.7858593051289 241
1757594424802 69.53759536064783 242
1757594424812 69.29029093919416 243
1757594424822 69.04394228726373 244
1757594424831 68.79854566612472 245
1757594424841 68.55409735176063 246
1757594424850 68.31059363481016 247
1757594424860 68.06803082051145 248
1757594424870 67.82640522864261 249
1757594424880 67.58571319346662 250
1757594424890 67.3459510636703 251
1757594424900 67.10711520231189 252
1757594424910 66.86920198676047 253
1757594424920 66.6322078086418 254
1757594424929 66.39612907378103 255
1757594424939 66.16096220214664 256
1757594424949 65.9267036277948 257
1757594424959 65.69334979881333 258
1757594424969 65.46089717726721 259
1757594424979 65.22934223914167 260
1757594424989 64.99868147428947 261
1757594424999 64.76891138637444 262
1757594425009 64.5400284928164 263
1757594425018 64.31202932473973 264
1757594425028 64.08491042691546 265
1757594425038 63.85866835771045 266
1757594425048 63.633299689031865 267
1757594425058 63.40880100627494 268
1757594425068 63.1851689082682 269
1757594425078 62.96240000722204 270
1757594425088 62.74049092867425 271
1757594425098 62.51943831143937 272
1757594425107 62.29923880755386 273
1757594425117 62.07988908222656 274
1757594425127 61.861385813783905 275
1757594425137 61.64372569361971 276
1757594425147 61.426905426144025 277
1757594425157 61.21092172873048 278
1757594425167 60.995771331665594 279
1757594425177 60.78145097809803 280
1757594425187 60.56795742398711 281
1757594425197 60.3552874380528 282
1757594425207 60.143437801726094 283
1757594425217 59.93240530909654 284
1757594425227 59.72218676686458 285
1757594425237 59.512778994290336 286
1757594425246 59.30417882314485 287
1757594425256 59.09638309765981 288
1757594425266 58.889388674478745 289
1757594425276 58.6831924226091 290
1757594425286 58.47779122337148 291
1757594425297 58.27318197035233 292
1757594425318 58.069361569354626 293
1757594425330 57.866326938351094 294
1757594425340 57.66407500743429 295
1757594425350 57.46260271876993 296
1757594425360 57.26190702654933 297
1757594425370 57.06198489694095 298
1757594425380 56.862833308044 299
1757594425390 56.664449249841084 300
1757594425400 56.46682972415078 301
1757594425411 56.269971744581795 302
1757594425420 56.07387233648632 303
1757594425430 55.87852853691176 304
1757594425440 55.68393739455789 305
1757594425450 55.490095969728095 306
1757594425460 55.29700133428468 307
1757594425470 55.104650571602726 308
1757594425480 54.913040776526145 309
1757594425490 54.722169055319725 310
1757594425500 54.53203252562633 311
1757594425510 54.342628316421894 312
1757594425520 54.153953567967875 313
1757594425530 53.96600543177127 314
1757594425540 53.7787810705358 315
1757594425549 53.59227765812142 316
1757594425559 53.40649237949704 317
1757594425569 53.22142243069871 318
1757594425580 53.03706501878552 319
1757594425590 52.85341736179548 320
1757594425600 52.67047668870338 321
1757594425610 52.488240239376196 322
1757594425620 52.30670526453127 323
1757594425631 52.12586902569223 324
1757594425641 51.945728795147986 325
1757594425651 51.76628185590893 326
1757594425661 51.58752550166439 327
1757594425672 51.40945703674273 328
1757594425682 51.2320737760657 329
1757594425692 51.05537304511035 330
1757594425702 50.87935217986451 331
1757594425712 50.7040085267869 332
1757594425722 50.52933944276591 333
1757594425732 50.35534229507684 334
1757594425742 50.18201446134227 335
1757594425753 50.00935332949162 336
1757594425763 49.8373562977186 337
1757594425773 49.66602077444277 338
1757594425783 49.49534417826791 339
1757594425793 49.325323937941775 340
1757594425804 49.15595749231709 341
1757594425814 48.98724229031067 342
1757594425825 48.819175790864044 343
1757594425835 48.651755462903914 344
1757594425845 48.484978785303284 345
1757594425856 48.31884324684067 346
1757594425866 48.15334634616259 347
1757594425876 47.98848559174415 348
1757594425886 47.82425850184967 349
1757594425896 47.6606626044949 350
1757594425906 47.4976954374081 351
1757594425916 47.335354547991564 352
1757594425927 47.173637493283785 353
1757594425937 47.01254183992132 354
1757594425947 46.85206516410079 355
1757594425957 46.69220505154109 356
1757594425968 46.53295909744648 357
1757594425978 46.374324906468125 358
1757594425988 46.21630009266798 359
1757594425999 46.05888227947979 360
1757594426009 45.90206909967481 361
1757594426020 45.745858195322505 362
1757594426030 45.590247217754964 363
1757594426040 45.43523382753101 364
1757594426051 45.28081569439776 365
1757594426061 45.1269904972565 366
1757594426071 44.9737559241256 367
1757594426082 44.82110967210423 368
1757594426092 44.66904944733727 369
1757594426102 44.5175729649796 370
1757594426113 44.366677949158976 371
1757594426123 44.21636213294354 372
1757594426134 44.06662325830373 373
1757594426144 43.91745907607864 374
1757594426154 43.76886734594135 375
1757594426165 43.62084583636209 376
1757594426175 43.47339232457602 377
1757594426185 43.326504596546904 378
1757594426196 43.18018044693407 379
1757594426206 43.03441767905621 380
1757594426217 42.889214104859136 381
1757594426227 42.744567544880496 382
1757594426237 42.60047582821685 383
1757594426248 42.45693679248876 384
1757594426258 42.31394828380817 385
1757594426269 42.17150815674395 386
1757594426279 42.0296142742901 387
1757594426290 41.88826450783095 388
1757594426301 41.74745673710895 389
1757594426311 41.6071888501903 390
1757594426322 41.46745874343458 391
1757594426333 41.328264321460054 392
1757594426344 41.18960349711158 393
1757594426355 41.05147419142854 394
1757594426365 40.913874333612284 395
1757594426376 40.77680186099377 396
1757594426386 40.64025471900137 397
1757594426397 40.5042308611299 398
1757594426408 40.3687282489075 399
1757594426419 40.233744851864806 400
1757594426429 40.09927864750311 401
1757594426440 39.96532762126291 402
1757594426450 39.83188976649268 403
1757594426461 39.69896308441786 404
1757594426471 39.56654558410886 405
1757594426482 39.434635282451865 406
1757594426493 39.30323020411602 407
1757594426503 39.17232838152452 408
1757594426514 39.0419278548225 409
1757594426525 38.91202667184778 410
1757594426535 38.78262288809933 411
1757594426546 38.65371456670913 412
1757594426557 38.52529977840902 413
1757594426568 38.39737660150406 414
1757594426578 38.269943121839376 415
1757594426589 38.14299743277353 416
1757594426600 38.016537635146605 417
1757594426611 37.89056183725157 418
1757594426621 37.765068154805284 419
1757594426632 37.64005471091847 420
1757594426643 37.51551963606664 421
1757594426654 37.39146106806189 422
1757594426664 37.2678771520232 423
1757594426676 37.14476604034714 424
1757594426686 37.022125892681025 425
1757594426697 36.89995487589188 426
1757594426708 36.77825116404027 427
1757594426719 36.657012938350185 428
1757594426730 36.53623838718219 429
1757594426740 36.41592570600367 430
1757594426751 36.29607309736278 431
1757594426762 36.176678770858814 432
1757594426773 36.05774094311491 433
1757594426784 35.93925783775154 434
1757594426795 35.82122768535701 435
1757594426805 35.703648723461086 436
1757594426816 35.586519196507474 437
1757594426827 35.46983735582685 438
1757594426838 35.35360145960914 439
1757594426850 35.23780977287628 440
1757594426861 35.122460567456514 441
1757594426871 35.007552121956344 442
1757594426883 34.893082721734814 443
1757594426894 34.77905065887513 444
1757594426905 34.665454232160336 445
1757594426916 34.55229174704585 446
1757594426927 34.43956151563307 447
1757594426938 34.327261856643176 448
1757594426949 34.215391095391205 449
1757594426960 34.10394756376049 450
1757594426971 33.992929600175714 451
1757594426982 33.882335549578286 452
1757594426993 33.77216376339973 453
1757594427004 33.66241259953666 454
1757594427015 33.553080422325316 455
1757594427026 33.44416560251566 456
1757594427037 33.33566651724646 457
1757594427048 33.22758155002037 458
1757594427059 33.119909090678256 459
1757594427069 33.01264753537471 460
1757594427080 32.905795286552674 461
1757594427091 32.799350752919615 462
1757594427102 32.69331234942131 463
1757594427113 32.58767849721877 464
1757594427124 32.48244762366302 465
1757594427135 32.377618162270494 466
1757594427148 32.273188552699175 467
1757594427159 32.16915724072463 468
1757594427170 32.06552267821486 469
1757594427181 31.962283323107535 470
1757594427193 31.859437639385064 471
1757594427204 31.756984097051507 472
1757594427215 31.654921172108498 473
1757594427226 31.55324734653145 474
1757594427238 31.45196110824658 475
1757594427249 31.35106095110662 476
1757594427260 31.250545374868537 477
1757594427271 31.150412885169384 478
1757594427282 31.050661993503063 479
1757594427294 30.95129121719858 480
1757594427305 30.85229907939514 481
1757594427316 30.75368410902069 482
1757594427327 30.65544484076844 483
1757594427342 30.557579815074373 484
1757594427353 30.460087578094694 485
1757594427365 30.362966681683137 486
1757594427376 30.26621568336832 487
1757594427388 30.1698331463321 488
1757594427399 30.073817639386537 489
1757594427410 29.97816773695171 490
1757594427421 29.882882019034625 491
1757594427433 29.787959071205794 492
1757594427444 29.6933974845785 493
1757594427455 29.59919585578635 494
1757594427466 29.505352786961588 495
1757594427477 29.411866885713643 496
1757594427489 29.318736765107005 497
1757594427500 29.225961043640783 498
1757594427512 29.133538345226388 499
