1757518694594 167.7415177332854 0
1757518694604 161.52039618250686 1
1757518694613 150.1519889952335 2
1757518694622 134.94072926028818 3
1757518694632 117.27596894957178 4
1757518694641 98.50825741834689 5
1757518694650 79.85251314605634 6
1757518694659 62.32010016427 7
1757518694668 46.67930047003888 8
1757518694677 33.44166902555643 9
1757518694686 22.87031996283611 10
1757518694695 15.005320717275179 11
1757518694704 9.701022380860028 12
1757518694713 6.670256115435784 13
1757518694722 5.5307839937307595 14
1757518694730 5.850106240409241 15
1757518694739 7.185594006971295 16
1757518694748 9.117843877854853 17
1757518694757 11.276056958932346 18
1757518694766 13.355068118835357 19
1757518694775 15.124344538991568 20
1757518694783 16.429810187970403 21
1757518694792 17.189723932816833 22
1757518694801 17.386047828455784 23
1757518694810 17.05280407989763 24
1757518694819 16.262857648344365 25
1757518694828 15.114404606715205 26
1757518694838 13.71822401813428 27
1757518694848 12.18649237141501 28
1757518694858 10.623690693084862 29
1757518694868 9.11987735575408 30
1757518694878 7.746371233880798 31
1757518694888 6.553701768578554 32
1757518694898 5.571541035382887 33
1757518694907 4.810239718306411 34
1757518694917 4.263541718457616 35
1757518694928 3.9120457025738764 36
1757518694947 3.727008925676351 37
1757518694960 3.674140738370618 38
1757518694970 3.7171016424166994 39
1757518694979 3.820500348932561 40
1757518694988 3.9522587470948034 41
1757518694997 4.085287056091222 42
1757518695006 4.198474273516633 43
1757518695016 4.277049471350831 44
1757518695025 4.312406123814753 45
1757518695034 4.301504376577466 46
1757518695043 4.2459759399205215 47
1757518695052 4.151054851282477 48
1757518695061 4.024446952651683 49
1757518695070 3.875234054544558 50
1757518695079 3.7128879091780402 51
1757518695088 3.546446610157708 52
1757518695097 3.3838838754267915 53
1757518695107 3.2316814479489238 54
1757518695116 3.094597709414882 55
1757518695126 2.975612242075205 56
1757518695135 2.8760167731188875 57
1757518695144 2.795617618133114 58
1757518695153 2.7330130449371515 59
1757518695163 2.6859103438306287 60
1757518695172 2.6514511305153086 61
1757518695181 2.6265187916847834 62
1757518695190 2.6080082949083923 63
1757518695200 2.593045175111389 64
1757518695209 2.5791468334110395 65
1757518695218 2.5643249179771526 66
1757518695227 2.5471322105542344 67
1757518695237 2.5266609544740533 68
1757518695246 2.5025018847720455 69
1757518695255 2.4746744102730345 70
1757518695264 2.443538578193648 71
1757518695276 2.4096988021817825 72
1757518695285 2.373908061255962 73
1757518695295 2.336979593699895 74
1757518695304 2.299711220494379 75
1757518695313 2.2628255178604375 76
1757518695322 2.2269272660733583 77
1757518695332 2.1924780426815196 78
1757518695341 2.1597865749100085 79
1757518695350 2.129012554028795 80
1757518695360 2.100181047187721 81
1757518695369 2.0732043966150466 82
1757518695378 2.0479085294147112 83
1757518695388 2.0240608580104964 84
1757518695397 2.001397369931281 85
1757518695407 1.97964702408012 86
1757518695417 1.958552131170628 87
1757518695426 1.9378839487560022 88
1757518695435 1.9174532263864725 89
1757518695444 1.897115865207998 90
1757518695454 1.876774191214498 91
1757518695463 1.8563745751962932 92
1757518695473 1.8359022669182348 93
1757518695482 1.8153743550413433 94
1757518695491 1.7948317316880749 95
1757518695501 1.7743308483440703 96
1757518695510 1.7539359162137897 97
1757518695520 1.7337120470587333 98
1757518695529 1.7137196661664664 99
1757518695539 1.6940103711110868 100
1757518695548 1.6746242689770405 101
1757518695557 1.6555887080482188 102
1757518695567 1.6369182317246704 103
1757518695577 1.618615523822169 104
1757518695586 1.6006730841951458 105
1757518695596 1.5830753686703272 106
1757518695617 1.565801143163561 107
1757518695630 1.5488258334309657 108
1757518695639 1.5321236938382736 109
1757518695649 1.5156696657169226 110
1757518695659 1.4994408437855975 111
1757518695668 1.4834175140314745 112
1757518695678 1.4675837655733617 113
1757518695687 1.451927710541205 114
1757518695697 1.4364413689906423 115
1757518695706 1.4211202902248388 116
1757518695715 1.4059629881825089 117
1757518695725 1.3909702678298457 118
1757518695734 1.3761445131473509 119
1757518695744 1.3614889968713542 120
1757518695753 1.34700725918872 121
1757518695763 1.33270258854016 122
1757518695772 1.3185776238183937 123
1757518695782 1.3046340845556779 124
1757518695792 1.2908726249075182 125
1757518695801 1.277292798801967 126
1757518695811 1.2638931177214854 127
1757518695820 1.2506711791811402 128
1757518695830 1.237623842841118 129
1757518695839 1.2247474320003373 130
1757518695849 1.2120379405321093 131
1757518695858 1.1994912286874575 132
1757518695868 1.187103195156092 133
1757518695878 1.174869916930143 134
1757518695887 1.1627877525162502 135
1757518695897 1.1508534076179644 136
1757518695907 1.1390639653761785 137
1757518695917 1.1274168855054012 138
1757518695926 1.1159099781649886 139
1757518695936 1.1045413591873157 140
1757518695945 1.0933093934265308 141
1757518695955 1.082212632602625 142
1757518695965 1.071249753225709 143
1757518695975 1.0604194991288538 144
1757518695985 1.0497206319440087 145
1757518695995 1.039151891639127 146
1757518696005 1.0287119680905639 147
1757518696015 1.0183994836642756 148
1757518696024 1.008212985970034 149
1757518696034 0.998150949358454 150
1757518696044 0.9882117833548243 151
1757518696053 0.9783938460530476 152
1757518696063 0.9686954605012269 153
1757518696073 0.9591149322633895 154
1757518696082 0.9496505666000866 155
1757518696092 0.9403006840358816 156
1757518696102 0.9310636334362223 157
1757518696111 0.9219378020689984 158
1757518696121 0.9129216224501456 159
1757518696131 0.9040135760506813 160
1757518696140 0.8952121941613892 161
1757518696150 0.8865160563668423 162
1757518696160 0.8779237871726248 163
1757518696170 0.8694340513639007 164
1757518696180 0.8610455486581708 165
1757518696189 0.8527570081606464 166
1757518696199 0.8445671830491852 167
1757518696209 0.836474845817567 168
1757518696219 0.8284787843022761 169
1757518696229 0.8205777986170064 170
1757518696238 0.8127706990286422 171
1757518696248 0.8050563047320444 172
1757518696258 0.7974334434229815 173
1757518696268 0.7899009515285634 174
1757518696278 0.7824576749329465 175
1757518696288 0.7751024700306663 176
1757518696298 0.7678342049477744 177
1757518696308 0.760651760789624 178
1757518696317 0.7535540327993739 179
1757518696327 0.7465399313405584 180
1757518696337 0.7396083826470344 181
1757518696347 0.7327583293122376 182
1757518696357 0.7259887305148645 183
1757518696367 0.719298561998527 184
1757518696377 0.7126868158383353 185
1757518696386 0.7061525000373361 186
1757518696397 0.6996946380003736 187
1757518696406 0.6933122679334346 188
1757518696416 0.6870044422130578 189
1757518696426 0.6807702267644631 190
1757518696436 0.6746087004791894 191
1757518696446 0.6685189546945205 192
1757518696456 0.6625000927481292 193
1757518696466 0.6565512296137244 194
1757518696476 0.6506714916161888 195
1757518696486 0.6448600162195317 196
1757518696496 0.6391159518767996 197
1757518696506 0.6334384579289064 198
1757518696516 0.6278267045382354 199
1757518696526 0.6222798726432006 200
1757518696536 0.6167971539212868 201
1757518696546 0.6113777507498679 202
1757518696556 0.6060208761566792 203
1757518696566 0.6007257537541784 204
1757518696576 0.5954916176545862 205
1757518696586 0.5903177123646365 206
1757518696596 0.585203292660916 207
1757518696606 0.5801476234481527 208
1757518696617 0.5751499796038094 209
1757518696627 0.5702096458128622 210
1757518696637 0.5653259163968611 211
1757518696648 0.5604980951410969 212
1757518696658 0.5557254951233824 213
1757518696668 0.5510074385471735 214
1757518696678 0.546343256581238 215
1757518696688 0.5417322892071452 216
1757518696698 0.5371738850753282 217
1757518696708 0.5326674013696919 218
1757518696718 0.5282122036803442 219
1757518696729 0.523807665883612 220
1757518696739 0.5194531700282057 221
1757518696749 0.5151481062263802 222
1757518696759 0.5108918725488159 223
1757518696769 0.506683874922117 224
1757518696779 0.5025235270279322 225
1757518696789 0.49841025020287355 226
1757518696800 0.49434347333866824 227
1757518696810 0.49032263278218535 228
1757518696820 0.4863471722351479 229
1757518696830 0.48241654265352046 230
1757518696840 0.47853020214675374 231
1757518696851 0.4746876158770651 232
1757518696861 0.47088825595912776 233
1757518696871 0.4671316013604115 234
1757518696881 0.4634171378025656 235
1757518696892 0.45974435766407035 236
1757518696902 0.4561127598844488 237
1757518696912 0.4525218498701772 238
1757518696923 0.44897113940245165 239
1757518696933 0.44546014654682853 240
1757518696943 0.4419883955647836 241
1757518696954 0.4385554168271115 242
1757518696964 0.43516074672910104 243
1757518696974 0.431803927607375 244
1757518696985 0.4284845076582953 245
1757518696995 0.42520204085777485 246
1757518697005 0.4219560868824174 247
1757518697015 0.41874621103184656 248
1757518697026 0.4155719841521698 249
1757518697036 0.41243298256044975 250
1757518697047 0.4093287879701976 251
1757518697057 0.40625898741779554 252
1757518697068 0.4032231731898658 253
1757518697078 0.40022094275154557 254
1757518697088 0.3972518986757 255
1757518697099 0.39431564857307677 256
1757518697109 0.3914118050234001 257
1757518697120 0.38853998550743185 258
1757518697130 0.38569981234000167 259
1757518697140 0.3828909126040252 260
1757518697151 0.38011291808551423 261
1757518697161 0.37736546520954917 262
1757518697172 0.37464819497725993 263
1757518697182 0.3719607529037489 264
1757518697192 0.3693027889569801 265
1757518697203 0.3666739574976004 266
1757518697213 0.3640739172196657 267
1757518697223 0.36150233109226704 268
1757518697234 0.35895886630202867 269
1757518697244 0.35644319419643267 270
1757518697255 0.35395499022800647 271
1757518697265 0.3514939338992742 272
1757518697276 0.3490597087085309 273
1757518697286 0.3466520020963702 274
1757518697297 0.34427050539298776 275
1757518697307 0.34191491376620986 276
1757518697317 0.33958492617027264 277
1757518697328 0.3372802452953191 278
1757518697338 0.3350005775176251 279
1757518697349 0.33274563285050446 280
1757518697359 0.33051512489594076 281
1757518697370 0.32830877079688897 282
1757518697380 0.3261262911902831 283
1757518697391 0.3239674101606821 284
1757518697401 0.32183185519460894 285
1757518697412 0.3197193571355353 286
1757518697423 0.31762965013949557 287
1757518697433 0.3155624716313739 288
1757518697444 0.3135175622617723 289
1757518697454 0.31149466586452695 290
1757518697465 0.30949352941481123 291
1757518697476 0.30751390298784675 292
1757518697486 0.30555553971818833 293
1757518697497 0.3036181957595955 294
1757518697507 0.30170163024546487 295
1757518697518 0.2998056052498218 296
1757518697528 0.29792988574885604 297
1757518697539 0.29607423958300616 298
1757518697550 0.2942384374195694 299
1757518697560 0.2924222527158435 300
1757518697571 0.290625461682764 301
1757518697581 0.28884784324907686 302
1757518697592 0.2870891790259966 303
1757518697603 0.28534925327235655 304
1757518697614 0.2836278528602551 305
1757518697624 0.2819247672411704 306
1757518697635 0.2802397884125569 307
1757518697646 0.27857271088489777 308
1757518697657 0.27692333164922567 309
1757518697667 0.27529145014508577 310
1757518697678 0.2736768682289524 311
1757518697689 0.2720793901430727 312
1757518697700 0.27049882248475565 313
1757518697710 0.26893497417607676 314
1757518697721 0.2673876564339988 315
1757518697732 0.26585668274091834 316
1757518697743 0.26434186881560723 317
1757518697753 0.2628430325845567 318
1757518697764 0.26135999415371486 319
1757518697775 0.2598925757806194 320
1757518697785 0.25844060184690426 321
1757518697799 0.25700389883118724 322
1757518697810 0.2555822952823276 323
1757518697821 0.25417562179305725 324
1757518697832 0.2527837109739531 325
1757518697842 0.25140639742779014 326
1757518697853 0.2500435177242269 327
1757518697864 0.24869491037483954 328
1757518697875 0.24736041580849671 329
1757518697886 0.24603987634707608 330
1757518697897 0.24473313618149653 331
1757518697907 0.24344004134808805 332
1757518697918 0.24216043970527734 333
1757518697929 0.24089418091059223 334
1757518697940 0.2396411163979707 335
1757518697951 0.23840109935538403 336
1757518697962 0.23717398470275403 337
1757518697973 0.2359596290701833 338
1757518697983 0.2347578907764599 339
1757518697994 0.23356862980786092 340
1757518698005 0.23239170779724888 341
1757518698016 0.23122698800343022 342
1757518698027 0.2300743352908082 343
1757518698038 0.22893361610930085 344
1757518698049 0.22780469847452478 345
1757518698060 0.22668745194825837 346
1757518698072 0.22558174761914337 347
1757518698084 0.22448745808366644 348
1757518698095 0.2234044574273815 349
1757518698113 0.22233262120638483 350
1757518698124 0.22127182642904186 351
1757518698136 0.22022195153795057 352
1757518698147 0.21918287639214662 353
1757518698158 0.2181544822495472 354
1757518698169 0.21713665174962363 355
1757518698180 0.21612926889630585 356
1757518698191 0.21513221904111865 357
1757518698202 0.21414538886652412 358
1757518698213 0.21316866636950896 359
1757518698224 0.21220194084536345 360
1757518698235 0.2112451028716951 361
1757518698246 0.21029804429263113 362
1757518698257 0.20936065820325633 363
1757518698268 0.2084328389342322 364
1757518698279 0.2075144820366243 365
1757518698290 0.20660548426693656 366
1757518698301 0.2057057435723283 367
1757518698312 0.204815159076046 368
1757518698323 0.2039336310630168 369
1757518698334 0.20306106096565424 370
1757518698345 0.20219735134984007 371
1757518698356 0.20134240590108754 372
1757518698367 0.2004961294108895 373
1757518698378 0.19965842776324078 374
1757518698390 0.19882920792133796 375
1757518698401 0.19800837791444914 376
1757518698412 0.19719584682495772 377
1757518698423 0.1963915247755747 378
1757518698435 0.19559532291671156 379
1757518698446 0.19480715341401922 380
1757518698457 0.19402692943609262 381
1757518698468 0.19325456514232972 382
1757518698479 0.1924899756709416 383
1757518698490 0.19173307712713572 384
1757518698502 0.19098378657142495 385
1757518698513 0.19024202200811333 386
1757518698524 0.18950770237391243 387
1757518698535 0.18878074752671092 388
1757518698546 0.18806107823448762 389
1757518698558 0.18734861616436208 390
1757518698569 0.18664328387179696 391
1757518698580 0.1859450047899278 392
1757518698591 0.18525370321903142 393
1757518698603 0.1845693043161318 394
1757518698614 0.1838917340847382 395
1757518698626 0.18322091936471183 396
1757518698637 0.18255678782226326 397
1757518698649 0.18189926794007877 398
1757518698660 0.18124828900756776 399
1757518698671 0.18060378111124198 400
1757518698683 0.1799656751252047 401
1757518698694 0.17933390270177596 402
1757518698705 0.17870839626222174 403
1757518698717 0.17808908898761067 404
1757518698728 0.17747591480978603 405
1757518698739 0.17686880840244237 406
1757518698750 0.17626770517232726 407
1757518698762 0.17567254125054452 408
1757518698773 0.17508325348397472 409
1757518698784 0.17449977942679676 410
1757518698796 0.17392205733212038 411
1757518698807 0.17335002614372746 412
1757518698818 0.17278362548790271 413
1757518698829 0.17222279566538795 414
1757518698841 0.17166747764341916 415
1757518698852 0.17111761304787143 416
1757518698863 0.17057314415550526 417
1757518698875 0.17003401388629982 418
1757518698886 0.16950016579589425 419
1757518698898 0.1689715440681119 420
1757518698910 0.16844809350758705 421
1757518698921 0.16792975953247805 422
1757518698933 0.1674164881672746 423
1757518698944 0.16690822603568764 424
1757518698956 0.16640492035364282 425
1757518698967 0.16590651892233943 426
1757518698979 0.16541297012141717 427
1757518698990 0.16492422290219158 428
1757518699002 0.16444022678098263 429
1757518699013 0.16396093183252083 430
1757518699025 0.16348628868343915 431
1757518699036 0.16301624850584076 432
1757518699047 0.16255076301095014 433
1757518699059 0.1620897844428417 434
1757518699070 0.16163326557224497 435
1757518699082 0.161181159690421 436
1757518699093 0.1607334206031294 437
1757518699105 0.16029000262465187 438
1757518699116 0.15985086057189998 439
1757518699128 0.15941594975859064 440
1757518699139 0.15898522598949819 441
1757518699151 0.1585586455547685 442
1757518699162 0.15813616522431204 443
1757518699174 0.1577177422422611 444
1757518699185 0.15730333432149046 445
1757518699197 0.15689289963821537 446
1757518699208 0.15648639682664797 447
1757518699220 0.156083784973718 448
1757518699231 0.15568502361386422 449
1757518699243 0.15529007272388354 450
1757518699255 0.15489889271784582 451
1757518699266 0.15451144444206946 452
1757518699278 0.15412768917015834 453
1757518699290 0.1537475885981001 454
1757518699301 0.1533711048394192 455
1757518699313 0.15299820042039672 456
1757518699324 0.15262883827534257 457
1757518699336 0.15226298174192462 458
1757518699348 0.15190059455655577 459
1757518699359 0.15154164084983993 460
1757518699371 0.15118608514206683 461
1757518699383 0.1508338923387636 462
1757518699395 0.15048502772630437 463
1757518699407 0.15013945696756675 464
1757518699419 0.1497971460976426 465
1757518699431 0.1494580615196018 466
1757518699443 0.1491221700003058 467
1757518699454 0.14878943866627134 468
1757518699466 0.14845983499958343 469
1757518699478 0.14813332683386018 470
1757518699489 0.14780988235026107 471
1757518699501 0.14748947007354762 472
1757518699513 0.14717205886818915 473
1757518699524 0.14685761793451566 474
1757518699536 0.14654611680491308 475
1757518699548 0.1462375253400746 476
1757518699560 0.1459318137252802 477
1757518699572 0.14562895246673785 478
1757518699583 0.1453289123879548 479
1757518699595 0.14503166462616138 480
1757518699607 0.14473718062876703 481
1757518699619 0.1444454321498748 482
1757518699631 0.14415639124681823 483
1757518699642 0.14387003027675457 484
1757518699654 0.14358632189328685 485
1757518699666 0.1433052390431362 486
1757518699678 0.14302675496284747 487
1757518699692 0.142750843175532 488
1757518699704 0.1424774774876605 489
1757518699716 0.14220663198587252 490
1757518699728 0.14193828103384903 491
1757518699740 0.14167239926920303 492
1757518699752 0.1414089616004137 493
1757518699763 0.1411479432037971 494
1757518699775 0.14088931952051226 495
1757518699787 0.14063306625360122 496
1757518699800 0.14037915936506304 497
1757518699812 0.14012757507296789 498
1757518699824 0.13987828984859527 499
