1757594652533 6.863308364442424 0
1757594652543 5.237453491845078 1
1757594652552 3.5569474487600226 2
1757594652562 3.297038801684355 3
1757594652571 2.7900933639214087 4
1757594652581 2.111397156995117 5
1757594652590 2.9762222718849825 6
1757594652600 1.348384638934379 7
1757594652610 2.0617089377725746 8
1757594652619 1.00781980856114 9
1757594652629 2.5211688932290763 10
1757594652638 0.8715802436870029 11
1757594652648 2.0239260725675563 12
1757594652657 2.1564412905728165 13
1757594652667 1.7123397632654311 14
1757594652676 1.545790079296177 15
1757594652686 0.47437121821671097 16
1757594652695 0.8051281749593513 17
1757594652704 0.8959678694951471 18
1757594652714 0.7668561321232465 19
1757594652723 0.7291426949391567 20
1757594652733 1.0884499913796997 21
1757594652743 1.0023462484700005 22
1757594652753 0.7133069672121702 23
1757594652762 0.7914381598147331 24
1757594652772 0.6130232461551135 25
1757594652781 0.33274826639768396 26
1757594652790 0.4594740458182058 27
1757594652800 0.243837314145814 28
1757594652814 0.4614321369037104 29
1757594652827 0.4583112170746185 30
1757594652837 0.3050595437058249 31
1757594652847 0.19701207378257263 32
1757594652857 0.3293027812521724 33
1757594652867 0.28895124774681014 34
1757594652876 0.5563930262064422 35
1757594652886 0.4270401497625361 36
1757594652896 0.17598465714379063 37
1757594652908 0.16459278917987585 38
1757594652917 0.13245242182636208 39
1757594652927 0.19923337987858974 40
1757594652936 0.1642560907639551 41
1757594652946 0.18831972599731242 42
1757594652956 0.3876153055804801 43
1757594652966 0.11187420672395312 44
1757594652975 0.22672513028462468 45
1757594652985 0.22859746586318713 46
1757594652994 0.13447177798315987 47
1757594653004 0.21985098919286225 48
1757594653013 0.2147509413934504 49
1757594653023 0.18078756576202418 50
1757594653033 0.08974125171357876 51
1757594653042 0.09514075527055983 52
1757594653052 0.20942793765786247 53
1757594653062 0.2775900515782939 54
1757594653071 0.10640397395402748 55
1757594653082 0.13086201699062397 56
1757594653091 0.16059601291447245 57
1757594653101 0.13037445773208495 58
1757594653111 0.14832269141497811 59
1757594653120 0.17698792753449064 60
1757594653130 0.1212828299682758 61
1757594653140 0.19095758837991492 62
1757594653149 0.16454947642239817 63
1757594653159 0.1092521568141971 64
1757594653168 0.24163597751483337 65
1757594653178 0.10309938346824267 66
1757594653188 0.09567461542592814 67
1757594653197 0.08807871281463152 68
1757594653207 0.09471748654846389 69
1757594653216 0.1259929493074542 70
1757594653226 0.13557617975987685 71
1757594653236 0.11838328141045114 72
1757594653246 0.15254319388475068 73
1757594653256 0.12842226330402617 74
1757594653265 0.19287948399996824 75
1757594653275 0.08598579464396264 76
1757594653285 0.10763449149048869 77
1757594653295 0.1145819227928842 78
1757594653304 0.09919756969198829 79
1757594653314 0.090252528609249 80
1757594653338 0.05998469132738024 81
1757594653352 0.09750214624456797 82
1757594653361 0.325720444725019 83
1757594653371 0.06461379005856897 84
1757594653381 0.10887574434816147 85
1757594653391 0.10049087523918877 86
1757594653401 0.12841943224214397 87
1757594653411 0.1033666784134816 88
1757594653421 0.0709607953884824 89
1757594653431 0.09461420686718561 90
1757594653441 0.06606560387037354 91
1757594653451 0.08216321833010826 92
1757594653460 0.10427071616155169 93
1757594653470 0.07228763429201371 94
1757594653480 0.08569283855920806 95
1757594653490 0.07051981829164326 96
1757594653499 0.07358596766056041 97
1757594653509 0.10452947031491153 98
1757594653519 0.09115707541416466 99
1757594653529 0.12307001327955847 100
1757594653539 0.11281466305119303 101
1757594653549 0.0902807327061509 102
1757594653559 0.12727316631405927 103
1757594653568 0.07906613569500744 104
1757594653578 0.14523565155445792 105
1757594653587 0.2855403249017024 106
1757594653597 0.08326815235776597 107
1757594653607 0.05244525751179507 108
1757594653617 0.10209052848538233 109
1757594653627 0.06044478164152397 110
1757594653637 0.11390623680452414 111
1757594653646 0.11128643432021161 112
1757594653656 0.1587911642248706 113
1757594653666 0.06539387644861339 114
1757594653676 0.062476936839995494 115
1757594653685 0.09744131392692941 116
1757594653695 0.139559975188528 117
1757594653705 0.10145487718909327 118
1757594653715 0.15116736412591666 119
1757594653725 0.09963611825247963 120
1757594653735 0.05641915234795015 121
1757594653746 0.062189722456025054 122
1757594653758 0.07329866516720149 123
1757594653769 0.11018139592446408 124
1757594653779 0.11002230682298912 125
1757594653789 0.1211371000498816 126
1757594653799 0.21748239162135558 127
1757594653809 0.07931507443668846 128
1757594653819 0.16304625225181316 129
1757594653829 0.07494832897357091 130
1757594653840 0.07559078378167641 131
1757594653850 0.07518480888953682 132
1757594653860 0.06609408517468353 133
1757594653870 0.07065737235854636 134
1757594653880 0.07943371034456477 135
1757594653890 0.10825271160657189 136
1757594653900 0.19648367186884358 137
1757594653911 0.13375255262175056 138
1757594653921 0.10971620739078548 139
1757594653931 0.08950285008592111 140
1757594653941 0.14916527826224812 141
1757594653951 0.09415330844852245 142
1757594653961 0.16139329752495707 143
1757594653971 0.1202146408191766 144
1757594653981 0.15704729477784254 145
1757594653991 0.09529652180615979 146
1757594654001 0.07025896451092647 147
1757594654011 0.17394647220113188 148
1757594654021 0.08297059670357038 149
1757594654032 0.048212415039060985 150
1757594654042 0.09869182779670599 151
1757594654052 0.1305529570212677 152
1757594654062 0.07949371865698532 153
1757594654073 0.10111277746294832 154
1757594654083 0.06644031634961807 155
1757594654093 0.07858818317278028 156
1757594654104 0.08945423557188949 157
1757594654114 0.056250187397099964 158
1757594654124 0.07813064477564784 159
1757594654134 0.12143558411159355 160
1757594654145 0.07379421157412992 161
1757594654155 0.05611291581982475 162
1757594654165 0.09457350948162982 163
1757594654175 0.06878419296193376 164
1757594654185 0.1400600364615559 165
1757594654195 0.11517444546696155 166
1757594654205 0.10079170980907762 167
1757594654215 0.06549584978028283 168
1757594654225 0.08108587744542414 169
1757594654235 0.040874972598639446 170
1757594654246 0.1398467497476686 171
1757594654256 0.0634341487026263 172
1757594654266 0.09184882249009022 173
1757594654277 0.11135619753942586 174
1757594654287 0.08092366935960912 175
1757594654297 0.05712561163753226 176
1757594654308 0.10063494999362876 177
1757594654318 0.10698728917351899 178
1757594654328 0.13156217492851424 179
1757594654339 0.1398548510695039 180
1757594654350 0.07481863027345578 181
1757594654360 0.08623580647604986 182
1757594654370 0.09303772178602605 183
1757594654381 0.09282091394998018 184
1757594654391 0.21001483320264197 185
1757594654401 0.08395489610339131 186
1757594654412 0.12762193966583874 187
1757594654422 0.0558434146542188 188
1757594654433 0.047770302522127224 189
1757594654443 0.061529060767643515 190
1757594654454 0.08226637985005456 191
1757594654464 0.08621566312978533 192
1757594654474 0.16647101315386117 193
1757594654485 0.08436112681692048 194
1757594654495 0.11295507700707105 195
1757594654505 0.05967838877578395 196
1757594654516 0.09992470790192352 197
1757594654526 0.06220960179375215 198
1757594654536 0.10359017438643528 199
1757594654547 0.06191923798092832 200
1757594654557 0.15032930289474852 201
1757594654568 0.10632307378552969 202
1757594654578 0.05293769734764814 203
1757594654589 0.12963997843909958 204
1757594654599 0.10917761495760823 205
1757594654610 0.10100801834548595 206
1757594654620 0.09842049628458684 207
1757594654630 0.10504337438939326 208
1757594654641 0.1285070471134842 209
1757594654652 0.09854015194824574 210
1757594654662 0.09461635888544494 211
1757594654673 0.28068238062192524 212
1757594654683 0.07999535013688437 213
1757594654694 0.061392984467752064 214
1757594654705 0.18327710702074784 215
1757594654716 0.07407623390808954 216
1757594654726 0.10841534987796715 217
1757594654737 0.12253011124875614 218
1757594654748 0.0711512811325641 219
1757594654759 0.05671984613924363 220
1757594654770 0.07055264820946841 221
1757594654781 0.062492831231915916 222
1757594654791 0.1260897841059104 223
1757594654802 0.053047094550108614 224
1757594654813 0.12066673446082535 225
1757594654823 0.07350329240806305 226
1757594654834 0.08826076409681696 227
1757594654845 0.11398207064486451 228
1757594654856 0.06902129643256794 229
1757594654866 0.15922298382102706 230
1757594654877 0.10220175984504055 231
1757594654888 0.11185189853452512 232
1757594654899 0.07427245186691403 233
1757594654909 0.08254375428964165 234
1757594654919 0.09531716951108313 235
1757594654930 0.09689533541774964 236
1757594654941 0.13875176879888518 237
1757594654951 0.07593752764881288 238
1757594654962 0.07517414618101409 239
1757594654972 0.10341587991957436 240
1757594654983 0.12962548994483514 241
1757594654994 0.12051099512466687 242
1757594655005 0.09323652276167216 243
1757594655015 0.13829842558779298 244
1757594655026 0.060815528670442175 245
1757594655037 0.10741955216846016 246
1757594655048 0.08764017345141974 247
1757594655058 0.06501348200062138 248
1757594655069 0.08811575659667066 249
1757594655080 0.06351583622266815 250
1757594655090 0.10439289078739454 251
1757594655101 0.04825490219147802 252
1757594655112 0.10712721088041008 253
1757594655123 0.06786384712085015 254
1757594655134 0.12158826117160919 255
1757594655144 0.11531492011803746 256
1757594655155 0.09139250440263277 257
1757594655166 0.13545752135388778 258
1757594655180 0.10033570371668303 259
1757594655192 0.07399138189100131 260
1757594655203 0.061848355050745124 261
1757594655214 0.0904502366206597 262
1757594655225 0.07852225974256727 263
1757594655237 0.12639444167257854 264
1757594655249 0.08663715481001888 265
1757594655259 0.09054046642189541 266
1757594655270 0.05677487529418798 267
1757594655281 0.07943417440642733 268
1757594655292 0.09336068994833921 269
1757594655303 0.10346441654581058 270
1757594655314 0.11257047341384302 271
1757594655325 0.08769568651972072 272
1757594655336 0.0855347738452178 273
1757594655347 0.0883683349961062 274
1757594655359 0.06676302688523948 275
1757594655378 0.07347953142709972 276
1757594655391 0.12992155204306835 277
1757594655403 0.1127812253612075 278
1757594655417 0.10021080846561396 279
1757594655428 0.10622745011136786 280
1757594655439 0.10156829391055593 281
1757594655450 0.07843992357463062 282
1757594655461 0.10384134026013526 283
1757594655472 0.11741212325429917 284
1757594655483 0.05210542650909613 285
1757594655495 0.08785245810762775 286
1757594655506 0.11244356133483263 287
1757594655517 0.05636488305035418 288
1757594655528 0.07309598802127718 289
1757594655539 0.09074233541864728 290
1757594655550 0.09897744549350349 291
1757594655561 0.08181923169081749 292
1757594655572 0.06937966823986486 293
1757594655584 0.12163234663983322 294
1757594655595 0.11594226137329992 295
1757594655606 0.07580665452720972 296
1757594655617 0.1344312728594801 297
1757594655628 0.12717767169094668 298
1757594655639 0.10072195000056115 299
