1757594689562 164.14415606293 0
1757594689571 153.4208039965039 1
1757594689581 153.99567542544466 2
1757594689590 145.6634243600271 3
1757594689600 139.80007644809857 4
1757594689609 131.5383738349815 5
1757594689619 138.73257872868496 6
1757594689628 132.01031525069484 7
1757594689637 129.91491381140796 8
1757594689646 118.26949073435242 9
1757594689656 118.3473458571264 10
1757594689665 114.96744673452268 11
1757594689674 115.04897834013873 12
1757594689683 101.52360942893333 13
1757594689693 99.00808652710894 14
1757594689702 98.63498836947268 15
1757594689711 98.01273650984822 16
1757594689721 90.49397214566453 17
1757594689730 87.91236564111821 18
1757594689739 92.0798725721617 19
1757594689749 84.47803182652414 20
1757594689759 82.02069554662751 21
1757594689769 79.69174082335465 22
1757594689778 77.86462524640609 23
1757594689788 77.93778189680143 24
1757594689797 70.47881568776617 25
1757594689806 69.9349134585177 26
1757594689815 73.40537997648637 27
1757594689825 63.56031409080805 28
1757594689835 58.769276016207115 29
1757594689844 59.50536222466277 30
1757594689853 61.34718790913927 31
1757594689862 54.877998325836664 32
1757594689872 54.847377216132365 33
1757594689882 55.37398228901485 34
1757594689892 56.504888596371835 35
1757594689901 55.703219858216244 36
1757594689911 48.009497679167815 37
1757594689920 52.58737209060708 38
1757594689930 47.38074529234768 39
1757594689939 51.23486836631719 40
1757594689948 51.035957138277794 41
1757594689958 48.481308741459934 42
1757594689967 44.71289550270814 43
1757594689976 43.33522168115276 44
1757594689985 40.82219035605365 45
1757594689995 37.88247858430829 46
1757594690004 42.14036264295297 47
1757594690014 36.20747255884932 48
1757594690024 33.058215623294515 49
1757594690033 30.76896469095057 50
1757594690043 33.93017434591671 51
1757594690053 30.631358977742938 52
1757594690062 30.967991286458986 53
1757594690072 33.70578640361597 54
1757594690081 31.04219652760013 55
1757594690090 25.834063353107997 56
1757594690100 26.027675915563098 57
1757594690109 28.411608728800537 58
1757594690119 25.363558719978116 59
1757594690129 22.04101463513437 60
1757594690139 34.42799011311486 61
1757594690148 23.22796380807232 62
1757594690158 19.372509152606614 63
1757594690168 24.301388248460317 64
1757594690178 18.3952620087784 65
1757594690187 22.77549535877311 66
1757594690196 16.46047215072471 67
1757594690206 22.259727111014605 68
1757594690216 17.94269037381835 69
1757594690226 20.8344907560349 70
1757594690235 19.28867178839148 71
1757594690245 23.098053340367333 72
1757594690254 22.554145766698568 73
1757594690264 16.315904407425997 74
1757594690274 15.181153311590526 75
1757594690283 15.459075103434932 76
1757594690293 13.614836222713505 77
1757594690302 18.449175625956112 78
1757594690312 19.652481834198586 79
1757594690322 18.07757354327155 80
1757594690332 10.266405610310908 81
1757594690341 10.893581958395945 82
1757594690351 15.641952074359022 83
1757594690361 10.86704769529867 84
1757594690370 12.876333277947426 85
1757594690380 10.411716302280373 86
1757594690389 12.346093625504569 87
1757594690399 19.182266487583295 88
1757594690409 9.822331127878448 89
1757594690419 9.901325547227891 90
1757594690429 10.562509307617585 91
1757594690438 10.64826698397242 92
1757594690448 10.746820459826619 93
1757594690457 12.663553920863606 94
1757594690467 14.486555889284137 95
1757594690477 17.877511385046862 96
1757594690486 12.927910706413783 97
1757594690496 12.931537193644274 98
1757594690506 7.959348306596066 99
1757594690516 9.0240767094712 100
1757594690526 12.710250755096999 101
1757594690536 15.86480535648841 102
1757594690546 8.081916643001069 103
1757594690556 9.780514060801027 104
1757594690566 9.34198572341571 105
1757594690576 10.995420058867197 106
1757594690586 6.045173415980728 107
1757594690595 6.030834847106822 108
1757594690605 8.759845629295787 109
1757594690615 8.608655808643062 110
1757594690626 6.654511284104754 111
1757594690635 2.5758318688794497 112
1757594690645 9.892964864089377 113
1757594690655 7.803248667122274 114
1757594690665 8.536936521262431 115
1757594690674 8.138562623664866 116
1757594690684 8.53903158800523 117
1757594690694 14.805849165599456 118
1757594690704 6.905363872760389 119
1757594690714 3.5227911250913726 120
1757594690724 9.387741023246507 121
1757594690734 7.42986261595238 122
1757594690744 4.753590687396236 123
1757594690754 10.630436249598056 124
1757594690764 6.823797320718295 125
1757594690776 4.474304480911145 126
1757594690804 5.431585308750817 127
1757594690814 8.756363293100025 128
1757594690825 8.158410829182388 129
1757594690835 9.598442927576837 130
1757594690845 4.109804397334143 131
1757594690855 5.94232842899837 132
1757594690865 2.9184457903429912 133
1757594690875 2.2710871690094137 134
1757594690885 1.919163636006558 135
1757594690896 7.878642286007046 136
1757594690906 7.764789061051141 137
1757594690916 2.876622536369751 138
1757594690926 4.9435282287211395 139
1757594690936 5.454424084578789 140
1757594690946 6.139466100240801 141
1757594690956 10.698073895819029 142
1757594690966 4.8936912468726765 143
1757594690977 6.0441506233046605 144
1757594690987 9.696124682770893 145
1757594690997 9.827708574778233 146
1757594691007 6.649343102825951 147
1757594691017 7.873209778222045 148
1757594691028 7.393923628783986 149
1757594691038 1.5491834165914407 150
1757594691048 6.711495706542706 151
1757594691058 5.564796949808931 152
1757594691068 4.314708725571198 153
1757594691081 2.385505719003934 154
1757594691091 7.867635682095261 155
1757594691101 5.110874095308736 156
1757594691111 2.4653082041324095 157
1757594691121 2.519397905354729 158
1757594691131 8.125145352817347 159
1757594691141 2.968600816215754 160
1757594691151 0.5281376516744903 161
1757594691161 6.1110413979452725 162
1757594691172 5.884266978990926 163
1757594691182 5.87118868462156 164
1757594691192 4.241417984042232 165
1757594691202 1.9521160355632743 166
1757594691212 5.525255541986224 167
1757594691222 6.886328058136193 168
1757594691232 3.074840203208935 169
1757594691243 4.667502325330929 170
1757594691253 4.823841512098347 171
1757594691263 2.4425333190175946 172
1757594691273 4.494179422319425 173
1757594691283 2.444172690902113 174
1757594691293 1.319858203585826 175
1757594691304 7.572137448646193 176
1757594691314 3.830189009579569 177
1757594691324 5.976676026659709 178
1757594691334 6.731028733820335 179
1757594691345 0.3600900808349097 180
1757594691355 4.890482175519251 181
1757594691366 3.6971296279771404 182
1757594691377 4.948547806255098 183
1757594691387 3.607332716259175 184
1757594691397 3.57442263713977 185
1757594691409 6.793915389302299 186
1757594691419 5.495519556278318 187
1757594691430 7.197049103710497 188
1757594691440 7.017824833030032 189
1757594691451 1.2384635476086128 190
1757594691461 8.618762568326117 191
1757594691471 5.336066406747389 192
1757594691482 7.634910932961568 193
1757594691492 4.899588403735671 194
1757594691502 1.9283210105605537 195
1757594691512 5.487104258028656 196
1757594691523 2.486365391861731 197
1757594691533 3.7130558806685774 198
1757594691544 5.777117325511851 199
1757594691554 3.3575344698638823 200
1757594691565 8.593575524818156 201
1757594691575 1.8650186621790146 202
1757594691586 5.833604460804585 203
1757594691596 6.4814653578202 204
1757594691607 3.7470602878949366 205
1757594691617 4.889238439752286 206
1757594691628 4.826414319391781 207
1757594691638 4.2968970841375915 208
1757594691649 2.2808540543380493 209
1757594691660 4.387800227440559 210
1757594691670 2.154712245724233 211
1757594691681 1.3218258937868017 212
1757594691692 8.767357752461454 213
1757594691702 4.038359960349065 214
1757594691713 6.218351921203499 215
1757594691723 7.355819345516661 216
1757594691734 4.009558195903494 217
1757594691745 4.701365882230785 218
1757594691755 5.48115909352666 219
1757594691766 6.099202309838644 220
1757594691776 4.346125222076205 221
1757594691787 5.991855269597043 222
1757594691798 3.2928519566790775 223
1757594691808 5.838490729397312 224
1757594691819 4.9868772190802915 225
1757594691829 7.23495583184071 226
1757594691840 7.768700003141145 227
1757594691851 4.311712688267382 228
1757594691861 4.088786122461854 229
1757594691872 3.5058995410599745 230
1757594691882 3.278348635787396 231
1757594691893 4.203205130227451 232
1757594691904 7.219745354726747 233
1757594691915 1.9200568154043531 234
1757594691925 6.643637684082221 235
1757594691936 4.4831118415459255 236
1757594691946 3.2772036682728176 237
1757594691957 6.220307812395267 238
1757594691968 4.75961701335189 239
1757594691978 2.599152317414015 240
1757594691989 3.6736151454199346 241
1757594691999 4.83662296049238 242
1757594692010 6.825985810475869 243
1757594692021 3.986578878138173 244
1757594692031 3.75635520332216 245
1757594692042 4.470333178775016 246
1757594692053 3.1756590524860706 247
1757594692064 3.1074315641166934 248
1757594692075 2.2092141575883573 249
1757594692085 4.04645971235508 250
1757594692096 4.175385618376465 251
1757594692110 6.175402832829907 252
1757594692121 2.8733835276705886 253
1757594692132 4.516319570722111 254
1757594692143 1.9786623025657597 255
1757594692154 6.785244977281342 256
1757594692165 3.592103252537446 257
1757594692176 4.75809234739031 258
1757594692186 3.370082364166555 259
1757594692197 3.1641014620552377 260
1757594692208 1.997331679466668 261
1757594692219 3.7439414554626946 262
1757594692231 3.933707312544908 263
1757594692244 2.82610407460987 264
1757594692256 4.411783023514156 265
1757594692268 3.2236473071375595 266
1757594692281 2.471868622549726 267
1757594692294 6.094914169471308 268
1757594692306 2.9836156409814993 269
1757594692318 2.619933080803986 270
1757594692330 2.480427359472836 271
1757594692342 5.374841446985096 272
1757594692355 3.5968392589551086 273
1757594692367 2.8762218204417556 274
1757594692379 2.5341513842659684 275
1757594692392 3.9777925410882387 276
1757594692404 3.802617303223221 277
1757594692417 3.7825298551764446 278
1757594692430 4.703493225082764 279
1757594692442 2.745235385719699 280
1757594692454 4.8603243068448885 281
1757594692466 6.73373758529279 282
1757594692479 2.602479238467693 283
1757594692491 0.8000020595592212 284
1757594692504 2.5909402378691673 285
1757594692516 3.9689553449368056 286
1757594692528 2.0493967104462847 287
1757594692540 2.9187422008941604 288
1757594692552 1.4687501548675714 289
1757594692565 3.8385921622009436 290
1757594692578 4.407269840893713 291
1757594692590 5.669633734044267 292
1757594692603 2.0694895361524597 293
1757594692615 3.284238269573763 294
1757594692628 3.8485854460693774 295
1757594692640 4.551455424584098 296
1757594692653 4.84395893856766 297
1757594692665 8.171308927834273 298
1757594692679 6.121466495125672 299
1757594692691 4.124432943192329 300
1757594692703 2.3877683439841673 301
1757594692716 2.399715563745918 302
1757594692729 3.6353031976103547 303
1757594692742 2.691316180910346 304
1757594692755 6.358643243230527 305
1757594692768 1.9533301249740216 306
1757594692781 4.281588257995394 307
1757594692794 4.767364890391089 308
1757594692807 1.7497246880512076 309
1757594692822 2.7276991196076503 310
1757594692838 3.0285058512892733 311
1757594692859 2.9122887183912805 312
1757594692872 3.6780139727371304 313
1757594692886 0.93936692208987 314
1757594692898 3.2742619449132677 315
1757594692909 4.133788598671477 316
1757594692921 2.6298410215329477 317
1757594692932 4.647997436724717 318
1757594692944 2.2985398725078503 319
1757594692955 3.0624235294927478 320
1757594692969 3.396189003939995 321
1757594692981 3.525879654977272 322
1757594692994 4.309387531869182 323
1757594693006 3.626974259009295 324
1757594693018 4.10419338285519 325
1757594693031 5.233894479401797 326
1757594693044 3.410334101270204 327
1757594693057 2.9066552150609715 328
1757594693072 2.256236160532801 329
1757594693087 6.7543069662309065 330
1757594693102 2.888633913791336 331
1757594693118 3.8499157454159585 332
1757594693132 2.1308367335282843 333
1757594693147 4.960855050627779 334
1757594693161 1.3052218881245674 335
1757594693175 6.70873624476058 336
1757594693189 2.4114589101154937 337
1757594693203 2.4757263322107135 338
1757594693216 2.0512105606299857 339
1757594693230 2.451757780727267 340
1757594693244 3.200784964220532 341
1757594693258 2.899257844923145 342
1757594693272 2.9672681561764214 343
1757594693285 4.3484508979053755 344
1757594693298 3.3646155509104476 345
1757594693311 1.548895386256586 346
1757594693324 2.1359357219718382 347
1757594693338 2.5836781233717976 348
1757594693352 6.784277983172907 349
1757594693365 4.444416282404548 350
1757594693378 5.4352225833336645 351
1757594693389 2.8831021377981942 352
1757594693401 5.993122834736065 353
1757594693413 2.9182414386695097 354
1757594693425 4.752060066312458 355
1757594693437 3.8662209409674837 356
1757594693449 3.3182283718126055 357
1757594693460 3.9024966253501843 358
1757594693472 2.005703185062024 359
1757594693484 1.8667950163077842 360
1757594693496 4.5994722260783005 361
1757594693507 3.4090885222686205 362
1757594693519 3.091593976349197 363
1757594693530 2.6450237904956877 364
1757594693542 4.826412268030512 365
1757594693554 1.9890597262744618 366
1757594693565 2.2307423966764235 367
1757594693577 1.9401165905326994 368
1757594693589 2.986807083618998 369
1757594693601 2.8849891927917533 370
1757594693639 3.1286102752955696 371
1757594693653 3.4276777572937975 372
1757594693666 4.905520665884208 373
1757594693679 1.535980803245219 374
1757594693692 2.28776508802605 375
1757594693704 4.663646215364961 376
1757594693716 2.626882641709475 377
1757594693728 3.859766556157898 378
1757594693740 4.380971328825222 379
1757594693752 5.504849155912861 380
1757594693764 2.388158061720903 381
1757594693776 3.6187956103954013 382
1757594693787 5.692452820005967 383
1757594693799 3.051608572452714 384
1757594693811 3.004167517104715 385
1757594693822 0.928474769915184 386
1757594693834 2.207861632672173 387
1757594693845 3.019439811582092 388
1757594693857 3.2403016587191944 389
1757594693869 5.096350093151497 390
1757594693881 4.1099951822841785 391
1757594693892 1.3876182239395238 392
1757594693905 3.259364393279311 393
1757594693918 2.0037546243829065 394
1757594693931 1.6714171014493364 395
1757594693944 6.7305381541079825 396
1757594693957 1.6425198465087665 397
1757594693971 2.7384880679386687 398
1757594693984 3.063250701834036 399
1757594693998 8.469035850101571 400
1757594694012 2.153982157625316 401
1757594694026 1.7211622009646559 402
1757594694040 4.303980033477729 403
1757594694053 2.113727651413671 404
1757594694067 4.208205445654605 405
1757594694080 4.8441487139272095 406
1757594694094 5.879705690417102 407
1757594694108 2.998961527499521 408
1757594694122 3.0984147376582287 409
1757594694134 2.6870899552269334 410
1757594694146 2.005288764934618 411
1757594694158 6.80358394746338 412
1757594694171 2.4055013928586724 413
1757594694182 3.153758447155619 414
1757594694195 3.4603646246176503 415
1757594694206 1.7182145007268261 416
1757594694218 1.3738999507235636 417
1757594694229 3.9052846322397756 418
1757594694241 2.156407283993837 419
1757594694253 4.285306437782044 420
1757594694265 1.4325537396155679 421
1757594694277 3.350161618667579 422
1757594694288 1.5906298465394328 423
1757594694300 2.751959512890971 424
1757594694312 2.036410643094993 425
1757594694324 2.562914415893082 426
1757594694335 3.44965372326365 427
1757594694347 3.8350857921920984 428
1757594694359 2.7902053118532018 429
1757594694371 2.412157493741417 430
1757594694383 3.7165767143170436 431
1757594694395 3.6254263485331584 432
1757594694407 2.8242394005120337 433
1757594694420 4.469098260740231 434
1757594694433 2.930922758665701 435
1757594694447 3.8530598719751508 436
1757594694460 2.9040468139885176 437
1757594694475 3.6986828877099205 438
1757594694488 3.371152948939503 439
1757594694502 3.9423544386399385 440
1757594694516 1.7206262448849106 441
1757594694529 3.671515311868713 442
1757594694543 5.737809810070801 443
1757594694556 1.9565772902288538 444
1757594694570 4.176311061784344 445
1757594694584 2.962775884393091 446
1757594694598 2.986643440967115 447
1757594694613 2.611257261874732 448
1757594694627 1.8840730266824746 449
1757594694640 4.688015657421273 450
1757594694655 1.2449277752180372 451
1757594694669 2.4339907091128143 452
1757594694683 2.445912399889274 453
1757594694697 4.965784463379362 454
1757594694711 1.9250918303242837 455
1757594694724 1.7255648712489708 456
1757594694738 0.9201566160975007 457
1757594694752 4.145983767364573 458
1757594694766 2.856408771145104 459
1757594694780 2.929507501179348 460
1757594694794 1.5809651812409677 461
1757594694807 3.3757704507039086 462
1757594694821 2.7468829695868493 463
1757594694834 1.6799636637080426 464
1757594694848 0.666258035749066 465
1757594694861 1.9710692745760365 466
1757594694878 2.57475065814682 467
1757594694891 2.071668842069807 468
1757594694905 2.7678069609474645 469
1757594694918 3.3960202554086107 470
1757594694933 3.8601174036728154 471
1757594694946 2.579606286637069 472
1757594694958 2.7205337985999654 473
1757594694971 2.22388232747988 474
1757594694985 2.598828176255557 475
1757594694998 4.1581988732807424 476
1757594695013 2.0584192837879756 477
1757594695029 2.7774103490621465 478
1757594695044 3.1304965279929267 479
1757594695058 1.3462645437244536 480
1757594695074 4.409475771830909 481
1757594695089 2.8113910665862285 482
1757594695104 2.69782539152142 483
1757594695119 4.181802761341535 484
1757594695133 1.7025649877477849 485
1757594695149 2.9257983849522438 486
1757594695165 4.283921820706933 487
1757594695179 3.0034482439210253 488
1757594695193 3.796402951554533 489
1757594695206 2.9890111682105736 490
1757594695219 3.681872471980347 491
1757594695231 1.8497826269308177 492
1757594695244 2.5357829166190813 493
1757594695256 3.707771808923256 494
1757594695269 4.808817275319122 495
1757594695281 2.767204513565916 496
1757594695294 3.610230815564125 497
1757594695306 4.5097806076338385 498
1757594695318 3.4738734317787383 499
