1757518109760 0.019211095107049405 0
1757518109799 0.008964563186580867 1
1757518109837 0.011185105104146094 2
1757518109876 0.25927222298978025 3
1757518109915 0.05131231242831288 4
1757518109954 0.14544123268115433 5
1757518109993 0.006518147012676914 6
1757518110031 0.06093178601788866 7
1757518110071 0.0478462823592147 8
1757518110112 0.008892652959054241 9
1757518110150 0.012915050266908779 10
1757518110189 0.019724400599007073 11
1757518110227 0.0982054249105264 12
1757518110265 0.0005720932271124271 13
1757518110304 0.5248082664405992 14
1757518110342 0.5666466197052206 15
1757518110381 0.0028017757240692653 16
1757518110419 0.026432186354210935 17
1757518110458 0.051212182591742525 18
1757518110497 0.1306157073020004 19
1757518110535 0.28015532621099715 20
1757518110574 1.780805592802344 21
1757518110612 0.0011079191013189363 22
1757518110651 0.007357264646780795 23
1757518110689 0.3175948063602758 24
1757518110727 0.06681015667996944 25
1757518110766 0.006747788470019713 26
1757518110806 0.038030089211914586 27
1757518110846 0.03653349669540273 28
1757518110885 0.38285737347325244 29
1757518110924 0.014158976170372768 30
1757518110963 0.01383722377205906 31
1757518111003 0.014945435921061598 32
1757518111042 0.00023504038513597465 33
1757518111092 0.07781653977336891 34
1757518111137 0.17752343387153235 35
1757518111176 0.037192794786929044 36
1757518111215 0.033521209117431075 37
1757518111253 1.252234256336285 38
1757518111292 0.003907020132229908 39
1757518111330 1.0349457921385705 40
1757518111368 0.01167854678273468 41
1757518111407 0.019997774687131833 42
1757518111446 0.06566445963127517 43
1757518111485 0.07089690676494033 44
1757518111523 0.12047930831592601 45
1757518111562 0.24174767466304714 46
1757518111601 0.28545636322025736 47
1757518111639 0.0034422819135852493 48
1757518111678 0.17343356919588035 49
1757518111717 0.026636776079552518 50
1757518111755 0.4529410061777347 51
1757518111794 0.4146348385917353 52
1757518111833 0.006357068875359161 53
1757518111871 0.009527629115429852 54
1757518111910 0.3405625297139746 55
1757518111949 0.00865808665001644 56
1757518111987 1.0000551875457786 57
1757518112026 0.025059969053230012 58
1757518112065 0.5283417799356757 59
1757518112104 0.04863069611049582 60
1757518112143 0.3063405025273426 61
1757518112182 0.0010409570603944315 62
1757518112221 0.3260071180998795 63
1757518112260 0.4527881400311146 64
1757518112299 0.01672965712752518 65
1757518112338 0.09376463592777153 66
1757518112377 0.01614608242109205 67
1757518112415 0.30854748624128997 68
1757518112454 0.40359533900218036 69
1757518112493 0.23359349340226065 70
1757518112532 0.009624572855463424 71
1757518112571 0.03508089493242937 72
1757518112610 0.0028702665048333954 73
1757518112649 0.05101203090613213 74
1757518112724 0.04968068571561776 75
1757518112765 0.33609792119240944 76
1757518112814 0.07854173470678144 77
1757518112854 0.16388391593106136 78
1757518112896 0.13251042321367842 79
1757518112951 0.1462061373407022 80
1757518112998 0.053477651939827196 81
1757518113041 0.20519084451470992 82
1757518113083 0.6708195577325947 83
1757518113123 0.0651320098402856 84
1757518113164 0.19305119344975794 85
1757518113208 0.024605910933753854 86
1757518113257 0.005973078327670719 87
1757518113303 0.07368061145639022 88
1757518113344 0.031157336318843078 89
1757518113388 0.07119503106769517 90
1757518113429 0.05525111917675286 91
1757518113470 0.07245257674025443 92
1757518113511 0.5960504455776199 93
1757518113551 0.5331759020568286 94
1757518113590 0.3009754162429627 95
1757518113630 0.21571787039844395 96
1757518113670 0.9477743813643024 97
1757518113709 0.14328153898295212 98
1757518113748 0.00023193572169883528 99
1757518113787 0.0076371170704771525 100
1757518113827 0.0778993642996595 101
1757518113867 0.002211820821357964 102
1757518113905 0.01305523246400982 103
1757518113944 0.025095641037068767 104
1757518113983 0.018676326980133547 105
1757518114022 0.015915460582197352 106
1757518114062 0.07688178606538214 107
1757518114102 0.003632099907907805 108
1757518114142 0.17902469016411143 109
1757518114181 0.5414173023621361 110
1757518114220 0.34518342139549646 111
1757518114259 0.12291543167848072 112
1757518114298 0.015637433173353338 113
1757518114337 0.07118420939284657 114
1757518114376 0.10338482782477533 115
1757518114415 0.06149156874947978 116
1757518114454 0.3443503524463405 117
1757518114493 0.057866555831499834 118
1757518114532 0.00046990002733138275 119
1757518114571 0.04847776576699218 120
1757518114610 0.11810321641898053 121
1757518114649 0.8655515334845094 122
1757518114687 0.06467861092355981 123
1757518114726 0.039186954125169024 124
1757518114775 0.05695139301345092 125
1757518114815 0.12274959866215521 126
1757518114855 0.22976097699149525 127
1757518114894 0.01028154656102083 128
1757518114934 0.2599164625728068 129
1757518114973 0.013997222592919438 130
1757518115012 0.00025817082161783264 131
1757518115053 0.2268194940884809 132
1757518115092 0.008693408220176101 133
1757518115132 1.3302262816348605 134
1757518115172 0.6231852774982103 135
1757518115211 0.23778688507348683 136
1757518115253 0.20167751737957906 137
1757518115293 0.007124046513338328 138
1757518115335 0.09830993806794057 139
1757518115375 0.17560846794906307 140
1757518115414 0.01869631558632066 141
1757518115455 0.004455460346959123 142
1757518115495 0.0007938260423878572 143
1757518115535 0.009670916641525395 144
1757518115574 0.0005840614716567274 145
1757518115614 0.4172094630338499 146
1757518115654 0.011334816215982957 147
1757518115693 0.10056259958754589 148
1757518115733 0.00037318275290206486 149
1757518115784 0.006538383882701989 150
1757518115830 0.0026828898100312148 151
1757518115870 0.12646590948228006 152
1757518115911 4.635618987379881e-05 153
1757518115950 0.057077789409718006 154
1757518115990 0.2882101125649835 155
1757518116029 0.005791456777091156 156
1757518116069 0.1359313760561242 157
1757518116108 8.260698274797051e-06 158
1757518116149 0.02430522328404711 159
1757518116188 0.0614555155837361 160
1757518116229 0.004806824037374786 161
1757518116268 0.022894329202650877 162
1757518116310 0.16863847694058048 163
1757518116349 0.0004848216675811327 164
1757518116389 0.02588373479041331 165
1757518116429 0.007911955110292043 166
1757518116469 0.02375969633854488 167
1757518116509 0.024002659198518583 168
1757518116548 0.004496635465923053 169
1757518116588 0.012891018810520944 170
1757518116627 0.00013368116598045263 171
1757518116667 0.09656215846224551 172
1757518116707 0.10406044561788565 173
1757518116746 0.45739052393298063 174
1757518116786 0.008476678042070902 175
1757518116825 0.04606469679053359 176
1757518116865 0.3758227281423686 177
1757518116905 0.03809600140153057 178
1757518116945 0.04697374393517988 179
1757518116984 0.014030626109311472 180
1757518117024 0.01870868495193984 181
1757518117064 0.0006963496420842189 182
1757518117116 3.005945010695521e-05 183
1757518117161 0.06056171975725599 184
1757518117203 0.4120727958418948 185
1757518117245 0.02356135707456569 186
1757518117287 0.0030710734835150398 187
1757518117327 0.04820407714389008 188
1757518117369 0.10351598201137445 189
1757518117410 0.0025159014571910425 190
1757518117453 8.257873463041535e-06 191
1757518117494 0.33235262750913447 192
1757518117535 0.0069524783071218356 193
1757518117576 4.325286799461004 194
1757518117616 0.059603201873671414 195
1757518117657 0.026785617503352923 196
1757518117698 0.056496026908541656 197
1757518117739 0.5448651157758279 198
1757518117780 0.04444738354387302 199
1757518117821 0.1838037447040138 200
1757518117862 4.996614088171615e-07 201
1757518117901 0.3935813262740263 202
1757518117941 0.018387159917660045 203
1757518117981 0.06504154705675669 204
1757518118021 0.003970961555132594 205
1757518118062 0.02395888319060688 206
1757518118102 0.0847417545451478 207
1757518118143 0.17410517211898544 208
1757518118184 0.07502029440519285 209
1757518118224 4.379491253498386 210
1757518118265 0.10364227077910146 211
1757518118305 0.18099497916765783 212
1757518118346 0.18841786668819352 213
1757518118387 0.21727569867099067 214
1757518118429 0.38566407796187413 215
1757518118470 7.484842276268612e-05 216
1757518118509 0.07189073513511479 217
1757518118550 0.08355943176212953 218
1757518118592 0.008456516747627315 219
1757518118634 0.21566045169560538 220
1757518118676 0.0106424163672087 221
1757518118717 0.5267513638755753 222
1757518118758 0.013647767728552605 223
1757518118800 0.2104649361719432 224
1757518118842 0.09869408189538617 225
1757518118883 0.06245204424256439 226
1757518118925 0.004267981215582397 227
1757518118967 0.0004829861018649068 228
1757518119008 0.17981266065340407 229
1757518119050 0.012106921345543697 230
1757518119093 0.05733898538556349 231
1757518119133 0.06259279132310287 232
1757518119174 0.036601274340719823 233
1757518119232 0.008361158478600856 234
1757518119273 0.0024134525445140575 235
1757518119314 0.33099797593023783 236
1757518119355 0.2826112626039797 237
1757518119397 0.0405302502608613 238
1757518119437 0.0032614870583216626 239
1757518119480 0.0007921134573259292 240
1757518119522 0.14935911849137298 241
1757518119563 0.000866544582025412 242
1757518119606 0.0035989698125648783 243
1757518119646 0.010962576799592505 244
1757518119686 0.03808280004251348 245
1757518119726 0.06410097723332576 246
1757518119766 0.02460507306120236 247
1757518119806 0.0033239396812096444 248
1757518119859 0.02851115440374402 249
1757518119899 0.37157217913804785 250
1757518119939 0.10265503193300181 251
1757518119978 0.013120004818452633 252
1757518120018 0.18701266767510338 253
1757518120059 0.051209462468525604 254
1757518120100 0.007352022872385965 255
1757518120141 0.046433762029452666 256
1757518120184 0.18079263769600395 257
1757518120226 0.05791763086897264 258
1757518120267 7.776789087526653e-05 259
1757518120310 0.045408146603169657 260
1757518120351 0.23430471774278866 261
1757518120391 0.08627045157528455 262
1757518120432 0.006065660026061586 263
1757518120472 0.004220627769076581 264
1757518120513 0.07579534551704885 265
1757518120552 0.39809269450306994 266
1757518120593 0.12405632612252121 267
1757518120633 0.047826481612665776 268
1757518120674 0.09009920373486974 269
1757518120715 0.11507325469270605 270
1757518120756 0.0008214790635535438 271
1757518120797 0.0037132244945022944 272
1757518120837 0.05405520492201187 273
1757518120878 0.0953464242496113 274
1757518120917 0.14982668338880376 275
1757518120958 1.291930922324973 276
1757518120998 0.15088482521188304 277
1757518121039 0.032827008404083896 278
1757518121079 0.005438891972865624 279
1757518121119 0.7736540840584067 280
1757518121160 0.3753082934403793 281
1757518121200 0.021128361203947954 282
1757518121240 0.061038464247419794 283
1757518121280 0.025210407482952037 284
1757518121321 0.006200578075337279 285
1757518121361 0.21653275834489633 286
1757518121402 0.0006058471655311194 287
1757518121442 0.19172795914549223 288
1757518121482 0.22316498726730735 289
1757518121522 0.12165469062466185 290
1757518121563 0.007680605394919695 291
1757518121603 0.027861705217758534 292
1757518121643 0.0714920928064427 293
1757518121684 0.10984518660664433 294
1757518121726 0.1087960178736653 295
1757518121767 0.4762220403819046 296
1757518121807 0.15329472924164328 297
1757518121848 1.610294060826561 298
1757518121888 3.866473242966295e-05 299
1757518121928 0.09156047389894935 300
1757518121968 0.0770917999510761 301
1757518122009 0.2344103947363796 302
1757518122049 0.2012091062490842 303
1757518122089 3.0349548392874497e-05 304
1757518122130 0.11162843704563909 305
1757518122171 0.044309039566673 306
1757518122212 0.3883146510963278 307
1757518122253 0.05782267190496342 308
1757518122293 0.12458717189772417 309
1757518122333 0.013061920732600981 310
1757518122373 0.049656834335720934 311
1757518122414 0.2638186401706209 312
1757518122454 0.22133127363902752 313
1757518122495 0.13229971044285804 314
1757518122536 0.07541196155844605 315
1757518122576 0.17446098297126963 316
1757518122617 0.12556424133562336 317
1757518122657 0.24991040353858604 318
1757518122697 0.015646976914720355 319
1757518122737 0.12689549646957698 320
1757518122777 0.19317915144195066 321
1757518122817 0.03597888277405743 322
1757518122858 0.41108045928792697 323
1757518122898 0.03257821932898599 324
1757518122946 0.0010821359362327074 325
1757518122988 0.0010620479647686677 326
1757518123028 0.13196007033341287 327
1757518123069 0.5079433102387857 328
1757518123110 0.17305349382886212 329
1757518123151 0.017605933327516303 330
1757518123191 0.053120389001587255 331
1757518123240 0.015376015831381894 332
1757518123281 0.0057373233496541606 333
1757518123322 0.13497792163468106 334
1757518123362 0.0048135117104413415 335
1757518123402 0.02783296157280985 336
1757518123444 0.007366874120523044 337
1757518123484 0.008434624292724171 338
1757518123525 0.009322374610563294 339
1757518123568 0.005504516163092022 340
1757518123609 0.16173685559677337 341
1757518123649 0.49857002889760543 342
1757518123694 0.6015671332591948 343
1757518123735 0.2548337971717812 344
1757518123775 0.00436365072628787 345
1757518123817 0.00877107033834484 346
1757518123861 0.0007670516700963179 347
1757518123902 0.04790424200930888 348
1757518123944 0.0019242311078191828 349
1757518123984 0.10621803706466815 350
1757518124025 0.12612203702402502 351
1757518124065 0.03186546755420174 352
1757518124106 8.440961335415609e-05 353
1757518124146 0.022518074076051407 354
1757518124187 0.00021991335537735322 355
1757518124229 0.3541987791942803 356
1757518124270 0.02331056676128628 357
1757518124310 0.0043783721416227606 358
1757518124350 0.029881084634480918 359
1757518124391 0.05726824351372406 360
1757518124431 0.03530775404701786 361
1757518124472 0.14372686968136347 362
1757518124513 0.04377025203550947 363
1757518124553 0.0329348434299581 364
1757518124594 0.03505453701548903 365
1757518124635 0.0027198242909080624 366
1757518124675 0.22245432476034718 367
1757518124716 0.007260351784045193 368
1757518124757 0.004421196655982647 369
1757518124797 0.006656904715227214 370
1757518124838 0.6423769405446914 371
1757518124878 0.13876542759806626 372
1757518124919 0.13553460306641427 373
1757518124974 0.05112908723671387 374
1757518125026 0.00417680012967368 375
1757518125072 0.5971099076951616 376
1757518125119 0.005134787818958776 377
1757518125165 0.03350305373456477 378
1757518125212 7.4868219102192475 379
1757518125257 0.007407716415207258 380
1757518125300 0.28605918177360057 381
1757518125347 0.05209210500053813 382
1757518125406 0.04509903147307864 383
1757518125454 0.09101179189423064 384
1757518125496 0.13489202374320594 385
1757518125542 0.04795734341566661 386
1757518125591 0.0002296488208475447 387
1757518125639 0.7647689248493678 388
1757518125681 0.037727198389174 389
1757518125722 0.5437235733630942 390
1757518125772 0.10526467706505852 391
1757518125815 0.040679609946019366 392
1757518125857 0.08622672021063192 393
1757518125898 0.002867531440820709 394
1757518125939 0.064626017526161 395
1757518125982 0.021108397881728164 396
1757518126023 0.5726015447786459 397
1757518126064 0.1594163466950062 398
1757518126105 0.006394625020233528 399
1757518126146 0.01840227892839152 400
1757518126188 0.009725637277467553 401
1757518126234 0.0634172117362128 402
1757518126276 0.12724830056503175 403
1757518126316 0.0024083090737351165 404
1757518126357 0.146202569324036 405
1757518126398 0.005289174484813513 406
1757518126439 0.008727566530032819 407
1757518126480 0.0622552428828037 408
1757518126522 0.1694015422858259 409
1757518126563 0.47515468317113624 410
1757518126604 0.44562545815496607 411
1757518126647 0.020262507291844895 412
1757518126696 0.26445797594366227 413
1757518126742 0.015342411033695387 414
1757518126786 0.11377270358273495 415
1757518126830 0.0765278891242002 416
1757518126873 0.00016267707848398083 417
1757518126916 0.00414378704115009 418
1757518126956 0.1439372836791848 419
1757518126997 5.1108975458213674e-05 420
1757518127039 0.03994234733007391 421
1757518127080 0.021410585941355892 422
1757518127121 0.004880600021753818 423
1757518127162 0.08325675801567253 424
1757518127208 0.02844981020516523 425
1757518127250 0.009096865653068865 426
1757518127292 0.08856981265604802 427
1757518127334 0.23193604819273267 428
1757518127376 0.47209363514094815 429
1757518127418 0.2195383164888766 430
1757518127459 0.30062947065516527 431
1757518127501 0.04795780067743587 432
1757518127542 0.00826672174574254 433
1757518127583 0.3044249292326592 434
1757518127625 0.00019792550056632052 435
1757518127666 0.0010758672107649614 436
1757518127707 3.0396572965360997 437
1757518127749 0.20587878126495812 438
1757518127790 0.008766085107117417 439
1757518127831 0.12608080419735215 440
1757518127872 0.23294705833662802 441
1757518127913 0.030191485234148465 442
1757518127954 0.13604578717246774 443
1757518127996 0.001571532876563235 444
1757518128037 0.06818281279954695 445
1757518128078 0.09938219164352867 446
1757518128120 0.02464325238861627 447
1757518128163 0.0005505804712120935 448
1757518128204 0.010102224277822341 449
1757518128246 1.0566385031244057 450
1757518128288 0.006769727142329991 451
1757518128329 0.008079174795188099 452
1757518128371 0.026390024357341956 453
1757518128413 0.2866463203267404 454
1757518128454 0.37645491475249376 455
1757518128495 0.10667268181659233 456
1757518128537 0.3166251358206001 457
1757518128578 0.07173613061194849 458
1757518128620 0.08938019181161708 459
1757518128661 0.02177049421878585 460
1757518128702 0.01772346221924923 461
1757518128744 0.040494350214496 462
1757518128785 0.38852323190265753 463
1757518128826 0.025709746083096403 464
1757518128867 0.18343668155142984 465
1757518128909 1.403734182864985 466
1757518128951 0.00017644935419055855 467
1757518128993 0.2652846369109231 468
1757518129036 0.15526348017079453 469
1757518129078 0.026612075248699442 470
1757518129121 0.20745766022740295 471
1757518129175 0.03875285131870923 472
1757518129223 0.2023729560012832 473
1757518129268 0.23166145049542267 474
1757518129313 0.01772060594957394 475
1757518129355 0.026023898794065466 476
1757518129400 0.09320957765303643 477
1757518129443 1.2245231239290655 478
1757518129486 0.03078584729085901 479
1757518129528 0.0003807592046833432 480
1757518129570 0.42104395541810935 481
1757518129612 0.04819199424239357 482
1757518129654 0.059803253449472724 483
1757518129695 0.012291170427451762 484
1757518129737 1.0792246988699368 485
1757518129778 0.11597418223664643 486
1757518129820 0.011236499942131894 487
1757518129862 0.0011179008328395775 488
1757518129904 0.19042628393827793 489
1757518129950 0.003901953962284376 490
1757518129994 0.07651953304890784 491
1757518130037 0.02687928152704979 492
1757518130080 0.20777634782325527 493
1757518130121 0.5088859574327109 494
1757518130163 0.12551482696758043 495
1757518130204 0.11484500166735938 496
1757518130247 0.045173005181103155 497
1757518130289 0.09231156916384337 498
1757518130333 0.5608749714269524 499
