1757517803550 169.32394565039036 0
1757517803561 168.68893475333726 1
1757517803572 167.48705186147996 2
1757517803581 165.7833997938342 3
1757517803591 163.63956853672886 4
1757517803601 161.1133321514966 5
1757517803611 158.25848290423076 6
1757517803621 155.12477265429536 7
1757517803630 151.757936946229 8
1757517803639 148.19978176133884 9
1757517803648 144.48831664257577 10
1757517803656 140.6579210293464 11
1757517803665 136.73953322901514 12
1757517803674 132.76085359494465 13
1757517803682 128.74655524919774 14
1757517803690 124.71849714267785 15
1757517803699 120.69593543802432 16
1757517803709 116.69573017426883 17
1757517803717 112.73254496382496 18
1757517803726 108.81903811235887 19
1757517803735 104.96604406641181 20
1757517803743 101.18274450391174 21
1757517803752 97.47682870712862 22
1757517803761 93.85464311134167 23
1757517803769 90.32133011828783 24
1757517803778 86.8809564118568 25
1757517803786 83.53663112344469 26
1757517803795 80.2906142731199 27
1757517803803 77.14441596645638 28
1757517803812 74.09888686062322 29
1757517803820 71.15430043114593 30
1757517803829 68.3104275762772 31
1757517803838 65.56660409177846 32
1757517803847 62.921791537563955 33
1757517803855 60.37463200087479 34
1757517803864 57.923497239999755 35
1757517803873 55.56653266924772 36
1757517803882 53.30169662088939 37
1757517803891 51.12679529387354 38
1757517803900 49.03951377292618 39
1757517803909 47.0374434756086 40
1757517803918 45.11810635938356 41
1757517803926 43.27897619603922 42
1757517803935 41.51749719706631 43
1757517803944 39.8311002509749 44
1757517803956 38.217217012107014 45
1757517803966 36.67329206033248 46
1757517803975 35.19679333210593 47
1757517803984 33.785221005709 48
1757517803993 32.436115007085576 49
1757517804002 31.14706128746332 50
1757517804020 29.91569700988306 51
1757517804036 28.73971476879769 52
1757517804045 27.616865954969146 53
1757517804054 26.544963366959937 54
1757517804063 25.521883160485967 55
1757517804072 24.545566217749904 56
1757517804080 23.614019010508088 57
1757517804089 22.72531402302485 58
1757517804098 21.87758979413786 59
1757517804107 21.069050631378712 60
1757517804115 20.29796604439299 61
1757517804124 19.562669939745174 62
1757517804133 18.86155961452449 63
1757517804142 18.193094581957798 64
1757517804151 17.555795258432926 65
1757517804160 16.94824153791096 66
1757517804169 16.36907127662937 67
1757517804178 15.816978708226285 68
1757517804187 15.290712806935643 69
1757517804195 14.789075614275182 70
1757517804204 14.310920542659048 71
1757517804213 13.855150667584354 72
1757517804222 13.420717018452512 73
1757517804231 13.00661687667082 74
1757517804239 12.611892088416809 75
1757517804248 12.235627398331724 76
1757517804257 11.876948809412085 77
1757517804266 11.535021973493219 78
1757517804275 11.209050615939217 79
1757517804283 10.898274997469372 80
1757517804292 10.601970415449923 81
1757517804301 10.319445746450102 82
1757517804310 10.050042031399483 83
1757517804319 9.79313110428115 84
1757517804328 9.548114264942264 85
1757517804337 9.314420996304332 86
1757517804346 9.091507725988265 87
1757517804355 8.878856632150006 88
1757517804364 8.675974493128576 89
1757517804373 8.4823915803469 90
1757517804381 8.297660593769848 91
1757517804390 8.121355639111533 92
1757517804399 7.953071245890471 93
1757517804408 7.792421425356172 94
1757517804417 7.639038767252441 95
1757517804426 7.492573574335763 96
1757517804435 7.352693033534719 97
1757517804444 7.2190804226124206 98
1757517804453 7.091434351180441 99
1757517804462 6.969468034905565 100
1757517804471 6.852908601752209 101
1757517804480 6.741496429108646 102
1757517804489 6.634984510656773 103
1757517804498 6.533137851859934 104
1757517804507 6.435732892962749 105
1757517804516 6.342556958417373 106
1757517804525 6.253407731675749 107
1757517804534 6.168092754312175 108
1757517804543 6.086428948468533 109
1757517804552 6.008242161642676 110
1757517804561 5.933366732869346 111
1757517804570 5.861645079373668 112
1757517804579 5.79292730280703 113
1757517804588 5.727070814204736 114
1757517804597 5.6639399768361605 115
1757517804606 5.60340576614792 116
1757517804615 5.5453454460294145 117
1757517804624 5.489642260660666 118
1757517804632 5.4361851412305375 119
1757517804641 5.384868426841488 120
1757517804650 5.335591598945036 121
1757517804660 5.288259028678796 122
1757517804678 5.242779736502288 123
1757517804690 5.199067163553805 124
1757517804700 5.157038954175885 125
1757517804709 5.116616749079975 126
1757517804719 5.077725988645045 127
1757517804728 5.040295725866201 128
1757517804737 5.004258448491408 129
1757517804746 4.969549909905116 130
1757517804755 4.936108968337206 131
1757517804768 4.903877433995687 132
1757517804777 4.8727999237384845 133
1757517804786 4.8428237229192055 134
1757517804796 4.813898654057362 135
1757517804805 4.785976952000205 136
1757517804814 4.75901314525945 137
1757517804823 4.732963943220286 138
1757517804832 4.707788128934659 139
1757517804841 4.6834464572252195 140
1757517804850 4.659901557837644 141
1757517804859 4.63711784339403 142
1757517804868 4.615061421909235 143
1757517804888 4.593700013646034 144
1757517804900 4.573002872093734 145
1757517804909 4.552940708866702 146
1757517804918 4.533485622328442 147
1757517804928 4.514611029756777 148
1757517804937 4.496291602873908 149
1757517804946 4.478503206575 150
1757517804956 4.461222840695703 151
1757517804966 4.444428584667926 152
1757517804975 4.428099544920018 153
1757517804984 4.412215804884915 154
1757517804993 4.396758377486123 155
1757517805003 4.381709159978304 156
1757517805012 4.3670508910251105 157
1757517805021 4.352767109902755 158
1757517805031 4.338842117723024 159
1757517805040 4.3252609405757285 160
1757517805049 4.312009294493719 161
1757517805059 4.2990735521508965 162
1757517805068 4.286440711205412 163
1757517805077 4.274098364207053 164
1757517805086 4.262034669989916 165
1757517805096 4.250238326476907 166
1757517805105 4.23869854482504 167
1757517805114 4.227405024845046 168
1757517805124 4.216347931631666 169
1757517805133 4.205517873343807 170
1757517805142 4.194905880077732 171
1757517805151 4.184503383778527 172
1757517805160 4.1743021991379905 173
1757517805170 4.164294505429875 174
1757517805179 4.154472829235899 175
1757517805189 4.1448300280176404 176
1757517805199 4.135359274492956 177
1757517805208 4.126054041775978 178
1757517805217 4.11690808924349 179
1757517805227 4.1079154490909175 180
1757517805236 4.099070413543982 181
1757517805246 4.090367522693287 182
1757517805255 4.0818015529209575 183
1757517805265 4.073367505889648 184
1757517805274 4.065060598066526 185
1757517805284 4.056876250755095 186
1757517805294 4.048810080610088 187
1757517805304 4.040857890611235 188
1757517805313 4.033015661473356 189
1757517805323 4.025279543470985 190
1757517805332 4.017645848657165 191
1757517805342 4.010111043456889 192
1757517805352 4.002671741616596 193
1757517805361 3.995324697492215 194
1757517805371 3.9880667996589394 195
1757517805380 3.980895064827148 196
1757517805390 3.9738066320489622 197
1757517805399 3.9667987572015178 198
1757517805409 3.959868807733062 199
1757517805418 3.953014257659093 200
1757517805428 3.94623268279635 201
1757517805437 3.939521756222659 202
1757517805447 3.9328792439519384 203
1757517805457 3.926303000813519 204
1757517805467 3.9197909665260666 205
1757517805476 3.9133411619562772 206
1757517805486 3.9069516855535995 207
1757517805496 3.9006207099522 208
1757517805506 3.8943464787321482 209
1757517805517 3.8881273033319976 210
1757517805527 3.881961560105337 211
1757517805538 3.8758476875146575 212
1757517805549 3.8697841834552364 213
1757517805562 3.8637696027034543 214
1757517805573 3.857802554482973 215
1757517805584 3.851881700143302 216
1757517805596 3.8460057509454826 217
1757517805607 3.8401734659492255 218
1757517805619 3.834383649997346 219
1757517805630 3.8286351517919948 220
1757517805641 3.8229268620590053 221
1757517805653 3.8172577117956132 222
1757517805664 3.811626670597862 223
1757517805674 3.8060327450638205 224
1757517805685 3.800474977268686 225
1757517805695 3.794952443309012 226
1757517805705 3.7894642519120003 227
1757517805715 3.7840095431073437 228
1757517805725 3.778587486958351 229
1757517805735 3.773197282349677 230
1757517805746 3.7678381558288576 231
1757517805756 3.762509360499301 232
1757517805766 3.7572101749621294 233
1757517805776 3.7519399023045974 234
1757517805786 3.7466978691330315 235
1757517805796 3.741483424648056 236
1757517805806 3.7362959397602515 237
1757517805816 3.7311348062442034 238
1757517805826 3.725999435929238 239
1757517805838 3.7208892599253733 240
1757517805848 3.7158037278821263 241
1757517805858 3.710742307279808 242
1757517805868 3.705704482750574 243
1757517805877 3.700689755428715 244
1757517805887 3.695697642328471 245
1757517805897 3.690727675748283 246
1757517805907 3.68577940270011 247
1757517805917 3.6808523843626717 248
1757517805927 3.6759461955577404 249
1757517805936 3.6710604242481892 250
1757517805946 3.6661946710569544 251
1757517805956 3.6613485488058157 252
1757517805967 3.6565216820733877 253
1757517805977 3.651713706771077 254
1757517805987 3.64692426973656 255
1757517805997 3.6421530283436545 256
1757517806006 3.6373996501282604 257
1757517806016 3.6326638124291573 258
1757517806026 3.6279452020434886 259
1757517806036 3.623243514895954 260
1757517806046 3.618558455721212 261
1757517806056 3.6138897377589143 262
1757517806066 3.609237082460899 263
1757517806076 3.6046002192097397 264
1757517806086 3.599978885048529 265
1757517806096 3.5953728244211285 266
1757517806106 3.5907817889224987 267
1757517806116 3.5862055370587984 268
1757517806126 3.581643834016623 269
1757517806136 3.5770964514410712 270
1757517806146 3.5725631672226346 271
1757517806156 3.5680437652914962 272
1757517806166 3.5635380354204584 273
1757517806176 3.5590457730345806 274
1757517806186 3.5545667790284226 275
1757517806196 3.550100859589796 276
1757517806206 3.5456478260303412 277
1757517806216 3.5412074946221286 278
1757517806226 3.5367796864404255 279
1757517806236 3.5323642272121205 280
1757517806246 3.527960947169812 281
1757517806256 3.523569680910923 282
1757517806266 3.519190267262288 283
1757517806276 3.5148225491492053 284
1757517806286 3.51046637346949 285
1757517806297 3.5061215909717425 286
1757517806307 3.50178805613816 287
1757517806317 3.4974656270713163 288
1757517806327 3.4931541653849707 289
1757517806337 3.4888535360986443 290
1757517806347 3.484563607535982 291
1757517806357 3.4802842512263994 292
1757517806367 3.4760153418103696 293
1757517806377 3.4717567569477263 294
1757517806387 3.4675083772291697 295
1757517806397 3.4632700860908843 296
1757517806407 3.459041769731847 297
1757517806418 3.4548233170339846 298
1757517806428 3.450614619485045 299
1757517806438 3.446415571103976 300
1757517806448 3.4422260683687353 301
1757517806458 3.4380460101465813 302
1757517806469 3.433875297626517 303
1757517806479 3.4297138342540925 304
1757517806489 3.425561525668117 305
1757517806499 3.421418279639573 306
1757517806510 3.4172840060124514 307
1757517806520 3.4131586166464656 308
1757517806530 3.4090420253615847 309
1757517806540 3.4049341478842567 310
1757517806550 3.4008349017955166 311
1757517806560 3.3967442064804665 312
1757517806570 3.3926619830795497 313
1757517806581 3.3885881544412397 314
1757517806591 3.384522645076184 315
1757517806601 3.380465381112738 316
1757517806611 3.376416290254008 317
1757517806621 3.3723753017359606 318
1757517806632 3.3683423462870876 319
1757517806642 3.364317356088992 320
1757517806652 3.360300264738399 321
1757517806662 3.3562910072102152 322
1757517806672 3.3522895198216776 323
1757517806683 3.3482957401975293 324
1757517806693 3.344309607236328 325
1757517806703 3.3403310610777415 326
1757517806714 3.336360043070597 327
1757517806724 3.3323964957421746 328
1757517806734 3.3284403627681334 329
1757517806745 3.3244915889435207 330
1757517806755 3.320550120154394 331
1757517806766 3.3166159033503817 332
1757517806776 3.312688886518146 333
1757517806786 3.3087690186553416 334
1757517806796 3.304856249745465 335
1757517806807 3.30095053073347 336
1757517806817 3.2970518135018874 337
1757517806827 3.2931600508478494 338
1757517806838 3.2892751964605043 339
1757517806848 3.2853972048992683 340
1757517806859 3.281526031572526 341
1757517806869 3.2776616327171024 342
1757517806880 3.2738039653780118 343
1757517806890 3.269952987389123 344
1757517806901 3.2661086573539913 345
1757517806911 3.2622709346275944 346
1757517806922 3.2584397792981337 347
1757517806932 3.254615152169681 348
1757517806943 3.2507970147451406 349
1757517806954 3.2469853292097186 350
1757517806964 3.2431800584146906 351
1757517806975 3.2393811658618787 352
1757517806985 3.2355886156882465 353
1757517806996 3.2318023726511114 354
1757517807006 3.2280224021136568 355
1757517807016 3.2242486700308386 356
1757517807027 3.2204811429356357 357
1757517807037 3.2167197879257414 358
1757517807048 3.212964572650479 359
1757517807058 3.209215465298235 360
1757517807069 3.2054724345840047 361
1757517807080 3.201735449737391 362
1757517807090 3.19800448049095 363
1757517807101 3.1942794970686914 364
1757517807111 3.1905604701749914 365
1757517807122 3.1868473709837724 366
1757517807132 3.18314017112792 367
1757517807143 3.179438842688918 368
1757517807153 3.1757433581870105 369
1757517807164 3.1720536905711474 370
1757517807174 3.168369813209668 371
1757517807185 3.1646916998809536 372
1757517807195 3.161019324764288 373
1757517807206 3.1573526624311223 374
1757517807217 3.1536916878363606 375
1757517807227 3.150036376310074 376
1757517807238 3.1463867035491653 377
1757517807249 3.142742645609517 378
1757517807259 3.139104178898153 379
1757517807270 3.135471280165553 380
1757517807281 3.1318439264983287 381
1757517807291 3.1282220953120454 382
1757517807302 3.1246057643439644 383
1757517807313 3.1209949116463687 384
1757517807323 3.117389515579704 385
1757517807334 3.113789554806126 386
1757517807345 3.110195008283032 387
1757517807356 3.1066058552568303 388
1757517807366 3.1030220752568805 389
1757517807377 3.099443648089506 390
1757517807388 3.09587055383225 391
1757517807398 3.092302772828165 392
1757517807409 3.0887402856802755 393
1757517807420 3.085183073246213 394
1757517807430 3.0816311166329475 395
1757517807441 3.078084397191631 396
1757517807452 3.0745428965125474 397
1757517807463 3.0710065964202746 398
1757517807474 3.067475478968793 399
1757517807486 3.063949526436984 400
1757517807497 3.060428721323864 401
1757517807508 3.0569130463442598 402
1757517807519 3.0534024844243692 403
1757517807530 3.049897018697585 404
1757517807541 3.046396632500307 405
1757517807551 3.042901309367851 406
1757517807562 3.039411033030524 407
1757517807573 3.035925787409754 408
1757517807584 3.0324455566142245 409
1757517807595 3.0289703249363606 410
1757517807606 3.025500076848501 411
1757517807617 3.022034796999512 412
1757517807628 3.0185744702113047 413
1757517807639 3.0151190814754143 414
1757517807650 3.0116686159497976 415
1757517807661 3.008223058955518 416
1757517807671 3.004782395973703 417
1757517807682 3.0013466126423722 418
1757517807694 2.9979156947534618 419
1757517807707 2.994489628249958 420
1757517807720 2.9910683992229337 421
1757517807733 2.987651993908781 422
1757517807746 2.98424039868646 423
1757517807758 2.9808336000748383 424
1757517807771 2.977431584729989 425
1757517807783 2.97403433944278 426
1757517807796 2.9706418511362305 427
1757517807809 2.9672541068630682 428
1757517807821 2.9638710938033936 429
1757517807834 2.960492799262338 430
1757517807847 2.9571192106677096 431
1757517807860 2.953750315567779 432
1757517807872 2.9503861016290975 433
1757517807885 2.9470265566343175 434
1757517807898 2.9436716684801616 435
1757517807911 2.9403214251753447 436
1757517807923 2.936975814838443 437
1757517807936 2.9336348256961546 438
1757517807948 2.930298446081203 439
1757517807962 2.9269666644305214 440
1757517807975 2.923639469283387 441
1757517807987 2.920316849279663 442
1757517807999 2.916998793158 443
1757517808011 2.9136852897541266 444
1757517808023 2.9103763279991446 445
1757517808036 2.907071896917942 446
1757517808048 2.903771985627462 447
1757517808060 2.9004765833352435 448
1757517808072 2.897185679337783 449
1757517808085 2.8938992630190996 450
1757517808097 2.890617323849154 451
1757517808127 2.8873398513824675 452
1757517808139 2.8840668352567103 453
1757517808153 2.8807982651912583 454
1757517808166 2.877534130985859 455
1757517808177 2.8742744225193024 456
1757517808190 2.871019129748117 457
1757517808202 2.86776824270524 458
1757517808214 2.8645217514988675 459
1757517808226 2.8612796463111043 460
1757517808237 2.8580419173968816 461
1757517808249 2.8548085550826596 462
1757517808261 2.8515795497654404 463
1757517808273 2.8483548919114323 464
1757517808285 2.845134572055112 465
1757517808297 2.8419185807980605 466
1757517808309 2.8387069088079535 467
1757517808320 2.835499546817462 468
1757517808332 2.8322964856232535 469
1757517808344 2.8290977160850344 470
1757517808356 2.8259032291245503 471
1757517808367 2.822713015724578 472
1757517808379 2.8195270669280887 473
1757517808391 2.8163453738372115 474
1757517808402 2.8131679276124375 475
1757517808414 2.809994719471668 476
1757517808426 2.80682574068936 477
1757517808437 2.8036609825957215 478
1757517808449 2.8005004365757995 479
1757517808461 2.7973440940687575 480
1757517808473 2.794191946566997 481
1757517808484 2.7910439856154476 482
1757517808495 2.787900202810711 483
1757517808507 2.7847605898003622 484
1757517808519 2.781625138282239 485
1757517808531 2.778493840003659 486
1757517808543 2.7753666867607287 487
1757517808554 2.7722436703976645 488
1757517808566 2.769124782806045 489
1757517808580 2.7660100159242917 490
1757517808591 2.7628993617368303 491
1757517808602 2.7597928122735538 492
1757517808614 2.7566903596091534 493
1757517808625 2.753591995862526 494
1757517808637 2.750497713196178 495
1757517808648 2.7474075038155266 496
1757517808659 2.744321359968448 497
1757517808671 2.7412392739446156 498
1757517808682 2.7381612380749525 499
