1757595203876 0.3022733163452363 0
1757595203926 0.6471949858805613 1
1757595203973 0.10531130592223167 2
1757595204017 0.05639290487636666 3
1757595204059 0.1896385907037505 4
1757595204099 0.2362228173601551 5
1757595204138 0.07681267686818871 6
1757595204177 0.076017980100113 7
1757595204217 0.2101162492120968 8
1757595204257 0.016678954464386397 9
1757595204297 0.3969723912992545 10
1757595204336 0.0207281087514875 11
1757595204377 0.263078420510221 12
1757595204417 0.09345019403178749 13
1757595204456 0.18751159001825485 14
1757595204496 0.141528460481036 15
1757595204536 0.0060136039575211875 16
1757595204575 0.04124313337312173 17
1757595204617 0.01809652729589481 18
1757595204656 0.0030523277920046273 19
1757595204695 0.004083597101524075 20
1757595204735 0.07899689969654174 21
1757595204774 0.00864641632942895 22
1757595204813 0.2082591169490877 23
1757595204852 0.09428561153356378 24
1757595204892 0.31063067041043624 25
1757595204931 0.10666888407002958 26
1757595204970 0.026966979951415514 27
1757595205009 0.06747551863311789 28
1757595205048 0.05762292492060015 29
1757595205127 0.4597654104592717 30
1757595205174 0.007304273661499141 31
1757595205225 0.02063264094671554 32
1757595205265 0.05376162762774279 33
1757595205304 0.07455933503786587 34
1757595205344 0.36879348262774786 35
1757595205383 0.09601282625137737 36
1757595205424 0.11985340923959312 37
1757595205463 0.009195247611271254 38
1757595205502 0.18952190516374556 39
1757595205541 0.06867735041421469 40
1757595205599 0.12116312140250572 41
1757595205642 0.08593513422610236 42
1757595205687 0.15202952488118038 43
1757595205731 0.0317317943678205 44
1757595205776 0.00565014267796338 45
1757595205821 0.036193679257992405 46
1757595205864 0.11277483240861018 47
1757595205903 0.024589877243016228 48
1757595205943 0.08119243467623369 49
1757595205983 0.1346067812214626 50
1757595206022 0.15923549244117272 51
1757595206062 0.12911272576274044 52
1757595206102 0.0820534278924389 53
1757595206161 0.008697036695033172 54
1757595206202 0.004455385311605815 55
1757595206242 0.01604874359373402 56
1757595206282 0.3105607879607361 57
1757595206321 7.500133828695259e-05 58
1757595206362 0.13018644213416222 59
1757595206402 0.051934943116185836 60
1757595206441 0.10322609723857616 61
1757595206481 0.07976707157389773 62
1757595206521 0.006735188163900365 63
1757595206560 0.19444317124250973 64
1757595206600 0.06154552478709006 65
1757595206640 0.0018689163984001598 66
1757595206680 0.025976121913584546 67
1757595206719 0.217388734051598 68
1757595206763 0.00465796589707863 69
1757595206804 0.0004345050275677047 70
1757595206844 0.6994165652702394 71
1757595206884 0.2044869511206312 72
1757595206923 0.010405779071055155 73
1757595206963 0.006719020655841529 74
1757595207002 0.08327671946144619 75
1757595207042 0.0032129656537598413 76
1757595207082 0.02245688611691151 77
1757595207122 0.0010084522881640716 78
1757595207162 0.03324612309107036 79
1757595207202 0.0022984492248193334 80
1757595207241 0.1265165676080161 81
1757595207281 0.027058670574900513 82
1757595207321 0.0011255629364817028 83
1757595207360 0.002051369432517062 84
1757595207401 0.02016399360435161 85
1757595207440 3.0859228309289623e-07 86
1757595207479 0.02670418398136031 87
1757595207519 0.04938390291050638 88
1757595207558 0.04659949956928426 89
1757595207597 0.00993413854606088 90
1757595207639 0.009738254918578283 91
1757595207678 0.009838414746482067 92
1757595207718 0.03106081825016331 93
1757595207760 0.007614103747247308 94
1757595207799 0.02009545532676151 95
1757595207839 0.17170436672408199 96
1757595207878 0.00931338804868162 97
1757595207918 0.17968576276299641 98
1757595207957 5.1845928766344e-05 99
1757595207998 0.07380333662555982 100
1757595208037 0.02723856126385188 101
1757595208077 0.2253224524826874 102
1757595208117 0.0002696266204032478 103
1757595208158 0.030948393259778606 104
1757595208198 0.24786460080808403 105
1757595208237 0.02317493135683711 106
1757595208276 0.013004351993873123 107
1757595208315 3.6954586119070735e-06 108
1757595208355 0.2125643241657691 109
1757595208395 0.09198952013539444 110
1757595208438 0.07957943382315467 111
1757595208480 0.1908274605478697 112
1757595208522 0.0073965202223987255 113
1757595208565 0.004193526519263208 114
1757595208607 0.016695893824248922 115
1757595208647 0.2592590394701645 116
1757595208687 0.10511023720137276 117
1757595208726 0.03314120189255122 118
1757595208765 0.020014322227581764 119
1757595208805 0.12473261857627009 120
1757595208846 0.00454771710423273 121
1757595208886 0.01124247358970096 122
1757595208927 0.06803595622368346 123
1757595208967 0.06304408273085248 124
1757595209007 0.1663149313245811 125
1757595209047 0.08513533483443368 126
1757595209087 0.059296821280264464 127
1757595209126 0.03137763632622578 128
1757595209166 0.007228232569843198 129
1757595209205 0.019699139977037282 130
1757595209245 0.025390928111499983 131
1757595209284 0.0032236467608247267 132
1757595209324 0.06248102119289629 133
1757595209363 0.03287075901618488 134
1757595209403 0.12699050091135178 135
1757595209442 0.09831527863100654 136
1757595209482 0.0085618710178015 137
1757595209523 0.00039749844417080813 138
1757595209563 0.027286057370640864 139
1757595209604 0.012946430687425611 140
1757595209644 0.06301537664671246 141
1757595209684 0.0621546771171392 142
1757595209724 0.06119409613556905 143
1757595209764 0.011187709646036536 144
1757595209806 0.20485586989305973 145
1757595209847 0.06108905546818033 146
1757595209888 0.0026046851029143956 147
1757595209929 0.33856196290152085 148
1757595209970 0.017227882184405484 149
1757595210011 0.050332737321955645 150
1757595210051 0.11645199503665132 151
1757595210093 0.005043406433962521 152
1757595210134 0.06336359747778975 153
1757595210174 0.004212902609015521 154
1757595210215 0.2666894670131849 155
1757595210257 0.04460062518647063 156
1757595210297 0.07136312227988317 157
1757595210337 1.049097350935061 158
1757595210378 0.05693557599106672 159
1757595210419 8.010520275701901e-07 160
1757595210460 0.0012515034930835093 161
1757595210500 0.08074507611676 162
1757595210540 0.05978669272670616 163
1757595210579 0.043938698269362454 164
1757595210620 0.026199243035057444 165
1757595210662 3.613316930715864e-05 166
1757595210703 0.0770661854492537 167
1757595210744 0.14372514609027714 168
1757595210785 0.003916724881690404 169
1757595210825 0.017000798577121327 170
1757595210865 0.09398610861799324 171
1757595210905 0.01695795617467702 172
1757595210945 0.00018910634564074213 173
1757595210986 1.768457374777753e-05 174
1757595211027 0.06852945433518487 175
1757595211067 0.06518801906138702 176
1757595211109 0.12804100385371217 177
1757595211149 8.240946852357764e-05 178
1757595211190 0.01727790677755902 179
1757595211230 0.1320776210914929 180
1757595211271 0.21844869387777804 181
1757595211312 0.1470730443328571 182
1757595211353 0.1666750093885286 183
1757595211394 1.1150177108102986e-05 184
1757595211436 0.004697001103400913 185
1757595211476 0.00637137966067231 186
1757595211516 0.019564642737361283 187
1757595211558 0.35314538773804954 188
1757595211602 0.07452017101650017 189
1757595211650 0.5001393703149926 190
1757595211694 0.32292855653202507 191
1757595211740 0.036101165132456606 192
1757595211781 0.016685545768725926 193
1757595211822 0.09819136178585067 194
1757595211865 0.0030124003997944347 195
1757595211909 0.07674499586405324 196
1757595211952 0.5217621465993683 197
1757595211997 0.035969410724613425 198
1757595212042 0.5926246369885658 199
1757595212088 0.2863490097179698 200
1757595212134 0.2251019457511439 201
1757595212179 0.014586398390510288 202
1757595212223 0.04183219190679635 203
1757595212269 0.042184218725020685 204
1757595212314 0.31269289279326257 205
1757595212360 0.0016234655374417273 206
1757595212405 0.0862097226640682 207
1757595212446 0.2096329150847767 208
1757595212488 0.00023551557738130162 209
1757595212529 0.0039406074483216876 210
1757595212570 0.00011705033581562372 211
1757595212610 0.006107973225715564 212
1757595212651 0.16931865635263865 213
1757595212692 0.27729402937089176 214
1757595212732 0.006986599475813427 215
1757595212773 0.06259334397879548 216
1757595212814 0.00013690236392009352 217
1757595212855 0.0031761657116922064 218
1757595212896 0.005546718158039 219
1757595212937 0.041253278362648936 220
