1757501597176 166.58101342672236 0
1757501597186 163.65729355126714 1
1757501597196 163.39605163178894 2
1757501597206 163.111171027058 3
1757501597216 162.82709033821266 4
1757501597225 162.54357790596092 5
1757501597235 162.2606347943242 6
1757501597245 161.97825980206264 7
1757501597254 161.69645175332442 8
1757501597264 161.4152094745322 9
1757501597273 161.13453179461652 10
1757501597283 160.8544175450116 11
1757501597293 160.57486555964795 12
1757501597303 160.29587467494483 13
1757501597312 160.0174437298092 14
1757501597322 159.7395715656262 15
1757501597332 159.46225702625438 16
1757501597341 159.18549895802502 17
1757501597351 158.90929620972798 18
1757501597360 158.633647632615 19
1757501597370 158.35855208038697 20
1757501597380 158.08400840919504 21
1757501597392 157.81001547763046 22
1757501597402 157.5365721467198 23
1757501597412 157.26367727992317 24
1757501597422 156.99132974312434 25
1757501597432 156.71952840462615 26
1757501597442 156.4482721351511 27
1757501597452 156.17755980782536 28
1757501597462 155.90739029818482 29
1757501597473 155.6377624841576 30
1757501597483 155.36867524607374 31
1757501597493 155.10012746664458 32
1757501597503 154.83211803096958 33
1757501597513 154.56464582652177 34
1757501597523 154.2977097431498 35
1757501597533 154.0313086730689 36
1757501597543 153.76544151085642 37
1757501597553 153.5001071534464 38
1757501597563 153.23530450012473 39
1757501597573 152.97103245252393 40
1757501597583 152.70728991461854 41
1757501597593 152.44407579271893 42
1757501597603 152.18138899546602 43
1757501597613 151.91922843382656 44
1757501597623 151.65759302108953 45
1757501597633 151.396481672858 46
1757501597643 151.13589330704838 47
1757501597653 150.87582684387849 48
1757501597664 150.61628120586934 49
1757501597676 150.3572553178381 50
1757501597688 150.09874810688967 51
1757501597700 149.84075850241666 52
1757501597710 149.5832854360901 53
1757501597720 149.32632784185697 54
1757501597730 149.06988465593528 55
1757501597740 148.81395481680667 56
1757501597750 148.55853726521474 57
1757501597760 148.30363094415682 58
1757501597770 148.04923479888203 59
1757501597780 147.79534777688374 60
1757501597791 147.54196882789702 61
1757501597802 147.28909690388974 62
1757501597812 147.03673095906356 63
1757501597822 146.78486994984317 64
1757501597831 146.5335128348776 65
1757501597841 146.28265857502643 66
1757501597852 146.0323061333647 67
1757501597862 145.7824544751741 68
1757501597871 145.53310256793327 69
1757501597881 145.28424938131886 70
1757501597891 145.03589388720118 71
1757501597901 144.78803505963768 72
1757501597911 144.54067187486459 73
1757501597923 144.29380331129792 74
1757501597933 144.04742834952515 75
1757501597947 143.80154597230086 76
1757501597959 143.55615516454358 77
1757501597977 143.3112549133295 78
1757501597988 143.06684420788943 79
1757501597999 142.82292203959992 80
1757501598009 142.57948740198407 81
1757501598020 142.3365392907044 82
1757501598030 142.09407670355495 83
1757501598040 141.85209864046269 84
1757501598050 141.61060410347875 85
1757501598060 141.36959209677545 86
1757501598070 141.1290616266385 87
1757501598080 140.8890117014667 88
1757501598090 140.64944133176647 89
1757501598101 140.41034953014372 90
1757501598111 140.17173531130354 91
1757501598121 139.9335976920421 92
1757501598132 139.69593569124592 93
1757501598142 139.4587483298835 94
1757501598152 139.22203463100155 95
1757501598162 138.98579361972267 96
1757501598172 138.7500243232397 97
1757501598182 138.51472577080983 98
1757501598193 138.27989699374942 99
1757501598203 138.04553702543527 100
1757501598214 137.81164490129143 101
1757501598224 137.57821965879245 102
1757501598234 137.34526033745365 103
1757501598244 137.11276597882963 104
1757501598255 136.88073562651 105
1757501598265 136.64916832611047 106
1757501598275 136.41806312527436 107
1757501598285 136.18741907366373 108
1757501598295 135.95723522295833 109
1757501598306 135.72751062684821 110
1757501598317 135.49824434103246 111
1757501598327 135.26943542320942 112
1757501598337 135.04108293307962 113
1757501598348 134.81318593233598 114
1757501598358 134.58574348465947 115
1757501598368 134.3587546557209 116
1757501598378 134.13221851316678 117
1757501598391 133.90613412662267 118
1757501598405 133.68050056768843 119
1757501598416 133.4553169099279 120
1757501598426 133.23058222887178 121
1757501598437 133.00629560200747 122
1757501598447 132.78245610877983 123
1757501598458 132.55906283058337 124
1757501598468 132.33611485075818 125
1757501598479 132.11361125458927 126
1757501598489 131.89155112929666 127
1757501598499 131.66993356403617 128
1757501598510 131.44875764989254 129
1757501598521 131.22802247987494 130
1757501598531 131.00772714891528 131
1757501598541 130.78787075385998 132
1757501598552 130.56845239347115 133
1757501598562 130.3494711684177 134
1757501598573 130.13092618127214 135
1757501598583 129.91281653650816 136
1757501598594 129.69514134049646 137
1757501598604 129.47789970149728 138
1757501598616 129.26109072965934 139
1757501598627 129.0447135370161 140
1757501598637 128.82876723747972 141
1757501598647 128.61325094683806 142
1757501598658 128.39816378274926 143
1757501598668 128.1835048647387 144
1757501598679 127.96927331419579 145
1757501598689 127.75546825436935 146
1757501598699 127.54208881036149 147
1757501598710 127.32913410912563 148
1757501598721 127.11660327946376 149
1757501598731 126.9044954520185 150
1757501598742 126.69280975927215 151
1757501598752 126.48154533554148 152
1757501598763 126.27070131697513 153
1757501598773 126.06027684154624 154
1757501598783 125.85027104905319 155
1757501598794 125.64068308111183 156
1757501598804 125.43151208115283 157
1757501598815 125.22275719441818 158
1757501598826 125.01441756795558 159
1757501598837 124.80649235061787 160
1757501598847 124.59898069305405 161
1757501598858 124.3918817477114 162
1757501598869 124.18519466882528 163
1757501598880 123.97891861242104 164
1757501598890 123.77305273630438 165
1757501598900 123.56759620006335 166
1757501598912 123.36254816505938 167
1757501598922 123.15790779442823 168
1757501598933 122.95367425306956 169
1757501598944 122.74984670765079 170
1757501598954 122.54642432659655 171
1757501598965 122.34340628009059 172
1757501598976 122.14079174006692 173
1757501598987 121.93857988020862 174
1757501598998 121.73676987594413 175
1757501599009 121.53536090444175 176
1757501599020 121.33435214460935 177
1757501599030 121.13374277708571 178
1757501599041 120.93353198423937 179
1757501599052 120.73371895016719 180
1757501599063 120.53430286068557 181
1757501599073 120.3352829033306 182
1757501599084 120.13665826735266 183
1757501599095 119.93842814371189 184
1757501599106 119.74059172507809 185
1757501599117 119.54314820582117 186
1757501599128 119.34609678201436 187
1757501599138 119.14943665142339 188
1757501599149 118.95316701350885 189
1757501599160 118.75728706941906 190
1757501599170 118.56179602198675 191
1757501599181 118.36669307572762 192
1757501599192 118.17197743683182 193
1757501599203 117.97764831316725 194
1757501599214 117.78370491426888 195
1757501599225 117.59014645133996 196
1757501599236 117.39697213724638 197
1757501599247 117.20418118651526 198
1757501599258 117.01177281532553 199
1757501599269 116.81974624151192 200
1757501599280 116.62810068455529 201
1757501599291 116.43683536558423 202
1757501599302 116.2459495073661 203
1757501599313 116.05544233430768 204
1757501599324 115.86531307244879 205
1757501599336 115.67556094946139 206
1757501599347 115.48618519464362 207
1757501599358 115.29718503891752 208
1757501599369 115.10855971482614 209
1757501599380 114.9203084565268 210
1757501599391 114.73243049979348 211
1757501599402 114.54492508200504 212
1757501599412 114.35779144215103 213
1757501599426 114.1710288208203 214
1757501599438 113.98463646020235 215
1757501599449 113.79861360408174 216
1757501599460 113.61295949783582 217
1757501599471 113.42767338842931 218
1757501599482 113.24275452441321 219
1757501599494 113.05820215592027 220
1757501599505 112.87401553466115 221
1757501599517 112.6901939139214 222
1757501599528 112.50673654855798 223
1757501599539 112.32364269499631 224
1757501599550 112.14091161122614 225
1757501599561 111.95854255679933 226
1757501599572 111.77653479282391 227
1757501599583 111.59488758196332 228
1757501599595 111.41360018843277 229
1757501599612 111.23267187799382 230
1757501599640 111.05210191795392 231
1757501599652 110.87188957715998 232
1757501599664 110.69203412599694 233
1757501599675 110.51253483638533 234
1757501599688 110.33339098177521 235
1757501599699 110.15460183714488 236
1757501599711 109.97616667899736 237
1757501599723 109.79808478535556 238
1757501599734 109.62035543576103 239
1757501599746 109.44297791126975 240
1757501599757 109.26595149444876 241
1757501599768 109.08927546937359 242
1757501599779 108.91294912162107 243
1757501599790 108.73697173827479 244
1757501599801 108.56134260791238 245
1757501599813 108.38606102060763 246
1757501599825 108.21112626792547 247
1757501599837 108.03653764292032 248
1757501599849 107.86229444012972 249
1757501599861 107.68839595557499 250
1757501599873 107.51484148675534 251
1757501599884 107.34163033264508 252
1757501599896 107.16876179369189 253
1757501599908 106.99623517181129 254
1757501599920 106.82404977038648 255
1757501599931 106.65220489426025 256
1757501599942 106.48069984973763 257
1757501599954 106.30953394457974 258
1757501599965 106.13870648799997 259
1757501599977 105.96821679066257 260
1757501599988 105.79806416467729 261
1757501600000 105.62824792360082 262
1757501600012 105.458767382427 263
1757501600024 105.28962185758867 264
1757501600035 105.12081066695357 265
1757501600047 104.9523331298198 266
1757501600058 104.78418856691464 267
1757501600070 104.61637630038977 268
1757501600081 104.44889565381881 269
1757501600092 104.28174595219599 270
1757501600104 104.11492652192898 271
1757501600116 103.94843669083947 272
1757501600128 103.78227578815893 273
1757501600139 103.61644314452549 274
1757501600151 103.4509380919816 275
1757501600162 103.28575996396823 276
1757501600174 103.1209080953262 277
1757501600185 102.95638182229013 278
1757501600197 102.79218048248555 279
1757501600208 102.62830341492783 280
1757501600219 102.46474996001581 281
1757501600231 102.301519459533 282
1757501600243 102.13861125664204 283
1757501600255 101.97602469588008 284
1757501600266 101.81375912316093 285
1757501600278 101.6518138857667 286
1757501600290 101.49018833234858 287
1757501600301 101.32888181292051 288
1757501600313 101.16789367886054 289
1757501600325 101.00722328290396 290
1757501600337 100.84686997914223 291
1757501600348 100.68683312301975 292
1757501600360 100.52711207133142 293
1757501600371 100.36770618221851 294
1757501600383 100.20861481516633 295
1757501600394 100.04983733100183 296
1757501600406 99.89137309189033 297
1757501600417 99.7332214613328 298
1757501600429 99.57538180416263 299
1757501600441 99.41785348654167 300
1757501600453 99.26063587596008 301
1757501600464 99.10372834123199 302
1757501600476 98.94713025249249 303
1757501600488 98.7908409811935 304
1757501600500 98.63485990010412 305
1757501600513 98.4791863833049 306
1757501600536 98.32381980618635 307
1757501600550 98.16875954544673 308
1757501600562 98.01400497908686 309
1757501600574 97.85955548640942 310
1757501600586 97.70541044801605 311
1757501600598 97.55156924580342 312
1757501600610 97.39803126296141 313
1757501600623 97.24479588396875 314
1757501600635 97.09186249459368 315
1757501600647 96.93923048188712 316
1757501600658 96.7868992341813 317
1757501600670 96.63486814108951 318
1757501600682 96.48313659349846 319
1757501600694 96.331703983571 320
1757501600706 96.18056970473958 321
1757501600718 96.02973315170294 322
1757501600730 95.87919372042843 323
1757501600742 95.72895080814176 324
1757501600754 95.57900381333162 325
1757501600766 95.42935213574248 326
1757501600778 95.27999517637352 327
1757501600790 95.13093233747436 328
1757501600802 94.98216302254524 329
1757501600814 94.83368663633146 330
1757501600826 94.68550258482192 331
1757501600838 94.53761027524753 332
1757501600850 94.39000911607468 333
1757501600862 94.24269851700792 334
1757501600874 94.09567788898438 335
1757501600886 93.94894664416957 336
1757501600897 93.8025041959585 337
1757501600909 93.65634995896893 338
1757501600922 93.51048334904371 339
1757501600933 93.36490378324268 340
1757501600945 93.21961067984367 341
1757501600958 93.07460345833908 342
1757501600970 92.92988153943226 343
1757501600981 92.78544434503766 344
1757501600993 92.64129129827354 345
1757501601005 92.49742182346382 346
1757501601018 92.35383534613301 347
1757501601030 92.21053129300459 348
1757501601042 92.06750909199866 349
1757501601054 91.92476817222888 350
1757501601066 91.78230796399866 351
1757501601079 91.64012789880054 352
1757501601091 91.49822740931437 353
1757501601104 91.35660592940107 354
1757501601116 91.21526289410366 355
1757501601129 91.07419773964358 356
1757501601141 90.93340990341702 357
1757501601154 90.79289882399333 358
1757501601166 90.65266394111431 359
1757501601178 90.51270469568772 360
1757501601190 90.3730205297884 361
1757501601202 90.2336108866534 362
1757501601214 90.09447521068115 363
1757501601227 89.95561294742718 364
1757501601240 89.81702354360323 365
1757501601252 89.67870644707544 366
1757501601264 89.54066110685746 367
1757501601277 89.40288697311419 368
1757501601289 89.26538349715572 369
1757501601302 89.1281501314331 370
1757501601314 88.99118632954102 371
1757501601327 88.85449154621156 372
1757501601340 88.71806523731135 373
1757501601352 88.58190685984178 374
1757501601364 88.44601587193613 375
1757501601377 88.31039173285335 376
1757501601389 88.1750339029824 377
1757501601401 88.03994184383268 378
1757501601413 87.90511501803661 379
1757501601425 87.77055288934456 380
1757501601438 87.6362549226247 381
1757501601450 87.50222058385808 382
1757501601463 87.36844934013781 383
1757501601475 87.23494065966699 384
1757501601487 87.10169401175516 385
1757501601499 86.96870886681523 386
1757501601512 86.83598469636553 387
1757501601524 86.7035209730202 388
1757501601537 86.5713171704939 389
1757501601549 86.43937276359505 390
1757501601562 86.3076872282247 391
1757501601574 86.17626004137499 392
1757501601586 86.04509068112586 393
1757501601599 85.91417862664292 394
1757501601612 85.78352335817543 395
1757501601624 85.65312435705339 396
1757501601637 85.52298110568563 397
1757501601650 85.39309308755753 398
1757501601663 85.26345978722894 399
1757501601675 85.13408069033018 400
1757501601688 85.0049552835633 401
1757501601701 84.87608305469506 402
1757501601714 84.74746349255969 403
1757501601727 84.61909608705248 404
1757501601739 84.49098032912892 405
1757501601752 84.36311571080377 406
1757501601765 84.23550172514724 407
1757501601777 84.10813786628206 408
1757501601790 83.98102362938411 409
1757501601803 83.85415851067684 410
1757501601815 83.72754200743054 411
1757501601827 83.60117361796142 412
1757501601840 83.47505284162683 413
1757501601853 83.3491791788242 414
1757501601865 83.2235521309894 415
1757501601878 83.09817120059365 416
1757501601890 82.97303589114182 417
1757501601903 82.8481457071701 418
1757501601915 82.72350015424193 419
1757501601928 82.59909873895091 420
1757501601940 82.47494096891138 421
1757501601953 82.35102635276364 422
1757501601965 82.22735440016594 423
1757501601978 82.10392462179486 424
1757501601991 81.98073652934339 425
1757501602004 81.85778963551748 426
1757501602018 81.7350834540364 427
1757501602031 81.61261749962593 428
1757501602044 81.49039128802042 429
1757501602057 81.36840433596035 430
1757501602069 81.24665616118726 431
1757501602082 81.12514628244433 432
1757501602095 81.00387421947285 433
1757501602108 80.88283949301055 434
1757501602121 80.76204162479053 435
1757501602133 80.64148013753608 436
1757501602147 80.52115455496313 437
1757501602159 80.40106440177252 438
1757501602172 80.2812092036535 439
1757501602185 80.16158848727771 440
1757501602198 80.0422017802991 441
1757501602210 79.92304861134953 442
1757501602223 79.80412851004057 443
1757501602236 79.68544100695748 444
1757501602249 79.5669856336592 445
1757501602262 79.44876192267569 446
1757501602284 79.33076940750702 447
1757501602298 79.21300762261868 448
1757501602312 79.09547610344183 449
1757501602327 78.97817438637036 450
1757501602341 78.86110200875912 451
1757501602354 78.74425850892197 452
1757501602367 78.62764342612934 453
1757501602380 78.51125630060528 454
1757501602393 78.39509667352797 455
1757501602406 78.27916408702562 456
1757501602419 78.16345808417448 457
1757501602431 78.04797820899813 458
1757501602444 77.93272400646401 459
1757501602458 77.81769502248225 460
1757501602471 77.70289080390414 461
1757501602483 77.5883108985183 462
1757501602496 77.47395485505044 463
1757501602513 77.35982222316025 464
1757501602527 77.24591255344089 465
1757501602539 77.13222539741425 466
1757501602553 77.01876030753341 467
1757501602566 76.90551683717538 468
1757501602579 76.79249454064282 469
1757501602591 76.67969297316044 470
1757501602605 76.56711169087407 471
1757501602618 76.4547502508478 472
1757501602630 76.3426082110631 473
1757501602643 76.23068513041535 474
1757501602657 76.11898056871205 475
1757501602670 76.00749408667335 476
1757501602682 75.89622524592639 477
1757501602695 75.78517360900709 478
1757501602708 75.67433873935448 479
1757501602721 75.56372020131177 480
1757501602734 75.45331756012288 481
1757501602748 75.34313038193129 482
1757501602761 75.2331582337772 483
1757501602774 75.1234006835966 484
1757501602787 75.01385730021892 485
1757501602800 74.90452765336497 486
1757501602813 74.79541131364539 487
1757501602826 74.68650785255844 488
1757501602839 74.5778168424885 489
1757501602852 74.46933785670313 490
1757501602865 74.3610704693528 491
1757501602879 74.2530142554684 492
1757501602892 74.1451687909578 493
1757501602904 74.03753365260712 494
1757501602917 73.93010841807552 495
1757501602930 73.82289266589585 496
1757501602944 73.71588597547105 497
1757501602957 73.60908792707495 498
1757501602971 73.5024981018451 499
