1757517910933 171.3426507953035 0
1757517910941 170.7012921914637 1
1757517910950 170.06242473473267 2
1757517910959 169.42603868529181 3
1757517910968 168.79212434152842 4
1757517910977 168.16067203989212 5
1757517910985 167.53167215474096 6
1757517910994 166.90511509819575 7
1757517911002 166.2809913199885 8
1757517911011 165.65929130731703 9
1757517911020 165.04000558469588 10
1757517911029 164.42312471381064 11
1757517911037 163.8086392933709 12
1757517911046 163.1965399589679 13
1757517911054 162.58681738292367 14
1757517911063 161.9794622741525 15
1757517911072 161.3744653780124 16
1757517911080 160.771817476167 17
1757517911089 160.17150938643778 18
1757517911098 159.57353196266436 19
1757517911106 158.97787609456282 20
1757517911115 158.38453270758572 21
1757517911124 157.7934927627781 22
1757517911134 157.20474725664084 23
1757517911143 156.6182872209915 24
1757517911151 156.03410372282252 25
1757517911160 155.45218786416606 26
1757517911169 154.87253078195437 27
1757517911178 154.29512364788397 28
1757517911186 153.71995766827683 29
1757517911195 153.14702408394768 30
1757517911204 152.57631417006402 31
1757517911213 152.00781923601542 32
1757517911221 151.44153062527698 33
1757517911230 150.8774397152748 34
1757517911239 150.31553791725364 35
1757517911247 149.75581667614324 36
1757517911256 149.19826747042734 37
1757517911265 148.64288181200936 38
1757517911274 148.08965124608292 39
1757517911282 147.53856735100058 40
1757517911291 146.98962173814454 41
1757517911300 146.44280605179253 42
1757517911309 145.89811196899578 43
1757517911317 145.3555311994443 44
1757517911326 144.8150554853391 45
1757517911335 144.27667660126758 46
1757517911343 143.7403863540737 47
1757517911352 143.2061765827337 48
1757517911361 142.67403915822382 49
1757517911370 142.14396598340304 50
1757517911379 141.6159489928816 51
1757517911388 141.08998015289853 52
1757517911396 140.56605146119605 53
1757517911405 140.04415494689874 54
1757517911415 139.52428267038545 55
1757517911424 139.00642672317062 56
1757517911433 138.49057922778147 57
1757517911442 137.9767323376318 58
1757517911450 137.4648782369073 59
1757517911459 136.9550091404392 60
1757517911468 136.44711729358716 61
1757517911477 135.94119497211693 62
1757517911486 135.43723448208107 63
1757517911494 134.9352281597033 64
1757517911503 134.43516837125614 65
1757517911512 133.93704751294334 66
1757517911521 133.44085801078288 67
1757517911530 132.9465923204908 68
1757517911539 132.4542429273652 69
1757517911548 131.96380234616424 70
1757517911557 131.47526312099882 71
1757517911566 130.98861782520999 72
1757517911575 130.50385906125763 73
1757517911583 130.0209794606074 74
1757517911592 129.53997168361158 75
1757517911601 129.0608284194018 76
1757517911610 128.58354238577067 77
1757517911619 128.10810632906296 78
1757517911628 127.63451302406052 79
1757517911637 127.16275527387336 80
1757517911647 126.69282590982598 81
1757517911656 126.22471779134568 82
1757517911665 125.7584238058577 83
1757517911675 125.29393686866814 84
1757517911684 124.83124992285924 85
1757517911693 124.37035593917695 86
1757517911702 123.91124791592554 87
1757517911711 123.45391887885641 88
1757517911720 122.99836188106237 89
1757517911729 122.54457000286905 90
1757517911738 122.09253635172792 91
1757517911747 121.64225406210991 92
1757517911756 121.19371629539884 93
1757517911765 120.74691623978741 94
1757517911774 120.30184711016996 95
1757517911783 119.85850214803685 96
1757517911792 119.41687462137355 97
1757517911801 118.9769578245522 98
1757517911811 118.53874507823163 99
1757517911820 118.10222972925091 100
1757517911829 117.66740515053009 101
1757517911838 117.23426474096232 102
1757517911847 116.80280192531882 103
1757517911856 116.37301015414106 104
1757517911866 115.94488290364265 105
1757517911875 115.51841367560789 106
1757517911884 115.09359599729164 107
1757517911893 114.67042342131876 108
1757517911902 114.24888952558256 109
1757517911911 113.8289879131497 110
1757517911921 113.41071221215817 111
1757517911930 112.9940560757205 112
1757517911939 112.57901318182377 113
1757517911949 112.16557723323245 114
1757517911958 111.75374195739327 115
1757517911967 111.34350110633515 116
1757517911976 110.93484845657471 117
1757517911986 110.52777780901852 118
1757517911995 110.12228298886865 119
1757517912004 109.718357845527 120
1757517912014 109.31599625249925 121
1757517912023 108.91519210730037 122
1757517912032 108.5159393313626 123
1757517912041 108.11823186993786 124
1757517912050 107.72206369200653 125
1757517912060 107.32742879018437 126
1757517912069 106.93432118062704 127
1757517912078 106.5427349029416 128
1757517912087 106.15266402009101 129
1757517912096 105.76410261830392 130
1757517912106 105.3770448069846 131
1757517912115 104.9914847186174 132
1757517912125 104.60741650868181 133
1757517912134 104.22483435555702 134
1757517912146 103.84373246043674 135
1757517912156 103.46410504723515 136
1757517912165 103.08594636250032 137
1757517912175 102.70925067532477 138
1757517912184 102.33401227725629 139
1757517912193 101.96022548221043 140
1757517912203 101.5878846263824 141
1757517912212 101.21698406816063 142
1757517912221 100.84751818803655 143
1757517912231 100.47948138852054 144
1757517912240 100.11286809405529 145
1757517912249 99.74767275092793 146
1757517912259 99.38388982718678 147
1757517912268 99.02151381255206 148
1757517912277 98.66053921833542 149
1757517912287 98.30096057735186 150
1757517912296 97.9427724438355 151
1757517912306 97.58596939335794 152
1757517912328 97.23054602274053 153
1757517912342 96.87649694997462 154
1757517912352 96.52381681413576 155
1757517912361 96.17250027530332 156
1757517912371 95.82254201447512 157
1757517912381 95.47393673348772 158
1757517912390 95.12667915493326 159
1757517912399 94.78076402207884 160
1757517912409 94.43618609878385 161
1757517912418 94.09294016942086 162
1757517912429 93.75102103879362 163
1757517912438 93.41042353205769 164
1757517912448 93.07114249464044 165
1757517912457 92.73317279216148 166
1757517912467 92.3965093103516 167
1757517912477 92.06114695497689 168
1757517912486 91.72708065175793 169
1757517912496 91.39430534629224 170
1757517912505 91.06281600397479 171
1757517912515 90.7326076099229 172
1757517912525 90.40367516889602 173
1757517912535 90.07601370522059 174
1757517912545 89.74961826271237 175
1757517912555 89.42448390459876 176
1757517912564 89.10060571344609 177
1757517912574 88.77797879107877 178
1757517912584 88.45659825850917 179
1757517912593 88.13645925585637 180
1757517912603 87.81755694227515 181
1757517912613 87.4998864958813 182
1757517912622 87.18344311367512 183
1757517912633 86.86822201146767 184
1757517912643 86.55421842380811 185
1757517912652 86.24142760390916 186
1757517912662 85.92984482357461 187
1757517912672 85.61946537312474 188
1757517912682 85.31028456132547 189
1757517912691 85.0022977153149 190
1757517912701 84.69550018053084 191
1757517912710 84.38988732064051 192
1757517912720 84.08545451746636 193
1757517912730 83.78219717091812 194
1757517912740 83.48011069891882 195
1757517912749 83.17919053733529 196
1757517912759 82.8794321399082 197
1757517912769 82.58083097818022 198
1757517912779 82.28338254142852 199
1757517912788 81.98708233659256 200
1757517912798 81.69192588820769 201
1757517912807 81.39790873833242 202
1757517912817 81.10502644648275 203
1757517912827 80.81327458956238 204
1757517912837 80.52264876179365 205
1757517912847 80.2331445746508 206
1757517912857 79.94475765679263 207
1757517912869 79.65748365399297 208
1757517912879 79.3713182290752 209
1757517912889 79.0862570618453 210
1757517912899 78.80229584902376 211
1757517912909 78.5194303041807 212
1757517912918 78.2376561576685 213
1757517912928 77.9569691565579 214
1757517912938 77.6773650645695 215
1757517912948 77.39883966201056 216
1757517912958 77.12138874570807 217
1757517912968 76.8450081289478 218
1757517912978 76.56969364140322 219
1757517912988 76.29544112907796 220
1757517912998 76.02224645423627 221
1757517913007 75.75010549534305 222
1757517913017 75.47901414699749 223
1757517913027 75.20896831987196 224
1757517913037 74.9399639406475 225
1757517913047 74.67199695195005 226
1757517913057 74.4050633122916 227
1757517913066 74.13915899600268 228
1757517913076 73.87427999317534 229
1757517913086 73.61042230959639 230
1757517913096 73.34758196669097 231
1757517913106 73.08575500145636 232
1757517913116 72.82493746640358 233
1757517913126 72.56512542949544 234
1757517913138 72.3063149740875 235
1757517913149 72.04850219886501 236
1757517913165 71.79168321778525 237
1757517913175 71.53585416001512 238
1757517913186 71.28101116987426 239
1757517913196 71.02715040677303 240
1757517913206 70.77426804515511 241
1757517913216 70.52236027443647 242
1757517913226 70.27142329894953 243
1757517913236 70.02145333788147 244
1757517913246 69.7724466252181 245
1757517913256 69.52439940968493 246
1757517913266 69.27730795468865 247
1757517913277 69.03116853826185 248
1757517913287 68.78597745300195 249
1757517913297 68.5417310060181 250
1757517913307 68.29842551887077 251
1757517913317 68.05605732751714 252
1757517913328 67.81462278225402 253
1757517913338 67.57411824766088 254
1757517913348 67.33454010254442 255
1757517913358 67.0958847398833 256
1757517913368 66.8581485667712 257
1757517913378 66.6213280043629 258
1757517913388 66.38541948781756 259
1757517913398 66.15041946624459 260
1757517913408 65.91632440264925 261
1757517913418 65.68313077387658 262
1757517913428 65.45083507055962 263
1757517913439 65.21943379706326 264
1757517913449 64.98892347143001 265
1757517913460 64.75930062532824 266
1757517913470 64.53056180399766 267
1757517913480 64.30270356619548 268
1757517913490 64.07572248414455 269
1757517913500 63.849615143479596 270
1757517913511 63.62437814319477 271
1757517913521 63.40000809559098 272
1757517913531 63.17650162622566 273
1757517913541 62.953855373857216 274
1757517913551 62.732065990395846 275
1757517913562 62.511130140852295 276
1757517913572 62.29104450328287 277
1757517913582 62.07180576874319 278
1757517913593 61.85341064123279 279
1757517913603 61.63585583764779 280
1757517913613 61.4191380877278 281
1757517913623 61.203254134006464 282
1757517913634 60.988200731761836 283
1757517913644 60.773974648964696 284
1757517913654 60.560572666231025 285
1757517913664 60.347991576770326 286
1757517913674 60.13622818633724 287
1757517913684 59.925279313182386 288
1757517913695 59.715141788001986 289
1757517913705 59.50581245389242 290
1757517913715 59.2972881662968 291
1757517913726 59.089565792959675 292
1757517913737 58.88264221387861 293
1757517913748 58.676514321255226 294
1757517913758 58.47117901944773 295
1757517913769 58.26663322492261 296
1757517913779 58.06287386620826 297
1757517913789 57.859897883846784 298
1757517913799 57.657702230346885 299
1757517913810 57.45628387013698 300
1757517913820 57.25563977951921 301
1757517913830 57.0557669466215 302
1757517913841 56.856662371352385 303
1757517913851 56.658323065354125 304
1757517913861 56.460746051956356 305
1757517913872 56.26392836613126 306
1757517913882 56.06786705444706 307
1757517913893 55.87255917502264 308
1757517913903 55.67800179748237 309
1757517913914 55.48419200291123 310
1757517913924 55.291126883809106 311
1757517913934 55.0988035440467 312
1757517913945 54.90721909882079 313
1757517913956 54.7163706746095 314
1757517913967 54.526255409128154 315
1757517913977 54.33687045128481 316
1757517913988 54.14821296113837 317
1757517913998 53.96028010985109 318
1757517914009 53.77306907964846 319
1757517914019 53.586577063774996 320
1757517914029 53.40080126644891 321
1757517914040 53.215738902822 322
1757517914050 53.03138719893481 323
1757517914061 52.84774339167486 324
1757517914072 52.6648047287335 325
1757517914082 52.48256846856365 326
1757517914092 52.30103188033841 327
1757517914103 52.12019224390752 328
1757517914113 51.94004684975685 329
1757517914124 51.760592998965585 330
1757517914134 51.58182800316595 331
1757517914145 51.40374918449995 332
1757517914156 51.226353875580145 333
1757517914166 51.049639419447566 334
1757517914177 50.87360316952992 335
1757517914187 50.69824248960358 336
1757517914198 50.52355475374958 337
1757517914208 50.34953734631576 338
1757517914219 50.17618766187534 339
1757517914230 50.00350310518711 340
1757517914241 49.8314810911553 341
1757517914251 49.660119044789916 342
1757517914262 49.489414401167465 343
1757517914273 49.31936460539066 344
1757517914283 49.14996711254966 345
1757517914294 48.98121938768253 346
1757517914305 48.813118905737106 347
1757517914315 48.645663151531146 348
1757517914326 48.478849619713216 349
1757517914337 48.31267581472609 350
1757517914348 48.147139250766216 351
1757517914358 47.98223745174688 352
1757517914369 47.81796795125921 353
1757517914380 47.65432829253447 354
1757517914390 47.49131602840726 355
1757517914401 47.32892872127523 356
1757517914412 47.16716394306542 357
1757517914422 47.00601927519301 358
1757517914433 46.84549230852659 359
1757517914444 46.68558064335005 360
1757517914455 46.52628188932652 361
1757517914465 46.36759366546057 362
1757517914476 46.209513600061904 363
1757517914487 46.05203933070885 364
1757517914498 45.89516850421303 365
1757517914509 45.738898776580896 366
1757517914519 45.58322781298102 367
1757517914530 45.42815328770361 368
1757517914541 45.27367288412944 369
1757517914552 45.119784294690696 370
1757517914564 44.96648522083845 371
1757517914575 44.81377337300352 372
1757517914585 44.6616464705651 373
1757517914596 44.510102241813385 374
1757517914607 44.35913842391498 375
1757517914618 44.20875276287934 376
1757517914629 44.05894301352178 377
1757517914639 43.909706939431445 378
1757517914650 43.76104231293481 379
1757517914661 43.6129469150626 380
1757517914672 43.465418535515845 381
1757517914683 43.318454972631095 382
1757517914703 43.17205403334685 383
1757517914716 43.026213533169546 384
1757517914728 42.88093129614099 385
1757517914741 42.73620515480391 386
1757517914752 42.592032950168495 387
1757517914763 42.44841253167996 388
1757517914774 42.30534175718542 389
1757517914787 42.162818492900136 390
1757517914799 42.02084061337514 391
1757517914812 41.87940600146501 392
1757517914824 41.73851254829506 393
1757517914836 41.59815815322789 394
1757517914847 41.45834072383285 395
1757517914858 41.31905817585262 396
1757517914871 41.180308433171476 397
1757517914882 41.042089427783864 398
1757517914893 40.90439909976123 399
1757517914904 40.76723539722252 400
1757517914915 40.630596276300146 401
1757517914926 40.494479701110876 402
1757517914937 40.35888364372299 403
1757517914948 40.223806084125115 404
1757517914959 40.089245010196656 405
1757517914970 39.95519841767517 406
1757517914982 39.82166431012603 407
1757517914993 39.68864069891296 408
1757517915004 39.55612560316544 409
1757517915015 39.42411704974959 410
1757517915026 39.29261307323764 411
1757517915037 39.16161171587776 412
1757517915049 39.03111102756332 413
1757517915060 38.901109065803624 414
1757517915071 38.77160389569401 415
1757517915082 38.64259358988588 416
1757517915093 38.514076228556874 417
1757517915104 38.38604989938205 418
1757517915115 38.258512697503946 419
1757517915126 38.13146272550313 420
1757517915137 38.00489809336976 421
1757517915149 37.87881691847427 422
1757517915160 37.753217325537555 423
1757517915171 37.62809744660353 424
1757517915182 37.50345542101005 425
1757517915193 37.37928939535923 426
1757517915204 37.25559752349039 427
1757517915215 37.13237796645119 428
1757517915227 37.00962889246898 429
1757517915238 36.88734847692328 430
1757517915249 36.76553490231706 431
1757517915260 36.6441863582498 432
1757517915272 36.52330104138843 433
1757517915283 36.402877155440805 434
1757517915294 36.28291291112709 435
1757517915305 36.16340652615341 436
1757517915317 36.044356225183236 437
1757517915328 35.925760239811204 438
1757517915339 35.80761680853511 439
1757517915350 35.689924176729264 440
1757517915362 35.57268059661778 441
1757517915373 35.455884327246785 442
1757517915385 35.3395336344594 443
1757517915396 35.22362679086666 444
1757517915407 35.10816207582353 445
1757517915418 34.993137775400974 446
1757517915429 34.878552182359336 447
1757517915441 34.76440359612374 448
1757517915452 34.6506903227566 449
1757517915463 34.537410674931905 450
1757517915475 34.4245629719092 451
1757517915486 34.31214553950832 452
1757517915498 34.200156710083505 453
1757517915509 34.08859482249752 454
1757517915521 33.977458222095756 455
1757517915532 33.8667452606818 456
1757517915543 33.75645429649192 457
1757517915557 33.64658369416898 458
1757517915569 33.53713182473849 459
1757517915580 33.42809706558269 460
1757517915592 33.31947780041641 461
1757517915603 33.21127241926136 462
1757517915615 33.10347931842259 463
1757517915626 32.99609690046222 464
1757517915637 32.88912357417727 465
1757517915648 32.782557754572515 466
1757517915660 32.67639786283821 467
1757517915671 32.57064232632531 468
1757517915683 32.465289578520895 469
1757517915694 32.3603380590241 470
1757517915705 32.25578621352314 471
1757517915717 32.15163249377038 472
1757517915728 32.0478753575593 473
1757517915740 31.944513268699872 474
1757517915751 31.841544696996564 475
1757517915763 31.73896811822301 476
1757517915774 31.636782014100124 477
1757517915786 31.53498487227205 478
1757517915798 31.433575186283335 479
1757517915810 31.332551455555066 480
1757517915822 31.231912185362944 481
1757517915834 31.13165588681352 482
1757517915846 31.03178107682137 483
1757517915857 30.932286278087258 484
1757517915869 30.83317001907393 485
1757517915881 30.734430833985265 486
1757517915892 30.6360672627425 487
1757517915904 30.538077850962097 488
1757517915915 30.440461149934023 489
1757517915927 30.343215716598866 490
1757517915939 30.246340113525946 491
1757517915950 30.14983290889127 492
1757517915962 30.053692676455555 493
1757517915974 29.957917995542335 494
1757517915986 29.86250745101631 495
1757517915997 29.767459633261268 496
1757517916009 29.672773138159066 497
1757517916021 29.578446567067587 498
1757517916032 29.484478526799034 499
