1757594472363 168.3928910309402 0
1757594472372 162.14348423020894 1
1757594472380 150.72461224145806 2
1757594472388 135.44851281674775 3
1757594472397 117.71277303540077 4
1757594472405 98.87552492777385 5
1757594472413 80.15780835305684 6
1757594472422 62.57515398323747 7
1757594472430 46.89787676803546 8
1757594472439 33.637531341290995 9
1757594472447 23.055518719722954 10
1757594472456 15.18894829217443 11
1757594472464 9.888507274137643 12
1757594472473 6.8631965330802895 13
1757594472481 5.727261895798627 14
1757594472490 6.045379489212195 15
1757594472498 7.373038491637489 16
1757594472507 9.290009134550049 17
1757594472515 11.425705885907384 18
1757594472524 13.476090731080062 19
1757594472532 15.212463455604194 20
1757594472541 16.48302763476156 21
1757594472549 17.208492638922756 22
1757594472558 17.373178022991784 23
1757594472566 17.013143357093334 24
1757594472575 16.202798162047745 25
1757594472583 15.041282171830858 26
1757594472592 13.63967635426954 27
1757594472600 12.109839721593367 28
1757594472609 10.555392688116438 29
1757594472618 9.065106876844153 30
1757594472626 7.708730866641708 31
1757594472635 6.5350928924590015 32
1757594472643 5.572181102769823 33
1757594472652 4.828810994060449 34
1757594472660 4.297445460869886 35
1757594472669 3.9577298824044456 36
1757594472678 3.78033515641284 37
1757594472686 3.7307568748769273 38
1757594472695 3.7727900022312975 39
1757594472703 3.8714770629878767 40
1757594472712 3.99540661410269 41
1757594472721 4.118311709276068 42
1757594472730 4.219980778796657 43
1757594472739 4.286543078498021 44
1757594472748 4.31022634301779 45
1757594472758 4.288705565662102 46
1757594472768 4.224170033698448 47
1757594472777 4.122232761182167 48
1757594472786 3.990794652093293 49
1757594472795 3.838957677336234 50
1757594472803 3.676059619512143 51
1757594472812 3.51087987688236 52
1757594472821 3.3510434216616742 53
1757594472830 3.202629843999346 54
1757594472839 3.0699775797518387 55
1757594472848 2.955660553776232 56
1757594472857 2.8606057858536653 57
1757594472865 2.7843158611825163 58
1757594472874 2.725159141185047 59
1757594472883 2.680692569392638 60
1757594472891 2.6479861876789768 61
1757594472900 2.623924262066946 62
1757594472909 2.6054644962561246 63
1757594472918 2.589843535374091 64
1757594472927 2.574723295696443 65
1757594472935 2.558278193635429 66
1757594472944 2.5392278219697952 67
1757594472953 2.5168228972491122 68
1757594472961 2.490794360304467 69
1757594472970 2.4612764283849624 70
1757594472979 2.428714320906725 71
1757594472987 2.3937665063000892 72
1757594472996 2.357209863281295 73
1757594473005 2.3198543366172535 74
1757594473014 2.282471700788167 75
1757594473023 2.245741102994962 76
1757594473032 2.210212282016098 77
1757594473041 2.1762858540625927 78
1757594473050 2.144208883652108 79
1757594473058 2.11408314220003 80
1757594473067 2.0858829931456273 81
1757594473076 2.0594796982533756 82
1757594473085 2.0346690653637043 83
1757594473094 2.011199692502692 84
1757594473102 1.9887995418435411 85
1757594473111 1.967199135969486 86
1757594473120 1.9461502506573198 87
1757594473128 1.9254395346384645 88
1757594473137 1.9048969802760298 89
1757594473146 1.8843995744247395 90
1757594473155 1.8638707620082777 91
1757594473164 1.8432765525134436 92
1757594473173 1.822619196780398 93
1757594473182 1.8019293699069028 94
1757594473191 1.7812577320085599 95
1757594473200 1.7606666206136712 96
1757594473209 1.7402224757860385 97
1757594473218 1.719989429814033 98
1757594473227 1.7000243234369206 99
1757594473236 1.6803732530756625 100
1757594473244 1.661069617970763 101
1757594473253 1.6421335286048035 102
1757594473262 1.6235723611218085 103
1757594473271 1.6053821966037902 104
1757594473280 1.587549866653951 105
1757594473289 1.570055333697468 106
1757594473298 1.5528741605998273 107
1757594473307 1.5359798639974727 108
1757594473316 1.5193459935509444 109
1757594473325 1.5029478300313162 110
1757594473424 1.4867636443576546 111
1757594473434 1.4707755039781891 112
1757594473443 1.4549696499165174 113
1757594473452 1.439336495984836 114
1757594473461 1.423870320622227 115
1757594473470 1.4085687318595814 116
1757594473479 1.393431987968506 117
1757594473489 1.3784622517740734 118
1757594473498 1.363662846998914 119
1757594473506 1.3490375720363241 120
1757594473515 1.3345901118356926 121
1757594473524 1.3203235735654895 122
1757594473533 1.306240157588114 123
1757594473543 1.292340962936224 124
1757594473552 1.2786259165172744 125
1757594473561 1.2650938079934202 126
1757594473570 1.2517424077322372 127
1757594473581 1.2385686432283471 128
1757594473592 1.2255688096265656 129
1757594473601 1.2127387919970638 130
1757594473610 1.2000742803331883 131
1757594473619 1.1875709623689255 132
1757594473629 1.1752246837826783 133
1757594473638 1.1630315697673808 134
1757594473647 1.1509881059816562 135
1757594473656 1.1390911803218915 136
1757594473665 1.1273380896278025 137
1757594473674 1.1157265172949709 138
1757594473684 1.1042544888307353 139
1757594473693 1.0929203127249898 140
1757594473702 1.0817225137264421 141
1757594473712 1.0706597648554608 142
1757594473722 1.0597308233937979 143
1757594473731 1.048934474812842 144
1757594473740 1.0382694872680067 145
1757594473749 1.0277345780065765 146
1757594473759 1.0173283918967062 147
1757594473768 1.0070494913443426 148
1757594473777 0.9968963561561475 149
1757594473787 0.9868673914387329 150
1757594473796 0.9769609413879785 151
1757594473806 0.9671753067900788 152
1757594473815 0.9575087641927261 153
1757594473825 0.9479595849679293 154
1757594473834 0.9385260528342744 155
1757594473844 0.9292064787935381 156
1757594473854 0.9199992128289604 157
1757594473863 0.9109026520785313 158
1757594473872 0.901915245515265 159
1757594473882 0.893035495421484 160
1757594473891 0.8842619561299189 161
1757594473900 0.875593230619109 162
1757594473910 0.8670279655996781 163
1757594473919 0.8585648457202882 164
1757594473928 0.8502025874686117 165
1757594473938 0.8419399332563902 166
1757594473947 0.8337756460712716 167
1757594473956 0.8257085049631894 168
1757594473966 0.8177373015202036 169
1757594473975 0.8098608373855385 170
1757594473985 0.8020779227803969 171
1757594473994 0.7943873759290719 172
1757594474003 0.7867880232355486 173
1757594474013 0.7792787000339884 174
1757594474022 0.7718582517267991 175
1757594474032 0.7645255351311501 176
1757594474041 0.7572794198738713 177
1757594474051 0.7501187897021792 178
1757594474060 0.7430425436097241 179
1757594474070 0.7360495967110892 180
1757594474080 0.7291388808298541 181
1757594474089 0.7223093447939616 182
1757594474099 0.7155599544557207 183
1757594474108 0.7088896924713426 184
1757594474118 0.7022975578868562 185
1757594474127 0.6957825655829116 186
1757594474137 0.6893437456319267 187
1757594474147 0.6829801426177265 188
1757594474156 0.6766908149611497 189
1757594474166 0.6704748342867054 190
1757594474175 0.664331284855742 191
1757594474185 0.6582592630819252 192
1757594474194 0.652257877135872 193
1757594474204 0.6463262466379521 194
1757594474213 0.6404635024320383 195
1757594474223 0.6346687864285255 196
1757594474233 0.6289412515020998 197
1757594474242 0.6232800614286842 198
1757594474252 0.6176843908461815 199
1757594474261 0.6121534252250007 200
1757594474271 0.6066863608364929 201
1757594474281 0.6012824047101241 202
1757594474290 0.5959407745729146 203
1757594474300 0.5906606987675476 204
1757594474309 0.5854414161479683 205
1757594474319 0.5802821759534748 206
1757594474329 0.5751822376638707 207
1757594474338 0.5701408708394008 208
1757594474348 0.565157354949801 209
1757594474357 0.5602309791969622 210
1757594474367 0.5553610423354983 211
1757594474376 0.5505468524950148 212
1757594474386 0.5457877270072274 213
1757594474395 0.5410829922401681 214
1757594474405 0.536431983441051 215
1757594474415 0.5318340445884349 216
1757594474425 0.5272885282537736 217
1757594474435 0.5227947954717314 218
1757594474444 0.5183522156183882 219
1757594474454 0.5139601662960618 220
1757594474464 0.5096180332233797 221
1757594474473 0.505325210129335 222
1757594474483 0.5010810986499461 223
1757594474493 0.4968851082265624 224
1757594474503 0.49273665600485167 225
1757594474512 0.48863516673390284 226
1757594474522 0.4845800726650513 227
1757594474531 0.48057081345023517 228
1757594474541 0.4766068360399151 229
1757594474551 0.4726875945807823 230
1757594474561 0.4688125503134289 231
1757594474571 0.4649811714704232 232
1757594474581 0.4611929331750887 233
1757594474591 0.4574473173413673 234
1757594474600 0.4537438125750504 235
1757594474610 0.45008191407668496 236
1757594474620 0.4464611235462947 237
1757594474630 0.442880949090072 238
1757594474640 0.43934090512906415 239
1757594474650 0.435840512309874 240
1757594474659 0.4323792974173094 241
1757594474669 0.4289567932888558 242
1757594474679 0.42557253873091505 243
1757594474689 0.42222607843659693 244
1757594474699 0.41891696290499775 245
1757594474708 0.4156447483617935 246
1757594474718 0.4124089966810531 247
1757594474728 0.4092092753081662 248
1757594474738 0.40604515718382367 249
1757594474748 0.4029162206689789 250
1757594474757 0.39982204947077105 251
1757594474767 0.3967622325693828 252
1757594474777 0.39373636414584906 253
1757594474787 0.390744043510779 254
1757594474797 0.3877848750340731 255
1757594474807 0.3848584680755709 256
1757594474817 0.3819644369167271 257
1757594474826 0.3791024006932581 258
1757594474839 0.37627198332881595 259
1757594474849 0.3734728134696711 260
1757594474860 0.3707045244204072 261
1757594474869 0.3679667540806108 262
1757594474879 0.36525914488257805 263
1757594474889 0.3625813437299441 264
1757594474900 0.359933001937324 265
1757594474910 0.35731377517083446 266
1757594474920 0.3547233233895464 267
1757594474930 0.35216131078779395 268
1757594474940 0.3496274057383745 269
1757594474950 0.34712128073654736 270
1757594474960 0.344642612344869 271
1757594474970 0.3421910811388182 272
1757594474980 0.33976637165320017 273
1757594474990 0.337368172329305 274
1757594475000 0.33499617546284827 275
1757594475011 0.33265007715261974 276
1757594475021 0.3303295772498872 277
1757594475032 0.3280343793085045 278
1757594475042 0.3257641905357642 279
1757594475052 0.3235187217439055 280
1757594475062 0.321297687302376 281
1757594475072 0.3191008050907378 282
1757594475082 0.31692779645227204 283
1757594475092 0.31477838614826387 284
1757594475102 0.31265230231291896 285
1757594475112 0.3105492764089485 286
1757594475122 0.3084690431838034 287
1757594475133 0.3064113406265132 288
1757594475143 0.30437590992516794 289
1757594475153 0.30236249542499105 290
1757594475163 0.30037084458702074 291
1757594475174 0.2984007079473729 292
1757594475184 0.29645183907710165 293
1757594475194 0.2945239945425845 294
1757594475204 0.29261693386652393 295
1757594475215 0.2907304194894514 296
1757594475225 0.2888642167317978 297
1757594475235 0.2870180937564978 298
1757594475245 0.2851918215321042 299
1757594475256 0.2833851737964292 300
1757594475266 0.28159792702069697 301
1757594475277 0.27982986037419416 302
1757594475287 0.27808075568941537 303
1757594475297 0.27635039742769324 304
1757594475308 0.27463857264531355 305
1757594475329 0.27294507096010484 306
1757594475340 0.2712696845184771 307
1757594475351 0.2696122079629426 308
1757594475361 0.26797243840007307 309
1757594475371 0.26635017536890915 310
1757594475382 0.264745220809797 311
1757594475392 0.2631573790336718 312
1757594475403 0.2615864566917535 313
1757594475413 0.2600322627456714 314
1757594475424 0.2584946084379929 315
1757594475434 0.25697330726315315 316
1757594475444 0.25546817493880536 317
1757594475455 0.2539790293775402 318
1757594475465 0.2525056906590117 319
1757594475475 0.251047981002428 320
1757594475485 0.2496057247394389 321
1757594475496 0.24817874828736916 322
1757594475506 0.24676688012284062 323
1757594475516 0.24536995075574114 324
1757594475526 0.2439877927035465 325
1757594475537 0.24262024046600036 326
1757594475547 0.24126713050012677 327
1757594475558 0.23992830119559638 328
1757594475568 0.23860359285040966 329
1757594475578 0.23729284764692257 330
1757594475589 0.2359959096281882 331
1757594475599 0.23471262467462814 332
1757594475609 0.23344284048099717 333
1757594475620 0.23218640653369058 334
1757594475630 0.23094317408832346 335
1757594475640 0.2297129961476366 336
1757594475651 0.2284957274396836 337
1757594475661 0.22729122439631885 338
1757594475671 0.22609934513196758 339
1757594475682 0.22491994942268806 340
1757594475692 0.22375289868550324 341
1757594475703 0.22259805595801746 342
1757594475714 0.22145528587829857 343
1757594475724 0.22032445466503123 344
1757594475735 0.2192054300979313 345
1757594475746 0.21809808149842638 346
1757594475756 0.21700227971058736 347
1757594475767 0.21591789708231 348
1757594475777 0.21484480744675338 349
1757594475788 0.2137828861040244 350
1757594475799 0.21273200980308996 351
1757594475809 0.21169205672394745 352
1757594475820 0.2106629064600144 353
1757594475830 0.20964444000076288 354
1757594475841 0.20863653971456822 355
1757594475851 0.2076390893317981 356
1757594475862 0.2066519739281105 357
1757594475872 0.20567507990798228 358
1757594475883 0.2047082949884426 359
1757594475893 0.20375150818302531 360
1757594475904 0.20280460978593323 361
1757594475916 0.20186749135640272 362
1757594475926 0.20094004570327623 363
1757594475937 0.20002216686977758 364
1757594475948 0.19911375011847612 365
1757594475958 0.19821469191646168 366
1757594475969 0.19732488992069838 367
1757594475979 0.1964442429635713 368
1757594475990 0.19557265103863128 369
1757594476000 0.1947100152865082 370
1757594476011 0.19385623798101434 371
1757594476022 0.19301122251543223 372
1757594476032 0.19217487338896674 373
1757594476043 0.19134709619338783 374
1757594476053 0.19052779759982888 375
1757594476064 0.1897168853457694 376
1757594476075 0.18891426822217305 377
1757594476086 0.18811985606080162 378
1757594476096 0.18733355972168264 379
1757594476107 0.18655529108074115 380
1757594476118 0.185784963017595 381
1757594476128 0.18502248940349628 382
1757594476139 0.18426778508943395 383
1757594476149 0.18352076589438862 384
1757594476160 0.18278134859373127 385
1757594476171 0.18204945090777713 386
1757594476181 0.1813249914904773 387
1757594476192 0.18060788991826202 388
1757594476203 0.1798980666790225 389
1757594476214 0.1791954431612318 390
1757594476224 0.1784999416432017 391
1757594476235 0.17781148528248059 392
1757594476246 0.17712999810538232 393
1757594476257 0.1764554049966523 394
1757594476268 0.17578763168925188 395
1757594476279 0.1751266047542872 396
1757594476289 0.1744722515910564 397
1757594476300 0.17382450041722158 398
1757594476311 0.17318328025910798 399
1757594476322 0.17254852094212433 400
1757594476333 0.1719201530813009 401
1757594476344 0.1712981080719501 402
1757594476355 0.1706823180804416 403
1757594476366 0.1700727160350977 404
1757594476377 0.16946923561719354 405
1757594476388 0.16887181125207654 406
1757594476399 0.16828037810039803 407
1757594476410 0.16769487204945088 408
1757594476421 0.1671152297046162 409
1757594476431 0.1665413883809148 410
1757594476442 0.16597328609466835 411
1757594476453 0.16541086155526166 412
1757594476464 0.16485405415700552 413
1757594476475 0.16430280397110242 414
1757594476486 0.1637570517377167 415
1757594476497 0.16321673885812912 416
1757594476508 0.16268180738701035 417
1757594476519 0.16215220002476652 418
1757594476530 0.1616278601099933 419
1757594476541 0.1611087316120288 420
1757594476552 0.16059475912357649 421
1757594476563 0.16008588785344469 422
1757594476574 0.15958206361935307 423
1757594476585 0.1590832328408512 424
1757594476597 0.1585893425322975 425
1757594476608 0.158100340295948 426
1757594476619 0.15761617431511685 427
1757594476630 0.1571367933474244 428
1757594476641 0.15666214671812734 429
1757594476651 0.15619218431353304 430
1757594476662 0.15572685657449256 431
1757594476673 0.15526611448997232 432
1757594476684 0.1548099095907044 433
1757594476695 0.1543581939429196 434
1757594476706 0.15391092014214772 435
1757594476717 0.15346804130710343 436
1757594476729 0.15302951107363744 437
1757594476740 0.1525952835887709 438
1757594476751 0.1521653135047929 439
1757594476762 0.151739555973434 440
1757594476773 0.15131796664011496 441
1757594476784 0.15090050163825713 442
1757594476795 0.1504871175836669 443
1757594476806 0.15007777156898466 444
1757594476817 0.14967242115820928 445
1757594476829 0.1492710243812766 446
1757594476840 0.1488735397287134 447
1757594476851 0.14847992614635017 448
1757594476862 0.14809014303010307 449
1757594476873 0.147704150220812 450
1757594476884 0.1473219079991456 451
1757594476895 0.1469433770805698 452
1757594476906 0.14656851861037087 453
1757594476918 0.146197294158739 454
1757594476929 0.14582966571592001 455
1757594476940 0.14546559568740958 456
1757594476951 0.14510504688922427 457
1757594476962 0.14474798254320964 458
1757594476973 0.14439436627242164 459
1757594476984 0.14404416209654955 460
1757594476995 0.14369733442740368 461
1757594477007 0.14335384806445245 462
1757594477018 0.1430136681904148 463
1757594477030 0.142676760366901 464
1757594477041 0.14234309053010935 465
1757594477053 0.1420126249865766 466
1757594477064 0.14168533040897321 467
1757594477075 0.1413611738319499 468
1757594477086 0.141040122648039 469
1757594477100 0.14072214460359625 470
1757594477112 0.1404072077947987 471
1757594477123 0.1400952806636839 472
1757594477135 0.1397863319942406 473
1757594477146 0.1394803309085434 474
1757594477157 0.13917724686293298 475
1757594477168 0.138877049644244 476
1757594477179 0.138579709366075 477
1757594477191 0.13828519646510326 478
1757594477202 0.13799348169744366 479
1757594477213 0.13770453613505193 480
1757594477224 0.13741833116216476 481
1757594477236 0.13713483847179075 482
1757594477247 0.13685403006223282 483
1757594477258 0.13657587823366268 484
1757594477270 0.13630035558472287 485
1757594477281 0.13602743500917983 486
1757594477292 0.13575708969261294 487
1757594477304 0.13548929310913488 488
1757594477315 0.1352240190181662 489
1757594477327 0.13496124146123115 490
1757594477338 0.134700934758803 491
1757594477350 0.1344430735071782 492
1757594477361 0.13418763257539684 493
1757594477373 0.13393458710218512 494
1757594477384 0.1336839124929481 495
1757594477395 0.13343558441678838 496
1757594477407 0.1331895788035638 497
1757594477418 0.1329458718409756 498
1757594477430 0.13270443997169537 499
