1757517880240 166.28714895616622 0
1757517880251 160.13617568787643 1
1757517880261 154.22160841964146 2
1757517880271 148.53429858528224 3
1757517880281 143.06545295212507 4
1757517880292 137.80661978835943 5
1757517880301 132.74967556967144 6
1757517880311 127.88681220411121 7
1757517880320 123.21052475495706 8
1757517880329 118.7135996421628 9
1757517880341 114.38910330368884 10
1757517880351 110.23037129880599 11
1757517880360 106.23099783609379 12
1757517880370 102.384825709585 13
1757517880379 98.68593662712688 14
1757517880388 95.1286419156522 15
1757517880397 91.70747358866004 16
1757517880406 88.4171757617767 17
1757517880415 85.25269640281441 18
1757517880428 82.20917940327944 19
1757517880437 79.28195695879425 20
1757517880448 76.46654224638037 21
1757517880459 73.7586223870206 22
1757517880468 71.1540516823808 23
1757517880478 68.64884511498857 24
1757517880487 66.23917210160033 25
1757517880502 63.92135048987967 26
1757517880511 61.69184078889957 27
1757517880520 59.54724062434419 28
1757517880531 57.48427940965631 29
1757517880540 55.49981322470191 30
1757517880549 53.59081989386329 31
1757517880558 51.75439425578675 32
1757517880568 49.98774361730496 33
1757517880577 48.28818338435962 34
1757517880591 46.65313286302207 35
1757517880600 45.0801112239766 36
1757517880609 43.566733624098475 37
1757517880619 42.11070747900013 38
1757517880628 40.70982888065905 39
1757517880638 39.36197915447615 40
1757517880647 38.06512155032504 41
1757517880656 36.81729806237179 42
1757517880666 35.61662637264774 43
1757517880677 34.461296913547436 44
1757517880694 33.34957004462289 45
1757517880706 32.279773339214124 46
1757517880716 31.250298976640092 47
1757517880724 30.25960123583347 48
1757517880733 29.306194086468825 49
1757517880742 28.388648873784412 50
1757517880751 27.505592093444207 51
1757517880760 26.655703252939546 52
1757517880769 25.83771281615004 53
1757517880778 25.050400227830004 54
1757517880787 24.29259201490567 55
1757517880796 23.56315996158903 56
1757517880805 22.86101935543601 57
1757517880814 22.185127301584114 58
1757517880823 21.534481102513265 59
1757517880833 20.908116700780678 60
1757517880842 20.305107182274586 61
1757517880851 19.72456133763219 62
1757517880860 19.165622279555016 63
1757517880869 18.627466113847294 64
1757517880878 18.10930066208402 65
1757517880887 17.61036423389922 66
1757517880895 17.129924446962914 67
1757517880904 16.66727709278997 68
1757517880913 16.22174504659623 69
1757517880922 15.792677219489267 70
1757517880931 15.379447551343842 71
1757517880940 14.98145404277986 72
1757517880949 14.59811782472123 73
1757517880958 14.22888226407218 74
1757517880968 13.873212104106752 75
1757517880977 13.530592638220282 76
1757517880986 13.200528915744126 77
1757517880995 12.882544978578155 78
1757517881004 12.576183127439956 79
1757517881013 12.281003216580057 80
1757517881022 11.99658197585571 81
1757517881031 11.722512359098532 82
1757517881040 11.458402917754443 83
1757517881049 11.203877198811819 84
1757517881059 10.958573166074682 85
1757517881067 10.722142643872527 86
1757517881077 10.494250782333962 87
1757517881086 10.274575543387256 88
1757517881095 10.06280720668047 89
1757517881104 9.858647894647875 90
1757517881113 9.66181111597835 91
1757517881122 9.472021326769843 92
1757517881131 9.289013508683903 93
1757517881140 9.112532763438377 94
1757517881149 8.942333923003781 95
1757517881158 8.778181174894373 96
1757517881167 8.619847701965238 97
1757517881176 8.467115336154386 98
1757517881186 8.319774225626041 99
1757517881195 8.177622514796447 100
1757517881204 8.040466036740536 101
1757517881213 7.9081180174989845 102
1757517881222 7.780398791824676 103
1757517881231 7.6571355299224635 104
1757517881240 7.538161974757386 105
1757517881249 7.423318189519808 106
1757517881258 7.312450314853892 107
1757517881267 7.205410335470035 108
1757517881277 7.1020558557778495 109
1757517881286 7.002249884188624 110
1757517881295 6.905860625751976 111
1757517881305 6.812761282802461 112
1757517881314 6.722829863306112 113
1757517881323 6.635948996608022 114
1757517881332 6.552005756293543 115
1757517881342 6.470891489888117 116
1757517881351 6.3925016551295375 117
1757517881360 6.316735662559104 118
1757517881370 6.243496724185093 119
1757517881379 6.172691707984904 120
1757517881389 6.104230998018345 121
1757517881398 6.038028359935126 122
1757517881407 5.974000811667474 123
1757517881416 5.91206849910713 124
1757517881426 5.852154576573496 125
1757517881435 5.7941850918870745 126
1757517881445 5.738088875870669 127
1757517881455 5.68379743610599 128
1757517881479 5.631244854781585 129
1757517881489 5.580367690473196 130
1757517881499 5.531104883704739 131
1757517881508 5.4833976661433965 132
1757517881518 5.437189473288217 133
1757517881528 5.392425860517026 134
1757517881537 5.349054422361831 135
1757517881546 5.307024714887839 136
1757517881556 5.266288181055848 137
1757517881565 5.226798078952992 138
1757517881575 5.188509412780603 139
1757517881585 5.151378866493074 140
1757517881594 5.115364739984457 141
1757517881603 5.080426887725338 142
1757517881613 5.046526659754561 143
1757517881622 5.013626844935176 144
1757517881632 4.981691616387089 145
1757517881641 4.9506864790122025 146
1757517881651 4.920578219031677 147
1757517881660 4.8913348554568925 148
1757517881669 4.862925593420424 149
1757517881679 4.835320779294492 150
1757517881689 4.808491857527954 151
1757517881698 4.7824113291363215 152
1757517881707 4.757052711779952 153
1757517881717 4.732390501370004 154
1757517881726 4.708400135142751 155
1757517881736 4.685057956146058 156
1757517881745 4.662341179083216 157
1757517881755 4.640227857462102 158
1757517881764 4.618696851999137 159
1757517881773 4.5977278002299435 160
1757517881783 4.577301087280195 161
1757517881793 4.557397817751748 162
1757517881802 4.537999788681419 163
1757517881812 4.519089463531045 164
1757517881822 4.500649947168879 165
1757517881831 4.482664961804842 166
1757517881842 4.465118823841952 167
1757517881851 4.447996421609813 168
1757517881861 4.431283193945348 169
1757517881871 4.4149651095887865 170
1757517881881 4.39902864736314 171
1757517881891 4.383460777107577 172
1757517881901 4.368248941335244 173
1757517881910 4.353381037588128 174
1757517881920 4.338845401461754 175
1757517881930 4.3246307902745516 176
1757517881939 4.3107263673567076 177
1757517881949 4.2971216869349815 178
1757517881960 4.28380667959048 179
1757517881970 4.270771638267608 180
1757517881979 4.258007204812974 181
1757517881989 4.245504357023773 182
1757517881999 4.233254396186536 183
1757517882009 4.221248935087091 184
1757517882019 4.209479886473939 185
1757517882029 4.197939451957398 186
1757517882039 4.186620111328301 187
1757517882049 4.175514612279684 188
1757517882060 4.164615960516679 189
1757517882071 4.153917410238912 190
1757517882081 4.143412454981989 191
1757517882091 4.1330948188041114 192
1757517882102 4.122958447804226 193
1757517882113 4.11299750195975 194
1757517882123 4.103206347270938 195
1757517882134 4.093579548201003 196
1757517882144 4.084111860399918 197
1757517882154 4.074798223701551 198
1757517882164 4.065633755383756 199
1757517882174 4.056613743681074 200
1757517882185 4.047733641540692 201
1757517882195 4.038989060612318 202
1757517882205 4.0303757654630425 203
1757517882215 4.021889668008688 204
1757517882225 4.0135268221533815 205
1757517882234 4.0052834186294355 206
1757517882244 3.997155780029914 207
1757517882254 3.9891403560265783 208
1757517882263 3.9812337187662856 209
1757517882273 3.973432558438698 210
1757517882283 3.965733679009506 211
1757517882293 3.9581339941119675 212
1757517882304 3.9506305230916383 213
1757517882313 3.9432203871978704 214
1757517882323 3.9359008059168348 215
1757517882333 3.9286690934407176 216
1757517882346 3.9215226552676214 217
1757517882356 3.9144589849278435 218
1757517882366 3.9074756608308077 219
1757517882376 3.900570343229317 220
1757517882386 3.893740771295529 221
1757517882396 3.8869847603051695 222
1757517882406 3.8803001989256556 223
1757517882416 3.8736850466041908 224
1757517882425 3.8671373310521786 225
1757517882435 3.8606551458222214 226
1757517882445 3.8542366479742567 227
1757517882455 3.8478800558273267 228
1757517882465 3.841583646794382 229
1757517882475 3.8353457552958856 230
1757517882485 3.82916477075042 231
1757517882495 3.8230391356385995 232
1757517882505 3.8169673436380154 233
1757517882515 3.8109479378261577 234
1757517882525 3.8049795089492013 235
1757517882535 3.799060693753712 236
1757517882545 3.7931901733794406 237
1757517882555 3.7873666718103576 238
1757517882565 3.7815889543822796 239
1757517882575 3.775855826344609 240
1757517882585 3.770166131474302 241
1757517882595 3.7645187507401503 242
1757517882605 3.7589126010154095 243
1757517882615 3.7533466338370216 244
1757517882625 3.747819834209801 245
1757517882635 3.742331219453534 246
1757517882645 3.736879838092083 247
1757517882655 3.7314647687820806 248
1757517882665 3.726085119280552 249
1757517882675 3.720740025449315 250
1757517882685 3.715428650295506 251
1757517882696 3.710150183046189 252
1757517882706 3.7049038382562234 253
1757517882716 3.6996888549481426 254
1757517882726 3.69450449578274 255
1757517882737 3.6893500462591104 256
1757517882747 3.6842248139434055 257
1757517882757 3.679128127724986 258
1757517882767 3.674059337098892 259
1757517882777 3.669017811474028 260
1757517882788 3.6640029395056652 261
1757517882798 3.6590141284517466 262
1757517882809 3.6540508035519066 263
1757517882819 3.6491124074283428 264
1757517882829 3.6441983995079474 265
1757517882839 3.6393082554646887 266
1757517882849 3.6344414666817495 267
1757517882860 3.629597539732435 268
1757517882870 3.6247759958791743 269
1757517882880 3.619976370590497 270
1757517882890 3.6151982130743456 271
1757517882900 3.6104410858281635 272
1757517882911 3.60570456420431 273
1757517882921 3.6009882359909366 274
1757517882931 3.596291701007054 275
1757517882941 3.5916145707120317 276
1757517882951 3.586956467828388 277
1757517882961 3.5823170259776793 278
1757517882971 3.577695889329065 279
1757517882982 3.5730927122598084 280
1757517882992 3.568507159027654 281
1757517883003 3.5639389034543933 282
1757517883013 3.559387628620188 283
1757517883023 3.5548530265685856 284
1757517883034 3.5503347980214013 285
1757517883044 3.545832652103427 286
1757517883055 3.5413463060766843 287
1757517883065 3.536875485083296 288
1757517883075 3.5324199218975503 289
1757517883086 3.527979356686162 290
1757517883097 3.523553536776548 291
1757517883107 3.5191422164331234 292
1757517883118 3.514745156641067 293
1757517883130 3.510362124897277 294
1757517883142 3.5059928950084776 295
1757517883157 3.501637246896042 296
1757517883168 3.4972949664073587 297
1757517883179 3.4929658451333694 298
1757517883189 3.4886496802324674 299
1757517883200 3.4843462742599645 300
1757517883210 3.480055435003414 301
1757517883221 3.4757769753232663 302
1757517883232 3.4715107129988474 303
1757517883242 3.467256470579488 304
1757517883252 3.4630140752404235 305
1757517883263 3.4587833586434633 306
1757517883273 3.4545641568023466 307
1757517883283 3.450356309952405 308
1757517883294 3.4461596624242876 309
1757517883305 3.4419740625223643 310
1757517883315 3.437799362406441 311
1757517883326 3.4336354179776762 312
1757517883336 3.4294820887681325 313
1757517883347 3.4253392378338225 314
1757517883357 3.4212067316513743 315
1757517883368 3.417084440017709 316
1757517883379 3.4129722359533012 317
1757517883389 3.408869995608242 318
1757517883400 3.4047775981714823 319
1757517883410 3.4006949257829215 320
1757517883421 3.396621863448167 321
1757517883432 3.3925582989562986 322
1757517883442 3.3885041227998816 323
1757517883453 3.384459228097692 324
1757517883463 3.3804235105199507 325
1757517883474 3.3763968682156933 326
1757517883484 3.372379201742596 327
1757517883495 3.36837041399887 328
1757517883505 3.3643704101574428 329
1757517883516 3.3603790976019976 330
1757517883527 3.3563963858651293 331
1757517883537 3.3524221865683104 332
1757517883548 3.3484564133638552 333
1757517883558 3.34449898187855 334
1757517883569 3.340549809659067 335
1757517883580 3.3366088161189658 336
1757517883590 3.3326759224875575 337
1757517883601 3.328751051759968 338
1757517883612 3.3248341286490124 339
1757517883622 3.320925079538469 340
1757517883633 3.3170238324375907 341
1757517883644 3.3131303169372823 342
1757517883654 3.309244464167315 343
1757517883665 3.3053662067550484 344
1757517883675 3.3014954787851796 345
1757517883686 3.2976322157609275 346
1757517883697 3.2937763545662215 347
1757517883708 3.2899278334289392 348
1757517883719 3.2860865918854856 349
1757517883730 3.2822525707461803 350
1757517883741 3.2784257120617775 351
1757517883752 3.274605959090975 352
1757517883762 3.2707932562687945 353
1757517883773 3.2669875491759877 354
1757517883784 3.2631887845092837 355
1757517883794 3.259396910052505 356
1757517883805 3.255611874648445 357
1757517883816 3.251833628171771 358
1757517883827 3.2480621215024486 359
1757517883838 3.2442973065001817 360
1757517883849 3.240539135979271 361
1757517883860 3.236787563684576 362
1757517883870 3.2330425442678354 363
1757517883881 3.229304033264826 364
1757517883892 3.2255719870731796 365
1757517883903 3.2218463629306924 366
1757517883913 3.2181271188943983 367
1757517883924 3.214414213820119 368
1757517883935 3.2107076073427048 369
1757517883945 3.207007259856726 370
1757517883956 3.2033131324976476 371
1757517883967 3.1996251871237944 372
1757517883978 3.195943386298428 373
1757517883989 3.1922676932727265 374
1757517884000 3.1885980719688822 375
1757517884011 3.184934486963874 376
1757517884022 3.1812769034736808 377
1757517884033 3.1776252873377677 378
1757517884043 3.1739796050041673 379
1757517884054 3.170339823514863 380
1757517884065 3.1667059104916864 381
1757517884076 3.1630778341223706 382
1757517884087 3.159455563147256 383
1757517884098 3.1558390668461644 384
1757517884109 3.1522283150256687 385
1757517884120 3.1486232780067263 386
1757517884131 3.1450239266126467 387
1757517884142 3.1414302321573704 388
1757517884152 3.137842166433978 389
1757517884163 3.1342597017036717 390
1757517884175 3.1306828106849034 391
1757517884186 3.1271114665428117 392
1757517884196 3.123545642879008 393
1757517884208 3.119985313721562 394
1757517884219 3.116430453515248 395
1757517884230 3.1128810371121083 396
1757517884241 3.109337039762178 397
1757517884251 3.105798437104469 398
1757517884262 3.102265205158309 399
1757517884273 3.0987373203146573 400
1757517884284 3.0952147593278996 401
1757517884295 3.0916974993076636 402
1757517884306 3.0881855177109445 403
1757517884318 3.08467879233445 404
1757517884329 3.0811773013069996 405
1757517884340 3.0776810230822877 406
1757517884351 3.074189936431714 407
1757517884362 3.07070402043741 408
1757517884373 3.0672232544855684 409
1757517884384 3.0637476182596477 410
1757517884395 3.0602770917341036 411
1757517884406 3.056811655167982 412
1757517884417 3.0533512890989107 413
1757517884428 3.0498959743369896 414
1757517884440 3.0464456919590295 415
1757517884451 3.0430004233029067 416
1757517884462 3.039560149961917 417
1757517884473 3.0361248537794197 418
1757517884484 3.0326945168435904 419
1757517884495 3.02926912148217 420
1757517884507 3.02584865025757 421
1757517884518 3.022433085961832 422
1757517884529 3.019022411611967 423
1757517884540 3.015616610445169 424
1757517884551 3.012215665914335 425
1757517884562 3.0088195616835973 426
1757517884573 3.0054282816239684 427
1757517884585 3.0020418098090933 428
1757517884596 2.9986601305111265 429
1757517884607 2.9952832281966733 430
1757517884618 2.9919110875228636 431
1757517884630 2.988543693333522 432
1757517884641 2.9851810306553084 433
1757517884652 2.9818230846941605 434
1757517884663 2.978469840831621 435
1757517884674 2.9751212846213724 436
1757517884690 2.971777401785809 437
1757517884710 2.9684381782126876 438
1757517884721 2.9651035999518602 439
1757517884733 2.9617736532120693 440
1757517884745 2.9584483243578825 441
1757517884756 2.9551275999065774 442
1757517884767 2.9518114665251862 443
1757517884778 2.948499911027636 444
1757517884790 2.9451929203718428 445
1757517884801 2.941890481656966 446
1757517884813 2.9385925821206973 447
1757517884824 2.9352992091365477 448
1757517884836 2.9320103502113715 449
1757517884847 2.9287259929827587 450
1757517884859 2.9254461252165003 451
1757517884870 2.9221707348042916 452
1757517884882 2.9188998097612484 453
1757517884894 2.9156333382237065 454
1757517884905 2.9123713084468505 455
1757517884917 2.9091137088025336 456
1757517884928 2.9058605277771736 457
1757517884940 2.902611753969527 458
1757517884951 2.899367376088728 459
1757517884962 2.8961273829521934 460
1757517884974 2.89289176348364 461
1757517884985 2.889660506711201 462
1757517884996 2.8864336017654706 463
1757517885008 2.883211037877733 464
1757517885019 2.8799928043780176 465
1757517885031 2.8767788906934673 466
1757517885045 2.873569286346479 467
1757517885057 2.8703639809531083 468
1757517885068 2.8671629642213707 469
1757517885079 2.8639662259495586 470
1757517885091 2.8607737560247286 471
1757517885102 2.857585544421095 472
1757517885114 2.85440158119857 473
1757517885126 2.8512218565011658 474
1757517885137 2.8480463605556277 475
1757517885148 2.844875083669961 476
1757517885160 2.8417080162320607 477
1757517885171 2.8385451487082642 478
1757517885183 2.8353864716421566 479
1757517885194 2.8322319756531007 480
1757517885205 2.82908165143505 481
1757517885217 2.8259354897552336 482
1757517885229 2.822793481452988 483
1757517885240 2.8196556174384906 484
1757517885252 2.8165218886915775 485
1757517885263 2.813392286260665 486
1757517885275 2.810266801261534 487
1757517885287 2.8071454248762016 488
1757517885298 2.804028148351914 489
1757517885310 2.8009149630000847 490
1757517885322 2.7978058601950977 491
1757517885334 2.794700831373503 492
1757517885346 2.7915998680328817 493
1757517885358 2.7885029617308645 494
1757517885369 2.785410104084205 495
1757517885380 2.782321286767844 496
1757517885392 2.7792365015140077 497
1757517885403 2.776155740111173 498
1757517885415 2.77307899440336 499
