1757517839295 169.08220123107498 0
1757517839303 169.01872469485266 1
1757517839312 168.89816580531647 2
1757517839320 168.72631753872017 3
1757517839329 168.50842446176236 4
1757517839337 168.24923161736768 5
1757517839346 167.953029634728 6
1757517839355 167.62369623337688 7
1757517839363 167.26473431285154 8
1757517839372 166.87930683197246 9
1757517839380 166.47026868696082 10
1757517839389 166.0401957976339 11
1757517839397 165.59141160691706 12
1757517839406 165.12601119223365 13
1757517839414 164.64588317867754 14
1757517839423 164.1527296340227 15
1757517839431 163.64808411506777 16
1757517839440 163.1333280238496 17
1757517839448 162.60970542137406 18
1757517839457 162.07833643571254 19
1757517839466 161.54022939087739 20
1757517839474 160.99629177289168 21
1757517839483 160.4473401399936 22
1757517839492 159.89410907492405 23
1757517839501 159.33725926893618 24
1757517839511 158.77738481929558 25
1757517839520 158.21501981483732 26
1757517839529 157.65064427745108 27
1757517839538 157.0846895211918 28
1757517839547 156.51754298504454 29
1757517839556 155.94955259020395 30
1757517839565 155.38103066793917 31
1757517839573 154.81225749982642 32
1757517839582 154.24348450812877 33
1757517839590 153.67493713053582 34
1757517839599 153.1068174101885 35
1757517839608 152.53930632894412 36
1757517839616 151.97256590913176 37
1757517839625 151.4067411066086 38
1757517839634 150.84196151571533 39
1757517839643 150.27834290469983 40
1757517839652 149.71598859839597 41
1757517839660 149.1549907232612 42
1757517839669 148.5954313284403 43
1757517839678 148.03738339512708 44
1757517839687 147.48091174533914 45
1757517839695 146.92607386007347 46
1757517839704 146.37292061587476 47
1757517839712 145.8214969479211 48
1757517839721 145.27184244693112 49
1757517839730 144.7239918965036 50
1757517839739 144.1779757568027 51
1757517839748 143.63382059994825 52
1757517839757 143.09154950191612 53
1757517839766 142.55118239529222 54
1757517839775 142.01273638678268 55
1757517839783 141.4762260429941 56
1757517839792 140.94166364765022 57
1757517839801 140.40905943309897 58
1757517839810 139.8784217886795 59
1757517839818 139.3497574482435 60
1757517839827 138.82307165893658 61
1757517839836 138.29836833308946 62
1757517839845 137.77565018492066 63
1757517839854 137.25491885355964 64
1757517839863 136.73617501376313 65
1757517839872 136.219418475549 66
1757517839881 135.70464827385678 67
1757517839890 135.19186274923575 68
1757517839899 134.68105962045075 69
1757517839908 134.17223604981854 70
1757517839917 133.66538870199582 71
1757517839926 133.16051379688284 72
1757517839935 132.65760715722044 73
1757517839944 132.15666425141708 74
1757517839953 131.65768023208253 75
1757517839962 131.16064997069205 76
1757517839971 130.66556808878 77
1757517839981 130.1724289859915 78
1757517839990 129.6812268653285 79
1757517840000 129.19195575584982 80
1757517840008 128.70460953309197 81
1757517840018 128.21918193744165 82
1757517840027 127.73566659064582 83
1757517840036 127.25405701067508 84
1757517840045 126.77434662507554 85
1757517840054 126.29652878298066 86
1757517840064 125.82059676590549 87
1757517840073 125.34654379745446 88
1757517840082 124.87436305204398 89
1757517840092 124.4040476627384 90
1757517840101 123.93559072829811 91
1757517840110 123.46898531950202 92
1757517840119 123.00422448483341 93
1757517840128 122.54130125557998 94
1757517840137 122.08020865041772 95
1757517840146 121.62093967952087 96
1757517840156 121.16348734825091 97
1757517840165 120.7078446604643 98
1757517840174 120.25400462147985 99
1757517840183 119.80196024073865 100
1757517840192 119.35170453417967 101
1757517840201 118.90323052637765 102
1757517840210 118.45653125244671 103
1757517840219 118.01159975974718 104
1757517840228 117.56842910940952 105
1757517840237 117.12701237769413 106
1757517840246 116.68734265720573 107
1757517840255 116.24941305797286 108
1757517840265 115.81321670841125 109
1757517840274 115.37874675617613 110
1757517840283 114.94599636892505 111
1757517840292 114.51495873498591 112
1757517840301 114.085627063952 113
1757517840310 113.6579945872077 114
1757517840319 113.23205455838593 115
1757517840328 112.80780025377443 116
1757517840337 112.38522497266719 117
1757517840347 111.96432203767546 118
1757517840356 111.54508479498753 119
1757517840365 111.12750661460275 120
1757517840374 110.7115808905251 121
1757517840383 110.29730104092897 122
1757517840393 109.88466050829759 123
1757517840402 109.47365275953912 124
1757517840411 109.06427128607716 125
1757517840420 108.65650960392583 126
1757517840429 108.250361253746 127
1757517840438 107.84581980088305 128
1757517840447 107.44287883539486 129
1757517840457 107.04153197206583 130
1757517840466 106.64177285040654 131
1757517840475 106.24359513464766 132
1757517840484 105.84699251372089 133
1757517840494 105.45195870123621 134
1757517840503 105.05848743544607 135
1757517840514 104.66657247920836 136
1757517840539 104.27620761994042 137
1757517840549 103.88738666956858 138
1757517840558 103.50010346447422 139
1757517840568 103.11435186543159 140
1757517840577 102.73012575755017 141
1757517840587 102.34741905020432 142
1757517840596 101.96622567696424 143
1757517840605 101.58653959552882 144
1757517840615 101.20835478764465 145
1757517840624 100.8316652590355 146
1757517840633 100.45646503932483 147
1757517840643 100.08274818195272 148
1757517840652 99.71050876409646 149
1757517840662 99.33974088659066 150
1757517840671 98.97043867384247 151
1757517840681 98.60259627374786 152
1757517840690 98.23620785760868 153
1757517840700 97.87126762004445 154
1757517840709 97.5077697789087 155
1757517840718 97.14570857520187 156
1757517840727 96.78507827298682 157
1757517840737 96.42587315929778 158
1757517840747 96.06808754405571 159
1757517840756 95.71171575998052 160
1757517840766 95.35675216250488 161
1757517840775 95.00319112968376 162
1757517840785 94.65102706210966 163
1757517840794 94.30025438282091 164
1757517840804 93.95086753722062 165
1757517840813 93.60286099298249 166
1757517840823 93.25622923996698 167
1757517840832 92.91096679013418 168
1757517840842 92.56706817745511 169
1757517840851 92.2245279578251 170
1757517840861 91.88334070897761 171
1757517840871 91.54350103039769 172
1757517840880 91.20500354323416 173
1757517840890 90.86784289021556 174
1757517840899 90.53201373556296 175
1757517840909 90.19751076490464 176
1757517840919 89.8643286851896 177
1757517840928 89.53246222460471 178
1757517840938 89.20190613248741 179
1757517840948 88.87265517924318 180
1757517840958 88.54470415625902 181
1757517840968 88.21804787582168 182
1757517840978 87.89268117103272 183
1757517840987 87.56859889572425 184
1757517840997 87.24579592437895 185
1757517841007 86.92426715204205 186
1757517841017 86.60400749424461 187
1757517841027 86.28501188691638 188
1757517841037 85.96727528630785 189
1757517841047 85.65079266890508 190
1757517841057 85.33555903135054 191
1757517841067 85.0215693903625 192
1757517841077 84.70881878265284 193
1757517841086 84.39730226484726 194
1757517841096 84.08701491340452 195
1757517841106 83.77795182453958 196
1757517841115 83.4701081141393 197
1757517841125 83.16347891768848 198
1757517841135 82.85805939018714 199
1757517841144 82.55384470607382 200
1757517841154 82.25083005914676 201
1757517841164 81.94901066248725 202
1757517841174 81.64838174837959 203
1757517841184 81.34893856823611 204
1757517841193 81.05067639251975 205
1757517841203 80.75359051066606 206
1757517841214 80.45767623100859 207
1757517841224 80.16292888070137 208
1757517841234 79.86934380564485 209
1757517841244 79.57691637040763 210
1757517841254 79.28564195815592 211
1757517841264 78.99551597057318 212
1757517841274 78.70653382778963 213
1757517841283 78.41869096830669 214
1757517841293 78.13198284892275 215
1757517841304 77.84640494465982 216
1757517841313 77.56195274869054 217
1757517841323 77.27862177226409 218
1757517841333 76.99640754463434 219
1757517841343 76.71530561298822 220
1757517841353 76.43531154237014 221
1757517841363 76.15642091561469 222
1757517841373 75.87862933327087 223
1757517841383 75.60193241353466 224
1757517841392 75.32632579217388 225
1757517841402 75.05180512246123 226
1757517841412 74.77836607510137 227
1757517841422 74.5060043381616 228
1757517841432 74.23471561700278 229
1757517841445 73.96449563420727 230
1757517841455 73.69534012951209 231
1757517841465 73.42724485974007 232
1757517841475 73.16020559872767 233
1757517841485 72.8942181372615 234
1757517841495 72.62927828300492 235
1757517841505 72.3653818604344 236
1757517841515 72.1025247107688 237
1757517841525 71.8407026919046 238
1757517841535 71.57991167834682 239
1757517841545 71.32014756114208 240
1757517841555 71.06140624781406 241
1757517841565 70.80368366229439 242
1757517841575 70.54697574485986 243
1757517841585 70.29127845206315 244
1757517841595 70.0365877566697 245
1757517841605 69.78289964759237 246
1757517841615 69.53021012982447 247
1757517841625 69.27851522437825 248
1757517841635 69.02781096821735 249
1757517841645 68.77809341419423 250
1757517841654 68.5293586309858 251
1757517841665 68.28160270303003 252
1757517841675 68.03482173046169 253
1757517841685 67.78901182905105 254
1757517841695 67.54416913013874 255
1757517841705 67.30028978057415 256
1757517841715 67.0573699426526 257
1757517841725 66.81540579405481 258
1757517841734 66.57439352778307 259
1757517841744 66.33432935209841 260
1757517841754 66.0952094904639 261
1757517841765 65.85703018147929 262
1757517841775 65.61978767882098 263
1757517841785 65.38347825118181 264
1757517841795 65.14809818221133 265
1757517841805 64.91364377045441 266
1757517841816 64.68011132929192 267
1757517841826 64.44749718688053 268
1757517841836 64.21579768609347 269
1757517841846 63.98500918446234 270
1757517841857 63.75512805411646 271
1757517841867 63.52615068172527 272
1757517841877 63.29807346843971 273
1757517841887 63.07089282983231 274
1757517841897 62.844605195842334 275
1757517841907 62.61920701071559 276
1757517841918 62.39469473294721 277
1757517841928 62.17106483522466 278
1757517841938 61.94831380437112 279
1757517841948 61.726438141286664 280
1757517841958 61.505434360895244 281
1757517841969 61.28529899208407 282
1757517841979 61.066028577650734 283
1757517841989 60.84761967424481 284
1757517842000 60.63006885231438 285
1757517842010 60.413372696048285 286
1757517842021 60.197527803323325 287
1757517842031 59.982530785646425 288
1757517842042 59.76837826810197 289
1757517842052 59.555066889295986 290
1757517842062 59.342593301303225 291
1757517842072 59.13095416961049 292
1757517842083 58.92014617306487 293
1757517842093 58.710166003819694 294
1757517842103 58.50101036727931 295
1757517842113 58.29267598204841 296
1757517842124 58.085159579876624 297
1757517842134 57.878457905606844 298
1757517842144 57.67256771712286 299
1757517842155 57.467485785294826 300
1757517842165 57.263208893930376 301
1757517842175 57.05973383971944 302
1757517842186 56.85705743218473 303
1757517842196 56.65517649362757 304
1757517842207 56.454087859080154 305
1757517842218 56.25378837625075 306
1757517842228 56.05427490547344 307
1757517842238 55.85554431966086 308
1757517842249 55.65759350424836 309
1757517842259 55.4604193571475 310
1757517842270 55.264018788693605 311
1757517842280 55.068388721597 312
1757517842291 54.87352609089316 313
1757517842301 54.67942784389273 314
1757517842312 54.486090940132286 315
1757517842322 54.29351235132521 316
1757517842332 54.1016890613132 317
1757517842343 53.91061806601632 318
1757517842353 53.72029637338531 319
1757517842364 53.53072100335327 320
1757517842374 53.34188898778703 321
1757517842385 53.153797370439534 322
1757517842396 52.966443206901324 323
1757517842406 52.77982356455446 324
1757517842417 52.593935522523 325
1757517842427 52.408776171627515 326
1757517842438 52.2243426143375 327
1757517842448 52.04063196472425 328
1757517842459 51.85764134841405 329
1757517842469 51.67536790254281 330
1757517842480 51.493808775708864 331
1757517842490 51.31296112792659 332
1757517842501 51.13282213058163 333
1757517842511 50.95338896638443 334
1757517842522 50.77465882932373 335
1757517842532 50.59662892462394 336
1757517842543 50.419296468697254 337
1757517842553 50.2426586890999 338
1757517842564 50.066712824487304 339
1757517842575 49.89145612456911 340
1757517842585 49.71688585006523 341
1757517842596 49.54299927266092 342
1757517842606 49.36979367496351 343
1757517842617 49.19726635045742 344
1757517842628 49.02541460346161 345
1757517842638 48.854235749084886 346
1757517842649 48.68372711318406 347
1757517842659 48.51388603231883 348
1757517842670 48.34470985371019 349
1757517842681 48.17619593519654 350
1757517842692 48.00834164519196 351
1757517842702 47.84114436264361 352
1757517842713 47.6746014769882 353
1757517842723 47.50871038811135 354
1757517842734 47.34346850630443 355
1757517842744 47.178873252223795 356
1757517842755 47.01492205684775 357
1757517842765 46.85161236143638 358
1757517842776 46.68894161748977 359
1757517842787 46.52690728670615 360
1757517842797 46.3655068409421 361
1757517842808 46.20473776217048 362
1757517842819 46.04459754244112 363
1757517842829 45.88508368383897 364
1757517842840 45.72619369844527 365
1757517842850 45.56792510829525 366
1757517842861 45.41027544534003 367
1757517842872 45.25324225140624 368
1757517842883 45.0968230781559 369
1757517842894 44.94101548704714 370
1757517842904 44.78581704929497 371
1757517842915 44.6312253458321 372
1757517842925 44.4772379672695 373
1757517842936 44.32385251385774 374
1757517842947 44.17106659544806 375
1757517842958 44.0188778314544 376
1757517842969 43.867283850814275 377
1757517842980 43.716282291951366 378
1757517842991 43.565870802735404 379
1757517843002 43.41604704044644 380
1757517843013 43.26680867173669 381
1757517843024 43.118153372591664 382
1757517843034 42.97007882829306 383
1757517843045 42.82258273338257 384
1757517843056 42.6756627916233 385
1757517843068 42.52931671596333 386
1757517843079 42.383542228498534 387
1757517843090 42.23833706043604 388
1757517843101 42.093698952057245 389
1757517843112 41.94962565268291 390
1757517843125 41.8061149206337 391
1757517843141 41.66316452319734 392
1757517843152 41.52077223659071 393
1757517843164 41.37893584592403 394
1757517843175 41.23765314516599 395
1757517843186 41.09692193710757 396
1757517843197 40.95674003332633 397
1757517843208 40.817105254152104 398
1757517843219 40.678015428630395 399
1757517843230 40.53946839448869 400
1757517843241 40.401461998101034 401
1757517843252 40.26399409445319 402
1757517843263 40.12706254710801 403
1757517843274 39.990665228171174 404
1757517843285 39.85480001825692 405
1757517843296 39.71946480645362 406
1757517843307 39.58465749028981 407
1757517843318 39.450375975700496 408
1757517843329 39.316618176993344 409
1757517843339 39.183382016814654 410
1757517843352 39.05066542611611 411
1757517843363 38.918466344121065 412
1757517843374 38.786782718292706 413
1757517843385 38.65561250429911 414
1757517843397 38.52495366598127 415
1757517843408 38.394804175319976 416
1757517843419 38.26516201240347 417
1757517843430 38.136025165394535 418
1757517843442 38.007391630498056 419
1757517843453 37.8792594119292 420
1757517843464 37.7516265218802 421
1757517843475 37.62449098048966 422
1757517843487 37.497850815809194 423
1757517843498 37.3717040637732 424
1757517843509 37.24604876816622 425
1757517843521 37.120882980590935 426
1757517843532 36.99620476043813 427
1757517843543 36.87201217485446 428
1757517843554 36.7483032987113 429
1757517843566 36.625076214574214 430
1757517843577 36.50232901267183 431
1757517843589 36.380059790865076 432
1757517843600 36.25826665461623 433
1757517843611 36.13694771695843 434
1757517843622 36.01610109846634 435
1757517843634 35.895724927224144 436
1757517843645 35.77581733879636 437
1757517843656 35.65637647619843 438
1757517843667 35.537400489864964 439
1757517843679 35.41888753762185 440
1757517843690 35.30083578465502 441
1757517843702 35.18324340348269 442
1757517843713 35.06610857392379 443
1757517843725 34.94942948307035 444
1757517843736 34.83320432525716 445
1757517843748 34.717431302033944 446
1757517843759 34.60210862213464 447
1757517843770 34.48723450145012 448
1757517843782 34.37280716299901 449
1757517843793 34.258824836898555 450
1757517843804 34.14528576033677 451
1757517843816 34.032188177543446 452
1757517843827 33.91953033976215 453
1757517843839 33.80731050522272 454
1757517843850 33.69552693911208 455
1757517843862 33.58417791354671 456
1757517843873 33.47326170754554 457
1757517843885 33.362776607001244 458
1757517843896 33.25272090465299 459
1757517843908 33.14309290005898 460
1757517843919 33.033890899569485 461
1757517843931 32.925113216298655 462
1757517843942 32.816758170098346 463
1757517843954 32.708824087530324 464
1757517843965 32.601309301839706 465
1757517843976 32.49421215292812 466
1757517843988 32.38753098732698 467
1757517844000 32.28126415817041 468
1757517844012 32.17541002516955 469
1757517844024 32.06996695458557 470
1757517844035 31.964933319203517 471
1757517844047 31.860307498306447 472
1757517844059 31.756087877648255 473
1757517844070 31.652272849429533 474
1757517844082 31.54886081226969 475
1757517844094 31.445850171182858 476
1757517844106 31.343239337551285 477
1757517844117 31.241026729099676 478
1757517844129 31.139210769870576 479
1757517844143 31.037789890198145 480
1757517844155 30.93676252668347 481
1757517844166 30.836127122168836 482
1757517844177 30.735882125713516 483
1757517844189 30.636025992568282 484
1757517844200 30.536557184150123 485
1757517844212 30.43747416801845 486
1757517844223 30.33877541784992 487
1757517844234 30.240459413413678 488
1757517844246 30.14252464054746 489
1757517844257 30.044969591132958 490
1757517844268 29.94779276307147 491
1757517844280 29.850992660259852 492
1757517844291 29.754567792566185 493
1757517844303 29.658516675806464 494
1757517844314 29.56283783172036 495
1757517844326 29.467529787946802 496
1757517844337 29.37259107800165 497
1757517844349 29.27802024125307 498
1757517844361 29.183815822898158 499
