1757513785218 167.39666990184497 0
1757513785226 161.1723560086855 1
1757513785234 149.79984986611998 2
1757513785243 134.58694944233048 3
1757513785251 116.9265677734115 4
1757513785259 98.17225232099689 5
1757513785267 79.5408023926242 6
1757513785275 62.04403564656559 7
1757513785284 46.44919689365822 8
1757513785292 33.26546713804318 9
1757513785300 22.752571251900324 10
1757513785309 14.94659883569515 11
1757513785317 9.697801541749117 12
1757513785325 6.715236601933832 13
1757513785333 5.613595592305515 14
1757513785342 5.958285531627451 15
1757513785351 7.305712578448477 16
1757513785359 9.236661280138634 17
1757513785368 11.381582669550436 18
1757513785376 13.43743787921208 19
1757513785384 15.176444539614176 20
1757513785393 16.44761390672559 21
1757513785401 17.17233743634973 22
1757513785409 17.33548703860083 23
1757513785418 16.97354965602038 24
1757513785427 16.161248365303432 25
1757513785436 14.99793789467534 26
1757513785445 13.594832925924962 27
1757513785457 12.063862504545646 28
1757513785465 10.508670002939445 29
1757513785474 9.018017625764005 30
1757513785482 7.661624409468572 31
1757513785490 6.488278513780448 32
1757513785499 5.525924457631304 33
1757513785507 4.783335162989022 34
1757513785516 4.252934616727226 35
1757513785524 3.9143340093659336 36
1757513785532 3.7381747125996005 37
1757513785541 3.6899267132275337 38
1757513785551 3.733362229479981 39
1757513785560 3.8335028062047916 40
1757513785569 3.958916870795174 41
1757513785578 4.083317582022368 42
1757513785586 4.186473447035811 43
1757513785595 4.254493851283571 44
1757513785603 4.279587082644536 45
1757513785612 4.259409689158294 46
1757513785620 4.196134202473169 47
1757513785629 4.095359271892324 48
1757513785637 3.964974454603304 49
1757513785646 3.814073875975845 50
1757513785654 3.6519912660739253 51
1757513785662 3.487505839451132 52
1757513785671 3.3282461114872546 53
1757513785679 3.1802986003686997 54
1757513785688 3.0480115460304553 55
1757513785696 2.9339709216136374 56
1757513785705 2.8391173339501647 57
1757513785713 2.762967765252812 58
1757513785722 2.7039050787212067 59
1757513785730 2.6595001832886336 60
1757513785738 2.626836004486089 61
1757513785747 2.602808182373031 62
1757513785755 2.5843839861364044 63
1757513785764 2.568807649581414 64
1757513785772 2.5537466564261915 65
1757513785781 2.5373790349511367 66
1757513785790 2.5184261912038712 67
1757513785798 2.49613908287224 68
1757513785807 2.4702475927753245 69
1757513785816 2.440883878032919 70
1757513785824 2.408490396352764 71
1757513785832 2.3737224393230205 72
1757513785841 2.3373535520647155 73
1757513785850 2.3001904092867913 74
1757513785858 2.2630017550731183 75
1757513785867 2.2264640754612803 76
1757513785875 2.19112490115438 77
1757513785884 2.1573831349755865 78
1757513785893 2.1254846274979706 79
1757513785901 2.0955304102259165 80
1757513785910 2.0674945324417666 81
1757513785919 2.0412483036955553 82
1757513785927 2.0165878691165293 83
1757513785936 1.9932623785685322 84
1757513785944 1.9710004882185024 85
1757513785953 1.9495334908817816 86
1757513785962 1.9286139520859584 87
1757513785970 1.9080292838984765 88
1757513785979 1.887610181032778 89
1757513785988 1.8672342482278665 90
1757513785997 1.8468254505069386 91
1757513786005 1.8263502151241706 92
1757513786014 1.8058111109153114 93
1757513786023 1.785239039102236 94
1757513786032 1.7646848055626372 95
1757513786040 1.744210826758849 96
1757513786049 1.7238835690580108 97
1757513786057 1.703767152188579 98
1757513786066 1.683918377995695 99
1757513786075 1.6643832884317038 100
1757513786084 1.645195221406186 101
1757513786093 1.6263742258084308 102
1757513786102 1.6079276205203863 103
1757513786111 1.5898514365066014 104
1757513786120 1.572132463733883 105
1757513786129 1.5547506316686903 106
1757513786138 1.5376814782894566 107
1757513786147 1.520898502319688 108
1757513786155 1.5043752411577629 109
1757513786164 1.4880869676243715 110
1757513786173 1.4720119477964655 111
1757513786182 1.4561322464139597 112
1757513786191 1.4404341032230685 113
1757513786200 1.424907931758906 114
1757513786208 1.4095480109946295 115
1757513786217 1.3943519503074773 116
1757513786226 1.3793200102572765 117
1757513786235 1.3644543570941081 118
1757513786244 1.3497583193047158 119
1757513786254 1.3352357015479637 120
1757513786262 1.3208901966281945 121
1757513786271 1.3067249211519583 122
1757513786280 1.2927420863960983 123
1757513786289 1.278942803583056 124
1757513786298 1.2653270128054381 125
1757513786307 1.251893517569414 126
1757513786316 1.2386401023781466 127
1757513786325 1.2255637087818259 128
1757513786334 1.2126606455498623 129
1757513786343 1.1999268106366672 130
1757513786352 1.1873579059280015 131
1757513786362 1.1749496298750386 132
1757513786371 1.1626978375879002 133
1757513786380 1.1505986623673934 134
1757513786389 1.138648596684505 135
1757513786398 1.1268445340381903 136
1757513786407 1.1151837757921346 137
1757513786416 1.1036640089508785 138
1757513786425 1.0922832618982004 139
1757513786435 1.0810398454562402 140
1757513786448 1.0699322863446887 141
1757513786457 1.0589592593615507 142
1757513786467 1.0481195235186298 143
1757513786476 1.037411866088715 144
1757513786485 1.0268350571895564 145
1757513786495 1.0163878162518818 146
1757513786504 1.0060687905806582 147
1757513786514 0.9958765452794589 148
1757513786523 0.985809563099914 149
1757513786532 0.9758662523113628 150
1757513786541 0.9660449604490908 151
1757513786550 0.95634399176752 152
1757513786559 0.9467616263609567 153
1757513786569 0.9372961391770787 154
1757513786578 0.9279458174936478 155
1757513786587 0.9187089758157171 156
1757513786597 0.9095839675417278 157
1757513786606 0.9005691931126276 158
1757513786615 0.8916631046758008 159
1757513786624 0.8828642075505622 160
1757513786633 0.8741710589668943 161
1757513786642 0.8655822646640083 162
1757513786652 0.8570964739839152 163
1757513786661 0.8487123740877189 164
1757513786670 0.8404286838686195 165
1757513786679 0.8322441480498648 166
1757513786689 0.8241575318492183 167
1757513786698 0.8161676164773275 168
1757513786708 0.8082731956241843 169
1757513786717 0.8004730729852946 170
1757513786728 0.7927660607919732 171
1757513786737 0.7851509792422463 172
1757513786746 0.7776266566818087 173
1757513786756 0.7701919303575139 174
1757513786765 0.7628456475573914 175
1757513786775 0.7555866669582988 176
1757513786785 0.7484138600213985 177
1757513786795 0.7413261123031181 178
1757513786804 0.7343223245812808 179
1757513786813 0.7274014137297016 180
1757513786823 0.7205623133063868 181
1757513786832 0.713803973849291 182
1757513786842 0.707125362896819 183
1757513786851 0.7005254647681021 184
1757513786861 0.694003280149808 185
1757513786870 0.6875578255419427 186
1757513786879 0.6811881326161345 187
1757513786889 0.6748932475364122 188
1757513786898 0.668672230285977 189
1757513786908 0.662524154034992 190
1757513786918 0.6564481045747951 191
1757513786927 0.6504431798344014 192
1757513786937 0.6445084894860276 193
1757513786946 0.638643154638736 194
1757513786956 0.6328463076129407 195
1757513786966 0.6271170917840988 196
1757513786976 0.6214546614811635 197
1757513786986 0.615858181924093 198
1757513786995 0.6103268291852275 199
1757513787005 0.6048597901603513 200
1757513787015 0.599456262537752 201
1757513787025 0.5941154547559395 202
1757513787034 0.5888365859437237 203
1757513787044 0.583618885838906 204
1757513787053 0.5784615946844954 205
1757513787063 0.5733639631034233 206
1757513787072 0.5683252519543178 207
1757513787082 0.5633447321720164 208
1757513787092 0.5584216845972239 209
1757513787101 0.5535553997997332 210
1757513787111 0.5487451778995102 211
1757513787120 0.5439903283894804 212
1757513787130 0.5392901699630914 213
1757513787140 0.5346440303489572 214
1757513787149 0.5300512461540895 215
1757513787159 0.5255111627164318 216
1757513787169 0.5210231339666925 217
1757513787178 0.5165865222989705 218
1757513787188 0.5122006984491978 219
1757513787198 0.5078650413801742 220
1757513787207 0.5035789381718868 221
1757513787217 0.4993417839157008 222
1757513787227 0.49515298161122784 223
1757513787236 0.49101194206477894 224
1757513787246 0.486918083788487 225
1757513787256 0.4828708328995814 226
1757513787266 0.4788696230193096 227
1757513787275 0.4749138951714265 228
1757513787285 0.4710030976802582 229
1757513787295 0.4671366860684785 230
1757513787305 0.4633141229549076 231
1757513787315 0.45953487795267 232
1757513787325 0.45579842756807093 233
1757513787335 0.45210425510051233 234
1757513787345 0.4484518505438305 235
1757513787355 0.44484071048921847 236
1757513787365 0.44127033803003246 237
1757513787375 0.4377402426684956 238
1757513787385 0.43424994022443225 239
1757513787395 0.4307989527459852 240
1757513787405 0.4273868084222693 241
1757513787415 0.4240130414978712 242
1757513787424 0.42067719218905025 243
1757513787434 0.41737880660154797 244
1757513787444 0.41411743664983475 245
1757513787454 0.4108926399776827 246
1757513787464 0.40770397987994544 247
1757513787474 0.40455102522545283 248
1757513787484 0.4014333503809415 249
1757513787493 0.39835053513597996 250
1757513787503 0.39530216462883855 251
1757513787513 0.39228782927329037 252
1757513787523 0.38930712468635564 253
1757513787533 0.38635965161697866 254
1757513787543 0.38344501587564606 255
1757513787553 0.3805628282650047 256
1757513787563 0.37771270451143196 257
1757513787573 0.37489426519762437 258
1757513787583 0.3721071356961872 259
1757513787593 0.3693509461042331 260
1757513787603 0.36662533117900037 261
1757513787612 0.3639299302744504 262
1757513787622 0.3612643872788788 263
1757513787633 0.3586283505534788 264
1757513787642 0.3560214728718607 265
1757513787652 0.35344341136048973 266
1757513787663 0.3508938274400563 267
1757513787672 0.34837238676766535 268
1757513787682 0.3458787591799542 269
1757513787692 0.3434126186369849 270
1757513787703 0.3409736431669824 271
1757513787714 0.33856151481184915 272
1757513787726 0.3361759195734744 273
1757513787737 0.33381654736079386 274
1757513787749 0.33148309193762115 275
1757513787760 0.3291752508711821 276
1757513787771 0.3268927254814368 277
1757513787783 0.32463522079106394 278
1757513787794 0.3224024454762121 279
1757513787805 0.3201941118179172 280
1757513787815 0.31800993565423635 281
1757513787826 0.3158496363330649 282
1757513787836 0.31371293666563665 283
1757513787846 0.311599562880687 284
1757513787856 0.309509244579288 285
1757513787867 0.30744171469031567 286
1757513787877 0.30539670942658126 287
1757513787888 0.30337396824157437 288
1757513787898 0.3013732337868266 289
1757513787908 0.29939425186990415 290
1757513787918 0.2974367714129719 291
1757513787929 0.2955005444119602 292
1757513787939 0.2935853258963209 293
1757513787949 0.2916908738893254 294
1757513787960 0.28981694936895136 295
1757513787970 0.2879633162293067 296
1757513787980 0.28612974124258644 297
1757513787990 0.28431599402159463 298
1757513788001 0.28252184698275346 299
1757513788011 0.2807470753096597 300
1757513788022 0.2789914569171403 301
1757513788032 0.2772547724158086 302
1757513788042 0.275536805077121 303
1757513788053 0.2738373407989242 304
1757513788063 0.27215616807147275 305
1757513788073 0.2704930779439278 306
1757513788083 0.2688478639913299 307
1757513788094 0.2672203222820118 308
1757513788104 0.2656102513454854 309
1757513788115 0.2640174521407599 310
1757513788125 0.2624417280251072 311
1757513788136 0.26088288472325644 312
1757513788146 0.2593407302970214 313
1757513788156 0.2578150751153284 314
1757513788167 0.2563057318246877 315
1757513788177 0.25481251532004495 316
1757513788187 0.25333524271604724 317
1757513788197 0.2518737333187015 318
1757513788208 0.25042780859741515 319
1757513788218 0.24899729215743982 320
1757513788229 0.24758200971266311 321
1757513788239 0.24618178905879726 322
1757513788250 0.24479646004692238 323
1757513788260 0.24342585455739252 324
1757513788271 0.24206980647409793 325
1757513788281 0.24072815165908049 326
1757513788292 0.23940072792748313 327
1757513788302 0.23808737502286106 328
1757513788313 0.2367879345928032 329
1757513788323 0.23550225016490123 330
1757513788334 0.2342301671230389 331
1757513788344 0.23297153268399975 332
1757513788355 0.2317261958743978 333
1757513788366 0.23049400750790502 334
1757513788376 0.2292748201628061 335
1757513788387 0.22806848815983885 336
1757513788397 0.226874867540337 337
1757513788408 0.22569381604467753 338
1757513788418 0.22452519309099758 339
1757513788429 0.22336885975421059 340
1757513788440 0.22222467874530494 341
1757513788450 0.22109251439090657 342
1757513788461 0.21997223261312773 343
1757513788471 0.21886370090967988 344
1757513788482 0.21776678833424376 345
1757513788492 0.21668136547712252 346
1757513788502 0.215607304446128 347
1757513788513 0.21454447884772812 348
1757513788523 0.2134927637684584 349
1757513788534 0.21245203575656607 350
1757513788545 0.2114221728038933 351
1757513788555 0.21040305432801754 352
1757513788565 0.2093945611546118 353
1757513788576 0.20839657550004675 354
1757513788587 0.20740898095421714 355
1757513788598 0.20643166246360237 356
1757513788609 0.20546450631453708 357
1757513788620 0.204507400116716 358
1757513788632 0.20356023278691027 359
1757513788643 0.20262289453288815 360
1757513788655 0.20169527683756178 361
1757513788667 0.2007772724433332 362
1757513788678 0.19986877533664568 363
1757513788690 0.19896968073273685 364
1757513788702 0.19807988506059543 365
1757513788718 0.19719928594810848 366
1757513788731 0.19632778220740466 367
1757513788744 0.1954652738203878 368
1757513788756 0.19461166192446247 369
1757513788768 0.1937668487984376 370
1757513788780 0.19293073784861878 371
1757513788792 0.1921032335950812 372
1757513788803 0.19128424165811486 373
1757513788814 0.19047366874485322 374
1757513788826 0.18967142263606812 375
1757513788837 0.18887741217313694 376
1757513788848 0.1880915472451827 377
1757513788859 0.18731373877637222 378
1757513788870 0.1865438987133837 379
1757513788880 0.18578194001303203 380
1757513788891 0.18502777663005968 381
1757513788902 0.18428132350507279 382
1757513788913 0.18354249655264457 383
1757513788924 0.1828112126495626 384
1757513788935 0.18208738962323215 385
1757513788946 0.18137094624022493 386
1757513788957 0.18066180219497027 387
1757513788968 0.17995987809860356 388
1757513788979 0.17926509546794356 389
1757513788990 0.1785773767146162 390
1757513789001 0.1778966451343173 391
1757513789012 0.17722282489621063 392
1757513789023 0.17655584103245925 393
1757513789034 0.17589561942789766 394
1757513789044 0.1752420868098231 395
1757513789056 0.17459517073792147 396
1757513789066 0.17395479959433008 397
1757513789078 0.1733209025738084 398
1757513789089 0.17269340967404997 399
1757513789100 0.17207225168610704 400
1757513789111 0.17145736018493388 401
1757513789123 0.17084866752006303 402
1757513789134 0.17024610680638322 403
1757513789145 0.1696496119150441 404
1757513789156 0.16905911746446814 405
1757513789168 0.16847455881148232 406
1757513789179 0.16789587204255696 407
1757513789190 0.16732299396515846 408
1757513789201 0.16675586209919674 409
1757513789212 0.16619441466860793 410
1757513789223 0.1656385905930066 411
1757513789234 0.16508832947947932 412
1757513789245 0.16454357161444627 413
1757513789256 0.16400425795565 414
1757513789268 0.16347033012423254 415
1757513789279 0.16294173039691337 416
1757513789290 0.1624184016982655 417
1757513789301 0.16190028759308503 418
1757513789312 0.1613873322788625 419
1757513789323 0.1608794805783378 420
1757513789334 0.16037667793215546 421
1757513789345 0.15987887039160958 422
1757513789357 0.15938600461147176 423
1757513789368 0.15889802784292223 424
1757513789380 0.15841488792655326 425
1757513789391 0.15793653328546756 426
1757513789402 0.1574629129184604 427
1757513789413 0.15699397639328577 428
1757513789424 0.15652967384000327 429
1757513789436 0.1560699559444128 430
1757513789447 0.1556147739415628 431
1757513789458 0.15516407960934533 432
1757513789470 0.1547178252621624 433
1757513789481 0.1542759637446795 434
1757513789492 0.15383844842564642 435
1757513789503 0.15340523319179905 436
1757513789514 0.15297627244183856 437
1757513789526 0.15255152108047623 438
1757513789537 0.15213093451255516 439
1757513789548 0.15171446863725133 440
1757513789559 0.15130207984233102 441
1757513789570 0.15089372499848974 442
1757513789582 0.15048936145375677 443
1757513789593 0.15008894702796555 444
1757513789604 0.14969244000729515 445
1757513789616 0.14929979913887811 446
1757513789627 0.14891098362546876 447
1757513789638 0.14852595312018244 448
1757513789649 0.14814466772129645 449
1757513789660 0.1477670879671126 450
1757513789672 0.14739317483088454 451
1757513789683 0.14702288971580307 452
1757513789694 0.1466561944500499 453
1757513789706 0.14629305128190095 454
1757513789717 0.1459334228748925 455
1757513789728 0.14557727230305414 456
1757513789739 0.14522456304618667 457
1757513789751 0.1448752589852047 458
1757513789762 0.14452932439753136 459
1757513789773 0.14418672395255341 460
1757513789785 0.14384742270712772 461
1757513789796 0.1435113861011388 462
1757513789808 0.1431785799531182 463
1757513789819 0.14284897045590822 464
1757513789830 0.14252252417238379 465
1757513789842 0.14219920803121963 466
1757513789853 0.1418789893227157 467
1757513789865 0.14156183569466485 468
1757513789876 0.14124771514827567 469
1757513789888 0.14093659603414307 470
1757513789899 0.14062844704826238 471
1757513789910 0.14032323722810044 472
1757513789922 0.14002093594870332 473
1757513789933 0.13972151291885768 474
1757513789945 0.1394249381772946 475
1757513789956 0.13913118208893804 476
1757513789968 0.13884021534120491 477
1757513789979 0.13855200894033728 478
1757513789991 0.1382665342077896 479
1757513790003 0.13798376277665045 480
1757513790014 0.13770366658811192 481
1757513790025 0.1374262178879809 482
1757513790037 0.13715138922322592 483
1757513790049 0.1368791534385765 484
1757513790060 0.13660948367314732 485
1757513790072 0.13634235335711473 486
1757513790084 0.13607773620843047 487
1757513790095 0.1358156062295671 488
1757513790107 0.1355559377043128 489
1757513790119 0.13529870519459256 490
1757513790130 0.13504388353733632 491
1757513790142 0.13479144784138056 492
1757513790153 0.13454137348440492 493
1757513790165 0.1342936361099048 494
1757513790177 0.13404821162420288 495
1757513790188 0.1338050761934966 496
1757513790199 0.13356420624093107 497
1757513790211 0.1333255784437198 498
1757513790222 0.13308916973028684 499
