1757594573217 10.4562350007077 0
1757594573228 3.0717471325267165 1
1757594573243 3.6944742373589987 2
1757594573261 3.130559333520166 3
1757594573276 2.14913625293775 4
1757594573301 1.8429815204843847 5
1757594573317 3.4706319503424785 6
1757594573329 3.2048889960616735 7
1757594573347 3.900014548789938 8
1757594573364 2.044338471648366 9
1757594573375 1.6670753994925258 10
1757594573385 1.6113006657321762 11
1757594573394 1.3702711325944894 12
1757594573404 0.6046664105225947 13
1757594573413 1.4093493990947576 14
1757594573423 1.0255698902065253 15
1757594573432 0.9712424992613493 16
1757594573442 0.8252639057762503 17
1757594573451 0.5871760760917112 18
1757594573461 0.7985141075601266 19
1757594573470 0.4702373958701616 20
1757594573480 0.6574924468929138 21
1757594573489 0.6614450498509952 22
1757594573498 0.9089151448038725 23
1757594573508 0.3565081432125197 24
1757594573517 0.33336831818985296 25
1757594573526 0.39013163206300044 26
1757594573535 0.4278407571994045 27
1757594573545 0.2173651408807026 28
1757594573555 0.1533448138301522 29
1757594573564 0.5153510566551132 30
1757594573573 0.12664340496729745 31
1757594573582 0.2534657927315648 32
1757594573591 0.43538542514945994 33
1757594573601 0.3171501403152484 34
1757594573610 0.36111329425780664 35
1757594573620 0.19368166110928386 36
1757594573629 0.14945860419387888 37
1757594573638 0.21708026866510885 38
1757594573648 0.45937939561627295 39
1757594573658 0.18986817984885826 40
1757594573667 0.22393237462306778 41
1757594573677 0.06942109237444856 42
1757594573687 0.09467081991250048 43
1757594573698 0.193395514188126 44
1757594573707 0.11277209556090224 45
1757594573717 0.20269986983503271 46
1757594573728 0.17822857079798812 47
1757594573738 0.20888173627072376 48
1757594573748 0.13349136161706385 49
1757594573759 0.13110645757944528 50
1757594573768 0.16499060697083862 51
1757594573778 0.15134156055697306 52
1757594573787 0.11917358543325801 53
1757594573797 0.1028764844864387 54
1757594573806 0.12415029446259838 55
1757594573816 0.14682548290423003 56
1757594573825 0.10826716967883794 57
1757594573835 0.1363586125369744 58
1757594573844 0.10358701820961023 59
1757594573854 0.13165131827225696 60
1757594573863 0.09547941961925172 61
1757594573873 0.1690176347461826 62
1757594573882 0.10067835762727316 63
1757594573892 0.1386324822053044 64
1757594573901 0.10155739009907769 65
1757594573910 0.07470883531737708 66
1757594573920 0.07147800897779273 67
1757594573929 0.09894009957555157 68
1757594573939 0.06158498193446719 69
1757594573948 0.07400744168077888 70
1757594573958 0.11874930099167208 71
1757594573967 0.11392965522489523 72
1757594573976 0.09684769741269873 73
1757594573986 0.07242587722205375 74
1757594573996 0.11648274107683161 75
1757594574007 0.10307581868113153 76
1757594574018 0.08664867566897458 77
1757594574028 0.07879451215326884 78
1757594574039 0.11725074086102094 79
1757594574050 0.10454220223028172 80
1757594574061 0.08159221724399013 81
1757594574072 0.1307946727767537 82
1757594574083 0.15471109976764405 83
1757594574094 0.08160115312448583 84
1757594574105 0.13981773753547852 85
1757594574116 0.07875120459212344 86
1757594574127 0.08364909808114696 87
1757594574138 0.0789191508955714 88
1757594574149 0.08348193513570666 89
1757594574160 0.15145376667194657 90
1757594574173 0.6459661393688011 91
1757594574189 0.0498001025210879 92
1757594574202 0.22489334212121573 93
1757594574212 0.1305457194790868 94
1757594574223 0.08767322455616387 95
1757594574236 0.12533922602130304 96
1757594574253 0.0677614482696712 97
1757594574264 0.06267933256614741 98
1757594574275 0.14188927679615282 99
1757594574286 0.10656743581025709 100
1757594574296 0.1247260627030467 101
1757594574307 0.13785732606125284 102
1757594574318 0.1210677995087094 103
1757594574329 0.10214460883000191 104
1757594574339 0.10001644543734348 105
1757594574350 0.10872027247158524 106
1757594574360 0.08174513937222186 107
1757594574371 0.10004436546530837 108
1757594574381 0.07796480415831065 109
1757594574391 0.07388288702484624 110
1757594574401 0.09879215847694761 111
1757594574414 0.14094914625949856 112
1757594574425 0.09243289158243767 113
1757594574439 0.03929215087888967 114
1757594574449 0.08979782554015733 115
1757594574459 0.06914888159687402 116
1757594574470 0.07200121857655277 117
1757594574481 0.11226665925863571 118
1757594574492 0.10806497994399493 119
1757594574504 0.10592200243605464 120
1757594574514 0.10882838253930843 121
1757594574525 0.15642766978607123 122
1757594574535 0.08640782707905485 123
1757594574545 0.06059407398978346 124
1757594574555 0.09409664189649489 125
1757594574565 0.0882904357584258 126
1757594574575 0.09656670699181762 127
1757594574584 0.10978303671978797 128
1757594574594 0.07823290643101057 129
1757594574604 0.12316806414297982 130
1757594574614 0.10924677472547 131
1757594574624 0.10363451121102464 132
1757594574635 0.08267282509037173 133
1757594574645 0.11686059587799395 134
1757594574656 0.07834738094685083 135
1757594574666 0.13335779246277218 136
1757594574677 0.12979551806024872 137
1757594574687 0.07979591233879949 138
1757594574698 0.0892910485407539 139
1757594574708 0.09503896541505326 140
1757594574718 0.15019223574678336 141
1757594574728 0.09335101129842804 142
1757594574738 0.05740802613331714 143
1757594574748 0.09416420484533194 144
1757594574758 0.08890607823225256 145
1757594574768 0.11871301815266343 146
1757594574779 0.15191319780547824 147
1757594574790 0.05450643892610777 148
1757594574800 0.11841336079483414 149
1757594574810 0.07261413114204196 150
1757594574821 0.13117142521169745 151
1757594574831 0.1916884790912166 152
1757594574841 0.08623075737369484 153
1757594574852 0.08424948989637854 154
1757594574863 0.10883572149624819 155
1757594574873 0.13022711293458966 156
1757594574884 0.178807217435732 157
1757594574895 0.056469970108114255 158
1757594574905 0.055249203242467994 159
1757594574915 0.10409614867498815 160
1757594574926 0.09753890679352267 161
1757594574936 0.14161708253740882 162
1757594574947 0.10025256906699946 163
1757594574957 0.08571100180617218 164
1757594574967 0.10224268614191857 165
1757594574977 0.04754140145683652 166
1757594574988 0.08163276523800009 167
1757594574998 0.06264777640398292 168
1757594575008 0.11917164554271364 169
1757594575019 0.09520753487059544 170
1757594575029 0.05313908886001853 171
1757594575039 0.15307121975373414 172
1757594575049 0.11323202912964149 173
1757594575059 0.0666051449815809 174
1757594575069 0.038373692647709456 175
1757594575080 0.07657423812096764 176
1757594575090 0.09054183441389184 177
1757594575100 0.19508181292655308 178
1757594575111 0.11709216659475416 179
1757594575121 0.0697969934783186 180
1757594575131 0.07665359615273074 181
1757594575141 0.06192059943366185 182
1757594575151 0.07332987386004725 183
1757594575161 0.08261569252507502 184
1757594575172 0.14944562889523139 185
1757594575182 0.17621366792770846 186
1757594575192 0.08364594875107413 187
1757594575202 0.09703156167389687 188
1757594575213 0.07364962828461512 189
1757594575223 0.11422457143825128 190
1757594575233 0.13111851427613952 191
1757594575244 0.08419346728709692 192
1757594575254 0.6745911113530816 193
1757594575264 0.12494054822827533 194
1757594575274 0.07546231368231936 195
1757594575285 0.07164430599953539 196
1757594575295 0.10214266456800773 197
1757594575306 0.06863815189397654 198
1757594575316 0.11474450572524535 199
1757594575326 0.09414768025129452 200
1757594575336 0.0749650954820426 201
1757594575355 0.08524695726462798 202
1757594575368 0.09137586544266747 203
1757594575379 0.04914763327207597 204
1757594575390 0.06841958182585599 205
1757594575400 0.0608983590331518 206
1757594575411 0.06410856240984637 207
1757594575421 0.08018909143448233 208
1757594575432 0.10459770783572667 209
1757594575442 0.07074683193477106 210
1757594575454 0.20914126139177694 211
1757594575465 0.15602715376926599 212
1757594575477 0.15063330719139623 213
1757594575488 0.09010854307876655 214
1757594575499 0.10121666798009175 215
1757594575510 0.1762742444506712 216
1757594575521 0.08189725345328876 217
1757594575532 0.05314093368217274 218
1757594575542 0.10324288444058621 219
1757594575553 0.0917636317379688 220
1757594575564 0.08511548204164099 221
1757594575575 0.0942344296087515 222
1757594575585 0.2676167935840073 223
1757594575596 0.10760242345402309 224
1757594575606 0.08447936753142617 225
1757594575617 0.0789461775514134 226
1757594575627 0.0915943838386786 227
1757594575638 0.07907058633038058 228
1757594575648 0.0945195859411066 229
1757594575659 0.10715646092675848 230
1757594575670 0.07670605248666922 231
1757594575681 0.0967876953840131 232
1757594575693 0.07434915912707166 233
1757594575705 0.0718781859439174 234
1757594575717 0.06474837185096298 235
1757594575730 0.08196771756686279 236
1757594575742 0.09041106895052199 237
1757594575755 0.09580331383241016 238
1757594575768 0.09219858086288864 239
1757594575781 0.04432653546512458 240
1757594575794 0.08537418346241124 241
1757594575807 0.13418118101556634 242
1757594575820 0.07544754106263434 243
1757594575834 0.11434554852770462 244
1757594575849 0.12066090821644343 245
1757594575862 0.04542996376463473 246
1757594575874 0.07838070035790468 247
1757594575885 0.06928106640232164 248
1757594575897 0.06817195528970361 249
1757594575908 0.08786763019604049 250
1757594575921 0.12698439122724975 251
1757594575933 0.08967825214716432 252
1757594575945 0.09686950273437582 253
1757594575957 0.05691184580197214 254
1757594575970 0.04381218326147283 255
1757594575990 0.16094909284361258 256
1757594576020 0.15839779584865127 257
1757594576032 0.09707071480423689 258
1757594576044 0.08032870383736539 259
1757594576057 0.16915546530430986 260
1757594576068 0.0665663708347695 261
1757594576081 0.0815859510114005 262
1757594576092 0.21445251085198938 263
1757594576104 0.15733868801238018 264
1757594576116 0.06324316167916978 265
1757594576128 0.07797221832068825 266
1757594576140 0.09920153443241606 267
1757594576152 0.08313428776852251 268
1757594576164 0.08206541237241098 269
1757594576176 0.11835861809722188 270
1757594576188 0.08616210612644362 271
1757594576200 0.08116175528140257 272
1757594576212 0.11470278385404965 273
1757594576224 0.06415573542755239 274
1757594576236 0.12348434654827217 275
1757594576248 0.6066266404297601 276
1757594576260 0.10236509247557253 277
1757594576273 0.04812018777139768 278
1757594576285 0.0631011735392438 279
1757594576298 0.08234992604501426 280
1757594576310 0.06906393372461182 281
1757594576323 0.07394616886619483 282
1757594576335 0.07653429860773031 283
1757594576348 0.055554644347470365 284
1757594576360 0.05701354448046403 285
1757594576372 0.1182959504411985 286
1757594576384 0.05735956767819208 287
1757594576396 0.09219487956141142 288
1757594576408 0.0853316145279832 289
1757594576420 0.10030768393289821 290
1757594576433 0.13940002798675155 291
1757594576445 0.11930338021397813 292
1757594576458 0.09248362155389321 293
1757594576470 0.0749323747029848 294
1757594576482 0.0937955095211957 295
1757594576494 0.12821028118892577 296
1757594576507 0.05055610312243222 297
1757594576520 0.092266591103852 298
1757594576532 0.09324806711627094 299
1757594576545 0.06756213991595576 300
1757594576559 0.07407959761134096 301
1757594576574 0.11699448235845593 302
1757594576587 0.11681778595270292 303
1757594576600 0.13782552752388424 304
1757594576613 0.10595166278629078 305
1757594576626 0.13907066381117686 306
1757594576638 0.1445742375209585 307
1757594576651 0.09656312042976009 308
1757594576664 0.07045398546242777 309
1757594576677 0.10518607016154742 310
1757594576690 0.08920094920793027 311
1757594576703 0.06465263708343605 312
1757594576715 0.06487646484355164 313
1757594576728 0.09376526304126413 314
1757594576741 0.05724509362293569 315
1757594576752 0.0836433120140613 316
1757594576765 0.12910242116868267 317
1757594576777 0.07890982524406781 318
1757594576790 0.11730296450809106 319
1757594576804 0.08135551734163489 320
1757594576816 0.10998321023237374 321
1757594576830 0.067636492353166 322
1757594576843 0.09249952244330024 323
1757594576857 0.08302034049952589 324
1757594576870 0.06061902638373655 325
1757594576883 0.06934735496332783 326
1757594576896 0.07048993823958775 327
1757594576908 0.07125411271961869 328
1757594576919 0.06772177958942198 329
1757594576931 0.0805599118428731 330
1757594576942 0.11105998191558361 331
1757594576953 0.08699707995332842 332
1757594576965 0.044598697256317946 333
1757594576977 0.09559307984163903 334
1757594576988 0.14210285470686335 335
1757594576999 0.07199831337016939 336
1757594577011 0.12460718120850665 337
1757594577022 0.054642045645933085 338
1757594577034 0.14802166767588107 339
1757594577045 0.06118710317634171 340
1757594577057 0.06541785438329208 341
1757594577068 0.1454965127847242 342
1757594577079 0.11644396748372736 343
1757594577091 0.11422912111411988 344
1757594577102 0.06741369823332884 345
1757594577114 0.09388255196679672 346
1757594577125 0.09040758825225162 347
1757594577137 0.060536045608508365 348
1757594577150 0.1057039646576775 349
1757594577163 0.09270012446015434 350
1757594577175 0.05501137923754947 351
1757594577188 0.11783483031123193 352
1757594577201 0.09183097897138034 353
1757594577214 0.06387638611744927 354
1757594577226 0.15867517202660975 355
1757594577239 0.09703486424877285 356
1757594577252 0.07669035302050205 357
1757594577265 0.06199944781245228 358
1757594577278 0.0674953313964931 359
1757594577291 0.06049635458797204 360
1757594577303 0.07008798413760237 361
1757594577321 0.1260185343805487 362
1757594577333 0.08940004285360115 363
1757594577345 0.08995516631753141 364
1757594577357 0.13883059186194407 365
1757594577369 0.06820926440128094 366
1757594577380 0.0815020153653942 367
1757594577391 0.10133039888679848 368
1757594577403 0.08063872618054735 369
1757594577414 0.11104507274387042 370
