1757594373237 169.3239456503905 0
1757594373246 163.02950045850787 1
1757594373254 151.52753876420135 2
1757594373262 136.1385679586056 3
1757594373270 118.26910498195599 4
1757594373278 99.28634579118945 5
1757594373286 80.42007920107184 6
1757594373294 62.69388582976781 7
1757594373301 46.88510814396021 8
1757594373309 33.511045322148405 9
1757594373319 22.837368847655068 10
1757594373329 14.903870796656301 11
1757594373339 9.562303505038763 12
1757594373348 6.521172197624623 13
1757594373356 5.392806958650003 14
1757594373364 5.738763805656797 15
1757594373373 7.110483675419079 16
1757594373381 9.08307788888959 17
1757594373389 11.281027709412298 18
1757594373398 13.395419541768206 19
1757594373406 15.193040316973482 20
1757594373416 16.518202307822968 21
1757594373425 17.288542649911715 22
1757594373433 17.486254359288722 23
1757594373441 17.146268254762383 24
1757594373449 16.34284263811858 25
1757594373457 15.175858389788628 26
1757594373465 13.757891594703414 27
1757594373473 12.202873387636489 28
1757594373481 10.616873996695453 29
1757594373489 9.09128726201251 30
1757594373498 7.698460363067454 31
1757594373506 6.489622807885332 32
1757594373514 5.494825346839026 33
1757594373522 4.724505046715945 34
1757594373544 4.172244999122831 35
1757594373557 3.818290699837777 36
1757594373565 3.633412616075806 37
1757594373574 3.582757331764302 38
1757594373583 3.6293991323967623 39
1757594373592 3.737381604737458 40
1757594373600 3.8741174049473392 41
1757594373608 4.012087756653361 42
1757594373617 4.12984698045941 43
1757594373625 4.212388510854447 44
1757594373632 4.250966004618332 45
1757594373640 4.2424861833933685 46
1757594373648 4.188599952905845 47
1757594373656 4.094616870007636 48
1757594373664 3.968357466742241 49
1757594373672 3.8190408131805347 50
1757594373681 3.656283542316459 51
1757594373689 3.48926372350017 52
1757594373697 3.326080485288642 53
1757594373705 3.1733197705903047 54
1757594373713 3.0358192176412797 55
1757594373721 2.9166116053948064 56
1757594373729 2.8170168656887626 57
1757594373738 2.7368472690887318 58
1757594373746 2.674688671100359 59
1757594373755 2.628222089629068 60
1757594373763 2.5945536786759664 61
1757594373771 2.570526624733408 62
1757594373780 2.552994895212566 63
1757594373788 2.5390454542710703 64
1757594373796 2.526161976461461 65
1757594373804 2.512328804262235 66
1757594373812 2.4960786171961575 67
1757594373821 2.476490843704124 68
1757594373829 2.453150205924171 69
1757594373838 2.426075994631933 70
1757594373846 2.395632855601255 71
1757594373855 2.362433210353937 72
1757594373863 2.3272401431202594 73
1757594373871 2.2908778787716972 74
1757594373880 2.254155060320733 75
1757594373888 2.217804092433198 76
1757594373896 2.182437999519799 77
1757594373905 2.1485246657556196 78
1757594373913 2.116377053146327 79
1757594373921 2.086157068716654 80
1757594373929 2.0578901764691624 81
1757594373938 2.0314876005763476 82
1757594373946 2.006772999994083 83
1757594373954 1.9835107550666 84
1757594373963 1.9614334312128379 85
1757594373971 1.940266510530335 86
1757594373979 1.9197490505950254 87
1757594373988 1.8996494902709222 88
1757594373996 1.8797763345749376 89
1757594374005 1.8599838854576372 90
1757594374013 1.8401735249668172 91
1757594374021 1.8202912943641112 92
1757594374030 1.8003226491197208 93
1757594374038 1.7802853142712285 94
1757594374047 1.7602211315155414 95
1757594374055 1.7401876958495937 96
1757594374064 1.7202504440713788 97
1757594374072 1.7004756981072315 98
1757594374081 1.6809249993964515 99
1757594374089 1.6616509103193322 100
1757594374098 1.642694315656084 101
1757594374106 1.6240831387361083 102
1757594374115 1.60583229744842 103
1757594374124 1.5879446658537726 104
1757594374132 1.5704127765078784 105
1757594374141 1.5532209935982504 106
1757594374149 1.5363479031257898 107
1757594374158 1.519768698408648 108
1757594374166 1.5034573817341417 109
1757594374175 1.4873886508571714 110
1757594374183 1.4715393876529403 111
1757594374192 1.4558897117996747 112
1757594374201 1.4404236020647332 113
1757594374210 1.4251291197378695 114
1757594374219 1.4099982920739484 115
1757594374227 1.395026728170665 116
1757594374236 1.380213046085662 117
1757594374244 1.3655581892666813 118
1757594374253 1.3510647039305967 119
1757594374261 1.3367360384447853 120
1757594374270 1.3225759126152088 121
1757594374279 1.3085877905381809 122
1757594374287 1.2947744766009381 123
1757594374296 1.2811378413390537 124
1757594374305 1.267678672912162 125
1757594374313 1.2543966413965946 126
1757594374322 1.241290357103615 127
1757594374331 1.2283575006749783 128
1757594374340 1.2155950015635724 129
1757594374349 1.2029992423237033 130
1757594374357 1.190566268480964 131
1757594374366 1.1782919871630717 132
1757594374374 1.1661723416924248 133
1757594374383 1.1542034535558774 134
1757594374392 1.1423817272244323 135
1757594374400 1.130703916923583 136
1757594374409 1.1191671574638953 137
1757594374418 1.1077689635245627 138
1757594374428 1.09650720330653 139
1757594374437 1.08538005326709 140
1757594374446 1.0743859407927259 141
1757594374455 1.0635234812735375 142
1757594374464 1.0527914152426634 143
1757594374473 1.0421885501734722 144
1757594374482 1.03171371031693 145
1757594374491 1.021365696728801 146
1757594374499 1.0111432584760227 147
1757594374508 1.0010450749974176 148
1757594374517 0.9910697487729464 149
1757594374525 0.9812158068530279 150
1757594374534 0.9714817094181352 151
1757594374543 0.9618658633655618 152
1757594374562 0.9523666389286312 153
1757594374576 0.9429823874881034 154
1757594374585 0.9337114589976777 155
1757594374594 0.9245522177747147 156
1757594374603 0.9155030557669874 157
1757594374612 0.9065624027633781 158
1757594374621 0.8977287333455017 159
1757594374629 0.889000570658473 160
1757594374638 0.8803764873012979 161
1757594374647 0.8718551037946756 162
1757594374656 0.8634350851775602 163
1757594374664 0.8551151363184831 164
1757594374673 0.846893996512064 165
1757594374682 0.8387704338761621 166
1757594374690 0.830743239982218 167
1757594374699 0.8228112250519717 168
1757594374708 0.8149732139486726 169
1757594374717 0.8072280430886041 170
1757594374725 0.7995745583068313 171
1757594374734 0.7920116136339206 172
1757594374744 0.7845380708813811 173
1757594374753 0.7771527998931538 174
1757594374762 0.7698546792986342 175
1757594374771 0.7626425975971048 176
1757594374780 0.7555154544116643 177
1757594374789 0.7484721617694375 178
1757594374797 0.7415116452906232 179
1757594374806 0.734632845198439 180
1757594374815 0.7278347170926973 181
1757594374824 0.7211162324585428 182
1757594374833 0.714476378907395 183
1757594374843 0.7079141601681179 184
1757594374852 0.7014285958617869 185
1757594374861 0.6950187211036405 186
1757594374870 0.6886835859805099 187
1757594374880 0.682422254952501 188
1757594374889 0.6762338062241602 189
1757594374899 0.6701173311243231 190
1757594374908 0.664071933525924 191
1757594374917 0.658096729328269 192
1757594374926 0.6521908460155709 193
1757594374935 0.6463534222974089 194
1757594374943 0.6405836078297017 195
1757594374953 0.6348805630093918 196
1757594374962 0.6292434588318263 197
1757594374971 0.623671476797586 198
1757594374980 0.6181638088543882 199
1757594374991 0.6127196573601829 200
1757594375001 0.6073382350545635 201
1757594375012 0.6020187650278657 202
1757594375022 0.5967604806795398 203
1757594375031 0.5915626256600207 204
1757594375040 0.5864244537928889 205
1757594375049 0.5813452289762296 206
1757594375059 0.5763242250641867 207
1757594375068 0.5713607257310487 208
1757594375077 0.5664540243212822 209
1757594375086 0.5616034236894906 210
1757594375095 0.5568082360343863 211
1757594375104 0.5520677827307443 212
1757594375113 0.5473813941628072 213
1757594375122 0.5427484095619991 214
1757594375132 0.5381681768511121 215
1757594375141 0.5336400524963218 216
1757594375150 0.5291634013677534 217
1757594375159 0.5247375966085995 218
1757594375168 0.520362019512375 219
1757594375177 0.5160360594073989 220
1757594375187 0.5117591135474456 221
1757594375196 0.5075305870073231 222
1757594375206 0.5033498925821239 223
1757594375215 0.49921645068903714 224
1757594375225 0.49512968927065426 225
1757594375234 0.4910890436990502 226
1757594375243 0.48709395667995364 227
1757594375252 0.48314387815670684 228
1757594375261 0.4792382652137907 229
1757594375271 0.47537658197997235 230
1757594375296 0.4715582995311597 231
1757594375307 0.46778289579325927 232
1757594375317 0.4640498554452978 233
1757594375327 0.4603586698231648 234
1757594375336 0.4567088368243163 235
1757594375345 0.4530998608136686 236
1757594375355 0.4495312525309967 237
1757594375364 0.44600252899999143 238
1757594375373 0.44251321343909117 239
1757594375383 0.43906283517416966 240
1757594375392 0.4356509295530588 241
1757594375402 0.4322770378618918 242
1757594375412 0.42894070724315125 243
1757594375421 0.4256414906153718 244
1757594375431 0.4223789465943015 245
1757594375441 0.4191526394154704 246
1757594375450 0.4159621388580133 247
1757594375460 0.41280702016965226 248
1757594375473 0.40968686399272464 249
1757594375482 0.4066012562912313 250
1757594375492 0.4035497882787893 251
1757594375501 0.4005320563475269 252
1757594375511 0.3975476619978256 253
1757594375521 0.3945962117689666 254
1757594375530 0.3916773171706424 255
1757594375540 0.3887905946153743 256
1757594375550 0.3859356653518239 257
1757594375560 0.3831121553990421 258
1757594375569 0.3803196954816341 259
1757594375579 0.37755792096588187 260
1757594375588 0.37482647179680734 261
1757594375598 0.37212499243619107 262
1757594375608 0.369453131801522 263
1757594375617 0.3668105432058942 264
1757594375626 0.3641968842988056 265
1757594375636 0.3616118170078784 266
1757594375645 0.35905500748142116 267
1757594375655 0.3565261260319041 268
1757594375664 0.35402484708021514 269
1757594375674 0.35155084910078227 270
1757594375683 0.3491038145674447 271
1757594375693 0.34668342990012857 272
1757594375702 0.34428938541228993 273
1757594375712 0.34192137525906724 274
1757594375721 0.3395790973861921 275
1757594375730 0.33726225347960737 276
1757594375740 0.3349705489157973 277
1757594375750 0.332703692712806 278
1757594375760 0.3304613974819522 279
1757594375769 0.32824337938022996 280
1757594375778 0.3260493580633624 281
1757594375788 0.3238790566395456 282
1757594375798 0.321732201623826 283
1757594375808 0.31960852289314956 284
1757594375818 0.3175077536420233 285
1757594375827 0.3154296303388396 286
1757594375837 0.3133738926827933 287
1757594375847 0.3113402835614423 288
1757594375856 0.3093285490088368 289
1757594375866 0.30733843816427203 290
1757594375876 0.30536970323161394 291
1757594375886 0.3034220994391948 292
1757594375895 0.3014953850002794 293
1757594375905 0.29958932107409414 294
1757594375919 0.29770367172738976 295
1757594375934 0.2958382038965465 296
1757594375952 0.2939926873502205 297
1757594375968 0.29216689465248946 298
1757594375987 0.2903606011265419 299
1757594376000 0.28857358481883966 300
1757594376012 0.28680562646380575 301
1757594376023 0.2850565094489884 302
1757594376034 0.28332601978071253 303
1757594376045 0.2816139460502107 304
1757594376055 0.27992007940022184 305
1757594376066 0.2782442134920553 306
1757594376077 0.27658614447310526 307
1757594376089 0.2749456709448289 308
1757594376102 0.2733225939311469 309
1757594376115 0.27171671684730114 310
1757594376127 0.2701278454691328 311
1757594376138 0.2685557879027818 312
1757594376149 0.267000354554817 313
1757594376159 0.2654613581027516 314
1757594376170 0.26393861346600433 315
1757594376180 0.2624319377772131 316
1757594376190 0.2609411503539827 317
1757594376201 0.25946607267099137 318
1757594376211 0.25800652833250026 319
1757594376222 0.2565623430452179 320
1757594376232 0.2551333445915518 321
1757594376243 0.253719362803226 322
1757594376253 0.25232022953523653 323
1757594376263 0.25093577864019223 324
1757594376273 0.24956584594297618 325
1757594376284 0.24821026921577716 326
1757594376294 0.2468688881534358 327
1757594376304 0.24554154434914385 328
1757594376314 0.24422808127046483 329
1757594376324 0.24292834423567683 330
1757594376334 0.2416421803904397 331
1757594376344 0.24036943868478292 332
1757594376354 0.23910996985039099 333
1757594376364 0.23786362637819788 334
1757594376373 0.23663026249629968 335
1757594376383 0.23540973414814223 336
1757594376393 0.23420189897101515 337
1757594376403 0.2330066162748319 338
1757594376413 0.23182374702119515 339
1757594376423 0.23065315380273746 340
1757594376433 0.22949470082274787 341
1757594376443 0.2283482538750652 342
1757594376453 0.2272136803242417 343
1757594376463 0.22609084908596314 344
1757594376473 0.22497963060775072 345
1757594376483 0.22387989684989823 346
1757594376493 0.22279152126667634 347
1757594376503 0.22171437878777633 348
1757594376513 0.22064834580001685 349
1757594376523 0.21959330012927117 350
1757594376533 0.21854912102265808 351
1757594376543 0.2175156891309456 352
1757594376553 0.21649288649120818 353
1757594376563 0.215480596509696 354
1757594376573 0.21447870394494412 355
1757594376583 0.21348709489109396 356
1757594376593 0.21250565676144495 357
1757594376603 0.2115342782722119 358
1757594376613 0.21057284942650234 359
1757594376623 0.2096212614985089 360
1757594376633 0.20867940701789683 361
1757594376643 0.2077471797544074 362
1757594376654 0.20682447470265908 363
1757594376664 0.20591118806714775 364
1757594376674 0.20500721724744228 365
1757594376684 0.20411246082357773 366
1757594376695 0.20322681854162924 367
1757594376705 0.20235019129949272 368
1757594376716 0.20148248113282546 369
1757594376727 0.20062359120119644 370
1757594376737 0.1997734257743964 371
1757594376748 0.198931890218933 372
1757594376758 0.1980988909847078 373
1757594376768 0.19727433559185387 374
1757594376778 0.19645813261775338 375
1757594376788 0.19565019168422063 376
1757594376798 0.19485042344484535 377
1757594376808 0.1940587395725131 378
1757594376819 0.1932750527470695 379
1757594376829 0.19249927664315805 380
1757594376839 0.191731325918208 381
1757594376849 0.19097111620057583 382
1757594376859 0.1902185640778421 383
1757594376870 0.1894735870852608 384
1757594376880 0.18873610369435262 385
1757594376890 0.1880060333016404 386
1757594376900 0.1872832962175446 387
1757594376910 0.18656781365540503 388
1757594376921 0.18585950772065135 389
1757594376931 0.18515830140010728 390
1757594376943 0.1844641185514356 391
1757594376953 0.18377688389271674 392
1757594376964 0.18309652299215753 393
1757594376974 0.1824229622579359 394
1757594376986 0.18175612892816925 395
1757594376996 0.18109595106101356 396
1757594377006 0.18044235752489013 397
1757594377016 0.17979527798883216 398
1757594377027 0.17915464291295163 399
1757594377037 0.17852038353904065 400
1757594377047 0.17789243188127374 401
1757594377057 0.17727072071703948 402
1757594377068 0.17665518357787988 403
1757594377078 0.17604575474055778 404
1757594377088 0.17544236921821812 405
1757594377098 0.17484496275167744 406
1757594377108 0.1742534718008132 407
1757594377119 0.17366783353606038 408
1757594377129 0.17308798583002702 409
1757594377139 0.17251386724920034 410
1757594377150 0.17194541704576322 411
1757594377159 0.171382575149518 412
1757594377170 0.17082528215990453 413
1757594377180 0.17027347933811623 414
1757594377190 0.1697271085993275 415
1757594377201 0.1691861125049998 416
1757594377211 0.16865043425529896 417
1757594377221 0.16812001768160645 418
1757594377231 0.16759480723910727 419
1757594377242 0.16707474799949276 420
1757594377252 0.16655978564373508 421
1757594377262 0.1660498664549684 422
1757594377273 0.16554493731144135 423
1757594377283 0.16504494567957312 424
1757594377294 0.1645498396070811 425
1757594377304 0.1640595677162057 426
1757594377314 0.1635740791970118 427
1757594377325 0.16309332380077485 428
1757594377335 0.1626172518334489 429
1757594377346 0.1621458141492184 430
1757594377356 0.16167896214411862 431
1757594377367 0.16121664774975347 432
1757594377377 0.1607588234270688 433
1757594377387 0.16030544216022247 434
1757594377398 0.15985645745051455 435
1757594377409 0.1594118233103992 436
1757594377419 0.1589714942575698 437
1757594377430 0.15853542530911754 438
1757594377440 0.15810357197575617 439
1757594377451 0.1576758902561233 440
1757594377462 0.15725233663114752 441
1757594377472 0.1568328680584884 442
1757594377483 0.15641744196704 443
1757594377493 0.15600601625150504 444
1757594377504 0.15559854926703262 445
1757594377514 0.1551949998239223 446
1757594377524 0.1547953271823936 447
1757594377535 0.15439949104741788 448
1757594377545 0.1540074515636124 449
1757594377556 0.15361916931019973 450
1757594377567 0.1532346052960234 451
1757594377578 0.15285372095462743 452
1757594377588 0.15247647813939602 453
1757594377598 0.1521028391187501 454
1757594377609 0.15173276657139867 455
1757594377620 0.15136622358165927 456
1757594377631 0.151003173634821 457
1757594377642 0.15064358061257171 458
1757594377652 0.150287408788477 459
1757594377663 0.14993462282351724 460
1757594377674 0.1495851877616759 461
1757594377684 0.14923906902557757 462
1757594377694 0.14889623241218755 463
1757594377705 0.14855664408855263 464
1757594377716 0.1482202705876009 465
1757594377727 0.14788707880398852 466
1757594377737 0.14755703598999645 467
1757594377748 0.14723010975147358 468
1757594377758 0.14690626804383916 469
1757594377769 0.1465854791681151 470
1757594377779 0.14626771176702635 471
1757594377790 0.14595293482112934 472
1757594377801 0.14564111764499746 473
1757594377811 0.1453322298834508 474
1757594377822 0.1450262415078268 475
1757594377833 0.14472312281230001 476
1757594377844 0.14442284441023986 477
1757594377855 0.14412537723061988 478
1757594377865 0.1438306925144602 479
1757594377876 0.14353876181132033 480
1757594377887 0.1432495569758305 481
1757594377898 0.14296305016426045 482
1757594377909 0.1426792138311349 483
1757594377919 0.14239802072588445 484
1757594377930 0.1421194438895421 485
1757594377941 0.14184345665146977 486
1757594377951 0.1415700326261313 487
1757594377962 0.14129914570989757 488
1757594377973 0.14103077007790016 489
1757594377983 0.1407648801809038 490
1757594377994 0.14050145074223327 491
1757594378005 0.14024045675472843 492
1757594378016 0.13998187347773328 493
1757594378027 0.13972567643412517 494
1757594378038 0.13947184140737964 495
1757594378049 0.13922034443865766 496
1757594378060 0.13897116182394703 497
1757594378070 0.13872427011122124 498
1757594378084 0.13847964609763544 499
