1757517981657 8.755326672375256 0
1757517981666 8.51403533124101 1
1757517981676 1.477718025354554 2
1757517981685 5.165507121241263 3
1757517981694 5.951285915972339 4
1757517981703 1.6805299267369986 5
1757517981713 0.9524214628704131 6
1757517981723 1.284508988937755 7
1757517981732 2.5988951254929336 8
1757517981742 1.414331127207707 9
1757517981751 1.2166701058262315 10
1757517981761 0.9372368527073688 11
1757517981770 0.7861683179322431 12
1757517981780 0.8467383952508859 13
1757517981789 1.6409436226421932 14
1757517981798 1.0168618529661255 15
1757517981807 1.0539911662362844 16
1757517981817 1.1315012950441077 17
1757517981826 0.703606169119708 18
1757517981836 0.365947269728106 19
1757517981845 0.1638198327670554 20
1757517981855 0.6795127384773051 21
1757517981865 0.6373024231504968 22
1757517981875 0.27030257550241304 23
1757517981884 0.5900356066830506 24
1757517981894 0.2751103174450367 25
1757517981903 0.43422487208975213 26
1757517981913 0.5403877628749433 27
1757517981923 0.5244562326612873 28
1757517981932 0.3792689619933468 29
1757517981942 0.6180128764688476 30
1757517981951 0.23476759379358528 31
1757517981960 1.1711103613633036 32
1757517981970 0.5670069499653942 33
1757517981979 0.24185160780615664 34
1757517981989 0.13380298260002288 35
1757517981998 0.16580766216073628 36
1757517982008 0.3484283513076302 37
1757517982017 0.10953262391599078 38
1757517982027 0.3049930640996493 39
1757517982036 0.36531173639915887 40
1757517982046 0.29865383443047816 41
1757517982056 0.29487159329494905 42
1757517982065 0.323897427812536 43
1757517982075 0.20561617885379788 44
1757517982084 0.1431792720565589 45
1757517982093 0.21391192809302698 46
1757517982103 0.15726872728570462 47
1757517982113 0.09899987227320677 48
1757517982123 0.16150377342166608 49
1757517982132 0.08778874354762857 50
1757517982142 0.2428400653249788 51
1757517982151 0.2284283356339415 52
1757517982161 0.17083542473766217 53
1757517982171 0.2886081895843894 54
1757517982180 0.11009439255489897 55
1757517982190 0.07608611582062902 56
1757517982199 0.167852760843547 57
1757517982209 0.12605388344303878 58
1757517982219 0.065851821416155 59
1757517982228 0.09668989455406146 60
1757517982238 0.13942966674104165 61
1757517982247 0.11745082184039662 62
1757517982257 0.7237508621315525 63
1757517982266 0.14687805780066268 64
1757517982276 0.0672707481316936 65
1757517982286 0.05633160908989506 66
1757517982295 0.059020379976624564 67
1757517982305 0.339344398010157 68
1757517982315 0.1290697012677864 69
1757517982324 0.13911649452969435 70
1757517982334 0.12197648763132303 71
1757517982343 0.06883089971954232 72
1757517982353 0.10127062086634808 73
1757517982363 0.12711368295430409 74
1757517982372 0.1099049363151022 75
1757517982382 0.17390846998924578 76
1757517982392 0.1546204278626574 77
1757517982401 0.09739597020189066 78
1757517982411 0.13985397621198178 79
1757517982421 0.1394633574319535 80
1757517982431 0.2260876227362626 81
1757517982440 0.11897484637711435 82
1757517982450 0.12095039631127433 83
1757517982460 0.13349635226952108 84
1757517982469 0.07670074155066878 85
1757517982479 0.12627260797421122 86
1757517982489 0.11849696960161323 87
1757517982499 0.20320026244250644 88
1757517982509 0.1015039760244245 89
1757517982518 0.14996675336017928 90
1757517982528 0.12853982728051008 91
1757517982538 0.11851833824264354 92
1757517982548 0.06954531532166666 93
1757517982557 0.11601170258455495 94
1757517982567 0.12276501581845546 95
1757517982577 0.06872524028536105 96
1757517982587 0.12515718655924896 97
1757517982597 0.11689619203413987 98
1757517982606 0.07614480321992244 99
1757517982616 0.07551443137992127 100
1757517982626 0.10720512437291586 101
1757517982636 0.14073779275446174 102
1757517982646 0.12472944444306598 103
1757517982656 0.06613177184733791 104
1757517982666 0.1390046337532241 105
1757517982676 0.10275584635332716 106
1757517982686 0.07414711547477781 107
1757517982695 0.12509857235525598 108
1757517982705 0.0904945234893054 109
1757517982715 0.11645019910774064 110
1757517982725 0.09595317219497052 111
1757517982735 0.06639023337011227 112
1757517982745 0.09155973735955557 113
1757517982755 0.0980135510886875 114
1757517982765 0.2371506035604479 115
1757517982775 0.11892119687948405 116
