1757518011802 128.26493936266198 0
1757518011811 90.68364484227257 1
1757518011821 73.35480804387339 2
1757518011830 46.82184479646323 3
1757518011839 43.277774527988136 4
1757518011849 31.421702667150416 5
1757518011858 21.451391632013898 6
1757518011867 13.256303099579865 7
1757518011877 15.348256247861407 8
1757518011886 9.47341174877754 9
1757518011895 12.54805738089476 10
1757518011905 6.83038342962364 11
1757518011914 6.197819905926305 12
1757518011923 2.434021050477093 13
1757518011933 4.931922086921828 14
1757518011942 2.553078287526434 15
1757518011951 3.3840671463202434 16
1757518011961 1.5212937621351204 17
1757518011970 4.603340879156632 18
1757518011980 4.443326982386475 19
1757518011989 3.6550087112237315 20
1757518011999 5.42629951413754 21
1757518012009 4.5260600848739125 22
1757518012019 4.4928952036306775 23
1757518012029 4.690215252990877 24
1757518012039 1.6097710250277064 25
1757518012048 3.522636841770284 26
1757518012058 5.745001876245749 27
1757518012067 4.028435728934941 28
1757518012077 5.395954724250888 29
1757518012087 3.319814108922417 30
1757518012096 3.3232639090018066 31
1757518012106 3.1280314864595007 32
1757518012115 7.440557376465283 33
1757518012125 2.455324165313744 34
1757518012135 0.45560334383726336 35
1757518012145 1.1979130141852983 36
1757518012155 2.5255946966123193 37
1757518012164 3.6653231626609726 38
1757518012174 2.0654339855455226 39
1757518012183 3.9267477006096527 40
1757518012193 3.071929561006246 41
1757518012202 3.413311857550664 42
1757518012212 4.653672872766706 43
1757518012222 1.6726946903809576 44
1757518012231 1.9525442855155537 45
1757518012241 4.905280039031721 46
1757518012251 0.6867286719195264 47
1757518012260 2.5987943531533664 48
1757518012270 2.918601540186017 49
1757518012279 2.1875455649070594 50
1757518012289 3.2086147832707055 51
1757518012298 2.724133445995146 52
1757518012308 3.275441942658625 53
1757518012317 2.967209330942587 54
1757518012327 3.586802172567806 55
1757518012336 3.990642952584748 56
1757518012346 2.4513649561833435 57
1757518012356 2.2022074652984927 58
1757518012366 2.7282707983012844 59
1757518012375 2.5338596260186237 60
1757518012385 2.2140211979443154 61
1757518012395 4.151197159796727 62
1757518012405 3.1987632964459127 63
1757518012414 2.725703638940422 64
1757518012424 4.111449841407876 65
1757518012434 1.2194000953448167 66
1757518012443 1.6246950902836672 67
1757518012453 3.6115892775475884 68
1757518012463 3.4938761645941563 69
1757518012473 1.8538615885419818 70
1757518012483 1.6207585622900862 71
1757518012492 3.825002684752588 72
1757518012502 2.144329376380353 73
1757518012512 2.757784248855291 74
1757518012522 3.2442707059923928 75
1757518012532 1.7660071754684155 76
1757518012542 3.2900148997985323 77
1757518012555 2.975487116002487 78
1757518012565 1.1353632605212909 79
1757518012575 1.074916541163949 80
1757518012585 2.099770840629737 81
1757518012594 1.9954586567239787 82
1757518012604 2.4623849473799226 83
1757518012614 1.0569720570631218 84
1757518012624 2.1527998144188256 85
1757518012634 0.6336502473768353 86
1757518012643 2.464599369911118 87
1757518012653 1.8702972472783312 88
1757518012663 1.2712902418733623 89
1757518012673 2.255189838722069 90
1757518012683 2.943641884326531 91
1757518012693 2.48074480240555 92
1757518012703 3.51239432788418 93
1757518012712 1.1687290911835486 94
1757518012722 1.0959464207769225 95
1757518012732 2.2420782849110457 96
1757518012742 2.441426608096237 97
1757518012752 2.753273967231934 98
1757518012762 4.367934385572289 99
1757518012772 0.8747955486501723 100
1757518012782 0.9148297646108179 101
1757518012792 1.947623396970509 102
1757518012802 0.9509593512247634 103
1757518012812 2.212267057993892 104
1757518012822 0.7887729054054897 105
1757518012832 1.5118978053076453 106
1757518012842 0.9819929145242574 107
1757518012852 1.3121541182836305 108
1757518012862 1.9679603879939636 109
1757518012872 2.330398478731734 110
1757518012882 1.0316610023989008 111
1757518012892 1.1673126686901119 112
1757518012902 1.331725050349125 113
1757518012912 1.751236232627653 114
1757518012922 1.4820379281729754 115
1757518012932 1.4964845817790597 116
1757518012942 1.955230364432878 117
1757518012952 1.787581680545439 118
1757518012962 1.5894904990361651 119
1757518012973 2.5910304422307777 120
1757518012983 1.9664007524183884 121
1757518012993 2.2550605359235996 122
1757518013003 1.5141227308940228 123
1757518013014 2.0405654434345952 124
1757518013025 1.6395908252543578 125
1757518013036 1.0140387494158 126
1757518013046 1.6216659270091116 127
1757518013057 1.3465981942052019 128
1757518013067 1.3108083741068532 129
1757518013077 1.1329228510012515 130
1757518013087 1.0899270201849782 131
1757518013097 1.6384271550345062 132
1757518013107 1.6761684026518355 133
1757518013118 1.2937843170926007 134
1757518013128 0.7751474038005272 135
1757518013139 0.8743175361099275 136
1757518013149 1.6914203770639904 137
1757518013160 0.7726695565136557 138
1757518013172 2.162292491318595 139
1757518013188 1.7643360892837558 140
1757518013200 1.5162489435313358 141
1757518013210 1.3864320079187884 142
1757518013221 1.3427818700777499 143
1757518013232 1.5661672652442145 144
1757518013242 1.74457284924431 145
1757518013253 1.2928817195639988 146
1757518013263 1.2380736853405225 147
1757518013275 1.4924686474037614 148
1757518013297 0.8115161321638615 149
1757518013308 0.7394454699174513 150
1757518013319 1.2388654345310235 151
1757518013329 0.9541758276865266 152
1757518013339 1.6508145920248887 153
1757518013350 1.6407199872414409 154
1757518013360 1.2485530402742182 155
1757518013370 0.8083790048167677 156
1757518013380 0.8258476957631415 157
1757518013391 1.0330122513300093 158
1757518013401 0.6845124852922617 159
1757518013411 0.8994149793159969 160
1757518013422 0.729612762993953 161
1757518013432 0.8825226024884112 162
1757518013443 1.665240530957648 163
1757518013453 0.9341196826180901 164
1757518013463 0.9862108317147469 165
1757518013474 0.9043989517718358 166
1757518013484 1.1350385914448002 167
1757518013495 1.5163283009437065 168
1757518013505 0.5376416577232321 169
1757518013515 0.5959066776139311 170
1757518013526 1.143786894369583 171
1757518013536 1.0679550406622746 172
1757518013547 0.8536358052880675 173
1757518013557 1.4008616275891597 174
1757518013568 1.2635117267616618 175
1757518013578 0.5828081905831173 176
1757518013589 1.2347111709702732 177
1757518013599 0.604961910495873 178
1757518013609 1.248023554504815 179
1757518013620 1.4069177493173466 180
1757518013630 0.7694120941412634 181
1757518013641 0.47058087708802365 182
1757518013651 0.62654914916448 183
1757518013661 1.0259183678644193 184
1757518013672 1.0374059408167726 185
1757518013682 1.0336696808534769 186
1757518013693 0.6688531341174662 187
1757518013703 0.8879759891861361 188
1757518013714 0.3130977082885011 189
1757518013724 0.6043635722346821 190
1757518013734 0.6930510703572738 191
1757518013745 1.5041582010286167 192
1757518013755 0.8202497727230312 193
1757518013766 0.3543326322848841 194
1757518013776 0.5687837957788224 195
1757518013787 1.0318903662274679 196
1757518013797 0.2517199188978621 197
1757518013808 0.2368085608921851 198
1757518013818 0.6556847271231654 199
1757518013829 0.453244126729405 200
1757518013839 0.7568450761562099 201
1757518013850 1.1033380069660472 202
1757518013860 0.7922279569047086 203
1757518013871 0.7496091974061907 204
1757518013882 0.6750243614999912 205
1757518013892 1.0060549487110506 206
1757518013903 0.4299595344042069 207
1757518013913 0.6705637464080466 208
1757518013924 0.23068588094366146 209
1757518013935 0.9553740997345964 210
1757518013945 0.8165534525992164 211
1757518013956 1.0006011219465027 212
1757518013966 0.7341396257229804 213
1757518013977 1.2684127518345953 214
1757518013988 0.6843978453300246 215
1757518013998 0.9232717408298621 216
1757518014009 0.6255492059220045 217
1757518014020 0.4842697832709037 218
1757518014030 0.5321887044883757 219
1757518014041 1.1064436044052066 220
1757518014052 0.5226605461195597 221
1757518014062 0.3602547281921826 222
1757518014073 0.6780261353930123 223
1757518014084 0.5861884921973796 224
1757518014095 0.6653403081109517 225
1757518014105 0.6229151072942505 226
1757518014116 1.047871155869249 227
1757518014127 0.6073405057799081 228
1757518014138 0.3837535482713744 229
1757518014148 1.2099411634551192 230
1757518014159 0.24383891454634907 231
1757518014170 0.2770366120883675 232
1757518014180 0.2759919851940099 233
1757518014191 0.4531934305238336 234
1757518014202 0.41719149994619065 235
1757518014213 0.5726398073765813 236
1757518014224 0.6496612520592236 237
1757518014234 0.9530199432528426 238
1757518014245 0.7473168315244174 239
1757518014256 0.7520926566628022 240
1757518014267 0.6904711730401608 241
1757518014277 0.36401381753168743 242
1757518014288 0.617850532692794 243
1757518014298 0.7251408794254575 244
1757518014310 0.27646660750348484 245
1757518014320 0.24821577232697276 246
1757518014331 0.2541991177194391 247
1757518014342 0.4036977016515399 248
1757518014353 0.23725416394624393 249
1757518014363 0.33051000193622776 250
1757518014374 0.5668986799719135 251
1757518014385 0.684423602725558 252
1757518014396 0.197214050692653 253
1757518014407 0.28250198294321227 254
1757518014418 0.4984892098399081 255
1757518014429 0.33257837611763486 256
1757518014440 0.5655425230380887 257
1757518014451 0.3440364936420859 258
1757518014462 0.431819975652902 259
1757518014473 0.6670834350397518 260
1757518014484 0.32664157331942506 261
1757518014496 0.34305612738706587 262
1757518014507 0.29405978300840596 263
1757518014517 0.21996268664686097 264
1757518014528 0.35083694339661153 265
1757518014539 0.30600425596809594 266
1757518014550 0.6115009980738363 267
1757518014561 0.5125008424956574 268
1757518014572 0.33129513572609753 269
1757518014584 0.19869817715782895 270
1757518014595 0.37421705826681556 271
1757518014607 0.3891939966090547 272
1757518014618 0.4407577594371287 273
1757518014629 0.2724004338517337 274
1757518014641 0.3248005342891981 275
1757518014652 0.49862322587583874 276
1757518014664 0.4181165672188101 277
1757518014675 0.7712050637827766 278
1757518014687 0.45397345732032285 279
1757518014698 0.37481909049682366 280
1757518014710 0.7363918221761186 281
1757518014731 0.2673303057643765 282
1757518014745 0.32473849873634725 283
1757518014757 0.45203649944193225 284
1757518014769 0.2764890911511178 285
1757518014780 0.5971130021878935 286
1757518014791 0.33166593998721094 287
1757518014802 0.4986551215578958 288
1757518014814 0.2912876253858615 289
1757518014825 0.29659288827290947 290
1757518014836 0.22173777728527314 291
1757518014847 0.41002396062617796 292
1757518014858 0.35935810479559743 293
1757518014869 0.2554050347438406 294
1757518014881 0.5744069318580981 295
1757518014892 0.15926175265532336 296
1757518014903 0.7035688219781938 297
1757518014914 0.18913439425607464 298
1757518014926 0.35730529951899015 299
1757518014937 0.41089386446991605 300
1757518014948 0.5350453130140926 301
1757518014959 0.43431045525981204 302
1757518014971 0.19308003940574509 303
1757518014982 0.36130626091090523 304
1757518014993 0.2891020086012098 305
1757518015005 0.40510384745419276 306
1757518015016 0.4814150043099512 307
1757518015027 0.44757159940582797 308
1757518015038 0.5295570000843417 309
1757518015050 0.642128448570808 310
1757518015061 0.40036140514816715 311
1757518015072 0.7743050238212779 312
1757518015083 0.18940980349074069 313
1757518015095 0.2876369029181316 314
1757518015106 0.47497516483077407 315
1757518015117 0.4003213701823886 316
1757518015128 0.5751502373736126 317
1757518015139 0.37256601715885906 318
1757518015151 0.2133193905099024 319
1757518015162 0.6883544563384526 320
1757518015173 0.2900367164694212 321
1757518015184 0.3279204255767992 322
1757518015195 0.18040775773752066 323
1757518015207 0.29135630638962823 324
1757518015218 0.286589461321242 325
1757518015229 0.5735700818349705 326
1757518015240 0.5617886835143385 327
1757518015255 0.2677197186926482 328
1757518015266 0.39495892144716227 329
1757518015277 0.23074043861787877 330
1757518015289 0.5611996876859272 331
1757518015300 0.3576450487793358 332
1757518015311 0.34407956474763685 333
1757518015323 0.4239951763896937 334
1757518015335 0.2495747219244647 335
1757518015347 0.27526755912695133 336
1757518015358 0.2915754088869794 337
1757518015369 0.4427663594105612 338
1757518015381 0.3022409911977718 339
1757518015393 0.36065348598740415 340
1757518015404 0.4307490770083363 341
1757518015416 0.4856573231295182 342
1757518015428 0.1318749246011633 343
1757518015440 0.3128786314342431 344
1757518015451 0.2371097531959916 345
1757518015463 0.15455042153504212 346
1757518015475 0.2661457701376276 347
1757518015486 0.3886761158658527 348
1757518015498 0.15422068268609918 349
1757518015509 0.36929518760946295 350
1757518015521 0.5605618750532869 351
1757518015532 0.21866876978646863 352
1757518015544 0.29408217997775554 353
1757518015556 0.1489089309750715 354
1757518015567 0.2320476116686703 355
1757518015579 0.26169406100540576 356
1757518015590 0.275473335494524 357
1757518015602 0.28097955131344804 358
1757518015613 0.3770816085989325 359
1757518015625 0.1507315496450607 360
1757518015636 0.19074753784756096 361
1757518015648 0.14349266781300363 362
1757518015660 0.276745970191157 363
1757518015671 0.3296092514391035 364
1757518015682 0.29473855144070493 365
1757518015694 0.21385924106870613 366
1757518015705 0.35200965465783435 367
1757518015717 0.16543346105749565 368
1757518015728 0.35955938985500613 369
1757518015740 0.2860899395871603 370
1757518015752 0.21330385951737937 371
1757518015763 0.23029000058844792 372
1757518015776 0.26420716761549584 373
1757518015789 0.12102174502588689 374
1757518015802 0.4232662709292472 375
1757518015816 0.20150329681800375 376
1757518015830 0.20561601060001763 377
1757518015842 0.21692496005429174 378
1757518015854 0.37696604842347753 379
1757518015866 0.29194139795184687 380
1757518015878 0.2703326234597169 381
1757518015891 0.2711722450918101 382
1757518015903 0.34925760222027796 383
1757518015915 0.1577780066060318 384
1757518015927 0.20206038024750883 385
1757518015939 0.29151914428882214 386
1757518015951 0.21849483333951758 387
1757518015962 0.30128957845762144 388
1757518015974 0.24407645521868493 389
1757518015985 0.24119475173866461 390
1757518015997 0.10546995190282404 391
1757518016008 0.21984802251332491 392
1757518016020 0.23428571937005416 393
1757518016032 0.1580456541328942 394
1757518016043 0.28115802434480663 395
1757518016055 0.319010733578095 396
1757518016066 0.19584600497964916 397
1757518016078 0.18761395083750884 398
1757518016090 0.2348814926888844 399
1757518016102 0.41046569322257664 400
1757518016114 0.26371006066073077 401
1757518016125 0.34056478802255563 402
1757518016137 0.19549604542156795 403
1757518016149 0.16685792790420456 404
1757518016160 0.1847395678505363 405
1757518016172 0.22776461746851262 406
1757518016184 0.12160592622245905 407
1757518016196 0.1118388881211248 408
1757518016208 0.434334934585472 409
1757518016219 0.225735355729879 410
1757518016231 0.28580509562525097 411
1757518016243 0.30012782707304336 412
1757518016255 0.1235951980059282 413
1757518016266 0.1766438344849823 414
1757518016278 0.23274907629703728 415
1757518016290 0.18531433049508628 416
1757518016302 0.24463348692872816 417
1757518016314 0.19095450922273968 418
1757518016326 0.14221247179310426 419
1757518016337 0.12995858355489281 420
1757518016349 0.22416984009029864 421
1757518016361 0.17161829882051152 422
1757518016372 0.179015661717395 423
1757518016384 0.17769078160701907 424
1757518016396 0.18907853878278236 425
1757518016408 0.3234355811424529 426
1757518016420 0.1634999104048067 427
1757518016432 0.28713948744537915 428
1757518016444 0.3526269781984849 429
1757518016456 0.10540715556520532 430
1757518016468 0.2435112773793725 431
1757518016480 0.2090914869181598 432
1757518016492 0.22570582534774034 433
1757518016504 0.13596036227359964 434
1757518016516 0.38431923465836487 435
1757518016528 0.21632536763046417 436
1757518016540 0.40304546720743695 437
1757518016552 0.2015237062207731 438
1757518016564 0.2401459976812188 439
1757518016576 0.1100792692298665 440
1757518016588 0.2586970010136118 441
1757518016600 0.18564750386454393 442
1757518016612 0.2137408959503375 443
1757518016624 0.08171760304957441 444
1757518016636 0.2479510730499795 445
1757518016649 0.19908175591956376 446
1757518016661 0.25730162285316804 447
1757518016673 0.12005687249484129 448
1757518016685 0.1640430588013457 449
1757518016697 0.13764360826080127 450
1757518016709 0.2863155184711411 451
1757518016721 0.25377244850801384 452
1757518016733 0.23176969560218927 453
1757518016745 0.2400987562268887 454
1757518016758 0.121535717416979 455
1757518016771 0.23055204099076465 456
1757518016783 0.32818520102941545 457
1757518016795 0.1867093178044705 458
1757518016807 0.17593509359677534 459
1757518016819 0.17247429685399374 460
1757518016831 0.24255148278883096 461
1757518016844 0.11371401244377129 462
1757518016856 0.24937712433724468 463
1757518016868 0.22991290772755366 464
1757518016881 0.20712384619084714 465
1757518016894 0.124911160624068 466
1757518016907 0.1342419615427908 467
1757518016920 0.15064303264761206 468
1757518016934 0.3098412925999228 469
1757518016947 0.15499795454580817 470
1757518016960 0.19919883382392004 471
1757518016974 0.1425359545414962 472
1757518016988 0.10674244830967175 473
1757518017001 0.13894645097740496 474
1757518017016 0.1062967762531004 475
1757518017030 0.16717713970317785 476
1757518017043 0.12309321191634971 477
1757518017056 0.20446856329468888 478
1757518017070 0.1811369052034141 479
1757518017084 0.11579969245790504 480
1757518017097 0.2603339348644167 481
1757518017110 0.07177607837952601 482
1757518017124 0.08096453155666009 483
1757518017137 0.2652230436690691 484
1757518017150 0.2622702141912943 485
1757518017162 0.15417140679505062 486
1757518017174 0.3242407679557799 487
1757518017187 0.24652743994040055 488
1757518017200 0.11014985576136363 489
1757518017212 0.1422495000089025 490
1757518017225 0.09294129849802292 491
1757518017238 0.09191998175650934 492
1757518017250 0.18539851440036986 493
1757518017263 0.11087974326195431 494
1757518017275 0.2470089506535627 495
1757518017287 0.24376041154082495 496
1757518017300 0.36833109755671506 497
1757518017312 0.14699500495935075 498
1757518017325 0.13971856102024027 499
