1757594442479 168.97338417662627 0
1757594442488 168.90999825915569 1
1757594442496 168.7896114207817 2
1757594442504 168.61800826787336 3
1757594442512 168.40042575171825 4
1757594442520 168.14160199487105 5
1757594442529 167.845821344739 6
1757594442537 167.51695582441477 7
1757594442545 167.1585031724667 8
1757594442553 166.7736216757064 9
1757594442561 166.36516200415997 10
1757594442570 165.93569625733997 11
1757594442578 165.4875444269824 12
1757594442586 165.02279847460844 13
1757594442594 164.5433442136938 14
1757594442603 164.05088117629333 15
1757594442611 163.54694063345963 16
1757594442619 163.0329019278117 17
1757594442628 162.51000726573392 18
1757594442636 161.97937510588372 19
1757594442644 161.44201227026227 20
1757594442653 160.89882489414413 21
1757594442661 160.35062832160827 22
1757594442669 159.7981560445702 23
1757594442678 159.24206777475038 24
1757594442686 158.6829567302991 25
1757594442695 158.121356211511 26
1757594442703 157.5577455334072 27
1757594442712 156.99255537680762 28
1757594442720 156.42617261382952 29
1757594442729 155.85894465860395 30
1757594442739 155.29118338922993 31
1757594442752 154.72316868265264 32
1757594442761 154.15515160022665 33
1757594442769 153.5873572581082 34
1757594442778 153.0199874133593 35
1757594442787 152.45322279367286 36
1757594442796 151.88722519594765 37
1757594442805 151.32213937646873 38
1757594442814 150.75809475327424 39
1757594442822 150.19520693925048 40
1757594442831 149.63357912270075 41
1757594442839 149.07330331050318 42
1757594442848 148.51446144745796 43
1757594442858 147.9571264241185 44
1757594442866 147.4013629841811 45
1757594442875 146.8472285413983 46
1757594442884 146.29477391502454 47
1757594442892 145.74404399188586 48
1757594442901 145.19507832238858 49
1757594442909 144.64791165703352 50
1757594442918 144.10257442936432 51
1757594442927 143.5590931906964 52
1757594442935 143.0174910014181 53
1757594442944 142.4777877832132 54
1757594442952 141.94000063607635 55
1757594442961 141.40414412366837 56
1757594442970 140.8702305301352 57
1757594442979 140.33827009126458 58
1757594442987 139.8082712025327 59
1757594442996 139.28024060634513 60
1757594443005 138.75418356055394 61
1757594443014 138.23010399012568 62
1757594443022 137.7080046236303 63
1757594443031 137.18788711607777 64
1757594443040 136.66975215946732 65
1757594443048 136.15359958226878 66
1757594443057 135.6394284389479 67
1757594443066 135.12723709053188 68
1757594443074 134.61702327710253 69
1757594443083 134.10878418303375 70
1757594443092 133.60251649569693 71
1757594443101 133.09821645827125 72
1757594443110 132.59587991728313 73
1757594443119 132.0955023653574 74
1757594443128 131.59707897969673 75
1757594443137 131.1006046566965 76
1757594443145 130.60607404308502 77
1757594443154 130.11348156393893 78
1757594443163 129.62282144788722 79
1757594443172 129.13408774977634 80
1757594443180 128.6472743710668 81
1757594443189 128.1623750781695 82
1757594443198 127.67938351893835 83
1757594443207 127.19829323750845 84
1757594443216 126.71909768762463 85
1757594443225 126.24179024464121 86
1757594443234 125.76636421630026 87
1757594443243 125.29281285241849 88
1757594443251 124.82112935360504 89
1757594443260 124.35130687908122 90
1757594443269 123.8833385537179 91
1757594443278 123.41721747435277 92
1757594443287 122.95293671546231 93
1757594443295 122.49048933426211 94
1757594443304 122.02986837527662 95
1757594443313 121.57106687444903 96
1757594443322 121.11407786282071 97
1757594443331 120.65889436983785 98
1757594443340 120.20550942631534 99
1757594443349 119.75391606708487 100
1757594443358 119.30410733338043 101
1757594443366 118.85607627496383 102
1757594443375 118.40981595202831 103
1757594443384 117.96531943690489 104
1757594443393 117.52257981558219 105
1757594443402 117.0815901890679 106
1757594443411 116.64234367459561 107
1757594443420 116.20483340671062 108
1757594443428 115.76905253822635 109
1757594443437 115.33499424108172 110
1757594443446 114.9026517070948 111
1757594443455 114.47201814863922 112
1757594443464 114.04308679923338 113
1757594443474 113.61585091406651 114
1757594443483 113.1903037704589 115
1757594443492 112.7664386682623 116
1757594443501 112.34424893021911 117
1757594443510 111.9237279022624 118
1757594443519 111.5048689537906 119
1757594443529 111.087665477886 120
1757594443537 110.67211089151841 121
1757594443547 110.25819863570973 122
1757594443556 109.84592217567058 123
1757594443566 109.43527500091527 124
1757594443575 109.02625062535773 125
1757594443584 108.61884258738198 126
1757594443593 108.21304444990045 127
1757594443602 107.80884980039458 128
1757594443612 107.40625225093778 129
1757594443621 107.00524543821577 130
1757594443630 106.60582302352128 131
1757594443639 106.20797869275269 132
1757594443648 105.81170615639334 133
1757594443657 105.41699914948929 134
1757594443667 105.02385143161514 135
1757594443676 104.63225678683385 136
1757594443685 104.24220902365796 137
1757594443695 103.85370197499174 138
1757594443708 103.46672949808446 139
1757594443717 103.08128547446537 140
1757594443726 102.69736380988557 141
1757594443736 102.31495843424977 142
1757594443745 101.93406330155017 143
1757594443754 101.55467238979315 144
1757594443763 101.17677970092768 145
1757594443772 100.800379260767 146
1757594443782 100.42546511891555 147
1757594443791 100.05203134868685 148
1757594443800 99.68007204702444 149
1757594443809 99.30958133441962 150
1757594443819 98.94055335483115 151
1757594443828 98.57298227560013 152
1757594443838 98.20686228736699 153
1757594443847 97.8421876039844 154
1757594443856 97.47895246243561 155
1757594443865 97.11715112274551 156
1757594443874 96.75677786789632 157
1757594443884 96.39782700374025 158
1757594443893 96.0402928589128 159
1757594443902 95.68416978474676 160
1757594443911 95.32945215518407 161
1757594443920 94.97613436668884 162
1757594443929 94.6242108381616 163
1757594443939 94.27367601084954 164
1757594443949 93.92452434826228 165
1757594443958 93.5767503360831 166
1757594443967 93.23034848208201 167
1757594443976 92.88531331603052 168
1757594443986 92.54163938961246 169
1757594443995 92.19932127633975 170
1757594444005 91.85835357146424 171
1757594444014 91.51873089189444 172
1757594444023 91.18044787610535 173
1757594444033 90.84349918405628 174
1757594444042 90.50787949710498 175
1757594444051 90.1735835179194 176
1757594444061 89.84060597039817 177
1757594444070 89.50894159958001 178
1757594444079 89.17858517156372 179
1757594444089 88.84953147342121 180
1757594444098 88.5217753131165 181
1757594444107 88.19531151941928 182
1757594444117 87.87013494182244 183
1757594444126 87.54624045046141 184
1757594444135 87.22362293602723 185
1757594444145 86.90227730968799 186
1757594444154 86.58219850300507 187
1757594444165 86.26338146785089 188
1757594444174 85.94582117632848 189
1757594444183 85.62951262068964 190
1757594444193 85.31445081325491 191
1757594444202 85.00063078633183 192
1757594444212 84.68804759213486 193
1757594444221 84.37669630270773 194
1757594444230 84.06657200983919 195
1757594444240 83.75766982498784 196
1757594444249 83.44998487920274 197
1757594444259 83.14351232304159 198
1757594444268 82.8382473264951 199
1757594444278 82.53418507890906 200
1757594444287 82.23132078890454 201
1757594444297 81.92964968430267 202
1757594444306 81.62916701204459 203
1757594444316 81.32986803811843 204
1757594444325 81.03174804747965 205
1757594444335 80.73480234397549 206
1757594444344 80.43902625026962 207
1757594444354 80.1444151077666 208
1757594444363 79.85096427653625 209
1757594444373 79.55866913523744 210
1757594444382 79.26752508104495 211
1757594444392 78.97752752957544 212
1757594444401 78.68867191481111 213
1757594444411 78.40095368902703 214
1757594444420 78.11436832271853 215
1757594444430 77.82891130452713 216
1757594444439 77.54457814116651 217
1757594444449 77.26136435735131 218
1757594444458 76.97926549572453 219
1757594444468 76.69827711678472 220
1757594444478 76.41839479881607 221
1757594444487 76.13961413781254 222
1757594444497 75.86193074741279 223
1757594444507 75.58534025882389 224
1757594444516 75.30983832075397 225
1757594444526 75.03542059933979 226
1757594444535 74.76208277807804 227
1757594444545 74.48982055775551 228
1757594444557 74.21862965637901 229
1757594444567 73.9485058091051 230
1757594444577 73.67944476817331 231
1757594444586 73.41144230283636 232
1757594444596 73.14449419929204 233
1757594444605 72.87859626061368 234
1757594444615 72.61374430668465 235
1757594444625 72.34993417412947 236
1757594444634 72.08716171624579 237
1757594444644 71.82542280293968 238
1757594444654 71.56471332065553 239
1757594444664 71.30502917231257 240
1757594444674 71.04636627723822 241
1757594444683 70.78872057109868 242
1757594444693 70.53208800583869 243
1757594444703 70.27646454961166 244
1757594444712 70.02184618671734 245
1757594444722 69.7682289175343 246
1757594444732 69.5156087584586 247
1757594444742 69.26398174183515 248
1757594444752 69.01334391589754 249
1757594444761 68.76369134470268 250
1757594444771 68.5150201080665 251
1757594444785 68.26732630150126 252
1757594444795 68.02060603615261 253
1757594444805 67.77485543873576 254
1757594444815 67.5300706514749 255
1757594444824 67.28624783203836 256
1757594444834 67.04338315347906 257
1757594444844 66.80147280417029 258
1757594444854 66.56051298774534 259
1757594444864 66.32049992303573 260
1757594444874 66.08142984401215 261
1757594444884 65.84329899971968 262
1757594444894 65.60610365422103 263
1757594444904 65.36984008653289 264
1757594444914 65.13450459056922 265
1757594444924 64.90009347507876 266
1757594444934 64.66660306358565 267
1757594444943 64.4340296943319 268
1757594444953 64.20236972021611 269
1757594444963 63.97161950873581 270
1757594444973 63.74177544192828 271
1757594444983 63.512833916311926 272
1757594444992 63.28479134282898 273
1757594445002 63.05764414678693 274
1757594445012 62.83138876780018 275
1757594445022 62.60602165973327 276
1757594445032 62.38153929064466 277
1757594445042 62.15793814272672 278
1757594445052 61.93521471225225 279
1757594445062 61.713365509515 280
1757594445072 61.492387058776075 281
1757594445082 61.272275898205365 282
1757594445092 61.053028579827654 283
1757594445101 60.83464166946523 284
1757594445112 60.61711174668329 285
1757594445121 60.40043540473472 286
1757594445132 60.18460925050565 287
1757594445142 59.96962990445913 288
1757594445152 59.755494000581784 289
1757594445161 59.542198186328974 290
1757594445171 59.32973912257092 291
1757594445181 59.11811348353944 292
1757594445191 58.90731795677228 293
1757594445201 58.69734924306172 294
1757594445211 58.488204056400264 295
1757594445222 58.279879123928374 296
1757594445232 58.07237118587984 297
1757594445242 57.86567699553183 298
1757594445252 57.659793319150154 299
1757594445262 57.4547169359387 300
1757594445273 57.250444637986 301
1757594445283 57.0469732302147 302
1757594445293 56.84429953033002 303
1757594445303 56.64242036876674 304
1757594445314 56.44133258863972 305
1757594445335 56.241033045692454 306
1757594445347 56.04151860824712 307
1757594445357 55.842786157151956 308
1757594445368 55.644832585732665 309
1757594445378 55.44765479974219 310
1757594445389 55.25124971731005 311
1757594445399 55.05561426889378 312
1757594445410 54.86074539722737 313
1757594445420 54.666640057274115 314
1757594445430 54.47329521617673 315
1757594445440 54.28070785320746 316
1757594445451 54.08887495972068 317
1757594445461 53.897793539104164 318
1757594445471 53.70746060672968 319
1757594445482 53.517873189906574 320
1757594445493 53.3290283278322 321
1757594445503 53.14092307154463 322
1757594445514 52.95355448387593 323
1757594445524 52.76691963940323 324
1757594445534 52.58101562440346 325
1757594445544 52.39583953680494 326
1757594445554 52.21138848614096 327
1757594445565 52.02765959350301 328
1757594445575 51.84464999149456 329
1757594445585 51.662356824185515 330
1757594445596 51.4807772470643 331
1757594445606 51.29990842699391 332
1757594445616 51.11974754216551 333
1757594445627 50.94029178205249 334
1757594445637 50.76153834736554 335
1757594445648 50.5834844500081 336
1757594445658 50.40612731303029 337
1757594445668 50.229464170584414 338
1757594445679 50.05349226788162 339
1757594445689 49.878208861145964 340
1757594445699 49.70361121757007 341
1757594445710 49.52969661527328 342
1757594445720 49.356462343254755 343
1757594445730 49.1839057013521 344
1757594445740 49.01202400019647 345
1757594445751 48.84081456117046 346
1757594445762 48.67027471636355 347
1757594445772 48.500401808530256 348
1757594445783 48.331193191046204 349
1757594445794 48.162646227867064 350
1757594445804 47.99475829348431 351
1757594445815 47.82752677288388 352
1757594445825 47.66094906150413 353
1757594445836 47.495022565193466 354
1757594445846 47.329744700168405 355
1757594445857 47.16511289297295 356
1757594445867 47.00112458043559 357
1757594445877 46.83777720962911 358
1757594445888 46.675068237829336 359
1757594445898 46.51299513247417 360
1757594445909 46.35155537112151 361
1757594445920 46.19074644141093 362
1757594445930 46.030565841021705 363
1757594445941 45.871011077632254 364
1757594445951 45.712079668881245 365
1757594445962 45.55376914232637 366
1757594445972 45.39607703540525 367
1757594445983 45.23900089539555 368
1757594445993 45.08253827937591 369
1757594446004 44.926686754185006 370
1757594446014 44.77144389638468 371
1757594446024 44.61680729221936 372
1757594446035 44.46277453757768 373
1757594446046 44.30934323795352 374
1757594446056 44.15651100840745 375
1757594446067 44.00427547352917 376
1757594446077 43.85263426739784 377
1757594446088 43.7015850335451 378
1757594446098 43.55112542491669 379
1757594446109 43.40125310383423 380
1757594446119 43.25196574195915 381
1757594446130 43.103261020253036 382
1757594446140 42.95513662894206 383
1757594446151 42.80759026747889 384
1757594446161 42.660619644505466 385
1757594446172 42.514222477817526 386
1757594446182 42.36839649432619 387
1757594446193 42.22313943002159 388
1757594446204 42.078449029938234 389
1757594446214 41.93432304811597 390
1757594446225 41.790759247566186 391
1757594446235 41.64775540023441 392
1757594446245 41.5053092869654 393
1757594446256 41.363418697465896 394
1757594446266 41.22208143027129 395
1757594446277 41.08129529270832 396
1757594446288 40.941058100860374 397
1757594446298 40.801367679533 398
1757594446309 40.66222186221768 399
1757594446319 40.52361849105814 400
1757594446330 40.38555541681459 401
1757594446341 40.24803049883068 402
1757594446351 40.11104160499655 403
1757594446362 39.97458661171764 404
1757594446373 39.838663403877455 405
1757594446383 39.70326987480588 406
1757594446394 39.568403926244336 407
1757594446405 39.434063468312075 408
1757594446416 39.30024641947223 409
1757594446427 39.16695070649885 410
1757594446437 39.03417426444406 411
1757594446448 38.901915036603015 412
1757594446459 38.77017097448288 413
1757594446469 38.638940037768606 414
1757594446480 38.50822019429087 415
1757594446491 38.378009419992374 416
1757594446502 38.24830569889663 417
1757594446513 38.119107023074505 418
1757594446524 37.99041139261256 419
1757594446534 37.86221681558003 420
1757594446545 37.73452130799824 421
1757594446556 37.607322893807236 422
1757594446566 37.480619604834686 423
1757594446577 37.35440948076445 424
1757594446588 37.22869056910462 425
1757594446599 37.10346092515641 426
1757594446610 36.978718611982444 427
1757594446621 36.854461700376845 428
1757594446632 36.730688268832026 429
1757594446642 36.607396403510315 430
1757594446653 36.48458419821134 431
1757594446664 36.36224975434225 432
1757594446675 36.24039118088716 433
1757594446686 36.11900659437613 434
1757594446696 35.99809411885596 435
1757594446707 35.87765188585881 436
1757594446718 35.757678034373335 437
1757594446729 35.63817071081407 438
1757594446739 35.51912806899188 439
1757594446750 35.400548270083746 440
1757594446761 35.2824294826047 441
1757594446772 35.164769882376625 442
1757594446783 35.04756765249974 443
1757594446794 34.93082098332383 444
1757594446805 34.81452807241865 445
1757594446816 34.69868712454447 446
1757594446827 34.58329635162452 447
1757594446838 34.468353972715576 448
1757594446849 34.35385821397886 449
1757594446860 34.239807308652054 450
1757594446871 34.12619949702155 451
1757594446881 34.013033026392804 452
1757594446893 33.90030615106334 453
1757594446904 33.78801713229404 454
1757594446915 33.67616423828171 455
1757594446926 33.564745744130796 456
1757594446937 33.45375993182606 457
1757594446948 33.343205090204926 458
1757594446959 33.23307951492958 459
1757594446970 33.12338150846035 460
1757594446981 33.01410938002773 461
1757594446992 32.90526144560528 462
1757594447003 32.79683602788399 463
1757594447014 32.68883145624302 464
1757594447025 32.581246066724425 465
1757594447036 32.474078202006254 466
1757594447047 32.3673262113756 467
1757594447058 32.260988450702456 468
1757594447069 32.15506328241303 469
1757594447080 32.049549075463666 470
1757594447091 31.944444205314312 471
1757594447102 31.839747053902844 472
1757594447113 31.73545600961934 473
1757594447124 31.63156946727911 474
1757594447135 31.52808582809826 475
1757594447147 31.425003499666857 476
1757594447158 31.322320895924676 477
1757594447169 31.22003643713473 478
1757594447183 31.11814854985748 479
1757594447194 31.016655666927438 480
1757594447205 30.915556227426304 481
1757594447216 30.814848676658592 482
1757594447227 30.714531466126594 483
1757594447238 30.61460305350578 484
1757594447250 30.515061902619404 485
1757594447261 30.415906483414805 486
1757594447272 30.317135271937737 487
1757594447283 30.218746750309172 488
1757594447294 30.120739406699663 489
1757594447305 30.023111735306305 490
1757594447316 29.92586223632775 491
1757594447327 29.828989415940267 492
1757594447338 29.732491786274217 493
1757594447349 29.63636786538978 494
1757594447361 29.54061617725351 495
1757594447372 29.44523525171405 496
1757594447383 29.350223624479412 497
1757594447394 29.255579837092796 498
1757594447405 29.161302436909292 499
