1757518046722 11.862370278582487 0
1757518046731 3.2758927492121224 1
1757518046741 2.693347397316719 2
1757518046750 3.574760478174675 3
1757518046759 3.749506483885173 4
1757518046769 2.045993381334657 5
1757518046778 2.310831525138675 6
1757518046787 2.6308956531444236 7
1757518046796 2.6301332521064977 8
1757518046806 1.937159190316998 9
1757518046815 1.3169788498022237 10
1757518046824 2.1329985464369003 11
1757518046834 1.6430438260571503 12
1757518046843 2.4302225744810007 13
1757518046852 1.381083031258713 14
1757518046861 0.5449692413576266 15
1757518046871 0.8047270604324226 16
1757518046880 1.20589926778609 17
1757518046889 0.6716314014936448 18
1757518046899 0.5771951561530495 19
1757518046908 0.3273176409101619 20
1757518046918 1.0637451157182167 21
1757518046928 0.4737135315798147 22
1757518046938 0.5280212760124787 23
1757518046947 0.42002533883581133 24
1757518046957 0.29232010331238995 25
1757518046966 0.6196134582118014 26
1757518046976 0.3484476245329799 27
1757518046985 0.4771897995005264 28
1757518046994 0.35359385425823975 29
1757518047004 0.3443404794852598 30
1757518047013 0.5341877276380952 31
1757518047023 0.27516550188716415 32
1757518047032 0.4409469559757408 33
1757518047041 0.4022823915154518 34
1757518047051 0.1669153620242285 35
1757518047060 0.2944054036108346 36
1757518047070 0.4108125683725893 37
1757518047079 0.28914735776431355 38
1757518047089 0.1840908450170608 39
1757518047098 0.16519526808521526 40
1757518047108 0.15337276884806955 41
1757518047117 0.5719616213552364 42
1757518047128 0.14388875689752273 43
1757518047137 0.27230656656113145 44
1757518047147 0.19127876992185416 45
1757518047156 0.33773645359714793 46
1757518047166 0.16069866166960164 47
1757518047176 0.14030095794559527 48
1757518047185 0.18621890339265493 49
1757518047195 0.1599415473947074 50
1757518047204 0.12516746616639637 51
1757518047214 0.18823271491568383 52
1757518047224 0.11211135557985982 53
1757518047233 0.12596460822669475 54
1757518047243 0.10929352013952746 55
1757518047252 0.23461654289382933 56
1757518047262 0.14598339834826543 57
1757518047272 0.1945278331365735 58
1757518047281 0.10167095951183042 59
1757518047291 0.1497308521624875 60
1757518047300 0.1148424718976596 61
1757518047310 0.13104609734250283 62
1757518047319 0.2189943814046692 63
1757518047329 0.10099222389740549 64
1757518047339 0.13918611681229007 65
1757518047348 0.06367112529895454 66
1757518047358 0.08828341195403798 67
1757518047368 0.11754987339343051 68
1757518047377 0.11633637751440444 69
1757518047387 0.147194340119544 70
1757518047396 0.07908609840683152 71
1757518047406 0.0508488151486778 72
1757518047415 0.10940788606036898 73
1757518047425 0.1203838701183612 74
1757518047435 0.12785083883622814 75
1757518047444 0.12012962297495883 76
1757518047454 0.13212341779711448 77
1757518047464 0.15275405198589093 78
1757518047473 0.0910488922778265 79
1757518047484 0.0819220081861118 80
1757518047493 0.07557424248929463 81
1757518047503 0.11750915847105917 82
1757518047513 0.07962985720315223 83
1757518047522 0.08810053910184076 84
1757518047532 0.13387415054219018 85
1757518047542 0.17629162117325056 86
1757518047551 0.07562759643147823 87
1757518047561 0.12173687681370005 88
1757518047571 0.1253099361016522 89
1757518047581 0.15670974035324023 90
1757518047590 0.08143094941309295 91
1757518047600 0.0885769155440265 92
1757518047610 0.12390946690698229 93
1757518047620 0.1511912846375472 94
1757518047630 0.09964923031986457 95
1757518047640 0.1002198813955977 96
1757518047649 0.11529673459315681 97
1757518047659 0.08941722870784792 98
1757518047669 0.09078543269954813 99
1757518047679 0.1415215448417291 100
1757518047689 0.07850889032249536 101
1757518047698 0.15373984198547852 102
1757518047708 0.1549757925097574 103
1757518047718 0.06683636629594177 104
1757518047728 0.08618629232908395 105
1757518047738 0.07961731757452142 106
1757518047747 0.12978191147287643 107
1757518047757 0.11922408586186732 108
1757518047767 0.09756206220569749 109
1757518047777 0.07436158468594814 110
1757518047787 0.10865262093740118 111
1757518047798 0.05047922430590405 112
1757518047808 0.035441560043250955 113
1757518047818 0.10875415755137756 114
1757518047828 0.0841027036428984 115
1757518047838 0.052435380629683497 116
1757518047848 0.10345837498153626 117
1757518047858 0.11399421000272848 118
1757518047868 0.14636745421473044 119
1757518047878 0.11055274823855861 120
1757518047888 0.10930813155440555 121
1757518047901 0.11846968595990626 122
1757518047911 0.05566558338452854 123
1757518047921 0.10742747328217728 124
1757518047933 0.12229330773740917 125
1757518047955 0.07539188513506917 126
1757518047966 0.10324677554402628 127
1757518047976 0.10652027112491813 128
1757518047986 0.09327505900041773 129
1757518047996 0.12484378410164962 130
1757518048006 0.05350818737268126 131
1757518048016 0.12064611850004099 132
1757518048026 0.1057728762174887 133
1757518048036 0.08339826280493536 134
1757518048046 0.18530105008760103 135
1757518048056 0.08999422221189372 136
1757518048066 0.0971340669026322 137
1757518048077 0.12101253596843776 138
1757518048087 0.6125934036456779 139
1757518048097 0.08419719407929944 140
1757518048107 0.15470192226030868 141
1757518048117 0.15609343538810838 142
1757518048127 0.13191957017578085 143
1757518048137 0.09958125532262972 144
1757518048147 0.1053270592123525 145
1757518048157 0.09247380278101149 146
1757518048168 0.15773211845957047 147
1757518048178 0.10927178692393762 148
1757518048188 0.08954939804607553 149
1757518048198 0.1244915335843431 150
1757518048208 0.09327375734352661 151
1757518048218 0.08119186934078133 152
1757518048228 0.09581775609526395 153
1757518048238 0.08455776473878109 154
1757518048249 0.08654325744534082 155
1757518048259 0.23330067458748868 156
1757518048269 0.17777799471922714 157
1757518048279 0.14022441869293145 158
1757518048290 0.15570834775333 159
1757518048300 0.11839248584699509 160
1757518048310 0.18272042656820822 161
1757518048320 0.11540259865658639 162
1757518048330 0.11999871552057172 163
1757518048340 0.08507152955453093 164
1757518048350 0.09021377021895263 165
1757518048360 0.07370982576088049 166
1757518048370 0.08153623857732205 167
1757518048380 0.10094351437180352 168
1757518048390 0.09567732242494244 169
1757518048400 0.09218633846538273 170
1757518048411 0.09033064267988088 171
1757518048421 0.11705804435679285 172
1757518048431 0.14757749354167188 173
1757518048441 0.09083425033174604 174
1757518048451 0.1518340479688472 175
1757518048461 0.13774962307148522 176
1757518048471 0.08228431122205482 177
1757518048482 0.04621008269040358 178
1757518048492 0.08410481375538446 179
1757518048502 0.09339896847467109 180
1757518048512 0.06044951625040918 181
1757518048523 0.09254685822476635 182
1757518048533 0.06577390982019975 183
1757518048543 0.09304882598307675 184
1757518048553 0.09282686326655798 185
1757518048563 0.11188026542071232 186
1757518048574 0.0849422052887424 187
1757518048584 0.08363815075527399 188
1757518048594 0.1367858459755016 189
1757518048605 0.09116882317888783 190
