1757517834191 169.32394565039056 0
1757517834200 169.2603888969084 1
1757517834208 169.13967750659654 2
1757517834217 168.96761152399674 3
1757517834226 168.74944181931178 4
1757517834235 168.48991906225666 5
1757517834243 168.19333890930818 6
1757517834252 167.86358357552407 7
1757517834260 167.50415998380848 8
1757517834269 167.11823469665038 9
1757517834277 166.7086658405248 10
1757517834286 166.27803223295788 11
1757517834295 165.82865991818076 12
1757517834304 165.36264631052322 13
1757517834313 164.8818821359597 14
1757517834321 164.3880713522974 15
1757517834330 163.8827492178893 16
1757517834338 163.3672986677403 17
1757517834347 162.8429651449546 18
1757517834355 162.31087002460075 19
1757517834364 161.7720227566576 20
1757517834372 161.22733184463308 21
1757517834381 160.6776147669772 22
1757517834395 160.12360693938396 23
1757517834404 159.56596980775376 24
1757517834413 159.0052981536953 25
1757517834422 158.44212668725982 26
1757517834432 157.87693599483558 27
1757517834441 157.31015790400818 28
1757517834450 156.74218032148096 29
1757517834458 156.1733515949665 30
1757517834467 155.6039844452019 31
1757517834476 155.0343595098875 32
1757517834484 154.46472853740752 33
1757517834493 153.89531726455797 34
1757517834502 153.32632800926268 35
1757517834510 152.75794200624503 36
1757517834519 152.19032151095823 37
1757517834528 151.62361169458205 38
1757517834536 151.05794235073182 39
1757517834545 150.49342943245207 40
1757517834554 149.9301764363112 41
1757517834562 149.36827564870603 42
1757517834571 148.807809268071 43
1757517834580 148.2488504152671 44
1757517834589 147.69146404327643 45
1757517834597 147.13570775619402 46
1757517834606 146.58163254654227 47
1757517834615 146.02928345902615 48
1757517834623 145.47870018804775 49
1757517834632 144.92991761559347 50
1757517834640 144.38296629540244 51
1757517834649 143.83787288880237 52
1757517834658 143.29466055700792 53
1757517834677 142.75334931422955 54
1757517834689 142.2139563455045 55
1757517834699 141.67649629277145 56
1757517834708 141.14098151234262 57
1757517834717 140.60742230665323 58
1757517834726 140.07582713282966 59
1757517834735 139.5462027904124 60
1757517834744 139.01855459030008 61
1757517834753 138.49288650680418 62
1757517834762 137.96920131448508 63
1757517834771 137.4475007113045 64
1757517834780 136.92778542945146 65
1757517834789 136.41005533508414 66
1757517834798 135.89430951807807 67
1757517834806 135.38054637280032 68
1757517834815 134.8687636707899 69
1757517834824 134.35895862615985 70
1757517834833 133.85112795445093 71
1757517834842 133.34526792558873 72
1757517834851 132.84137441152896 73
1757517834860 132.33944292913122 74
1757517834869 131.83946867873624 75
1757517834878 131.3414465788648 76
1757517834886 130.84537129744268 77
1757517834895 130.3512372798888 78
1757517834904 129.85903877438443 79
1757517834913 129.3687698545991 80
1757517834922 128.88042444013615 81
1757517834931 128.39399631492464 82
1757517834940 127.90947914374765 83
1757517834949 127.42686648712362 84
1757517834958 126.94615181467621 85
1757517834967 126.46732851715521 86
1757517834977 125.99038991725051 87
1757517834987 125.51532927930768 88
1757517834996 125.04213981806025 89
1757517835007 124.57081470648306 90
1757517835017 124.1013470828397 91
1757517835026 123.63373005702262 92
1757517835036 123.16795671623906 93
1757517835046 122.70402013012794 94
1757517835057 122.24191335534094 95
1757517835067 121.78162943966474 96
1757517835077 121.3231614257135 97
1757517835087 120.86650235424524 98
1757517835098 120.41164526712939 99
1757517835110 119.95858321001411 100
1757517835120 119.50730923470884 101
1757517835131 119.05781640132363 102
1757517835141 118.61009778017544 103
1757517835151 118.16414645350481 104
1757517835161 117.71995551699608 105
1757517835171 117.27751808114589 106
1757517835180 116.83682727247758 107
1757517835191 116.39787623462661 108
1757517835202 115.9606581293059 109
1757517835212 115.5251661371626 110
1757517835222 115.0913934585377 111
1757517835233 114.65933331414503 112
1757517835243 114.22897894566522 113
1757517835253 113.80032361627055 114
1757517835262 113.37336061109242 115
1757517835273 112.94808323762334 116
1757517835282 112.52448482607454 117
1757517835292 112.10255872968438 118
1757517835301 111.68229832499064 119
1757517835311 111.26369701205515 120
1757517835320 110.84674821466555 121
1757517835329 110.43144538050194 122
1757517835339 110.01778198127997 123
1757517835348 109.60575151286166 124
1757517835358 109.19534749535794 125
1757517835368 108.78656347319784 126
1757517835377 108.37939301518936 127
1757517835386 107.97382971456004 128
1757517835396 107.56986718898649 129
1757517835407 107.16749908060807 130
1757517835416 106.76671905603203 131
1757517835426 106.36752080632616 132
1757517835435 105.96989804700395 133
1757517835444 105.57384451800083 134
1757517835453 105.17935398364307 135
1757517835472 104.78642023261054 136
1757517835487 104.39503707789385 137
1757517835496 104.00519835674335 138
1757517835506 103.61689793062044 139
1757517835515 103.2301296851341 140
1757517835525 102.84488752998571 141
1757517835534 102.46116539890096 142
1757517835543 102.07895724956282 143
1757517835553 101.69825706354221 144
1757517835562 101.31905884622682 145
1757517835571 100.9413566267438 146
1757517835580 100.5651444578878 147
1757517835590 100.19041641603778 148
1757517835599 99.81716660108293 149
1757517835609 99.4453891363407 150
1757517835618 99.07507816847381 151
1757517835628 98.70622786740968 152
1757517835637 98.33883242625845 153
1757517835647 97.97288606122616 154
1757517835656 97.60838301153169 155
1757517835665 97.24531753932519 156
1757517835675 96.8836839295968 157
1757517835684 96.52347649009647 158
1757517835694 96.1646895512454 159
1757517835703 95.80731746605173 160
1757517835713 95.45135461002441 161
1757517835722 95.09679538108388 162
1757517835732 94.74363419948024 163
1757517835741 94.39186550770587 164
1757517835751 94.04148377040701 165
1757517835760 93.69248347430077 166
1757517835769 93.34485912808636 167
1757517835779 92.9986052623617 168
1757517835789 92.65371642953544 169
1757517835798 92.31018720374414 170
1757517835808 91.96801218076293 171
1757517835818 91.62718597792401 172
1757517835828 91.28770323402951 173
1757517835837 90.94955860926795 174
1757517835847 90.61274678512818 175
1757517835857 90.27726246431668 176
1757517835866 89.94310037067227 177
1757517835876 89.61025524908281 178
1757517835886 89.278721865402 179
1757517835895 88.94849500636515 180
1757517835905 88.61956947950641 181
1757517835915 88.29194011307733 182
1757517835925 87.96560175596268 183
1757517835934 87.64054927759935 184
1757517835944 87.3167775678929 185
1757517835954 86.99428153713937 186
1757517835964 86.67305611594114 187
1757517835974 86.3530962551247 188
1757517835984 86.03439692566474 189
1757517835993 85.71695311859973 190
1757517836003 85.40075984495236 191
1757517836013 85.08581213565235 192
1757517836023 84.77210504145322 193
1757517836033 84.45963363285563 194
1757517836043 84.14839300002814 195
1757517836052 83.83837825272896 196
1757517836062 83.52958452022553 197
1757517836071 83.22200695122031 198
1757517836081 82.91564071376877 199
1757517836090 82.61048099520545 200
1757517836100 82.30652300206533 201
1757517836110 82.00376196000842 202
1757517836120 81.70219311374169 203
1757517836129 81.40181172694301 204
1757517836139 81.10261308218688 205
1757517836149 80.8045924808673 206
1757517836158 80.50774524312372 207
1757517836168 80.2120667077653 208
1757517836178 79.9175522321966 209
1757517836187 79.62419719234256 210
1757517836197 79.3319969825758 211
1757517836206 79.0409470156415 212
1757517836216 78.7510427225854 213
1757517836226 78.46227955267824 214
1757517836236 78.17465297334581 215
1757517836246 77.88815847009488 216
1757517836255 77.60279154643901 217
1757517836265 77.31854772383153 218
1757517836275 77.03542254158792 219
1757517836284 76.7534115568193 220
1757517836294 76.47251034435781 221
1757517836304 76.19271449668787 222
1757517836314 75.9140196238743 223
1757517836324 75.63642135349409 224
1757517836334 75.3599153305614 225
1757517836343 75.08449721746494 226
1757517836353 74.81016269389316 227
1757517836363 74.53690745676703 228
1757517836373 74.26472722017039 229
1757517836383 73.99361771528203 230
1757517836395 73.72357469030737 231
1757517836405 73.45459391040967 232
1757517836416 73.1866711576422 233
1757517836426 72.91980223088201 234
1757517836436 72.6539829457616 235
1757517836446 72.38920913460159 236
1757517836456 72.12547664634405 237
1757517836466 71.86278134648786 238
1757517836476 71.60111911701982 239
1757517836486 71.3404858563505 240
1757517836496 71.08087747924813 241
1757517836507 70.82228991677245 242
1757517836517 70.56471911621122 243
1757517836527 70.30816104101382 244
1757517836537 70.0526116707271 245
1757517836547 69.79806700093046 246
1757517836557 69.54452304317432 247
1757517836567 69.29197582491166 248
1757517836577 69.04042138943893 249
1757517836587 68.78985579582968 250
1757517836597 68.54027511887406 251
1757517836607 68.29167544901267 252
1757517836618 68.04405289227763 253
1757517836628 67.7974035702264 254
1757517836638 67.55172361988366 255
1757517836648 67.30700919367708 256
1757517836658 67.06325645937565 257
1757517836668 66.8204616000289 258
1757517836679 66.57862081390664 259
1757517836689 66.33773031443621 260
1757517836699 66.09778633014382 261
1757517836709 65.85878510459257 262
1757517836719 65.62072289632407 263
1757517836729 65.3835959787963 264
1757517836739 65.1474006403262 265
1757517836749 64.91213318402814 266
1757517836759 64.67778992775763 267
1757517836769 64.44436720404885 268
1757517836779 64.21186136005876 269
1757517836789 63.98026875750786 270
1757517836799 63.749585772621195 271
1757517836810 63.51980879607033 272
1757517836820 63.29093423291751 273
1757517836830 63.06295850255591 274
1757517836840 62.83587803865378 275
1757517836851 62.60968928909638 276
1757517836861 62.38438871592952 277
1757517836871 62.159972795304036 278
1757517836881 61.93643801741637 279
1757517836891 61.71378088645668 280
1757517836901 61.491997920549395 281
1757517836911 61.271085651698 282
1757517836922 61.051040625732824 283
1757517836932 60.831859402250466 284
1757517836942 60.61353855456379 285
1757517836952 60.39607466964305 286
1757517836963 60.17946434806477 287
1757517836973 59.96370420395389 288
1757517836983 59.74879086493365 289
1757517836994 59.534720972067014 290
1757517837004 59.321491179806934 291
1757517837014 59.10909815594052 292
1757517837024 58.897538581536594 293
1757517837035 58.686809150891946 294
1757517837045 58.47690657148058 295
1757517837056 58.267827563897384 296
1757517837066 58.05956886180879 297
1757517837077 57.85212721189891 298
1757517837087 57.64549937381874 299
1757517837098 57.43968212013286 300
1757517837108 57.23467223626958 301
1757517837118 57.0304665204669 302
1757517837129 56.82706178372453 303
1757517837139 56.62445484975011 304
1757517837149 56.422642554910716 305
1757517837160 56.22162174818024 306
1757517837170 56.02138929108977 307
1757517837181 55.82194205767876 308
1757517837191 55.623276934442245 309
1757517837201 55.42539082028303 310
1757517837212 55.22828062646293 311
1757517837222 55.031943276550344 312
1757517837233 54.83637570637345 313
1757517837243 54.64157486397171 314
1757517837254 54.447537709544264 315
1757517837264 54.254261215403986 316
1757517837274 54.06174236592767 317
1757517837285 53.869978157509166 318
1757517837295 53.67896559850855 319
1757517837306 53.48870170920833 320
1757517837316 53.299183521762636 321
1757517837327 53.11040808015035 322
1757517837337 52.92237244012914 323
1757517837348 52.73507366918712 324
1757517837359 52.548508846496475 325
1757517837369 52.3626750628666 326
1757517837380 52.17756942069753 327
1757517837390 51.99318903393444 328
1757517837401 51.809531028020196 329
1757517837411 51.62659253984981 330
1757517837421 51.444370717725995 331
1757517837432 51.26286272131093 332
1757517837443 51.08206572158426 333
1757517837453 50.901976900794104 334
1757517837464 50.72259345241552 335
1757517837475 50.54391258110298 336
1757517837485 50.36593150264794 337
1757517837496 50.18864744393209 338
1757517837506 50.012057642884805 339
1757517837517 49.836159348437775 340
1757517837527 49.660949820482024 341
1757517837538 49.48642632982375 342
1757517837548 49.312586158140434 343
1757517837559 49.13942659793756 344
1757517837569 48.96694495250542 345
1757517837580 48.79513853587634 346
1757517837590 48.624004672781055 347
1757517837601 48.45354069860645 348
1757517837612 48.28374395935271 349
1757517837622 48.11461181159143 350
1757517837633 47.94614162242268 351
1757517837643 47.77833076943313 352
1757517837654 47.611176640654904 353
1757517837665 47.4446766345228 354
1757517837675 47.27882815983281 355
1757517837686 47.11362863570188 356
1757517837696 46.94907549152528 357
1757517837707 46.78516616693635 358
1757517837717 46.62189811176476 359
1757517837728 46.45926878599747 360
1757517837739 46.297275659736265 361
1757517837750 46.13591621315824 362
1757517837760 45.975187936475734 363
1757517837771 45.81508832989562 364
1757517837781 45.65561490357978 365
1757517837792 45.49676517760544 366
1757517837803 45.33853668192487 367
1757517837814 45.18092695632676 368
1757517837825 45.02393355039698 369
1757517837835 44.86755402347863 370
1757517837847 44.711785944633 371
1757517837858 44.556626892602054 372
1757517837869 44.40207445576889 373
1757517837880 44.24812623211818 374
1757517837891 44.094779829200846 375
1757517837902 43.94203286409188 376
1757517837913 43.789882963355126 377
1757517837924 43.63832776300534 378
1757517837935 43.487364908468386 379
1757517837945 43.33699205454552 380
1757517837956 43.18720686537555 381
1757517837968 43.03800701439656 382
1757517837979 42.88939018431054 383
1757517837990 42.74135406704422 384
1757517838001 42.59389636371438 385
1757517838012 42.44701478459006 386
1757517838023 42.300707049054665 387
1757517838034 42.154970885572936 388
1757517838044 42.00980403165136 389
1757517838056 41.865204233804135 390
1757517838067 41.721169247515654 391
1757517838077 41.577696837205885 392
1757517838088 41.43478477619482 393
1757517838099 41.29243084666551 394
1757517838110 41.15063283962992 395
1757517838121 41.00938855489319 396
1757517838132 40.868695801018546 397
1757517838143 40.72855239529271 398
1757517838154 40.58895616369003 399
1757517838164 40.449904940839154 400
1757517838175 40.31139656998735 401
1757517838186 40.173428902966855 402
1757517838197 40.03599980015962 403
1757517838208 39.89910713046449 404
1757517838219 39.762748771262224 405
1757517838230 39.62692260838175 406
1757517838241 39.49162653606651 407
1757517838252 39.35685845694117 408
1757517838263 39.22261628197796 409
1757517838274 39.088897930462565 410
1757517838285 38.955701329962324 411
1757517838296 38.82302441629236 412
1757517838307 38.69086513348208 413
1757517838318 38.55922143374371 414
1757517838329 38.4280912774389 415
1757517838340 38.29747263304592 416
1757517838351 38.16736347712729 417
1757517838362 38.0377617942984 418
1757517838373 37.908665577194434 419
1757517838384 37.780072826438094 420
1757517838395 37.651981550608696 421
1757517838406 37.52438976621021 422
1757517838417 37.397295497638424 423
1757517838428 37.27069677715096 424
1757517838439 37.14459164483507 425
1757517838450 37.01897814857684 426
1757517838461 36.89385434402912 427
1757517838472 36.76921829458156 428
1757517838484 36.645068071329334 429
1757517838494 36.521401753042106 430
1757517838505 36.398217426133556 431
1757517838516 36.27551318463133 432
1757517838527 36.153287130145884 433
1757517838539 36.03153737184062 434
1757517838550 35.9102620264017 435
1757517838561 35.789459218007664 436
1757517838572 35.66912707830034 437
1757517838583 35.549263746354164 438
1757517838594 35.42986736864686 439
1757517838605 35.31093609903001 440
1757517838616 35.19246809869955 441
1757517838628 35.074461536166226 442
1757517838639 34.95691458722631 443
1757517838650 34.83982543493309 444
1757517838661 34.72319226956769 445
1757517838672 34.607013288609664 446
1757517838683 34.49128669670909 447
1757517838694 34.376010705656846 448
1757517838706 34.26118353435785 449
1757517838717 34.1468034088002 450
1757517838728 34.03286856202948 451
1757517838741 33.919377234118876 452
1757517838753 33.80632767214168 453
1757517838764 33.693718130143225 454
1757517838775 33.58154686911345 455
1757517838786 33.46981215695811 456
1757517838797 33.35851226847305 457
1757517838809 33.24764548531413 458
1757517838820 33.13721009597263 459
1757517838831 33.027204395745635 460
1757517838842 32.91762668671066 461
1757517838854 32.80847527769661 462
1757517838866 32.699748484259274 463
1757517838877 32.59144462865216 464
1757517838888 32.48356203980124 465
1757517838899 32.37609905327793 466
1757517838911 32.26905401127211 467
1757517838922 32.162425262566394 468
1757517838934 32.05621116250953 469
1757517838945 31.950410072989698 470
1757517838956 31.84502036240933 471
1757517838967 31.74004040565849 472
1757517838979 31.635468584089054 473
1757517838990 31.53130328548932 474
1757517839001 31.427542904057553 475
1757517839013 31.32418584037715 476
1757517839024 31.221230501390522 477
1757517839036 31.118675300374655 478
1757517839047 31.0165186569145 479
1757517839059 30.914758996879108 480
1757517839073 30.813394752395382 481
1757517839084 30.712424361824077 482
1757517839096 30.61184626973452 483
1757517839107 30.511658926879548 484
1757517839119 30.41186079017143 485
1757517839130 30.312450322656538 486
1757517839142 30.213425993491725 487
1757517839153 30.114786277919347 488
1757517839164 30.016529657243 489
1757517839176 29.918654618803615 490
1757517839187 29.82115965595508 491
1757517839198 29.72404326804055 492
1757517839210 29.627303960368337 493
1757517839221 29.53094024418802 494
1757517839233 29.43495063666689 495
1757517839245 29.339333660866302 496
1757517839256 29.24408784571823 497
1757517839268 29.149211726001734 498
1757517839279 29.054703842319675 499
