1757518487086 0.04169241979522265 0
1757518487126 0.11628929145500011 1
1757518487165 0.08125855864501963 2
1757518487205 0.0033282182694104653 3
1757518487247 0.0030718147737292425 4
1757518487287 0.0013023919035309803 5
1757518487326 0.0019042212715302052 6
1757518487365 0.05340423218270161 7
1757518487404 0.192892238365137 8
1757518487443 0.20999018887653897 9
1757518487482 0.005750054460118789 10
1757518487520 0.019260127618945327 11
1757518487559 0.002790483657891974 12
1757518487598 0.051734983235807365 13
1757518487637 0.0005005418403462856 14
1757518487676 0.0013379400414899728 15
1757518487715 0.0819409376495899 16
1757518487754 0.17450756076720483 17
1757518487792 0.02606773868148875 18
1757518487833 1.0807009760151324e-05 19
1757518487872 0.015250557778095784 20
1757518487911 0.0005388708011639593 21
1757518487950 0.016987861198483632 22
1757518487989 0.013659117339969638 23
1757518488028 0.23552784602992666 24
1757518488067 0.003647699296107332 25
1757518488106 0.011641760695463807 26
1757518488145 0.0005556166448272695 27
1757518488184 0.1489639515000896 28
1757518488223 0.10490299817266394 29
1757518488262 0.1234915590926307 30
1757518488302 0.08335803666092545 31
1757518488341 0.050825197800554514 32
1757518488391 0.0008591255001691853 33
1757518488431 0.015845495427887577 34
1757518488470 0.03601803286247421 35
1757518488509 0.10126871854181523 36
1757518488549 0.0082011011720589 37
1757518488588 0.004224932590546566 38
1757518488627 0.14359932300876482 39
1757518488667 0.27723754147730634 40
1757518488706 0.007422877473718982 41
1757518488744 0.012774904429805667 42
1757518488784 0.11948145486399384 43
1757518488823 0.02913748143906033 44
1757518488862 0.12411713017291613 45
1757518488901 0.0006817367951015337 46
1757518488941 0.2316147301204649 47
1757518488980 0.07514727207644434 48
1757518489019 0.07603962474599009 49
1757518489059 0.01582846590794307 50
1757518489098 0.16448753602732952 51
1757518489137 0.15119551714342153 52
1757518489177 0.00688069139605713 53
1757518489216 0.020375171344309717 54
1757518489255 0.06753463506985925 55
1757518489294 0.023636475936491857 56
1757518489333 0.07361717267803654 57
1757518489372 0.007870426399348497 58
1757518489412 0.001193986778088188 59
1757518489451 0.00042896901432235175 60
1757518489490 0.014779425372994905 61
1757518489529 0.06924197771881214 62
1757518489568 0.018675774575094346 63
1757518489607 0.10511046937541053 64
1757518489646 0.12983096468288727 65
1757518489685 0.12487177576807175 66
1757518489724 0.012771346948475953 67
1757518489764 0.21939546818210073 68
1757518489803 0.006409995767050007 69
1757518489842 0.03522395108943642 70
1757518489881 0.021402307461384086 71
1757518489922 0.01626966331651999 72
1757518489961 0.07380338129818141 73
1757518490001 0.2708508070082591 74
1757518490040 0.0066627437268420965 75
1757518490079 0.07544855313196483 76
1757518490118 0.2772007784581656 77
1757518490158 0.001687532247967934 78
1757518490197 0.12033249687941502 79
1757518490236 0.07769615665380367 80
1757518490276 0.056432643515045275 81
1757518490315 0.015759318782773066 82
1757518490353 0.5604324746472087 83
1757518490393 0.0033921321703124993 84
1757518490432 0.026570101802438986 85
1757518490471 0.0010213678686861304 86
1757518490510 0.1027478038786 87
1757518490549 0.0031811078510235666 88
1757518490588 0.12444412601233854 89
1757518490627 0.010392921849416056 90
1757518490666 0.007024792633023841 91
1757518490706 0.00699129583637892 92
1757518490745 0.0018636348695954897 93
1757518490784 0.0026315743706158156 94
1757518490823 0.018582134369714697 95
1757518490862 0.3316379941056652 96
1757518490902 0.061027654423831484 97
1757518490941 0.03115569866652867 98
1757518490981 0.026035706211750533 99
1757518491020 0.0039021448156960595 100
1757518491060 0.09829649280564313 101
1757518491100 0.06079122422469968 102
1757518491139 0.021688499908678962 103
1757518491179 0.11723088853612641 104
1757518491219 0.00559142741231327 105
1757518491258 0.037743408511106684 106
1757518491297 0.028218908848173355 107
1757518491337 0.029416687335200538 108
1757518491376 0.03732696540290251 109
1757518491416 0.09213583758860662 110
1757518491456 0.7414711269580735 111
1757518491495 0.08611221237009646 112
1757518491535 0.12529868045904988 113
1757518491574 0.0017485720112475098 114
1757518491613 0.13339507832800068 115
1757518491652 0.01662965025676673 116
1757518491692 0.01973845535067811 117
1757518491732 0.009280447677952814 118
1757518491774 0.04311122584733008 119
1757518491813 0.019092395986471496 120
1757518491852 0.037703437477531895 121
1757518491891 0.3396143568141664 122
1757518491931 0.05380153677519725 123
1757518491970 0.06567424757304303 124
1757518492009 0.031762413144942735 125
1757518492048 0.01084110220000588 126
1757518492089 1.1799035339455177 127
1757518492129 0.08063391790265528 128
1757518492168 0.06402927906339008 129
1757518492207 0.31536410404408377 130
1757518492246 0.07259209592454839 131
1757518492285 0.11045429276381806 132
1757518492324 0.11082266470442186 133
1757518492363 0.0007917066738892883 134
1757518492402 0.004122849004954115 135
1757518492441 0.028416639378938492 136
1757518492480 0.004298618460160573 137
1757518492519 0.10987781708407889 138
1757518492558 0.39446562749677383 139
1757518492598 0.005289237564379955 140
1757518492637 0.23783241767564164 141
1757518492675 1.027972538617287 142
1757518492715 0.23116592154196872 143
1757518492754 0.07006738442579008 144
1757518492793 0.09113207753016746 145
1757518492832 0.044822165385368005 146
1757518492871 0.0002563597892016359 147
1757518492911 0.02290257729107571 148
1757518492950 0.14433205128933693 149
1757518492989 0.00023770953756741347 150
1757518493028 0.007843346061995963 151
1757518493068 0.010691011437845573 152
1757518493108 0.026097214911907567 153
1757518493147 0.006596457609423805 154
1757518493186 0.09644355771444461 155
1757518493225 0.11913850000280739 156
1757518493264 0.11288182092953646 157
1757518493303 0.017536478668394938 158
1757518493349 0.05741386984650438 159
1757518493389 0.05742436767533028 160
1757518493428 0.008926213702932038 161
1757518493467 0.0756432268928535 162
1757518493506 0.07824101880509886 163
1757518493547 0.12113478555524139 164
1757518493587 4.927589342448148e-05 165
1757518493627 0.0476731370955729 166
1757518493666 0.08532205372384015 167
1757518493707 0.06689754614022984 168
1757518493746 0.0014506579683813206 169
1757518493786 0.10801834043875053 170
1757518493825 0.01907907388803654 171
1757518493865 0.010812085048128518 172
1757518493905 0.056990402580531146 173
1757518493945 0.030246788076640406 174
1757518493984 0.20218392842713104 175
1757518494025 0.040586273904551884 176
1757518494064 0.05130758808268402 177
1757518494104 0.021581477386389283 178
1757518494143 0.061020941669045675 179
1757518494183 0.0012238573643617958 180
1757518494222 0.4118787912764867 181
1757518494264 0.0008390185647189994 182
1757518494304 0.002561817323181485 183
1757518494344 0.04929493144881838 184
1757518494384 0.0003458979785598664 185
1757518494424 0.0068568472973051416 186
1757518494464 0.0036597151626161463 187
1757518494504 0.004598195034925807 188
1757518494544 0.07107168174198242 189
1757518494584 0.030017406278603474 190
1757518494624 0.05360997148178084 191
1757518494663 2.0375725913633078e-07 192
1757518494703 0.0187015443566434 193
1757518494742 6.4391922095967755e-06 194
1757518494783 0.021529558951977695 195
1757518494823 0.002168310576220745 196
1757518494862 0.23381019305969403 197
1757518494902 0.050858362695076466 198
1757518494942 0.17265325347931337 199
1757518494982 0.005991528718560902 200
1757518495022 4.589161477113284e-05 201
1757518495062 0.043641403511859744 202
1757518495103 0.12156866765774953 203
1757518495143 0.0857478150883157 204
1757518495183 0.0008307879531367421 205
1757518495222 0.016283550939455826 206
1757518495262 0.03472285714426027 207
1757518495303 0.047101151181461194 208
1757518495344 0.03456667028138432 209
1757518495384 5.4667171150810756e-08 210
1757518495424 0.01794264795459926 211
1757518495465 0.03548629525732466 212
1757518495505 0.04707775795972251 213
1757518495545 0.0005764749103849985 214
1757518495585 0.16967728003092253 215
1757518495625 0.1491262014460418 216
1757518495665 0.21163354352441927 217
1757518495705 0.12275714608564292 218
1757518495745 3.215413494438085e-05 219
1757518495785 0.0486034106937263 220
1757518495825 9.202389789500785e-05 221
1757518495866 0.011707123814028117 222
1757518495917 0.5245534501391392 223
1757518495958 0.06876891571789201 224
1757518495998 0.08684786547681725 225
1757518496038 0.1086454691130321 226
1757518496078 0.12125494250850943 227
1757518496118 0.15494599208698123 228
1757518496158 8.663416846023307e-05 229
1757518496198 0.22820193751243031 230
1757518496238 0.10604379119731855 231
1757518496278 0.04026132225534953 232
1757518496317 0.38896472286629447 233
1757518496358 0.0006366130995922563 234
1757518496398 0.08163085370834627 235
1757518496440 0.014300977969464784 236
1757518496480 0.058995717725293606 237
1757518496520 0.21216595191859328 238
1757518496561 0.028363794044280057 239
1757518496601 0.00095103411648329 240
1757518496641 0.003044682924889051 241
1757518496681 0.13883466732827482 242
1757518496721 0.004852869328703957 243
1757518496761 0.026469783406265136 244
1757518496801 0.1453848236521627 245
1757518496842 0.1878272340092074 246
1757518496882 0.003537588006060502 247
1757518496922 0.5146233305749992 248
1757518496963 0.06066743727922839 249
1757518497003 0.13897235635321997 250
1757518497043 0.01033704249236877 251
1757518497083 0.054759857858580015 252
1757518497123 0.017662166191274933 253
1757518497164 0.1874738231791837 254
1757518497204 0.0037059378331718443 255
1757518497244 0.39915183773460666 256
1757518497285 0.12648729033947984 257
1757518497325 0.08656681946223393 258
1757518497366 0.0007705080908925748 259
1757518497406 0.10515816293260828 260
1757518497447 0.02169599152640874 261
1757518497488 0.018313680236651118 262
1757518497528 0.0697190866441472 263
1757518497568 0.04197888400208818 264
1757518497609 0.26774744769420317 265
1757518497649 0.02978711573492526 266
1757518497690 0.031634644630862845 267
1757518497730 0.00571230057198522 268
1757518497770 0.31967014114575076 269
1757518497810 0.019659061874218706 270
1757518497850 0.21717402782845835 271
1757518497891 0.03963179275585396 272
1757518497932 0.0034462765234557994 273
1757518497972 0.03999485352846335 274
1757518498012 0.001398762537045814 275
1757518498053 0.01378714486136258 276
1757518498093 16.68806946262095 277
1757518498134 0.05471191678913872 278
1757518498174 0.24157370848290416 279
1757518498215 0.05410785474529798 280
1757518498255 0.0022187789748249276 281
1757518498296 0.2530642878616022 282
1757518498336 0.08788003681141753 283
1757518498377 0.029277096214118378 284
1757518498417 0.3521401816206811 285
1757518498458 0.0027960319735109694 286
1757518498498 0.00865968090152348 287
1757518498538 0.03285146186287876 288
1757518498579 0.0007619948083851643 289
1757518498621 0.0007860826679544189 290
1757518498661 0.006321124539549405 291
1757518498702 0.06484037555467397 292
1757518498742 0.010749734421742523 293
1757518498783 0.8395878285802434 294
1757518498823 0.00016440007740773334 295
1757518498864 0.024375812960276043 296
1757518498905 0.020972090746371415 297
1757518498945 0.0018068628518711307 298
1757518498986 0.6128425968959634 299
1757518499027 0.11867187630419494 300
1757518499067 8.4615753901288e-06 301
1757518499108 0.06788519692018773 302
1757518499149 0.0015282282081006467 303
1757518499189 0.0001342491906949427 304
1757518499230 0.0003360005358082048 305
1757518499271 0.005174325717471441 306
1757518499312 0.20167673461728328 307
1757518499352 0.12955028236716984 308
1757518499393 0.009796725281933759 309
1757518499433 0.014476431757627346 310
1757518499474 0.00995371034689754 311
1757518499514 0.006109405234762013 312
1757518499555 0.018555039236910046 313
1757518499596 0.6515881152655376 314
1757518499636 0.2057512868867166 315
1757518499677 0.045867484364299466 316
1757518499717 0.4591198398527574 317
1757518499758 0.0483523535465826 318
1757518499799 0.6820609247585865 319
1757518499840 0.02926524357338918 320
1757518499880 0.00015016013087225375 321
1757518499921 0.04108614556885598 322
1757518499961 0.00011804034539026851 323
1757518500002 0.04762101919714684 324
1757518500043 0.06366478058329679 325
1757518500084 0.01802972620176772 326
1757518500124 0.009873697273715629 327
1757518500165 0.03313477718806947 328
1757518500206 0.08980182878898456 329
1757518500246 0.0814175274584133 330
1757518500287 0.025134962214415746 331
1757518500328 0.05987328874211694 332
1757518500368 0.0018444612585130538 333
1757518500409 0.09708506797455832 334
1757518500450 0.028449850528092138 335
1757518500491 0.5802950920146246 336
1757518500532 0.3244186055376859 337
1757518500573 0.13916215631443873 338
1757518500614 0.049407711454809655 339
1757518500655 0.0052720749266626215 340
1757518500696 0.04497338480630558 341
1757518500738 0.2413038215548604 342
1757518500779 0.3016934242298109 343
1757518500820 0.10610250073918034 344
1757518500860 0.1651467910873184 345
1757518500901 0.04770566507653607 346
1757518500942 0.015411284284708497 347
1757518500983 0.15553966721586793 348
1757518501024 0.005739581384457639 349
1757518501065 0.032707017025906525 350
1757518501106 0.015286403948034813 351
1757518501147 0.0015350438030312574 352
1757518501188 0.05567326285290962 353
1757518501229 0.1607125411209315 354
1757518501270 0.042864621026359996 355
1757518501311 0.11531021367395755 356
1757518501352 0.16219033489471701 357
1757518501393 0.11140478750292163 358
1757518501435 0.1962124486333458 359
1757518501475 0.22679664199403754 360
1757518501516 0.058998442770428636 361
1757518501557 0.19193085969671717 362
1757518501598 0.19640759603476188 363
1757518501639 0.03317802188068841 364
1757518501679 0.0003111401936522657 365
1757518501720 4.631203663875851e-05 366
1757518501761 0.00026233307798287554 367
1757518501802 0.006221260273316481 368
1757518501846 0.000842833572966166 369
1757518501886 0.0596916528405812 370
1757518501928 0.1988617363257448 371
1757518501969 0.520812604664822 372
1757518502010 0.05214953521195976 373
1757518502051 0.0019062732794983151 374
1757518502092 0.002078432827786147 375
1757518502133 0.00014793825755567516 376
1757518502174 0.0057691714862202 377
1757518502214 0.05959918215002498 378
1757518502255 0.15635458265070562 379
1757518502295 0.010518119067272182 380
1757518502336 0.25567383686820894 381
1757518502376 0.058305120046942 382
1757518502417 0.050279301159587425 383
1757518502458 0.4264033034963453 384
1757518502498 0.0020091607803765124 385
1757518502539 0.028143542452704312 386
1757518502579 0.1677949371058085 387
1757518502620 0.45970391303346037 388
1757518502660 0.25562704261680796 389
1757518502700 0.0027649486913272335 390
1757518502741 0.011632443619247524 391
1757518502781 0.0867550057129142 392
1757518502822 0.09342810512710621 393
1757518502863 0.005167027148501773 394
1757518502904 0.041215572611235915 395
1757518502944 0.06389463538149052 396
1757518502984 0.0049907238658421236 397
1757518503025 0.027335514943654732 398
1757518503065 0.2815841676730694 399
1757518503105 0.0036089861410065283 400
1757518503146 0.0009208688688085626 401
1757518503187 0.15975262859623462 402
1757518503228 0.00564317553315767 403
1757518503269 0.008136170906261498 404
1757518503309 0.208570002338727 405
1757518503357 0.0005440061682680447 406
1757518503398 0.031132669423860827 407
1757518503440 0.0010354613561684488 408
1757518503481 0.06613482049232146 409
1757518503522 0.02137768934772235 410
1757518503562 0.14864434456767597 411
1757518503603 0.06944736935633636 412
1757518503644 0.22485800814627396 413
1757518503685 0.048610991382887374 414
1757518503727 0.09299185290691543 415
1757518503769 0.3278481420259646 416
1757518503810 0.03148081260794542 417
1757518503851 0.19507821537704445 418
1757518503892 0.12317894166312049 419
1757518503934 0.0001338092697565059 420
1757518503975 0.060678488720935626 421
1757518504016 0.15704772972539144 422
1757518504058 0.03412540939078169 423
1757518504099 0.00305314719219791 424
1757518504141 0.03581846753234229 425
1757518504182 0.10430711945689956 426
1757518504223 0.005360253602075077 427
1757518504264 0.04032286127737985 428
1757518504306 0.017696729816194037 429
1757518504347 0.01596491631629242 430
1757518504388 0.02906920044486231 431
1757518504430 0.16244949832628428 432
1757518504471 0.06264640825451759 433
1757518504512 0.2479298235050815 434
1757518504554 0.15113943085591 435
1757518504595 0.0031058625960364893 436
1757518504636 0.15481915605912694 437
1757518504678 0.10335975055036589 438
1757518504719 0.08842673171154325 439
1757518504761 2.5340592455162896e-05 440
1757518504802 0.004520166590086123 441
1757518504843 0.071039714055592 442
1757518504884 0.0001776874081760832 443
1757518504938 0.5608282890065771 444
1757518504981 0.1208588054220075 445
1757518505023 0.03249705021096683 446
1757518505065 0.07073774656583819 447
1757518505107 0.276887196394686 448
1757518505148 0.11764791242360456 449
1757518505191 0.051051222386971164 450
1757518505233 0.27299725375616335 451
1757518505274 0.010893727247148419 452
1757518505315 0.30454213564384447 453
1757518505357 0.40781626313062674 454
1757518505399 0.07119515399151344 455
1757518505441 0.1193727013955452 456
1757518505482 0.2043218270357528 457
1757518505524 0.014281688295949689 458
1757518505566 0.36948727956170896 459
1757518505607 0.04415250352125399 460
1757518505649 0.0029546657631722728 461
1757518505691 0.0005594084053598284 462
1757518505732 0.2845250774464278 463
1757518505774 0.06123115180182445 464
1757518505816 3.808771056429644e-05 465
1757518505857 0.011276278437492057 466
1757518505899 0.02574945865857473 467
1757518505941 0.020661879500630642 468
1757518505982 0.00014703053947097048 469
1757518506024 0.008166039103888249 470
1757518506066 0.13828219477742504 471
1757518506107 0.10702191634040109 472
1757518506149 0.1502440919602862 473
1757518506191 0.13621332172278522 474
1757518506232 0.0007454738682137566 475
1757518506274 0.08686240442762494 476
1757518506316 0.046891748054994915 477
1757518506358 0.10557267951802121 478
1757518506399 0.0035288356560502316 479
1757518506441 0.03360619704387982 480
1757518506483 0.019271455926252744 481
1757518506524 0.34936695255533756 482
1757518506566 0.12951778594157076 483
1757518506609 0.0002930852289488791 484
1757518506651 0.08775804047095942 485
1757518506693 0.12836036936922518 486
1757518506734 0.047457716999853454 487
1757518506775 0.014867640431998818 488
1757518506816 0.10328481754285186 489
1757518506858 0.01835077359283813 490
1757518506900 0.17581929445283556 491
1757518506941 1.838652871435749e-05 492
1757518506983 0.034188098741253996 493
1757518507025 0.003233266411740587 494
1757518507066 0.0003791158931048991 495
1757518507108 0.26321476319846127 496
1757518507150 0.17776510062015016 497
1757518507193 0.014888243930512397 498
1757518507236 0.06620622018127205 499
