1757517859714 168.97338417662604 0
1757517859723 168.9099982591557 1
1757517859732 168.84663705686162 2
1757517859740 168.78330056003287 3
1757517859750 168.71998875895923 4
1757517859759 168.65670164393802 5
1757517859768 168.5934392052688 6
1757517859776 168.53020143325355 7
1757517859785 168.4669883181996 8
1757517859794 168.40379985041753 9
1757517859802 168.34063602022238 10
1757517859811 168.27749681793162 11
1757517859820 168.21438223386917 12
1757517859828 168.15129225836006 13
1757517859837 168.0882268817346 14
1757517859845 168.02518609432525 15
1757517859854 167.96216988647186 16
1757517859862 167.89917824851273 17
1757517859871 167.83621117079585 18
1757517859880 167.77326864366913 19
1757517859888 167.7103506574847 20
1757517859897 167.64745720259842 21
1757517859906 167.5845882693739 22
1757517859914 167.52174384817224 23
1757517859924 167.45892392936324 24
1757517859934 167.39612850331727 25
1757517859943 167.33335756041095 26
1757517859952 167.27061109102354 27
1757517859961 167.20788908553718 28
1757517859970 167.14519153434065 29
1757517859979 167.08251842782275 30
1757517859988 167.01986975637905 31
1757517859996 166.95724551040877 32
1757517860005 166.8946456803129 33
1757517860014 166.83207025649796 34
1757517860022 166.76951922937212 35
1757517860031 166.70699258935102 36
1757517860040 166.6444903268512 37
1757517860048 166.58201243229362 38
1757517860057 166.519558896103 39
1757517860066 166.45712970870815 40
1757517860075 166.39472486054078 41
1757517860083 166.3323443420384 42
1757517860092 166.26998814364114 43
1757517860101 166.20765625579116 44
1757517860109 166.14534866893678 45
1757517860118 166.08306537352885 46
1757517860127 166.02080636002344 47
1757517860136 165.95857161887852 48
1757517860145 165.8963611405568 49
1757517860154 165.83417491552476 50
1757517860163 165.7720129342522 51
1757517860172 165.7098751872139 52
1757517860180 165.64776166488568 53
1757517860189 165.58567235775172 54
1757517860198 165.52360725629484 55
1757517860207 165.4615663510044 56
1757517860216 165.39954963237284 57
1757517860224 165.33755709089752 58
1757517860233 165.27558871707853 59
1757517860242 165.2136445014196 60
1757517860251 165.15172443442748 61
1757517860260 165.08982850661434 62
1757517860269 165.02795670849545 63
1757517860278 164.96610903058908 64
1757517860287 164.9042854634178 65
1757517860296 164.84248599750958 66
1757517860305 164.78071062339285 67
1757517860314 164.71895933160155 68
1757517860323 164.6572321126749 69
1757517860332 164.59552895715214 70
1757517860341 164.5338498555801 71
1757517860349 164.47219479850605 72
1757517860359 164.41056377648317 73
1757517860368 164.34895678006768 74
1757517860376 164.2873737998192 75
1757517860385 164.22581482630238 76
1757517860394 164.1642798500842 77
1757517860403 164.1027688617357 78
1757517860412 164.0412818518309 79
1757517860421 163.97981881094947 80
1757517860430 163.9183797296734 81
1757517860439 163.85696459858926 82
1757517860448 163.79557340828617 83
1757517860457 163.73420614935824 84
1757517860466 163.6728628124005 85
1757517860475 163.6115433880164 86
1757517860484 163.55024786680914 87
1757517860493 163.4889762393879 88
1757517860502 163.4277284963644 89
1757517860511 163.3665046283529 90
1757517860520 163.30530462597528 91
1757517860530 163.24412847985332 92
1757517860538 163.1829761806134 93
1757517860547 163.1218477188869 94
1757517860560 163.06074308530762 95
1757517860575 162.99966227051306 96
1757517860586 162.938605265146 97
1757517860595 162.87757205985113 98
1757517860604 162.81656264527643 99
1757517860613 162.75557701207632 100
1757517860623 162.6946151509057 101
1757517860632 162.6336770524255 102
1757517860642 162.5727627072984 103
1757517860651 162.51187210619446 104
1757517860660 162.45100523978135 105
1757517860669 162.3901620987359 106
1757517860678 162.32934267373696 107
1757517860687 162.26854695546552 108
1757517860697 162.2077749346066 109
1757517860706 162.14702660185228 110
1757517860715 162.08630194789365 111
1757517860724 162.02560096342788 112
1757517860733 161.9649236391565 113
1757517860742 161.9042699657826 114
1757517860752 161.8436399340148 115
1757517860761 161.78303353456408 116
1757517860770 161.722450758145 117
1757517860780 161.66189159547883 118
1757517860789 161.6013560372857 119
1757517860798 161.54084407429335 120
1757517860807 161.48035569722956 121
1757517860816 161.4198908968302 122
1757517860826 161.35944966383087 123
1757517860835 161.29903198897358 124
1757517860844 161.2386378630007 125
1757517860853 161.17826727666355 126
1757517860863 161.11792022071043 127
1757517860872 161.05759668589945 128
1757517860882 160.9972966629885 129
1757517860891 160.93702014273984 130
1757517860900 160.8767671159212 131
1757517860909 160.81653757330167 132
1757517860919 160.7563315056553 133
1757517860929 160.69614890375877 134
1757517860942 160.63598975839378 135
1757517860952 160.57585406034403 136
1757517860965 160.5157418003982 137
1757517860984 160.45565296934754 138
1757517860994 160.39558755799004 139
1757517861004 160.33554555712098 140
1757517861013 160.27552695754574 141
1757517861022 160.21553175007062 142
1757517861032 160.15555992550424 143
1757517861041 160.09561147466087 144
1757517861050 160.03568638835756 145
1757517861060 159.97578465741626 146
1757517861069 159.91590627265973 147
1757517861079 159.85605122491816 148
1757517861089 159.7962195050204 149
1757517861098 159.7364111038052 150
1757517861107 159.6766260121084 151
1757517861117 159.6168642207759 152
1757517861126 159.55712572064996 153
1757517861136 159.49741050258356 154
1757517861145 159.4377185574297 155
1757517861155 159.37804987604298 156
1757517861165 159.31840444928744 157
1757517861174 159.25878226802485 158
1757517861184 159.19918332312366 159
1757517861193 159.13960760545626 160
1757517861203 159.08005510589643 161
1757517861212 159.020525815324 162
1757517861221 158.96101972462054 163
1757517861231 158.9015368246727 164
1757517861240 158.84207710636784 165
1757517861249 158.78264056060053 166
1757517861259 158.72322717826862 167
1757517861268 158.66383695027002 168
1757517861278 158.60446986750998 169
1757517861288 158.54512592089526 170
1757517861297 158.48580510133692 171
1757517861307 158.4265073997497 172
1757517861316 158.36723280705257 173
1757517861326 158.307981314166 174
1757517861335 158.24875291201587 175
1757517861345 158.18954759153138 176
1757517861355 158.13036534364414 177
1757517861364 158.07120615929165 178
1757517861374 158.01207002941283 179
1757517861383 157.95295694495044 180
1757517861393 157.89386689685134 181
1757517861403 157.834799876067 182
1757517861412 157.77575587355054 183
1757517861422 157.7167348802597 184
1757517861431 157.65773688715464 185
1757517861441 157.59876188520144 186
1757517861450 157.53980986536789 187
1757517861460 157.48088081862582 188
1757517861470 157.42197473595004 189
1757517861480 157.3630916083203 190
1757517861489 157.30423142671822 191
1757517861499 157.2453941821309 192
1757517861509 157.18657986554587 193
1757517861519 157.12778846795882 194
1757517861528 157.0690199803647 195
1757517861538 157.0102743937649 196
1757517861548 156.9515516991625 197
1757517861558 156.89285188756412 198
1757517861568 156.83417494998272 199
1757517861577 156.77552087743106 200
1757517861587 156.71688966092705 201
1757517861597 156.65828129149403 202
1757517861607 156.59969576015496 203
1757517861618 156.54113305793982 204
1757517861628 156.4825931758809 205
1757517861638 156.4240761050124 206
1757517861647 156.36558183637467 207
1757517861657 156.3071103610108 208
1757517861667 156.24866166996617 209
1757517861677 156.19023575429117 210
1757517861687 156.13183260504002 211
1757517861697 156.07345221326784 212
1757517861708 156.01509457003604 213
1757517861718 155.95675966640982 214
1757517861727 155.8984474934529 215
1757517861737 155.84015804224003 216
1757517861747 155.78189130384476 217
1757517861757 155.72364726934384 218
1757517861767 155.66542592982037 219
1757517861777 155.60722727635945 220
1757517861787 155.5490513000485 221
1757517861797 155.49089799198066 222
1757517861807 155.4327673432509 223
1757517861820 155.374659344959 224
1757517861831 155.31657398820735 225
1757517861840 155.25851126410302 226
1757517861851 155.20047116375417 227
1757517861861 155.14245367827453 228
1757517861871 155.0844587987819 229
1757517861881 155.02648651639427 230
1757517861891 154.9685368222366 231
1757517861901 154.91060970743737 232
1757517861911 154.85270516312553 233
1757517861921 154.79482318043583 234
1757517861931 154.7369637505066 235
1757517861941 154.6791268644776 236
1757517861951 154.62131251349504 237
1757517861961 154.56352068870666 238
1757517861971 154.50575138126453 239
1757517861981 154.4480045823226 240
1757517861991 154.39028028303989 241
1757517862001 154.3325784745799 242
1757517862011 154.2748991481074 243
1757517862021 154.21724229479096 244
1757517862031 154.1596079058042 245
1757517862041 154.10199597232312 246
1757517862051 154.04440648552776 247
1757517862062 153.98683943659918 248
1757517862072 153.92929481672527 249
1757517862082 153.87177261709613 250
1757517862092 153.81427282890584 251
1757517862102 153.7567954433496 252
1757517862114 153.69934045163015 253
1757517862125 153.64190784495077 254
1757517862136 153.58449761451658 255
1757517862150 153.52710975154181 256
1757517862162 153.46974424723845 257
1757517862174 153.41240109282487 258
1757517862185 153.3550802795232 259
1757517862197 153.29778179855725 260
1757517862209 153.24050564115575 261
1757517862220 153.18325179855017 262
1757517862233 153.12602026197538 263
1757517862244 153.06881102267016 264
1757517862257 153.01162407187695 265
1757517862268 152.95445940084036 266
1757517862279 152.89731700080966 267
1757517862292 152.84019686303822 268
1757517862304 152.78309897877992 269
1757517862316 152.72602333929711 270
1757517862327 152.66896993584962 271
1757517862340 152.61193875970483 272
1757517862351 152.55492980213168 273
1757517862362 152.4979430544045 274
1757517862373 152.4409785077986 275
1757517862384 152.38403615359528 276
1757517862394 152.32711598307668 277
1757517862405 152.27021798753032 278
1757517862415 152.21334215824623 279
1757517862425 152.15648848651858 280
1757517862435 152.09965696364358 281
1757517862445 152.0428475809238 282
1757517862456 151.98606032966043 283
1757517862466 151.92929520116374 284
1757517862477 151.87255218674298 285
1757517862487 151.81583127771225 286
1757517862497 151.75913246538997 287
1757517862507 151.70245574109765 288
1757517862518 151.6458010961596 289
1757517862528 151.58916852190305 290
1757517862538 151.53255800966068 291
1757517862549 151.47596955076702 292
1757517862559 151.41940313655954 293
1757517862569 151.36285875838078 294
1757517862579 151.30633640757537 295
1757517862590 151.24983607549234 296
1757517862600 151.193357753484 297
1757517862610 151.1369014329046 298
1757517862621 151.08046710511263 299
1757517862631 151.02405476147234 300
1757517862641 150.96766439334635 301
1757517862651 150.9112959921069 302
1757517862662 150.85494954912406 303
1757517862672 150.79862505577458 304
1757517862682 150.7423225034375 305
1757517862693 150.68604188349593 306
1757517862703 150.62978318733516 307
1757517862713 150.57354640634406 308
1757517862724 150.51733153191685 309
1757517862734 150.4611385554491 310
1757517862744 150.40496746834074 311
1757517862755 150.34881826199342 312
1757517862765 150.29269092781595 313
1757517862776 150.236585457215 314
1757517862786 150.18050184160666 315
1757517862798 150.12444007240492 316
1757517862809 150.0684001410319 317
1757517862820 150.01238203891012 318
1757517862830 149.95638575746608 319
1757517862841 149.9004112881298 320
1757517862851 149.84445862233525 321
1757517862861 149.78852775151898 322
1757517862872 149.73261866712127 323
1757517862882 149.6767313605853 324
1757517862893 149.62086582335897 325
1757517862903 149.5650220468922 326
1757517862914 149.50920002263805 327
1757517862924 149.45339974205334 328
1757517862935 149.3976211966013 329
1757517862945 149.34186437774287 330
1757517862956 149.2861292769467 331
1757517862967 149.23041588568282 332
1757517862977 149.17472419542545 333
1757517862988 149.1190541976511 334
1757517862998 149.06340588384145 335
1757517863009 149.00777924548078 336
1757517863020 148.95217427405507 337
1757517863030 148.89659096105714 338
1757517863041 148.84102929797837 339
1757517863052 148.78548927631817 340
1757517863062 148.72997088757702 341
1757517863073 148.67447412325876 342
1757517863083 148.6189989748715 343
1757517863094 148.56354543392527 344
1757517863105 148.5081134919352 345
1757517863117 148.4527031404183 346
1757517863130 148.3973143708955 347
1757517863146 148.34194717489183 348
1757517863157 148.2866015439337 349
1757517863168 148.23127746955228 350
1757517863179 148.17597494328245 351
1757517863190 148.12069395666208 352
1757517863200 148.06543450123118 353
1757517863212 148.01019656853444 354
1757517863223 147.95498015011944 355
1757517863234 147.8997852375379 356
1757517863245 147.8446118223443 357
1757517863255 147.78945989609392 358
1757517863266 147.73432945035017 359
1757517863277 147.67922047667585 360
1757517863287 147.6241329666403 361
1757517863298 147.56906691181345 362
1757517863309 147.5140223037693 363
1757517863320 147.4589991340868 364
1757517863330 147.4039973943438 365
1757517863341 147.34901707612758 366
1757517863352 147.2940581710252 367
1757517863363 147.23912067062696 368
1757517863373 147.1842045665273 369
1757517863384 147.12930985032344 370
1757517863395 147.07443651361598 371
1757517863406 147.0195845480111 372
1757517863417 146.9647539451137 373
1757517863427 146.9099446965355 374
1757517863438 146.8551567938908 375
1757517863449 146.8003902287988 376
1757517863460 146.74564499287555 377
1757517863471 146.69092107774915 378
1757517863482 146.63621847504558 379
1757517863493 146.58153717639524 380
1757517863504 146.5268771734329 381
1757517863515 146.4722384577945 382
1757517863526 146.41762102112196 383
1757517863536 146.3630248550574 384
1757517863547 146.30844995125037 385
1757517863558 146.2538963013492 386
1757517863569 146.19936389700794 387
1757517863580 146.14485272988387 388
1757517863591 146.0903627916375 389
1757517863602 146.03589407393278 390
1757517863613 145.98144656843613 391
1757517863624 145.92702026681675 392
1757517863635 145.8726151607494 393
1757517863646 145.81823124191106 394
1757517863656 145.76386850197989 395
1757517863667 145.7095269326412 396
1757517863678 145.65520652558075 397
1757517863689 145.60090727248888 398
1757517863700 145.54662916505697 399
1757517863711 145.49237219498323 400
1757517863722 145.43813635396816 401
1757517863733 145.38392163371205 402
1757517863744 145.32972802592272 403
1757517863755 145.2755555223092 404
1757517863765 145.22140411458543 405
1757517863777 145.16727379446567 406
1757517863788 145.11316455367063 407
1757517863800 145.05907638392267 408
1757517863811 145.00500927694753 409
1757517863822 144.9509632244732 410
1757517863833 144.896938218234 411
1757517863844 144.84293424996432 412
1757517863855 144.78895131140303 413
1757517863866 144.73498939429328 414
1757517863877 144.68104849037869 415
1757517863889 144.62712859141058 416
1757517863900 144.57322968913897 417
1757517863912 144.5193517753192 418
1757517863922 144.46549484170927 419
1757517863933 144.41165888007396 420
1757517863945 144.35784388217363 421
1757517863956 144.3040498397792 422
1757517863967 144.25027674466116 423
1757517863978 144.19652458859585 424
1757517863989 144.14279336335963 425
1757517864001 144.08908306073351 426
1757517864012 144.0353936725037 427
1757517864024 143.9817251904544 428
1757517864036 143.9280776063798 429
1757517864047 143.87445091207275 430
1757517864059 143.8208450993316 431
1757517864070 143.76726015995544 432
1757517864081 143.7136960857493 433
1757517864092 143.66015286851945 434
1757517864104 143.6066305000761 435
1757517864115 143.5531289722338 436
1757517864127 143.49964827680847 437
1757517864138 143.44618840562043 438
1757517864149 143.3927493504932 439
1757517864161 143.3393311032523 440
1757517864173 143.28593365572786 441
1757517864184 143.23255699975408 442
1757517864196 143.17920112716456 443
1757517864207 143.1258660298001 444
1757517864218 143.07255169950415 445
1757517864230 143.01925812812038 446
1757517864241 142.96598530749966 447
1757517864252 142.91273322949272 448
1757517864263 142.85950188595623 449
1757517864274 142.8062912687488 450
1757517864286 142.75310136973124 451
1757517864298 142.6999321807695 452
1757517864309 142.6467836937307 453
1757517864321 142.59365590048742 454
1757517864332 142.54054879291448 455
1757517864343 142.4874623628887 456
1757517864355 142.4343966022928 457
1757517864366 142.38135150300909 458
1757517864377 142.32832705692698 459
1757517864389 142.2753232559353 460
1757517864400 142.22234009192888 461
1757517864412 142.1693775568055 462
1757517864423 142.11643564246475 463
1757517864435 142.06351434081006 464
1757517864446 142.01061364374803 465
1757517864457 141.957733543189 466
1757517864469 141.90487403104547 467
1757517864480 141.85203509923434 468
1757517864492 141.7992167396739 469
1757517864504 141.74641894428856 470
1757517864515 141.69364170500256 471
1757517864526 141.64088501374667 472
1757517864537 141.58814886245023 473
1757517864552 141.5354332430514 474
1757517864563 141.48273814748737 475
1757517864574 141.43006356770007 476
1757517864586 141.37740949563414 477
1757517864597 141.324775923239 478
1757517864609 141.27216284246458 479
1757517864620 141.2195702452654 480
1757517864632 141.16699812359923 481
1757517864643 141.11444646942715 482
1757517864655 141.06191527471282 483
1757517864666 141.00940453142343 484
1757517864681 140.95691423152996 485
1757517864702 140.9044443670044 486
1757517864715 140.85199492982514 487
1757517864726 140.79956591197057 488
1757517864738 140.74715730542448 489
1757517864750 140.6947691021728 490
1757517864762 140.6424012942035 491
1757517864773 140.5900538735115 492
1757517864785 140.53772683209107 493
1757517864797 140.48542016194054 494
1757517864809 140.4331338550626 495
1757517864821 140.38086790346122 496
1757517864833 140.32862229914696 497
1757517864845 140.27639703412794 498
1757517864856 140.22419210042258 499
