1757595110949 0.0037719772703596987 0
1757595111001 0.08461086948406955 1
1757595111051 0.09688330109373167 2
1757595111091 0.07959087635630156 3
1757595111131 0.11593849664298561 4
1757595111171 0.01050157739237334 5
1757595111210 0.05433028921247989 6
1757595111248 0.0008300043830822142 7
1757595111287 0.04131010158220135 8
1757595111326 0.24799286268468387 9
1757595111365 0.06528367432942407 10
1757595111404 0.021501494842326777 11
1757595111443 0.11961393764793167 12
1757595111482 0.00036796379595878474 13
1757595111522 0.17182233068151495 14
1757595111561 0.7832066040799723 15
1757595111600 0.055768894597370305 16
1757595111639 6.872793889972197e-05 17
1757595111678 0.010182810675970475 18
1757595111718 0.08658354705673064 19
1757595111757 0.028145750769214228 20
1757595111796 0.006889194202779585 21
1757595111836 0.0008905791840339738 22
1757595111875 0.003335556999082216 23
1757595111914 0.09614251961087755 24
1757595111954 0.011450821326390683 25
1757595111994 0.128094381283236 26
1757595112033 0.007435074887805888 27
1757595112072 0.015464187450575265 28
1757595112111 0.004606066307426135 29
1757595112152 0.36395020001977796 30
1757595112192 0.13743871649939368 31
1757595112231 0.194158823817353 32
1757595112270 0.0016908355155813664 33
1757595112309 0.0003062200144522292 34
1757595112349 0.0029180922798136564 35
1757595112388 0.017157636530857227 36
1757595112427 0.04543465736298899 37
1757595112467 0.010474816081372783 38
1757595112506 0.00043464009238793544 39
1757595112545 0.09942564556344703 40
1757595112584 0.027534914652909127 41
1757595112624 0.0398983762983372 42
1757595112663 0.21181215546617688 43
1757595112702 0.40934218341924095 44
1757595112742 0.45289236515541176 45
1757595112781 0.11006664681422039 46
1757595112820 0.07069816378479162 47
1757595112859 0.051003498490900884 48
1757595112900 0.3149472452839052 49
1757595112939 0.03725943423585129 50
1757595112980 0.10441997761015266 51
1757595113020 0.030980538207815073 52
1757595113060 0.07422370424821587 53
1757595113099 0.020399256236007572 54
1757595113138 0.0017910900615762178 55
1757595113178 0.09686452119868547 56
1757595113218 0.13133154189664722 57
1757595113258 0.02432868184884002 58
1757595113304 0.2522969555806667 59
1757595113344 0.02922428934364704 60
1757595113384 0.009283716554427524 61
1757595113423 0.02278340507034878 62
1757595113462 0.028480481993125053 63
1757595113502 0.016392213461333353 64
1757595113541 0.1900424233157742 65
1757595113580 0.08037620784763422 66
1757595113619 0.2351558557603928 67
1757595113658 0.04321935419283858 68
1757595113699 0.2665861164597219 69
1757595113740 0.00424003933672692 70
1757595113779 0.0945315796610619 71
1757595113818 0.09800078673840786 72
1757595113857 0.0018485765630165288 73
1757595113897 0.031032668755676788 74
1757595113935 0.13128563975835034 75
1757595113975 0.3001496924512744 76
1757595114015 0.018142423366659235 77
1757595114054 0.3954129609771237 78
1757595114092 0.13841628488144364 79
1757595114131 0.02642990241107223 80
1757595114170 0.019937745480480377 81
1757595114210 0.02973208277284446 82
1757595114249 0.03884980610215571 83
1757595114287 0.2487453043585812 84
1757595114326 0.02363480241442492 85
1757595114365 0.05858681838288124 86
1757595114405 3.422572775715514e-05 87
1757595114444 0.029422701636876214 88
1757595114483 0.0021540588127372325 89
1757595114523 0.10863562406521043 90
1757595114562 0.0009109788826894945 91
1757595114603 0.03875908307641379 92
1757595114643 0.0012663715796778264 93
1757595114683 0.01984545605006102 94
1757595114722 0.10934241890085651 95
1757595114761 0.0016855598985383254 96
1757595114801 0.0003217647998952377 97
1757595114840 0.07248807091110525 98
1757595114879 0.04138782928258577 99
1757595114918 0.01343352719776855 100
1757595114957 0.28065416239872326 101
1757595114996 0.19505014870743528 102
1757595115035 0.07087337725606854 103
1757595115074 0.20511620440681566 104
1757595115113 0.9576550963134719 105
1757595115153 0.020654344511231562 106
1757595115192 0.017168042144171843 107
1757595115231 0.2578309651864068 108
1757595115272 0.08764851399379045 109
1757595115311 0.015762147678821264 110
1757595115351 0.0396192574074122 111
1757595115390 0.021541578147453534 112
1757595115429 0.03769538326393273 113
1757595115470 0.00282163448532198 114
1757595115510 0.0129258803235078 115
1757595115561 0.36612080144384995 116
1757595115602 0.03286392644133413 117
1757595115642 0.5618665375613887 118
1757595115683 0.05885440578188229 119
1757595115722 0.0072604588400185036 120
1757595115762 0.31369620729862163 121
1757595115802 0.016546601937760908 122
1757595115842 0.7108062626434662 123
1757595115882 0.10673484217125387 124
1757595115921 0.08077940532184165 125
1757595115961 0.03682008493001228 126
1757595116000 0.016009164376658534 127
1757595116040 0.003720516859894115 128
1757595116079 0.015712089530222264 129
1757595116119 0.0938830300165219 130
1757595116159 0.10570269888020283 131
1757595116199 0.0459249643378738 132
1757595116239 0.13425675702997728 133
1757595116278 0.02122059770191872 134
1757595116317 0.2564837917777429 135
1757595116356 0.18782171949558576 136
1757595116396 0.023839929207689157 137
1757595116435 0.00540790667169857 138
1757595116474 0.04178996775599099 139
1757595116513 0.616990394898469 140
1757595116553 0.003358326697214877 141
1757595116592 0.17206588709614656 142
1757595116631 0.003425536089655601 143
1757595116671 0.14206952655954702 144
1757595116711 0.10508157181977623 145
1757595116751 0.00175211130469774 146
1757595116791 0.07262388667823176 147
1757595116830 0.0764758574436347 148
1757595116870 0.0013308397728734327 149
1757595116910 0.0698071031765812 150
1757595116949 0.011546153346127552 151
1757595116988 0.0001942900656286546 152
1757595117028 0.011813912666248332 153
1757595117068 0.03842002383841908 154
1757595117107 0.06037937062982456 155
1757595117146 0.0030733118209304773 156
1757595117186 0.13615726688115923 157
1757595117226 0.04533240755679203 158
1757595117266 0.04483834924817668 159
1757595117306 0.020950430321453113 160
1757595117345 0.06890170216117104 161
1757595117384 0.06922522941754937 162
1757595117424 0.0003110091002435698 163
1757595117463 0.018428221493006845 164
1757595117504 0.05403116898716246 165
1757595117543 0.12787445632956432 166
1757595117583 0.002190616582837421 167
1757595117624 0.09797152608533731 168
1757595117664 0.056685920278963714 169
1757595117705 0.015506472992017866 170
1757595117745 0.030681433167568307 171
1757595117786 0.003262275011936102 172
1757595117827 0.1826744340533501 173
1757595117868 0.16845595834657964 174
1757595117908 0.0004413139754704141 175
1757595117947 0.004283101241340382 176
1757595117987 0.0167821087597755 177
1757595118027 0.006135147093727749 178
1757595118067 0.0016484549364505787 179
1757595118106 0.06755588905024666 180
1757595118146 0.008212011486535168 181
1757595118186 0.02249096011424256 182
1757595118226 0.006283268117708199 183
1757595118266 0.0069192127335620975 184
1757595118305 0.0017213455134410995 185
1757595118345 0.0016426983215498357 186
1757595118385 0.3156540017229022 187
1757595118424 0.15251510628575282 188
1757595118464 0.851930506779067 189
1757595118504 0.022684390649797357 190
1757595118543 0.043528155851433985 191
1757595118583 0.03345238981171805 192
1757595118623 0.034759206386525944 193
1757595118662 8.823782493765646e-05 194
1757595118703 0.10533058182489463 195
1757595118743 0.007890924728997337 196
1757595118783 0.02443006128516776 197
1757595118822 0.10781207864371091 198
1757595118862 0.03075172561263123 199
1757595118903 0.0006825993663789123 200
1757595118942 0.25579297542617635 201
1757595118982 0.03224394096031546 202
1757595119022 0.04593486574569824 203
1757595119062 0.04373706256845006 204
1757595119101 0.1215251473010944 205
1757595119141 0.021725544103158932 206
1757595119181 0.014411452220060988 207
1757595119220 0.2588126832460646 208
1757595119260 0.16537349281581076 209
1757595119300 0.07248309510089572 210
1757595119340 0.0010987797210724834 211
1757595119380 0.13744645153632945 212
1757595119420 0.0025215452632848328 213
1757595119460 0.009174607336125852 214
1757595119500 0.029672441057826876 215
1757595119541 0.0004635237546073417 216
1757595119581 0.028377333108840618 217
1757595119621 0.46531406089089133 218
1757595119661 0.02305707775826952 219
1757595119701 0.0006636747945871073 220
1757595119741 0.009442485482037187 221
1757595119781 0.10596867594721836 222
1757595119822 0.06288527340562726 223
1757595119863 0.00039757252772291935 224
1757595119903 0.019439973537267067 225
1757595119944 0.12349144807151044 226
1757595119984 0.008794217235189264 227
1757595120024 0.2678180026034964 228
1757595120070 0.1645473321270193 229
1757595120112 0.12254584280980937 230
1757595120152 0.009615663339614602 231
1757595120192 0.004462466905994089 232
1757595120232 0.004338653530729192 233
1757595120272 0.1367127598884813 234
1757595120313 0.019243183532040204 235
1757595120353 0.0021769849218546697 236
1757595120394 0.0008251418984528591 237
1757595120434 0.041650230134219875 238
1757595120474 0.19024529512837243 239
1757595120514 8.638866555521721e-05 240
1757595120554 0.1412276838536827 241
1757595120594 0.035614678747459244 242
1757595120634 0.0024431989000337543 243
1757595120674 0.06419161309969268 244
1757595120715 0.0005761510744952053 245
1757595120756 0.00023335885011088156 246
1757595120796 0.01667545509733152 247
1757595120837 0.04809229104203525 248
1757595120877 0.04225093506570106 249
1757595120918 0.16793845209864533 250
1757595120958 0.007823574062422888 251
1757595120999 0.0835799185887669 252
1757595121039 0.008847360171118398 253
1757595121080 0.0049582688810697545 254
1757595121121 0.6527900425919625 255
1757595121161 0.05356779729673662 256
1757595121202 0.13930994736672 257
1757595121242 0.10513494145129475 258
1757595121283 0.0059404280545208325 259
1757595121323 0.003962290469533246 260
1757595121364 1.718550808824675e-06 261
1757595121405 0.010404381618373218 262
1757595121446 0.052335990813071956 263
1757595121487 0.04009173494812139 264
1757595121527 0.10604570835442052 265
1757595121568 0.009025731874504523 266
1757595121608 0.03393129604292231 267
1757595121648 0.025677937522792314 268
1757595121688 0.0001439243497642936 269
1757595121728 0.016211672840899114 270
1757595121768 0.0532861516367186 271
1757595121808 0.11150657490347249 272
1757595121849 0.025835802857343562 273
1757595121889 0.21187397214995718 274
1757595121930 0.14365393211198915 275
1757595121970 0.012464995017265168 276
1757595122012 0.06850584571795883 277
1757595122053 1.6198580889987062e-05 278
1757595122094 0.12072622146508837 279
1757595122134 0.12825591987600263 280
1757595122175 0.002393016189766938 281
1757595122215 0.8155224462581502 282
1757595122256 0.14242349805083415 283
1757595122297 0.0534314535897905 284
1757595122337 0.05850413597640029 285
1757595122378 0.0961806806940808 286
1757595122419 0.059816932544347286 287
1757595122459 0.25330168968876315 288
1757595122500 0.010346403264380176 289
1757595122540 0.004084897857256592 290
1757595122581 0.11888992725656714 291
1757595122621 0.04493151293842631 292
1757595122661 0.08709298358683801 293
1757595122702 0.36859341139303115 294
1757595122743 0.11683280190129941 295
1757595122784 0.40367971189764107 296
1757595122824 0.0007306746526912745 297
1757595122865 0.015341812129632081 298
1757595122905 0.004648800030686198 299
1757595122945 0.026631970183051936 300
1757595122988 0.049678943514518514 301
1757595123030 0.6229254080493888 302
1757595123071 0.00029524071687061127 303
1757595123112 0.10027303359265265 304
1757595123153 0.14914689426389016 305
1757595123193 0.03998089869882849 306
1757595123234 0.031409644898465296 307
1757595123275 1.815969560104627e-06 308
1757595123319 0.02246713195853077 309
1757595123360 0.02788945567343318 310
1757595123400 0.038514798435462114 311
1757595123441 0.0326098266967834 312
1757595123481 5.4188719412026055e-05 313
1757595123522 0.11619444707788136 314
1757595123562 0.03595597128268006 315
1757595123603 0.004946894953521187 316
1757595123644 0.008101615222778703 317
1757595123685 0.19097063270755482 318
1757595123725 0.08384787557784268 319
1757595123766 0.09737273559673859 320
1757595123806 0.05537297814759253 321
1757595123847 0.0019279569312768265 322
1757595123888 0.08362471026790047 323
1757595123928 0.00447976425593943 324
1757595123969 0.06550263827173478 325
1757595124009 0.005878644263184751 326
1757595124050 0.014519547451928298 327
1757595124090 0.1355947066307896 328
1757595124131 0.010889853509744783 329
1757595124172 0.17775675040882719 330
1757595124213 0.3112918768885141 331
1757595124255 0.5267326862436393 332
1757595124297 0.02183823982006327 333
1757595124338 0.08416329053113318 334
1757595124379 0.14207869756483546 335
1757595124419 0.04955745956486462 336
1757595124460 0.10597267132718872 337
1757595124501 0.0060672629344817606 338
1757595124542 0.022841158594512544 339
1757595124582 0.05054645581200885 340
1757595124623 0.007497106156856667 341
1757595124664 0.332306439012796 342
1757595124704 0.01294455124100676 343
1757595124745 0.0012413716040276868 344
1757595124787 0.08986307452274604 345
1757595124828 0.45347414317718515 346
1757595124868 0.001098578294844661 347
1757595124909 0.0005332784398467394 348
1757595124949 0.0391489315369198 349
1757595124989 0.020639627682184827 350
1757595125030 0.06075419608354558 351
1757595125070 0.11872863290307187 352
1757595125111 0.4540301447138904 353
1757595125151 0.03353642403518066 354
1757595125192 2.6969807602565283e-05 355
1757595125232 0.04183526589657786 356
1757595125273 0.024810277331468324 357
1757595125313 0.00018951999938171174 358
1757595125356 0.5287547707120601 359
1757595125400 0.0045397806114384305 360
1757595125442 0.04344894511876592 361
1757595125483 0.1976446525959612 362
1757595125533 0.15637757641068528 363
1757595125577 0.042015753131903456 364
1757595125618 0.1880669072215499 365
1757595125658 0.00013388407849888087 366
1757595125699 0.19278256588029 367
1757595125739 0.08939040797297346 368
1757595125780 0.09615590118309636 369
1757595125821 0.002443889477417768 370
1757595125861 0.5524438842526213 371
1757595125902 0.01026586759357753 372
1757595125942 0.1326339945615965 373
1757595125983 0.13830870944734697 374
1757595126023 0.210057286786317 375
1757595126064 0.011246048632561532 376
1757595126105 0.09727662043272994 377
1757595126146 0.20754097166871546 378
1757595126187 0.00043375736945824427 379
1757595126228 0.021995853013587065 380
1757595126269 0.2721978888900725 381
1757595126310 5.410054079667886e-05 382
1757595126351 0.15214139448665842 383
1757595126394 0.19755981057965022 384
1757595126436 0.00031569140888757104 385
1757595126477 0.5575420027627153 386
1757595126518 0.16495723473301271 387
1757595126560 0.10740839998347596 388
1757595126601 0.11419134253316625 389
1757595126642 0.013003259048128796 390
1757595126684 0.017754436981541815 391
1757595126725 0.06111096555688365 392
1757595126768 0.00034253036861422054 393
1757595126810 2.584701340291757e-06 394
1757595126851 0.03243243664530016 395
1757595126893 1.751077883583208 396
1757595126934 0.0034317907810412374 397
1757595126976 0.04446322173503655 398
1757595127017 0.03410738392378351 399
1757595127058 0.13912585569240996 400
1757595127099 0.04643707353522766 401
1757595127140 0.006706131146432556 402
1757595127181 0.007824040289406054 403
1757595127222 0.009147743437889048 404
1757595127263 0.02360957192364864 405
1757595127304 0.018091687311213495 406
1757595127345 0.5547213379534712 407
1757595127386 0.04531740947568575 408
1757595127427 0.09308278490177521 409
1757595127468 0.22754137919825518 410
1757595127510 0.006440088687747841 411
1757595127552 0.458293764483087 412
1757595127593 0.019270822242309124 413
1757595127636 0.00314227975637866 414
1757595127680 0.16231977284344168 415
1757595127727 1.978756400475855e-05 416
1757595127769 0.32973980337822284 417
1757595127812 0.05033246651238033 418
1757595127853 0.021359966168815858 419
1757595127894 0.008796551533845195 420
1757595127936 0.012811024744752902 421
1757595127978 0.12791352722853783 422
1757595128019 0.4210067307162944 423
1757595128061 0.07136802585281442 424
1757595128102 0.30164953720567106 425
1757595128144 0.010359755574880024 426
1757595128187 0.004878664741090726 427
1757595128228 0.07129551307549227 428
1757595128270 0.010112026291180841 429
1757595128312 0.0030569999572297554 430
1757595128354 0.05506953620446575 431
1757595128395 0.0118204510462605 432
1757595128436 0.00737644624189427 433
1757595128478 0.054588512208234824 434
1757595128519 0.09618580122891622 435
1757595128563 0.014416507098501848 436
1757595128609 0.07563756804114476 437
1757595128658 0.20603127899711157 438
1757595128729 1.8420020561544593e-05 439
1757595128781 0.012433504331683056 440
1757595128833 0.061069263488702556 441
1757595128879 0.000712598611250572 442
1757595128929 0.15231525768986096 443
1757595128971 0.4134067549433606 444
1757595129014 0.13856211246211192 445
1757595129056 7.285427115783271e-06 446
1757595129099 0.004959945036432805 447
1757595129142 0.0200344586875123 448
1757595129184 1.0089687838109767 449
1757595129226 0.03375897058206125 450
1757595129267 0.12733864089103672 451
1757595129308 0.2145572677891881 452
1757595129350 0.02247599245577385 453
1757595129392 0.0006910322934334178 454
1757595129434 0.04093178572048934 455
1757595129475 0.019166584138134317 456
1757595129519 0.045020538358792335 457
1757595129562 0.053222380186856835 458
1757595129603 0.3730925496514797 459
1757595129646 0.03410136148401589 460
1757595129689 0.007769801338413345 461
1757595129732 0.05531931080688924 462
1757595129774 0.0005414491686987005 463
1757595129817 0.10255616438199729 464
1757595129859 0.10569336843562832 465
1757595129902 0.049618237006529294 466
1757595129944 0.01653851907491775 467
1757595129986 0.15555159073554473 468
1757595130028 0.009962691283402807 469
1757595130069 0.012338262824572425 470
1757595130111 0.2584139596130541 471
1757595130153 0.023390814541232444 472
1757595130195 0.012476978951612936 473
1757595130237 0.015006527604825461 474
1757595130286 0.029653214931022992 475
1757595130328 0.0507684976077597 476
1757595130370 0.00020738031908544048 477
1757595130412 0.08497809388732985 478
1757595130454 0.029987317720576705 479
1757595130497 0.054604396156546386 480
1757595130542 0.0017707776776471516 481
1757595130586 0.05559886894779612 482
1757595130629 0.03406681732489571 483
1757595130670 5.663290105130281e-05 484
1757595130712 0.07337505008475331 485
1757595130756 0.14129195324909016 486
1757595130801 0.0025388568429469105 487
1757595130845 0.04644764755165549 488
1757595130888 0.11664353472437083 489
1757595130930 0.01023331767589159 490
1757595130971 0.0018896509278540485 491
1757595131013 0.0636738083821564 492
1757595131056 0.05697838372318158 493
1757595131098 0.06789749998388517 494
1757595131141 0.0010417250020370397 495
1757595131183 0.06610415831279566 496
1757595131226 0.020191463385065764 497
1757595131269 0.08802203490575969 498
1757595131311 0.06497449663258179 499
