1757501591329 167.91764865133248 0
1757501591340 164.97902306627063 1
1757501591350 164.71597697799342 2
1757501591360 164.42953861538894 3
1757501591371 164.14388667912186 4
1757501591381 163.85879789348073 5
1757501591390 163.57427320030394 6
1757501591400 163.29031144075788 7
1757501591411 163.006911478511 8
1757501591421 162.7240721793734 9
1757501591430 162.4417924114943 10
1757501591440 162.16007104535618 11
1757501591451 161.87890695376504 12
1757501591465 161.5982990118489 13
1757501591478 161.31824609705467 14
1757501591490 161.03874708913816 15
1757501591501 160.75980087016407 16
1757501591512 160.48140632449835 17
1757501591522 160.2035623388059 18
1757501591532 159.92626780204066 19
1757501591542 159.6495216054473 20
1757501591552 159.37332264255153 21
1757501591562 159.09766980915845 22
1757501591573 158.8225620033445 23
1757501591584 158.54799812545673 24
1757501591594 158.2739770781046 25
1757501591604 158.00049776615552 26
1757501591619 157.72755909673333 27
1757501591629 157.45515997920984 28
1757501591640 157.18329932520112 29
1757501591649 156.91197604856475 30
1757501591660 156.64118906539244 31
1757501591671 156.37093729400735 32
1757501591681 156.10121965495625 33
1757501591692 155.83203507101047 34
1757501591702 155.5633824671557 35
1757501591712 155.2952607705893 36
1757501591723 155.02766891071744 37
1757501591733 154.76060581914803 38
1757501591744 154.4940704296858 39
1757501591755 154.22806167833076 40
1757501591765 153.9625785032716 41
1757501591777 153.69761984487948 42
1757501591788 153.43318464570535 43
1757501591800 153.16927185047734 44
1757501591811 152.9058804060918 45
1757501591822 152.64300926161178 46
1757501591834 152.38065736826053 47
1757501591845 152.11882367942013 48
1757501591857 151.8575071506243 49
1757501591869 151.5967067395528 50
1757501591880 151.33642140602868 51
1757501591890 151.0766501120179 52
1757501591901 150.81739182161533 53
1757501591912 150.55864550104806 54
1757501591923 150.3004101186685 55
1757501591933 150.042684644949 56
1757501591943 149.78546805247882 57
1757501591953 149.52875931596063 58
1757501591963 149.27255741220134 59
1757501591973 149.01686132011235 60
1757501591984 148.76167002070608 61
1757501591995 148.5069824970854 62
1757501592008 148.25279773444578 63
1757501592019 147.99911472006565 64
1757501592030 147.74593244330686 65
1757501592043 147.49324989560728 66
1757501592055 147.2410660704765 67
1757501592067 146.98937996349298 68
1757501592079 146.73819057229886 69
1757501592090 146.48749689659365 70
1757501592101 146.23729793813598 71
1757501592111 145.98759270072975 72
1757501592122 145.7383801902314 73
1757501592132 145.48965941453332 74
1757501592144 145.24142938357008 75
1757501592155 144.9936891093087 76
1757501592166 144.74643760574438 77
1757501592177 144.49967388889925 78
1757501592187 144.2533969768156 79
1757501592197 144.00760588954938 80
1757501592208 143.76229964917434 81
1757501592218 143.51747727976723 82
1757501592228 143.27313780741258 83
1757501592238 143.02928026019268 84
1757501592249 142.78590366818432 85
1757501592259 142.5430070634579 86
1757501592271 142.30058948006968 87
1757501592296 142.05864995405923 88
1757501592316 141.81718752344554 89
1757501592327 141.57620122822073 90
1757501592337 141.3356901103484 91
1757501592348 141.0956532137596 92
1757501592359 140.8560895843458 93
1757501592369 140.61699826995695 94
1757501592380 140.37837832039912 95
1757501592391 140.14022878742543 96
1757501592402 139.9025487247381 97
1757501592412 139.66533718797757 98
1757501592423 139.42859323472524 99
1757501592434 139.1923159244938 100
1757501592444 138.95650431872716 101
1757501592455 138.72115748079435 102
1757501592466 138.48627447598665 103
1757501592477 138.25185437151083 104
1757501592488 138.01789623648875 105
1757501592499 137.7843991419531 106
1757501592510 137.55136216083852 107
1757501592520 137.31878436798445 108
1757501592530 137.08666484012676 109
1757501592542 136.8550026558939 110
1757501592554 136.62379689580646 111
1757501592566 136.39304664226754 112
1757501592577 136.16275097956395 113
1757501592588 135.9329089938594 114
1757501592599 135.70351977319254 115
1757501592610 135.47458240747181 116
1757501592620 135.24609598846956 117
1757501592631 135.01805960982216 118
1757501592641 134.79047236702377 119
1757501592652 134.56333335742437 120
1757501592663 134.33664168022042 121
1757501592674 134.11039643645952 122
1757501592685 133.88459672902843 123
1757501592695 133.65924166265415 124
1757501592706 133.43433034389983 125
1757501592717 133.2098618811576 126
1757501592728 132.98583538464797 127
1757501592738 132.76224996641463 128
1757501592749 132.53910474032097 129
1757501592760 132.3163988220488 130
1757501592770 132.09413132908617 131
1757501592781 131.8723013807354 132
1757501592792 131.6509080981001 133
1757501592803 131.42995060408495 134
1757501592814 131.20942802339187 135
1757501592825 130.98933948251673 136
1757501592836 130.769684109744 137
1757501592846 130.55046103514354 138
1757501592857 130.3316693905681 139
1757501592868 130.11330830964823 140
1757501592878 129.8953769277885 141
1757501592890 129.67787438216587 142
1757501592900 129.46079981172267 143
1757501592913 129.24415235716495 144
1757501592924 129.02793116095978 145
1757501592935 128.81213536732938 146
1757501592946 128.59676412224738 147
1757501592957 128.38181657343756 148
1757501592967 128.16729187036918 149
1757501592978 127.95318916425109 150
1757501592989 127.73950760803088 151
1757501593000 127.52624635639134 152
1757501593010 127.31340456574367 153
1757501593021 127.10098139422759 154
1757501593031 126.88897600170563 155
1757501593042 126.67738754975922 156
1757501593053 126.46621520168745 157
1757501593063 126.25545812250067 158
1757501593074 126.04511547891903 159
1757501593085 125.83518643936677 160
1757501593095 125.62567017397183 161
1757501593106 125.41656585455824 162
1757501593116 125.20787265464725 163
1757501593127 124.99958974944954 164
1757501593138 124.79171631586206 165
1757501593148 124.5842515324695 166
1757501593159 124.37719457953455 167
1757501593170 124.17054463899727 168
1757501593180 123.96430089447287 169
1757501593191 123.75846253124392 170
1757501593202 123.55302873626229 171
1757501593212 123.3479986981411 172
1757501593223 123.14337160715357 173
1757501593234 122.93914665522925 174
1757501593244 122.7353230359519 175
1757501593255 122.5318999445511 176
1757501593266 122.32887657790532 177
1757501593277 122.12625213453518 178
1757501593287 121.92402581459726 179
1757501593298 121.72219681988776 180
1757501593309 121.52076435383265 181
1757501593320 121.31972762148648 182
1757501593330 121.11908582952964 183
1757501593341 120.9188381862655 184
1757501593352 120.71898390161405 185
1757501593363 120.51952218711217 186
1757501593374 120.32045225590682 187
1757501593386 120.12177332275499 188
1757501593397 119.92348460401828 189
1757501593408 119.72558531765883 190
1757501593420 119.52807468323924 191
1757501593431 119.33095192191497 192
1757501593442 119.1342162564352 193
1757501593453 118.93786691113657 194
1757501593463 118.74190311193999 195
1757501593477 118.5463240863501 196
1757501593487 118.35112906344851 197
1757501593498 118.15631727389166 198
1757501593510 117.96188794991005 199
1757501593522 117.76784032530044 200
1757501593533 117.57417363542648 201
1757501593544 117.38088711721234 202
1757501593555 117.18798000914384 203
1757501593566 116.99545155125938 204
1757501593577 116.80330098515077 205
1757501593587 116.6115275539601 206
1757501593599 116.42013050237288 207
1757501593610 116.2291090766199 208
1757501593621 116.03846252446999 209
1757501593632 115.8481900952284 210
1757501593645 115.6582910397322 211
1757501593656 115.4687646103509 212
1757501593667 115.27961006097928 213
1757501593678 115.0908266470349 214
1757501593693 114.90241362545616 215
1757501593704 114.71437025469987 216
1757501593715 114.5266957947343 217
1757501593726 114.33938950703978 218
1757501593738 114.15245065460515 219
1757501593749 113.96587850192246 220
1757501593760 113.77967231498586 221
1757501593772 113.59383136128722 222
1757501593783 113.40835490981401 223
1757501593794 113.2232422310453 224
1757501593805 113.03849259694995 225
1757501593816 112.85410528098078 226
1757501593828 112.6700795580751 227
1757501593839 112.4864147046496 228
1757501593850 112.3031099985967 229
1757501593861 112.12016471928266 230
1757501593872 111.93757814754444 231
1757501593884 111.75534956568576 232
1757501593895 111.57347825747517 233
1757501593906 111.3919635081418 234
1757501593918 111.21080460437442 235
1757501593929 111.03000083431452 236
1757501593940 110.8495514875581 237
1757501593951 110.66945585514891 238
1757501593962 110.48971322957703 239
1757501593973 110.31032290477582 240
1757501593984 110.1312841761179 241
1757501593995 109.95259634041446 242
1757501594007 109.77425869590967 243
1757501594018 109.59627054227889 244
1757501594029 109.41863118062585 245
1757501594040 109.2413399134796 246
1757501594051 109.06439604479063 247
1757501594062 108.88779887992938 248
1757501594074 108.711547725682 249
1757501594085 108.53564189024806 250
1757501594097 108.36008068323778 251
1757501594109 108.18486341566913 252
1757501594120 108.00998939996323 253
1757501594131 107.83545794994508 254
1757501594143 107.66126838083571 255
1757501594154 107.48742000925381 256
1757501594165 107.31391215321068 257
1757501594177 107.14074413210572 258
1757501594188 106.96791526672789 259
1757501594200 106.79542487924951 260
1757501594211 106.6232722932234 261
1757501594222 106.4514568335815 262
1757501594234 106.27997782663229 263
1757501594245 106.1088346000539 264
1757501594257 105.93802648289848 265
1757501594268 105.76755280558226 266
1757501594280 105.59741289988571 267
1757501594291 105.42760609895122 268
1757501594303 105.25813173728085 269
1757501594314 105.0889891507299 270
1757501594325 104.92017767650978 271
1757501594336 104.75169665317853 272
1757501594348 104.58354542064262 273
1757501594359 104.41572332015471 274
1757501594370 104.24822969430613 275
1757501594381 104.08106388702954 276
1757501594393 103.91422524359245 277
1757501594404 103.74771311059538 278
1757501594416 103.58152683597095 279
1757501594428 103.41566576897694 280
1757501594439 103.2501292601993 281
1757501594451 103.0849166615436 282
1757501594462 102.92002732623548 283
1757501594473 102.75546060881892 284
1757501594484 102.59121586515002 285
1757501594496 102.42729245239676 286
1757501594508 102.26368972903633 287
1757501594520 102.1004070548502 288
1757501594531 101.93744379092574 289
1757501594542 101.77479929964716 290
1757501594554 101.61247294469894 291
1757501594565 101.45046409106084 292
1757501594577 101.28877210500211 293
1757501594588 101.12739635408508 294
1757501594600 100.96633620715727 295
1757501594612 100.80559103435064 296
1757501594623 100.6451602070783 297
1757501594635 100.48504309803363 298
1757501594646 100.32523908118576 299
1757501594658 100.16574753177733 300
1757501594670 100.0065678263213 301
1757501594681 99.84769934260044 302
1757501594693 99.68914145966268 303
1757501594705 99.53089355781876 304
1757501594717 99.37295501864017 305
1757501594728 99.21532522495708 306
1757501594740 99.05800356085192 307
1757501594751 98.90098941166468 308
1757501594763 98.7442821639813 309
1757501594774 98.58788120563678 310
1757501594786 98.43178592571104 311
1757501594798 98.27599571452664 312
1757501594810 98.12050996364471 313
1757501594822 97.96532806586413 314
1757501594834 97.81044941521905 315
1757501594846 97.65587340697431 316
1757501594857 97.50159943762623 317
1757501594869 97.34762690489525 318
1757501594881 97.19395520772908 319
1757501594892 97.0405837462946 320
1757501594904 96.88751192198002 321
1757501594916 96.73473913739033 322
1757501594928 96.58226479634229 323
1757501594940 96.43008830386655 324
1757501594952 96.27820906620427 325
1757501594964 96.12662649079978 326
1757501594977 95.97533998630466 327
1757501594990 95.82434896256954 328
1757501595003 95.6736528306469 329
1757501595015 95.52325100278443 330
1757501595027 95.37314289242438 331
1757501595039 95.22332791420052 332
1757501595050 95.07380548393715 333
1757501595062 94.9245750186432 334
1757501595074 94.77563593651372 335
1757501595086 94.62698765692569 336
1757501595097 94.47862960043425 337
1757501595109 94.3305611887728 338
1757501595122 94.18278184484937 339
1757501595134 94.0352909927424 340
1757501595146 93.8880880577029 341
1757501595158 93.74117246614676 342
1757501595169 93.59454364565582 343
1757501595181 93.44820102497309 344
1757501595193 93.30214403400485 345
1757501595205 93.15637210381097 346
1757501595218 93.01088466660951 347
1757501595231 92.86568115576992 348
1757501595243 92.72076100581322 349
1757501595255 92.57612365240706 350
1757501595267 92.43176853236652 351
1757501595279 92.28769508364816 352
1757501595291 92.14390274535134 353
1757501595303 92.00039095771288 354
1757501595317 91.8571591621058 355
1757501595329 91.71420680103792 356
1757501595341 91.57153331814746 357
1757501595354 91.42913815820292 358
1757501595366 91.2870207670988 359
1757501595379 91.14518059185518 360
1757501595391 91.0036170806128 361
1757501595403 90.86232968263312 362
1757501595415 90.72131784829585 363
1757501595428 90.58058102909503 364
1757501595440 90.44011867763777 365
1757501595452 90.29993024764197 366
1757501595464 90.16001519393338 367
1757501595476 90.02037297244517 368
1757501595489 89.88100304021258 369
1757501595502 89.74190485537373 370
1757501595514 89.6030778771643 371
1757501595528 89.46452156591884 372
1757501595540 89.32623538306474 373
1757501595553 89.18821879112303 374
1757501595566 89.05047125370396 375
1757501595579 88.91299223550668 376
1757501595593 88.7757812023151 377
1757501595607 88.63883762099621 378
1757501595620 88.50216095949948 379
1757501595633 88.36575068685158 380
1757501595646 88.22960627315726 381
1757501595660 88.09372718959538 382
1757501595672 87.95811290841574 383
1757501595685 87.8227629029403 384
1757501595698 87.68767664755622 385
1757501595710 87.55285361771891 386
1757501595723 87.41829328994483 387
1757501595736 87.28399514181322 388
1757501595748 87.14995865196154 389
1757501595760 87.01618330008422 390
1757501595772 86.88266856693005 391
1757501595785 86.74941393429985 392
1757501595797 86.61641888504661 393
1757501595809 86.48368290306848 394
1757501595823 86.35120547331242 395
1757501595835 86.21898608176642 396
1757501595847 86.08702421546184 397
1757501595860 85.9553193624689 398
1757501595872 85.82387101189549 399
1757501595885 85.69267865388397 400
1757501595897 85.56174177960952 401
1757501595911 85.43105988127935 402
1757501595924 85.30063245212862 403
1757501595936 85.17045898641908 404
1757501595949 85.04053897943636 405
1757501595962 84.91087192748996 406
1757501595975 84.78145732790823 407
1757501595987 84.65229467903849 408
1757501595999 84.52338348024357 409
1757501596013 84.39472323190041 410
1757501596026 84.26631343539835 411
1757501596039 84.13815359313597 412
1757501596051 84.01024320851812 413
1757501596064 83.88258178595828 414
1757501596076 83.75516883087093 415
1757501596089 83.62800384967296 416
1757501596102 83.50108634978054 417
1757501596117 83.37441583960671 418
1757501596131 83.24799182856056 419
1757501596143 83.12181382704372 420
1757501596156 82.99588134644907 421
1757501596168 82.87019389915845 422
1757501596181 82.74475099854199 423
1757501596193 82.61955215895175 424
1757501596206 82.49459689572626 425
1757501596219 82.36988472518321 426
1757501596232 82.24541516461916 427
1757501596245 82.12118773230827 428
1757501596257 81.99720194749864 429
1757501596270 81.87345733041255 430
1757501596282 81.74995340224166 431
1757501596295 81.6266896851468 432
1757501596307 81.50366570225755 433
1757501596319 81.380880977665 434
1757501596332 81.25833503642653 435
1757501596345 81.13602740455757 436
1757501596358 81.01395760903446 437
1757501596371 80.89212517778891 438
1757501596383 80.77052963970911 439
1757501596396 80.64917052463456 440
1757501596408 80.52804736335753 441
1757501596421 80.40715968761731 442
1757501596434 80.28650703010192 443
1757501596447 80.16608892444438 444
1757501596459 80.04590490521996 445
1757501596472 79.92595450794587 446
1757501596485 79.80623726907794 447
1757501596498 79.68675272601058 448
1757501596511 79.56750041707214 449
1757501596524 79.44847988152532 450
1757501596537 79.32969065956485 451
1757501596549 79.21113229231402 452
1757501596562 79.09280432182369 453
1757501596574 78.97470629107163 454
1757501596586 78.85683774395943 455
1757501596599 78.73919822530999 456
1757501596612 78.62178728086657 457
1757501596625 78.50460445729067 458
1757501596638 78.38764930216006 459
1757501596651 78.27092136396624 460
1757501596664 78.15442019211511 461
1757501596677 78.03814533692173 462
1757501596690 77.9220963496099 463
1757501596703 77.80627278231051 464
1757501596718 77.69067418806007 465
1757501596732 77.57530012079785 466
1757501596745 77.46015013536415 467
1757501596758 77.34522378749915 468
1757501596770 77.23052063383983 469
1757501596783 77.1160402319201 470
1757501596796 77.00178214016755 471
1757501596809 76.88774591790033 472
1757501596822 76.7739311253289 473
1757501596835 76.66033732355022 474
1757501596848 76.54696407454954 475
1757501596861 76.4338109411958 476
1757501596873 76.32087748724094 477
1757501596886 76.20816327731727 478
1757501596899 76.09566787693831 479
1757501596912 75.98339085249347 480
1757501596924 75.87133177124811 481
1757501596938 75.7594902013419 482
1757501596951 75.64786571178574 483
1757501596964 75.53645787246128 484
1757501596977 75.42526625411891 485
1757501596990 75.31429042837524 486
1757501597003 75.20352996771213 487
1757501597015 75.0929844454731 488
1757501597028 74.98265343586603 489
1757501597042 74.87253651395514 490
1757501597055 74.76263325566416 491
1757501597067 74.65294323777283 492
1757501597081 74.54346603791473 493
1757501597093 74.43420123457513 494
1757501597106 74.32514840709179 495
1757501597119 74.2163071356502 496
1757501597133 74.10767700128362 497
1757501597146 73.99925758587082 498
1757501597158 73.89104847213342 499
