1757594553653 2.241280175561983 0
1757594553663 0.7369723780917071 1
1757594553672 0.40144179389127094 2
1757594553682 0.08985351194642739 3
1757594553691 0.08265017049562233 4
1757594553700 0.11144198789247547 5
1757594553710 0.11905348635496468 6
1757594553719 0.09258608076785034 7
1757594553728 0.06640242998532438 8
1757594553737 0.13905738038809573 9
1757594553747 0.11237064787621373 10
1757594553756 0.08271742690530959 11
1757594553766 0.06003494813055629 12
1757594553775 0.08972679061188547 13
1757594553784 0.09658827865615185 14
1757594553793 0.08402231657586368 15
1757594553802 0.08566461301987503 16
1757594553811 0.07727684587196633 17
1757594553821 0.14889335186370964 18
1757594553830 0.06285172446032405 19
1757594553839 0.09223675900124646 20
1757594553848 0.07164712349210293 21
1757594553857 0.10694273066566239 22
1757594553867 0.13720356971162156 23
1757594553876 0.06874262492042212 24
1757594553885 0.1451455682843487 25
1757594553895 0.10076367306001217 26
1757594553904 0.1031750753189062 27
1757594553913 0.0793034802171588 28
1757594553922 0.06805771456080031 29
1757594553931 0.10105703992915467 30
1757594553940 0.14797763287653898 31
1757594553949 0.10619894939978661 32
1757594553959 0.06879920807183842 33
1757594553968 0.09415810514648139 34
1757594553978 0.10618495996807292 35
1757594553987 0.055456634105161176 36
1757594553996 0.1330506144905426 37
1757594554006 0.06685424163844277 38
1757594554015 0.05198688501185873 39
1757594554025 0.07512491791532679 40
1757594554034 0.08530529724373302 41
1757594554044 0.08790570015699165 42
1757594554054 0.10941104893360279 43
1757594554063 0.12640710848804165 44
1757594554072 0.08079389920872951 45
1757594554082 0.10782028808190044 46
1757594554091 0.06169827307522092 47
1757594554100 0.1517696560231174 48
1757594554110 0.09634815378482932 49
1757594554119 0.046694600748390644 50
1757594554129 0.0706806621084338 51
1757594554138 0.14907798414359164 52
1757594554147 0.05049097639061716 53
1757594554156 0.06536051956794574 54
1757594554166 0.0729700597142314 55
1757594554175 0.07366345948283794 56
1757594554185 0.07637954632387738 57
1757594554194 0.05330754963487318 58
1757594554204 0.14983500248081083 59
1757594554213 0.14403378721787247 60
1757594554223 0.04873471785183929 61
1757594554233 0.07776549721273375 62
1757594554242 0.06435577984549076 63
1757594554252 0.10974430687683244 64
1757594554261 0.08467516569431612 65
1757594554271 0.0922528251109768 66
1757594554280 0.10099381668003166 67
1757594554289 0.07617622638732177 68
1757594554298 0.06349038502049167 69
1757594554308 0.08919048405484259 70
1757594554318 0.09052513726386453 71
1757594554328 0.08661530876567278 72
1757594554337 0.12577844903008173 73
1757594554347 0.05469020008093342 74
1757594554357 0.09199307342509863 75
1757594554367 0.06848021186437853 76
1757594554377 0.12320052882914873 77
1757594554386 0.08222295604346662 78
1757594554396 0.10736490439580368 79
1757594554405 0.10085272214022604 80
1757594554414 0.05941190204123656 81
1757594554424 0.070469063853042 82
1757594554433 0.11361358234021252 83
1757594554443 0.12394487096805067 84
1757594554453 0.13404051578304338 85
1757594554462 0.08937916742829571 86
1757594554473 0.141548624138779 87
1757594554482 0.13571714006461746 88
1757594554492 0.07103052010464288 89
1757594554502 0.10588219160034103 90
1757594554512 0.12796432955317052 91
1757594554522 0.07381160368279813 92
1757594554533 0.08273047314168304 93
1757594554543 0.10472898003541793 94
1757594554553 0.08168423993645609 95
1757594554564 0.11321358141702413 96
1757594554574 0.05042520266632317 97
1757594554585 0.1287518300423518 98
1757594554595 0.09424457936158738 99
1757594554606 0.697989745127058 100
1757594554616 0.07123310555902583 101
1757594554627 0.09485972263285052 102
1757594554637 0.05204461603244821 103
1757594554647 0.09064390279387648 104
1757594554657 0.08459802788321641 105
1757594554667 0.059993902450371714 106
1757594554677 0.06178775194007958 107
1757594554687 0.1361360163324288 108
1757594554697 0.07041312666790037 109
1757594554706 0.11927922692460152 110
1757594554716 0.06207929579596001 111
1757594554726 0.06117819128996857 112
1757594554736 0.08283669015866427 113
1757594554746 0.1125862463761426 114
1757594554756 0.09217183806701991 115
1757594554768 0.07114357386659172 116
1757594554780 0.05624338019340783 117
1757594554790 0.1943418365698351 118
1757594554801 0.10980790000053492 119
1757594554813 0.1604347138804592 120
1757594554823 0.0901216281015195 121
1757594554833 0.07201124166736686 122
1757594554843 0.09388645394027519 123
1757594554853 0.6203405796953477 124
1757594554863 0.18629118338724854 125
1757594554874 0.05762351080692238 126
1757594554886 0.1246819862388319 127
1757594554896 0.08195359810734822 128
1757594554906 0.11740195649216588 129
1757594554916 0.09189382901902976 130
1757594554926 0.12351213219929881 131
1757594554936 0.18024277918936044 132
1757594554946 0.08879612863148145 133
1757594554956 0.05616216976786739 134
1757594554966 0.0491312408654099 135
1757594554976 0.1418743021239066 136
1757594554986 0.08556010934088741 137
1757594554996 0.13487845159532988 138
1757594555006 0.028374143933544916 139
1757594555017 0.1130975818972474 140
1757594555026 0.09924877996190457 141
1757594555036 0.08828035654689677 142
1757594555046 0.2876972006873426 143
1757594555056 0.06634381359714556 144
1757594555066 0.07085403097293007 145
1757594555076 0.08761927496012378 146
1757594555086 0.07270389747540795 147
1757594555096 0.09784717152761205 148
1757594555106 0.08940337605022815 149
1757594555117 0.08360659506055992 150
1757594555127 0.1512115834823231 151
1757594555137 0.08148858967491025 152
1757594555147 0.08237840946416806 153
1757594555157 0.123631627613522 154
1757594555167 0.10085686540369206 155
1757594555178 0.04193185307544476 156
1757594555188 0.1136847340695743 157
1757594555199 0.07495325231792174 158
1757594555212 0.06931882810391585 159
1757594555224 0.08205429401871549 160
1757594555234 0.09655339187793562 161
1757594555246 0.07644574826719214 162
1757594555258 0.09177016193274735 163
1757594555270 0.06012727872717104 164
1757594555281 0.10713553954367344 165
1757594555292 0.10932456462731847 166
1757594555304 0.10061850317520227 167
1757594555316 0.08973841527271395 168
1757594555327 0.1623365974261762 169
1757594555339 0.07812469526599447 170
1757594555362 0.05764258435471529 171
1757594555379 0.06521033709065895 172
1757594555390 0.06655792286191203 173
1757594555401 0.21660400036385666 174
1757594555413 0.0674022918922956 175
1757594555424 0.07310597943814273 176
1757594555435 0.06683162175005855 177
1757594555447 0.06327031570471471 178
1757594555459 0.10202317448898696 179
1757594555470 0.06178729020264632 180
1757594555482 0.0785303182031138 181
1757594555495 0.09821176998643359 182
1757594555508 0.07977551061474386 183
1757594555520 0.10082457944837075 184
1757594555531 0.12439033457188094 185
1757594555542 0.04530952493591169 186
1757594555553 0.08649100528430057 187
1757594555563 0.06422794177163017 188
1757594555573 0.05489766986127115 189
1757594555583 0.06923720144787888 190
1757594555594 0.05954276529301148 191
1757594555605 0.1390324430844688 192
1757594555616 0.10314152045199641 193
1757594555628 0.12497942526994 194
1757594555640 0.05984312092227222 195
1757594555651 0.07079900592637531 196
1757594555662 0.10275110802078463 197
1757594555674 0.10636073671236874 198
1757594555685 0.15361388785757638 199
1757594555697 0.07612535770352329 200
1757594555709 0.1118223224344924 201
1757594555721 0.05388492551238402 202
1757594555732 0.10254015052987689 203
1757594555744 0.045732139459374245 204
1757594555755 0.10333693706735103 205
1757594555767 0.07199036498155963 206
1757594555778 0.0836679060753538 207
1757594555790 0.08504984365786197 208
1757594555801 0.12580043614767555 209
1757594555813 0.08856562324912111 210
1757594555824 0.11370994057672781 211
1757594555835 0.09969996436780722 212
1757594555847 0.11648239211634867 213
1757594555858 0.08153575366919641 214
1757594555869 0.050200552118129814 215
1757594555881 0.08991216352388613 216
1757594555893 0.06244658389725968 217
1757594555905 0.12406128066476077 218
1757594555916 0.09787711749562125 219
1757594555927 0.12221838262110434 220
1757594555938 0.07469847011573388 221
1757594555950 0.11560641383782701 222
1757594555961 0.12409591553969587 223
1757594555973 0.13247553694597972 224
1757594555984 0.05788390121867454 225
1757594555995 0.1361388964856936 226
1757594556008 0.12604897923430744 227
1757594556021 0.08802758668866967 228
1757594556033 0.10978545502620263 229
1757594556046 0.113148465154874 230
1757594556057 0.06645442889047808 231
1757594556068 0.08267877489560282 232
1757594556080 0.08091109027954531 233
1757594556092 0.08006735588880437 234
1757594556105 0.09758999600571484 235
1757594556116 0.07952552124433854 236
1757594556127 0.1025945607286002 237
1757594556138 0.09127737231659891 238
1757594556149 0.20890181000006527 239
1757594556160 0.10168940298739587 240
1757594556176 0.0771420998559181 241
1757594556188 0.06348021200757445 242
1757594556199 0.10580524125850978 243
1757594556211 0.12434207480435154 244
1757594556222 0.09740008177787614 245
1757594556233 0.09458756034844726 246
1757594556247 0.08479897288807837 247
1757594556258 0.06960886755365123 248
1757594556270 0.05668542292665569 249
1757594556281 0.04633233463302076 250
1757594556292 0.11013462028581841 251
1757594556304 0.04209312339724513 252
1757594556315 0.1325245666788329 253
1757594556327 0.0613542154623178 254
1757594556340 0.07812465612595657 255
1757594556352 0.15754946581531876 256
1757594556364 0.16237812538810178 257
1757594556376 0.12115789583663808 258
1757594556388 0.047923132210099556 259
1757594556399 0.2261694938052401 260
1757594556410 0.08729919679188433 261
1757594556422 0.11345667480860754 262
1757594556434 0.09915213391938092 263
1757594556445 0.06541855609076733 264
1757594556457 0.0865905756005318 265
1757594556469 0.07611234506712725 266
1757594556480 0.09390355452309725 267
1757594556492 0.0711598170292724 268
1757594556504 0.117079349368202 269
1757594556516 0.11817977162233548 270
1757594556528 0.09019890755858266 271
1757594556540 0.12470477244962178 272
1757594556553 0.06605360164872097 273
1757594556565 0.6360948674635966 274
1757594556578 0.08457278076945855 275
1757594556590 0.24831954341750068 276
1757594556603 0.07642675662767102 277
1757594556616 0.06398607672265004 278
1757594556628 0.10003898641172897 279
1757594556643 0.11870287377448163 280
1757594556656 0.1570101446162632 281
1757594556668 0.06994373749627365 282
1757594556681 0.07657641101698734 283
1757594556694 0.07703604820184663 284
1757594556706 0.13365935289678452 285
1757594556718 0.1362874345467023 286
1757594556730 0.6437095089296395 287
1757594556741 0.11803181820486512 288
1757594556754 0.06851764531642163 289
1757594556767 0.15728464775946474 290
1757594556779 0.048181868200306656 291
1757594556791 0.11080490459416868 292
1757594556806 0.05672795437517539 293
1757594556818 0.07466758084649439 294
1757594556832 0.09013628536911072 295
1757594556848 0.06316562181521854 296
1757594556869 0.06713581031207659 297
1757594556883 0.06608564688995926 298
1757594556897 0.11395924329637215 299
1757594556910 0.13365189967486804 300
1757594556924 0.05774701680526773 301
1757594556939 0.04520875759209137 302
1757594556952 0.07240385056109169 303
1757594556965 0.08388726310530456 304
1757594556980 0.08533686139850716 305
1757594556992 0.08929478311511002 306
1757594557007 0.07967040192476717 307
1757594557020 0.1331476421098478 308
1757594557033 0.13203286382769638 309
1757594557045 0.06330578884674176 310
1757594557057 0.08066082997566744 311
1757594557069 0.09342562966800778 312
1757594557082 0.0594862902377971 313
1757594557094 0.0633313665838834 314
1757594557106 0.08491629287378541 315
1757594557119 0.09310721852588623 316
1757594557132 0.07531315584080057 317
1757594557150 0.09344173545712404 318
1757594557167 0.08022531087241128 319
1757594557182 0.07188595337049124 320
1757594557194 0.05738936040209368 321
1757594557216 0.13579119303908832 322
1757594557231 0.07181211944203719 323
1757594557244 0.09050096846680514 324
1757594557261 0.07988986561224286 325
1757594557274 0.10052729893667736 326
1757594557286 0.06257426599946225 327
1757594557299 0.07364739446164612 328
1757594557312 0.0713367592008016 329
1757594557326 0.0793772925813064 330
1757594557342 0.06503796518136318 331
1757594557359 0.08864632631592245 332
1757594557374 0.08117677295957686 333
1757594557388 0.07144809105396875 334
1757594557402 0.09235825633718618 335
1757594557417 0.1101784895657189 336
1757594557435 0.07106765998599815 337
1757594557449 0.12952478830229647 338
1757594557463 0.10813829023983174 339
1757594557480 0.10030126805027238 340
1757594557492 0.09148926455887234 341
1757594557505 0.08855883139527845 342
1757594557519 0.07882684924262591 343
1757594557543 0.08897500506556923 344
1757594557574 0.07578267344562369 345
1757594557593 0.09747552816238336 346
1757594557608 0.10839177950708362 347
1757594557621 0.637194766604117 348
1757594557633 0.12256343589245101 349
1757594557644 0.09280383976809357 350
1757594557656 0.036790946572545405 351
1757594557667 0.06531061801431177 352
1757594557678 0.11907383608169413 353
1757594557690 0.10857698034024794 354
1757594557701 0.08802282780781819 355
1757594557712 0.12923757648916026 356
1757594557724 0.06619855148741599 357
1757594557735 0.0780951366179574 358
1757594557753 0.15635481115801184 359
1757594557765 0.06499591766645574 360
1757594557776 0.06574137916958345 361
1757594557788 0.0992777494576723 362
1757594557800 0.11616742002304614 363
1757594557811 0.12203867575509114 364
1757594557822 0.05211455090213523 365
1757594557833 0.12377250580120161 366
1757594557846 0.0803582707618023 367
1757594557858 0.0793454338823409 368
1757594557869 0.07402265246718966 369
1757594557880 0.08527831365084851 370
1757594557892 0.07445803985591173 371
1757594557903 0.08745125440463893 372
1757594557914 0.07553148409768429 373
1757594557926 0.12592671752149978 374
1757594557937 0.10951457594745992 375
1757594557948 0.14204489165642137 376
1757594557960 0.05882070032233372 377
1757594557971 0.1510710640631031 378
1757594557983 0.0776733216962426 379
1757594557994 0.08019574892633097 380
1757594558006 0.098040725197452 381
1757594558018 0.05819223186102685 382
1757594558030 0.05891987111448724 383
1757594558041 0.06480890668580494 384
1757594558053 0.05615908194998036 385
1757594558065 0.0883626181477782 386
1757594558077 0.140543888145138 387
1757594558098 0.15046755533076703 388
1757594558110 0.11248618122857314 389
1757594558121 0.12663537184895063 390
1757594558133 0.06860697208776821 391
1757594558145 0.14536101066214063 392
1757594558157 0.07520611216923768 393
1757594558169 0.06347473519110897 394
1757594558180 0.08524118315289987 395
1757594558192 0.0875380561950439 396
1757594558204 0.06939328467198894 397
1757594558217 0.08508267655761381 398
1757594558229 0.13818844517719256 399
1757594558242 0.06376324681260824 400
1757594558257 0.11493465979045478 401
1757594558270 0.07327247765467751 402
1757594558283 0.09395880363869688 403
1757594558296 0.0964729087766641 404
1757594558309 0.10191120367007053 405
1757594558320 0.07796447781277921 406
1757594558333 0.0644485379435507 407
1757594558345 0.09420612984823766 408
1757594558362 0.06976959330379985 409
1757594558374 0.0629773041635807 410
1757594558387 0.0994482727944929 411
1757594558399 0.12492284341498874 412
1757594558411 0.07951486473316431 413
1757594558423 0.11527880774748497 414
1757594558436 0.06146020135538471 415
1757594558447 0.0524276711091509 416
1757594558459 0.07703385376949136 417
1757594558471 0.13779207561185972 418
1757594558482 0.07680285007195319 419
1757594558494 0.08128050583367706 420
1757594558506 0.12061429814894115 421
1757594558517 0.05674566546457277 422
1757594558529 0.14286829969420212 423
1757594558541 0.0914659022216148 424
1757594558552 0.10229339701987133 425
1757594558564 0.0780401131704723 426
1757594558576 0.10068314587523616 427
1757594558588 0.12841383799279843 428
1757594558599 0.1009905592448044 429
1757594558611 0.08546845369298807 430
1757594558622 0.05947994695697905 431
1757594558634 0.05716044682145462 432
1757594558646 0.17384371567176388 433
1757594558658 0.11571732946937698 434
1757594558670 0.10199456106095173 435
1757594558681 0.09382466088748675 436
1757594558694 0.08728282494005868 437
1757594558706 0.09595072444040177 438
1757594558718 0.08520237517879446 439
1757594558731 0.07571635126862969 440
1757594558743 0.10799203584972743 441
1757594558755 0.0828644268230096 442
1757594558768 0.11193732705332168 443
1757594558780 0.052614230414973116 444
1757594558792 0.06935769161669851 445
1757594558804 0.19511835560691512 446
1757594558817 0.058846497810050885 447
1757594558829 0.05140767921064966 448
1757594558841 0.037410276811461175 449
1757594558853 0.1191317723807645 450
1757594558865 0.08268508769020125 451
1757594558877 0.11832457741624595 452
1757594558889 0.09273622954555014 453
1757594558902 0.07488610854978464 454
1757594558913 0.08968153874460466 455
1757594558926 0.1700157835686634 456
1757594558938 0.07559297272518009 457
1757594558950 0.1300106054912949 458
1757594558963 0.09194167125079279 459
1757594558975 0.07852146291162386 460
1757594558987 0.1015524509578017 461
1757594559000 0.10042512575729484 462
1757594559012 0.09063730019677499 463
1757594559024 0.09234888618075505 464
1757594559036 0.08907990664409536 465
1757594559048 0.08530638691183329 466
1757594559061 0.0733300863229551 467
1757594559073 0.11592425227780691 468
1757594559085 0.1565524530955145 469
1757594559098 0.10537323246250228 470
1757594559110 0.06208643255487371 471
1757594559122 0.10989220674309472 472
1757594559134 0.07602526957112339 473
1757594559146 0.10402839361383896 474
1757594559158 0.05649170883775322 475
1757594559170 0.10665335008111526 476
1757594559183 0.05830258175060758 477
1757594559194 0.11304441611292801 478
1757594559206 0.06367993300012591 479
1757594559218 0.10376775492604028 480
1757594559230 0.10133074575615413 481
1757594559242 0.05733089403578726 482
1757594559254 0.06456050627926031 483
1757594559266 0.08282769150569191 484
1757594559278 0.21128557389996777 485
1757594559291 0.07048437474669025 486
1757594559303 0.12476338713481547 487
1757594559314 0.07193940681523235 488
1757594559327 0.12120875982981576 489
1757594559339 0.11176179102390478 490
1757594559351 0.11647188802054545 491
1757594559363 0.14187495555367996 492
1757594559375 0.08953677074305903 493
1757594559387 0.08933968056119466 494
1757594559399 0.08400867868923849 495
1757594559411 0.09827329478743732 496
1757594559424 0.1242483497400481 497
1757594559436 0.07512940743956281 498
1757594559448 0.07820350180876375 499
