1757594595827 125.34797422926421 0
1757594595837 89.33833384190937 1
1757594595846 69.12464978817195 2
1757594595856 44.39592553101327 3
1757594595865 41.446474349939585 4
1757594595875 25.586374829624397 5
1757594595884 22.186920034622755 6
1757594595893 19.16370970083592 7
1757594595902 14.910196401055368 8
1757594595912 7.852474301786143 9
1757594595921 11.536629345431454 10
1757594595930 10.222507606874704 11
1757594595939 5.896492178153334 12
1757594595948 6.9249166176716646 13
1757594595958 4.728624796005601 14
1757594595967 11.494771539975776 15
1757594595977 4.797611361336688 16
1757594595986 0.46889819828743895 17
1757594595995 2.396432273617771 18
1757594596004 2.130347080962068 19
1757594596014 5.737367197200696 20
1757594596023 4.310447686306646 21
1757594596033 4.202363042460917 22
1757594596043 6.662943233746857 23
1757594596052 4.719853794548069 24
1757594596062 1.6531400129430631 25
1757594596073 3.5066921237298043 26
1757594596082 1.7499019674666063 27
1757594596092 3.507215254779362 28
1757594596101 3.446336172505733 29
1757594596111 6.819633918196764 30
1757594596120 3.451946869920953 31
1757594596130 3.7753508753370175 32
1757594596139 1.9481602603465704 33
1757594596149 3.4997940909293437 34
1757594596158 6.8073412977883425 35
1757594596168 1.3869768279698125 36
1757594596177 3.1044712880547785 37
1757594596187 4.326827369218883 38
1757594596196 3.182675531088847 39
1757594596206 4.108086608916038 40
1757594596215 3.3713947699271976 41
1757594596225 2.6484536265854564 42
1757594596234 3.783409807306366 43
1757594596244 1.190185871843762 44
1757594596253 3.211319361270893 45
1757594596263 5.343471030919287 46
1757594596272 2.207065669487724 47
1757594596282 1.2389981473067462 48
1757594596291 0.6159289740146755 49
1757594596300 3.1755737259890444 50
1757594596310 2.1934141703617827 51
1757594596320 4.238993416242575 52
1757594596330 3.9303909398534294 53
1757594596340 2.01569260855158 54
1757594596350 1.5546236653710932 55
1757594596360 1.1753329237971566 56
1757594596370 2.170036296298333 57
1757594596380 1.2859943801627434 58
1757594596389 3.8593924304126666 59
1757594596399 1.0693398331621002 60
1757594596409 1.8471164689043595 61
1757594596419 2.5286134992542015 62
1757594596429 2.4815317803470887 63
1757594596438 1.5655086124520141 64
1757594596448 1.632036824807902 65
1757594596457 0.5286470086020457 66
1757594596467 2.36373201025784 67
1757594596477 3.856045615672562 68
1757594596486 1.1757452264718444 69
1757594596496 3.6433972960375085 70
1757594596506 1.2103622210152376 71
1757594596515 3.1340544944956226 72
1757594596525 2.420497459727244 73
1757594596535 1.9938596036057505 74
1757594596545 1.4591027276810058 75
1757594596554 2.2514080199112896 76
1757594596564 2.57441547754859 77
1757594596574 2.726300424265309 78
1757594596584 2.529044620040071 79
1757594596593 1.2952248824353265 80
1757594596603 1.4648912741755844 81
1757594596613 5.073493367095684 82
1757594596623 1.571063411253062 83
1757594596633 2.8355421541709207 84
1757594596642 1.6586960305148797 85
1757594596652 2.412393145096489 86
1757594596662 1.696244827667135 87
1757594596672 1.7403015619495097 88
1757594596682 1.2527369998433653 89
1757594596692 2.544260974083263 90
1757594596701 3.4314371963941825 91
1757594596711 2.7559974068536754 92
1757594596721 2.408268163765672 93
1757594596731 2.4135406437892373 94
1757594596741 1.3752327628895231 95
1757594596750 1.8973527001535044 96
1757594596760 1.9055294022976113 97
1757594596770 1.0227645369718188 98
1757594596780 1.8728317371171195 99
1757594596790 0.9437074960602926 100
1757594596800 1.4482117838613868 101
1757594596809 1.7412436691153974 102
1757594596819 1.4959279702516393 103
1757594596829 1.8634898797635293 104
1757594596839 0.7219603225473618 105
1757594596849 1.652265148005258 106
1757594596859 1.955077317697919 107
1757594596869 1.4385407804097867 108
1757594596878 1.2464738968185032 109
1757594596889 2.7155077386907687 110
1757594596899 1.1630118378574157 111
1757594596908 2.011883906541318 112
1757594596918 1.983998582452095 113
1757594596928 2.5228019391617775 114
1757594596938 0.6793173640546583 115
1757594596948 1.761934695663551 116
1757594596958 1.7000839402795676 117
1757594596968 2.333716028987882 118
1757594596978 1.81062339256746 119
1757594596988 1.086224701620347 120
1757594596998 1.3106408299114838 121
1757594597008 0.8879646929466799 122
1757594597018 1.545281097517806 123
1757594597028 1.2357888501272907 124
1757594597039 0.9700403970603243 125
1757594597049 2.0760361133645047 126
1757594597059 1.8479443953081127 127
1757594597069 1.1468085388773215 128
1757594597084 2.2531398447861952 129
1757594597106 1.3817137856041786 130
1757594597116 1.2196629357537037 131
1757594597127 0.7657381031290762 132
1757594597137 1.798120997174851 133
1757594597147 1.040967331561334 134
1757594597156 0.48312522107283334 135
1757594597171 1.4742667522581048 136
1757594597181 1.2954100621853564 137
1757594597191 1.4933903473049885 138
1757594597201 1.5406199830029312 139
1757594597211 1.2514972298108082 140
1757594597221 1.0205506802032418 141
1757594597232 0.9734300718813407 142
1757594597242 0.5657920681795973 143
1757594597252 1.3104795821904616 144
1757594597262 1.0597286439125417 145
1757594597272 1.4012598863012966 146
1757594597282 1.0845626535109105 147
1757594597292 1.2227377764761422 148
1757594597302 1.0804361707534529 149
1757594597312 0.9901232966408368 150
1757594597322 0.6980985875674072 151
1757594597332 0.4977813168011011 152
1757594597342 0.984220287588451 153
1757594597352 1.5476701333177931 154
1757594597362 1.597375026088458 155
1757594597373 0.6900208209197349 156
1757594597383 1.3893831594830912 157
1757594597393 1.1377395266326389 158
1757594597403 0.5368810349817594 159
1757594597413 1.4259187865785303 160
1757594597423 1.7963444368820913 161
1757594597434 0.853152525822957 162
1757594597444 1.0985388959211815 163
1757594597454 0.33673242537771664 164
1757594597464 1.100479671421255 165
1757594597474 1.3752987198018758 166
1757594597484 1.3016598832023034 167
1757594597495 0.5105043909352474 168
1757594597505 0.5816781115758572 169
1757594597515 0.824236578187513 170
1757594597525 1.006207931961559 171
1757594597535 1.0416498684884286 172
1757594597545 1.0819810386239932 173
1757594597555 1.4399680053328643 174
1757594597567 0.7443344931930873 175
1757594597577 0.8735689804461987 176
1757594597588 1.0179369313187838 177
1757594597598 1.0143075386104807 178
1757594597608 0.6730403658119545 179
1757594597619 0.7091335099435203 180
1757594597629 0.5944216688851887 181
1757594597639 1.1079042943628061 182
1757594597649 0.35683711035467053 183
1757594597660 0.9168053054812069 184
1757594597670 1.075723079722946 185
1757594597680 0.7614713987110412 186
1757594597691 0.676906997188664 187
1757594597701 1.327387576729929 188
1757594597712 1.3273654514494135 189
1757594597722 0.9137119287826393 190
1757594597732 1.5870901377025106 191
1757594597742 0.49083942793758767 192
1757594597752 0.8106268190500161 193
1757594597763 0.9015441520244388 194
1757594597773 0.8283308481386726 195
1757594597784 0.7694864737396949 196
1757594597794 0.34425377985195915 197
1757594597804 1.1150281370557547 198
1757594597815 0.5285164703704117 199
1757594597825 0.8087134364853661 200
1757594597835 0.9748982486211532 201
1757594597846 0.8070982413037782 202
1757594597856 0.7776387772961799 203
1757594597866 0.9315113345880209 204
1757594597876 0.673024574272362 205
1757594597887 1.0237597310406619 206
1757594597897 1.3990498263380036 207
1757594597907 1.4174706547402678 208
1757594597917 0.9641756342638218 209
1757594597928 0.4785770812620911 210
1757594597938 0.8801224740620632 211
1757594597949 0.29183227947722856 212
1757594597959 0.9527305311121664 213
1757594597970 0.8961483042915558 214
1757594597980 0.802715537906647 215
1757594597991 0.4822145208331616 216
1757594598001 0.5906257634489406 217
1757594598012 0.4283011848561771 218
1757594598022 1.0158076169183012 219
1757594598032 0.4603213356561472 220
1757594598043 0.37456993803315997 221
1757594598053 0.3292990874399265 222
1757594598064 0.5978536230054602 223
1757594598074 0.6332126016222125 224
1757594598085 0.6703691491545932 225
1757594598095 0.49817236734306364 226
1757594598106 0.48015778149622135 227
1757594598116 0.6082556103449949 228
1757594598127 0.6760745539929441 229
1757594598137 0.7506348547885644 230
1757594598148 0.36667888294895534 231
1757594598158 0.5194763331958167 232
1757594598169 0.502661622118953 233
1757594598180 0.5968114774225399 234
1757594598190 0.7056008249589064 235
1757594598201 0.3036082143179773 236
1757594598212 0.42058486845407533 237
1757594598222 0.4291869190948069 238
1757594598233 0.5672807156692004 239
1757594598243 0.41185257887065 240
1757594598254 0.5561188841177443 241
1757594598265 0.5369355502358767 242
1757594598275 0.5997508097653034 243
1757594598286 0.6698100284603894 244
1757594598296 0.476291393574624 245
1757594598307 0.5653338901538612 246
1757594598317 1.7718187226758713 247
1757594598328 0.5532010108246718 248
1757594598339 0.3827745014581059 249
1757594598349 0.4608330071068702 250
1757594598360 0.978217253104479 251
1757594598370 0.4154602097330506 252
1757594598381 0.7177489269313678 253
1757594598391 0.4558276513371372 254
1757594598402 0.47419167029075016 255
1757594598412 0.43033269158839177 256
1757594598423 0.28739950763979977 257
1757594598434 0.5850260731718618 258
1757594598444 0.3880831873790426 259
1757594598455 0.497402281156318 260
1757594598465 0.374593719249118 261
1757594598476 0.6757494345960876 262
1757594598487 0.16224117262264676 263
1757594598498 0.3829391966781966 264
1757594598508 0.8561577245226182 265
1757594598519 0.7181315749961013 266
1757594598530 0.6702939044139663 267
1757594598541 0.5735567447373764 268
1757594598551 0.7881952014036527 269
1757594598562 0.4065549619018548 270
1757594598574 0.6707240616545648 271
1757594598585 1.4772385324184054 272
1757594598596 0.750960599731183 273
1757594598607 0.2875401361537787 274
1757594598618 0.8705984114005585 275
1757594598629 0.7655255536940923 276
1757594598639 0.6274974072870296 277
1757594598650 0.304323210648793 278
1757594598661 0.7368881847878558 279
1757594598672 0.4540695607795062 280
1757594598683 0.27555005715887426 281
1757594598694 0.30695480819105503 282
1757594598705 0.46334556519246994 283
1757594598716 0.5502915695003475 284
1757594598727 0.6477609528035251 285
1757594598738 0.5392429618354885 286
1757594598749 0.3315287384321444 287
1757594598760 0.3996567715142155 288
1757594598771 0.6215240854588254 289
1757594598782 0.5967194833750807 290
1757594598793 1.4394803751708043 291
1757594598804 0.3423786113373681 292
1757594598815 0.3206962069344975 293
1757594598826 0.2345859856346984 294
1757594598837 0.5377841946087111 295
1757594598848 0.3195353430459597 296
1757594598859 0.5027649186210817 297
1757594598869 0.1364802879290075 298
1757594598880 0.4770226156895434 299
1757594598891 0.3719965432774798 300
1757594598902 0.5031724753961565 301
1757594598913 0.6554046945462711 302
1757594598924 0.40259818208539777 303
1757594598935 0.35050789652946973 304
1757594598946 0.5232716513715706 305
1757594598957 0.4554892239439876 306
1757594598968 0.29452332068408027 307
1757594598979 0.2740427209021512 308
1757594598989 0.30102551285369833 309
1757594599000 0.16425884307431377 310
1757594599011 0.5835994086709452 311
1757594599022 0.4115754577678271 312
1757594599034 0.2926339064517541 313
1757594599045 0.287792696286967 314
1757594599055 0.3045405127545304 315
1757594599066 0.28483106284385684 316
1757594599077 0.2093170202848874 317
1757594599088 0.4205615004461998 318
1757594599100 0.2631425244907303 319
1757594599111 0.3940556699409418 320
1757594599122 0.39160070084501114 321
1757594599133 0.39316453502883164 322
1757594599144 0.25886622440832524 323
1757594599155 0.3663231375344635 324
1757594599166 0.4734831203463303 325
1757594599177 1.2143942707397017 326
1757594599188 0.4604304079038746 327
1757594599200 0.21151008517628367 328
1757594599211 0.19301927891843174 329
1757594599222 0.4635216758839732 330
1757594599233 0.2717407461038484 331
1757594599245 0.39266196601369346 332
1757594599256 0.39783159523785455 333
1757594599267 0.4363004701264328 334
1757594599278 0.3884543933967699 335
1757594599289 0.2474005152915552 336
1757594599301 0.36815817219218117 337
1757594599312 0.34181614632488894 338
1757594599323 0.28084373162139237 339
1757594599334 0.5275240755909925 340
1757594599346 0.5041556181910403 341
1757594599357 0.26938449521906693 342
1757594599368 0.22457701777296504 343
1757594599379 0.4676217761624412 344
1757594599391 0.19204528409015917 345
1757594599402 0.40661125016019606 346
1757594599413 0.18919574887266927 347
1757594599425 0.27771717373030913 348
1757594599436 0.3237568934603186 349
1757594599447 0.6196389901057701 350
1757594599458 0.11655351703459599 351
1757594599469 0.39614249267364 352
1757594599481 0.1345052326954179 353
1757594599492 0.31716182052751835 354
1757594599503 0.32572210911663335 355
1757594599515 0.26482480130842273 356
1757594599526 0.23884594692720915 357
1757594599538 0.1313921480078583 358
1757594599549 0.2461641812401761 359
1757594599560 0.1248377426997327 360
1757594599572 0.14210452731439657 361
1757594599583 0.36512520534918874 362
1757594599595 0.4182534254057907 363
1757594599606 0.3235277647215989 364
1757594599618 0.23901796199737912 365
1757594599629 0.3297815374428424 366
1757594599641 0.2516483070543732 367
1757594599652 0.20394386871787637 368
1757594599664 0.17957287616153456 369
1757594599675 0.17779265013119863 370
1757594599686 0.15637935167157713 371
1757594599698 0.20898498717395966 372
1757594599709 0.16338510633491643 373
1757594599721 0.33986536356821095 374
1757594599732 0.25365289365434296 375
1757594599747 0.18929931615463394 376
1757594599758 0.32822711436131075 377
1757594599770 0.26525803283434 378
1757594599781 0.5441024123317991 379
1757594599793 0.20121308052750406 380
1757594599804 0.23943127735445963 381
1757594599817 0.09582056531396152 382
1757594599828 0.30161318041848045 383
1757594599840 0.1101318964094474 384
1757594599852 0.29614895653773965 385
1757594599864 0.1732067773930794 386
1757594599875 0.19540661590214017 387
1757594599887 0.21599678960948127 388
1757594599898 0.32984280544508227 389
1757594599910 0.4061033240693437 390
1757594599922 0.34343684851998413 391
1757594599933 0.22342036572504492 392
1757594599945 0.527199007328231 393
1757594599956 0.1953063245778667 394
1757594599968 0.1534501852612218 395
1757594599980 0.2955180790396358 396
1757594599991 0.30506001908982433 397
1757594600003 0.1495702531936989 398
1757594600015 0.17621853894395076 399
1757594600026 0.1978005858449563 400
1757594600038 0.3185228451212129 401
1757594600050 0.29727335605269367 402
1757594600061 0.24165797487695215 403
1757594600073 0.2504796364535206 404
1757594600084 0.32979263925500946 405
1757594600096 0.12235642100127778 406
1757594600108 0.2547754678160314 407
1757594600120 1.1029135599182833 408
1757594600131 0.21260614961766083 409
1757594600143 0.14169295831726708 410
1757594600154 0.26724030160823325 411
1757594600166 0.13745098437702957 412
1757594600178 0.244957130636714 413
1757594600189 0.24501001273432524 414
1757594600201 0.5341751056624969 415
1757594600213 0.17993286022186314 416
1757594600224 0.23892114828688293 417
1757594600236 0.20259030133331074 418
1757594600248 0.27099449134532644 419
1757594600260 0.18479781358165212 420
1757594600271 0.42521178261564385 421
1757594600283 0.23995817557644125 422
1757594600294 0.14436960925868678 423
1757594600306 0.13162475774342625 424
1757594600318 0.08479569842437128 425
1757594600329 0.0638103305547832 426
1757594600341 0.37751773690908214 427
1757594600353 0.2142404527455433 428
1757594600365 0.26752719845341894 429
1757594600377 0.2976806639152448 430
1757594600388 0.163836230126565 431
1757594600400 0.17383661722364074 432
1757594600412 0.15351753827803974 433
1757594600424 0.1442122277422263 434
1757594600439 0.22998175964332646 435
1757594600453 0.1832474380486439 436
1757594600467 0.2579250608231521 437
1757594600481 0.24328748439444747 438
1757594600495 0.3559256448206331 439
1757594600508 0.24975899396869863 440
1757594600522 0.1169049263136779 441
1757594600536 0.1379788345157312 442
1757594600549 0.3130572991182379 443
1757594600563 0.0846677609055409 444
1757594600577 0.15708729554335302 445
1757594600591 0.10178397394324104 446
1757594600606 0.25589017039386136 447
1757594600624 0.10928760975409894 448
1757594600644 0.16826643069739686 449
1757594600656 0.15188660430613168 450
1757594600669 0.22033723188733959 451
1757594600681 0.15722412470039662 452
1757594600694 0.08391364785304789 453
1757594600707 0.2030890988350401 454
1757594600719 0.11210584879491979 455
1757594600731 0.08570682489959919 456
1757594600744 0.17469457744621325 457
1757594600756 0.212219878450821 458
1757594600768 0.13735886553183915 459
1757594600781 0.09128538074902369 460
1757594600793 0.368287538287203 461
1757594600806 0.14867477977237997 462
1757594600818 0.18683075831799723 463
1757594600831 0.12648052543140875 464
1757594600843 0.24653787298528676 465
1757594600855 0.0995857369674721 466
1757594600868 0.08040202336499569 467
1757594600881 0.16348595945784375 468
1757594600894 0.17244342704799487 469
1757594600907 0.14387292659323872 470
1757594600920 0.37489380403543493 471
1757594600933 0.13138158668370445 472
1757594600946 0.1298214569284543 473
1757594600958 0.16238891194390082 474
1757594600971 0.07466596632220102 475
1757594600984 0.07770886092339098 476
1757594600996 0.11170713270546262 477
1757594601008 0.2780104495294344 478
1757594601021 0.1912448683444368 479
1757594601033 0.16959726376639514 480
1757594601046 0.1177971985617389 481
1757594601058 0.19511457826551787 482
1757594601070 0.172497824913458 483
1757594601082 0.11530864652120511 484
1757594601094 0.131027341251059 485
1757594601107 0.09484736153050975 486
1757594601119 0.35101185254346284 487
1757594601131 0.08837166750590017 488
1757594601143 0.32711372438669656 489
1757594601155 0.09007228841266736 490
1757594601167 0.16494249088645824 491
1757594601179 0.14976073042880364 492
1757594601192 0.08970145496011477 493
1757594601204 0.0842979953633882 494
1757594601216 0.1267473215069379 495
1757594601228 0.13012870229840426 496
1757594601240 0.2709142889773205 497
1757594601252 0.170135843523079 498
1757594601265 0.11012817179770869 499
