1757518354593 30.339499371481065 0
1757518354632 5.589419325779823 1
1757518354676 1.0573099555859051 2
1757518354710 1.1735683420183942 3
1757518354744 0.20153850372759372 4
1757518354778 39.73305658157026 5
1757518354813 0.11843011822865426 6
1757518354846 0.0012547451095583537 7
1757518354880 10.73006499095559 8
1757518354914 3.30034183941523 9
1757518354947 0.11249330822903739 10
1757518354980 0.0478756129651136 11
1757518355014 0.07669966403966823 12
1757518355047 0.0007437367518286713 13
1757518355082 0.750943974460337 14
1757518355116 17.894049862320585 15
1757518355154 0.616218617700937 16
1757518355188 0.007779329172902122 17
1757518355222 0.3755235770005483 18
1757518355255 3.3381936134456165 19
1757518355288 0.26920662057547834 20
1757518355321 0.3375594022200385 21
1757518355354 0.21916240852680055 22
1757518355387 0.28691031155447905 23
1757518355421 0.3308364653928339 24
1757518355454 0.1383921153059743 25
1757518355487 0.48572157776919456 26
1757518355521 0.0661174635270865 27
1757518355553 0.1287735874336499 28
1757518355587 0.21742783227525858 29
1757518355620 0.39205367171273636 30
1757518355654 0.011339465005328316 31
1757518355687 0.06707292580778403 32
1757518355722 0.1654312790465356 33
1757518355756 0.02401077742928135 34
1757518355790 0.10191334650836283 35
1757518355839 1.0527326290345593 36
1757518355883 0.37657955591390135 37
1757518355917 0.00560243648261205 38
1757518355951 0.28131784752974154 39
1757518355984 2.4408161512425024 40
1757518356019 0.2666660618249006 41
1757518356052 0.004139552659391665 42
1757518356086 2.6403141802351007 43
1757518356120 0.0022611453883560804 44
1757518356153 0.5226579753843463 45
1757518356187 0.24935367933305674 46
1757518356221 0.02787264723380511 47
1757518356254 0.08351918604640984 48
1757518356288 0.07771979274203474 49
1757518356321 0.12299460609577882 50
1757518356355 0.00020207824722460321 51
1757518356388 0.30246393649953723 52
1757518356422 0.10659865344938677 53
1757518356455 0.01187041604713374 54
1757518356489 0.00015664650959974405 55
1757518356522 0.14623592759654466 56
1757518356556 0.1065659923970582 57
1757518356590 0.00011632725445614784 58
1757518356624 0.1246169938015859 59
1757518356657 0.13433780705422427 60
1757518356691 4.0199712274536274e-05 61
1757518356724 0.010195518154669504 62
1757518356758 0.1173439288855582 63
1757518356792 0.13727384192491865 64
1757518356827 0.27168931054661205 65
1757518356860 0.025302664939560997 66
1757518356896 0.06734027830576982 67
1757518356931 0.22789198927590823 68
1757518356965 0.10540845834058006 69
1757518356999 0.6003278338838466 70
1757518357033 0.13544920986238657 71
1757518357066 0.007229197598215714 72
1757518357101 0.03508422236913549 73
1757518357135 0.00100992225373351 74
1757518357168 0.013872637543102658 75
1757518357202 0.05977884166215744 76
1757518357237 0.01478153880252149 77
1757518357271 0.0066612720221162335 78
1757518357305 0.00025790397312957575 79
1757518357339 0.12138442523670732 80
1757518357372 0.09074469753364535 81
1757518357406 0.038637754598438975 82
1757518357440 0.11521257219203243 83
1757518357473 0.008282808781810631 84
1757518357507 0.11976140930313917 85
1757518357541 0.042205252719253204 86
1757518357575 0.09501844295624871 87
1757518357610 0.1091934502332721 88
1757518357644 0.075361695680504 89
1757518357677 0.009115630481332833 90
1757518357711 0.3500837098755498 91
1757518357744 0.0005920216231809484 92
1757518357778 0.03991928943173853 93
1757518357813 0.044519156190609324 94
1757518357848 0.01028951922541329 95
1757518357881 0.029521019029247947 96
1757518357915 0.0056642377830829855 97
1757518357949 0.005764658826455847 98
1757518357983 8.862044244701627e-05 99
1757518358017 1.05566664298706 100
1757518358052 0.958678495314512 101
1757518358086 0.020352503088373147 102
1757518358120 0.005268585501382873 103
1757518358154 0.02203422252569248 104
1757518358188 0.1896372033509921 105
1757518358223 0.01609127025565128 106
1757518358257 0.0003462577872252895 107
1757518358291 0.17393051641338797 108
1757518358328 0.05832050896886561 109
1757518358364 0.006342852059106835 110
1757518358398 0.003463078679822883 111
1757518358433 0.04044548481551885 112
1757518358466 0.267942329778174 113
1757518358501 3.424542455579168 114
1757518358535 0.10672617980353294 115
1757518358569 0.07473617356717609 116
1757518358604 0.09590761106196097 117
1757518358638 0.032469870945085993 118
1757518358672 0.018353559937182885 119
1757518358706 0.32256058591755354 120
1757518358740 0.16903722656472095 121
1757518358774 0.292173985162095 122
1757518358809 0.023689604469247748 123
1757518358843 0.02948098938245095 124
1757518358877 0.017503646299017763 125
1757518358911 0.036325429419131514 126
1757518358945 0.3613181124980161 127
1757518358979 0.0033099354575063925 128
1757518359014 2.652871096881098 129
1757518359048 0.23888990263941695 130
1757518359081 0.13310750547567643 131
1757518359115 0.010039436026024346 132
1757518359149 0.005450329191419892 133
1757518359183 0.17743823349415597 134
1757518359218 0.12020579792256154 135
1757518359252 0.03642832835776524 136
1757518359286 0.04767165800392673 137
1757518359320 0.061088313781566546 138
1757518359354 0.016370330057678555 139
1757518359388 1.1819008134455624e-06 140
1757518359422 1.2356930530790126e-05 141
1757518359456 0.000181073288728215 142
1757518359490 0.11627058852802075 143
1757518359524 0.09147748625994696 144
1757518359558 0.0013334968642037585 145
1757518359593 0.01674916802142373 146
1757518359627 0.3873575179854488 147
1757518359661 0.7341618168822712 148
1757518359697 0.06119538691151791 149
1757518359732 0.006435837223750693 150
1757518359766 0.02208806450018346 151
1757518359800 0.051567103460826304 152
1757518359834 0.040242145650868796 153
1757518359869 0.10813177932981427 154
1757518359904 0.0008787096645486293 155
1757518359938 0.016696492247812084 156
1757518359972 0.015057971260525783 157
1757518360006 0.7661920316395411 158
1757518360041 0.19323623405480436 159
1757518360076 0.1421066046031232 160
1757518360110 0.1495772395584277 161
1757518360145 0.007336461682299787 162
1757518360180 0.12763455708465707 163
1757518360214 0.09164812470297577 164
1757518360248 0.3018727514988434 165
1757518360282 1.096635445901621 166
1757518360317 0.06623649417702786 167
1757518360351 0.03324898048200651 168
1757518360386 0.0020461004335242234 169
1757518360420 0.09305254365478687 170
1757518360454 0.0031488002265511383 171
1757518360489 0.04996229614045391 172
1757518360523 0.008746550185385223 173
1757518360558 0.08556762676734053 174
1757518360595 0.49024977023095023 175
1757518360630 0.19491164103000697 176
1757518360665 0.05629190093205348 177
1757518360700 0.01046115701935444 178
1757518360735 0.06074832796685572 179
1757518360771 0.16503099984567365 180
1757518360806 0.04480169822344482 181
1757518360841 0.03029601404414255 182
1757518360876 0.11168246027272988 183
1757518360910 9.261710667057626e-07 184
1757518360945 0.0028880927885468195 185
1757518360979 0.06953691194758316 186
1757518361013 0.006827361538685484 187
1757518361047 0.16248051148548134 188
1757518361082 0.0004839747250019774 189
1757518361116 0.0803284370578771 190
1757518361150 0.01868667196213876 191
1757518361186 0.0027875239378069116 192
1757518361220 0.01491576189125832 193
1757518361255 0.21731108159510518 194
1757518361291 0.5980593663418061 195
1757518361326 0.011073514435053689 196
1757518361360 0.039643658669503895 197
1757518361395 0.004246593130659197 198
1757518361429 0.00015835957765152552 199
1757518361464 0.07319353738327232 200
1757518361498 0.2390853483707471 201
1757518361532 0.007251570601653856 202
1757518361567 0.007638910303405812 203
1757518361601 0.25625807518724936 204
1757518361636 0.01748017116192054 205
1757518361670 0.16175918314723153 206
1757518361704 0.03716425528428725 207
1757518361739 0.08335947360955737 208
1757518361773 0.19154061743343842 209
1757518361807 0.7114260666227363 210
1757518361842 0.370919316837633 211
1757518361876 0.10610627445598558 212
1757518361911 0.18332152323387368 213
1757518361945 0.08379241246303598 214
1757518361980 0.14846716569715587 215
1757518362014 0.4799911894534028 216
1757518362049 0.010607656008447526 217
1757518362085 0.04881955891313147 218
1757518362120 0.43313073565663535 219
1757518362155 0.01081619900719865 220
1757518362190 0.5845390482064575 221
1757518362224 0.18977396756422987 222
1757518362260 0.06950096524554819 223
1757518362294 0.018766830434425966 224
1757518362330 0.21070779706138687 225
1757518362365 0.024616987026564337 226
1757518362400 6.079792206789122e-07 227
1757518362434 0.28020655902385855 228
1757518362469 0.12035814740351407 229
1757518362504 0.37212034934110994 230
1757518362538 0.23229713424549797 231
1757518362573 0.0028881412224315913 232
1757518362607 0.006502316759638469 233
1757518362642 0.06361713743992753 234
1757518362677 0.23801602639297656 235
1757518362712 0.2839607675989973 236
1757518362746 0.22540349043268312 237
1757518362789 0.02017528894278308 238
1757518362824 0.21901808415195462 239
1757518362860 0.027012878580948023 240
1757518362895 0.07973361728247683 241
1757518362930 0.042753498868602635 242
1757518362965 0.09868667423980677 243
1757518363000 0.011190333869232709 244
1757518363035 0.2145655026692932 245
1757518363070 0.0007536289786666479 246
1757518363105 0.01229660269557948 247
1757518363140 0.009638934528292929 248
1757518363175 6.217881989512503e-05 249
1757518363210 0.12924560382006492 250
1757518363245 0.03965025104228134 251
1757518363282 0.0004392716700890561 252
1757518363322 0.15168142575969465 253
1757518363357 0.03630150804869387 254
1757518363392 0.011882439182078399 255
1757518363437 0.03667892942570277 256
1757518363472 0.10190864865177524 257
1757518363508 0.07283730185364747 258
1757518363543 0.0002608197617632754 259
1757518363578 0.0010400915417875395 260
1757518363613 0.21002672843572026 261
1757518363648 0.06338348960606145 262
1757518363683 0.2023148901564475 263
1757518363718 0.05619238041845275 264
1757518363752 0.030250941436456756 265
1757518363787 0.0013916539907730952 266
