1757517813758 168.9733841766257 0
1757517813766 168.34008120268626 1
1757517813776 167.14143969761636 2
1757517813785 165.44240235249873 3
1757517813793 163.30441233501264 4
1757517813802 160.78510913760695 5
1757517813811 157.9381616573232 6
1757517813819 154.81320857583648 7
1757517813830 151.45588150471625 8
1757517813841 147.90789086400602 9
1757517813849 144.20715821324174 10
1757517813858 140.38798187249546 11
1757517813867 136.48122525802447 12
1757517813875 132.51451949806355 13
1757517813884 128.51247366124946 14
1757517813892 124.49688738416285 15
1757517813900 120.48696187666977 16
1757517813909 116.49950625754202 17
1757517813918 112.54913696461921 18
1757517813926 108.64846862416482 19
1757517813935 104.80829527890297 20
1757517813943 101.03776128498065 21
1757517813952 97.34452151310734 22
1757517813961 93.73489074335927 23
1757517813970 90.21398233943295 24
1757517813980 86.78583643706321 25
1757517813989 83.45353799163937 26
1757517813998 80.21932510925537 27
1757517814007 77.0846881394506 28
1757517814016 74.0504600419413 29
1757517814025 71.1168985577758 30
1757517814034 68.28376072104713 31
1757517814042 65.55037024340474 32
1757517814051 62.91567829239282 33
1757517814060 60.37831816799797 34
1757517814068 57.936654361262505 35
1757517814077 55.58882645557772 36
1757517814086 53.33278830635908 37
1757517814095 51.16634290894563 38
1757517814103 49.08717333840922 39
1757517814112 47.092870118935615 40
1757517814120 45.18095535495499 41
1757517814129 43.34890393148507 42
1757517814138 41.594162067405115 43
1757517814146 39.91416348276898 44
1757517814155 38.30634341982212 45
1757517814164 36.76815073721526 46
1757517814172 35.29705827797381 47
1757517814181 33.890571694126706 48
1757517814190 32.54623689446055 49
1757517814198 31.261646266636223 50
1757517814207 30.03444381082031 51
1757517814216 28.862329309007745 52
1757517814225 27.74306164226626 53
1757517814234 26.674461357187692 54
1757517814242 25.654412572791568 55
1757517814251 24.680864309962008 56
1757517814259 23.75183131713192 57
1757517814268 22.86539445831275 58
1757517814277 22.019700722632404 59
1757517814286 21.21296290826154 60
1757517814295 20.443459027896935 61
1757517814304 19.709531477810742 62
1757517814313 19.009586007801307 63
1757517814322 18.342090525166928 64
1757517814330 17.705573762019903 65
1757517814339 17.098623831832366 66
1757517814348 16.519886698026966 67
1757517814357 15.96806457465397 68
1757517814366 15.441914276717833 69
1757517814375 14.940245535486799 70
1757517814384 14.461919292131764 71
1757517814393 14.005845981259641 72
1757517814402 13.570983814319508 73
1757517814411 13.156337071446703 74
1757517814420 12.760954409050074 75
1757517814429 12.383927189332733 76
1757517814438 12.024387836943658 77
1757517814447 11.681508227083764 78
1757517814455 11.354498108613871 79
1757517814464 11.042603565031493 80
1757517814473 10.745105515583838 81
1757517814482 10.461318258257858 82
1757517814492 10.19058805592987 83
1757517814501 9.932291766556844 84
1757517814510 9.685835517941886 85
1757517814519 9.450653427308964 86
1757517814528 9.226206365659982 87
1757517814537 9.011980766667262 88
1757517814545 8.807487479665742 89
1757517814554 8.612260666149076 90
1757517814563 8.425856739040972 91
1757517814573 8.247853343901792 92
1757517814582 8.077848381140763 93
1757517814591 7.915459068230418 94
1757517814600 7.7603210408633085 95
1757517814609 7.612087491947001 96
1757517814618 7.470428347301879 97
1757517814627 7.335029476904426 98
1757517814635 7.2055919405071025 99
1757517814644 7.081831266459582 100
1757517814653 6.963476762559857 101
1757517814663 6.850270857769908 102
1757517814682 6.741968473643611 103
1757517814693 6.638336424330946 104
1757517814703 6.53915284404214 105
1757517814713 6.444206640878493 106
1757517814722 6.35329697596077 107
1757517814731 6.266232766814155 108
1757517814740 6.182832213994622 109
1757517814749 6.102922349973706 110
1757517814759 6.0263386093257125 111
1757517814768 5.952924419294778 112
1757517814777 5.882530809846976 113
1757517814786 5.815016042346544 114
1757517814795 5.750245256023318 115
1757517814805 5.688090131431194 116
1757517814814 5.62842857012635 117
1757517814823 5.57114438982379 118
1757517814832 5.51612703432048 119
1757517814841 5.463271297501813 120
1757517814850 5.412477060774927 121
1757517814860 5.363649043301926 122
1757517814869 5.3166965644295106 123
1757517814878 5.2715333177396735 124
1757517814888 5.228077156169977 125
1757517814897 5.186249887675322 126
1757517814906 5.145977080927907 127
1757517814915 5.107187880573106 128
1757517814924 5.069814831581146 129
1757517814933 5.033793712255731 130
1757517814942 4.999063375479863 131
1757517814952 4.9655655977991 132
1757517814961 4.933244935960648 133
1757517814971 4.9020485905445845 134
1757517814993 4.871926276340174 135
1757517815005 4.842830099137202 136
1757517815014 4.814714438617163 137
1757517815023 4.7875358370441825 138
1757517815033 4.761252893470669 139
1757517815042 4.735826163185091 140
1757517815051 4.7112180621433275 141
1757517815060 4.687392776136789 142
1757517815070 4.664316174463448 143
1757517815080 4.641955727877814 144
1757517815089 4.620280430608199 145
1757517815098 4.599260726238907 146
1757517815108 4.5788684372657364 147
1757517815117 4.5590766981413555 148
1757517815126 4.539859891637848 149
1757517815135 4.521193588360481 150
1757517815145 4.503054489255899 151
1757517815154 4.485420370965899 152
1757517815163 4.4682700338842345 153
1757517815173 4.4515832527820205 154
1757517815182 4.435340729873706 155
1757517815191 4.41952405020126 156
1757517815200 4.4041156392214065 157
1757517815210 4.389098722485806 158
1757517815219 4.374457287309254 159
1757517815228 4.360176046327269 160
1757517815237 4.34624040284823 161
1757517815247 4.33263641791083 162
1757517815256 4.319350778961277 163
1757517815265 4.306370770069916 164
1757517815275 4.293684243609898 165
1757517815284 4.281279593325344 166
1757517815294 4.269145728719507 167
1757517815303 4.257272050696962 168
1757517815313 4.245648428397653 169
1757517815322 4.234265177163025 170
1757517815331 4.223113037577947 171
1757517815341 4.212183155535 172
1757517815350 4.201467063269944 173
1757517815359 4.190956661320232 174
1757517815369 4.180644201360704 175
1757517815378 4.170522269872495 176
1757517815388 4.1605837726043085 177
1757517815397 4.150821919786116 178
1757517815406 4.141230212058437 179
1757517815416 4.13180242708135 180
1757517815425 4.122532606789814 181
1757517815435 4.1134150452628955 182
1757517815445 4.104444277177134 183
1757517815455 4.095615066814471 184
1757517815464 4.0869223975977444 185
1757517815474 4.078361462127642 186
1757517815483 4.069927652696316 187
1757517815493 4.061616552254016 188
1757517815503 4.053423925806722 189
1757517815512 4.045345712223366 190
1757517815522 4.037378016432442 191
1757517815531 4.029517101989104 192
1757517815541 4.021759383994339 193
1757517815550 4.014101422349099 194
1757517815560 4.006539915326801 195
1757517815569 3.999071693448994 196
1757517815579 3.9916937136488984 197
1757517815589 3.984403053709013 198
1757517815598 3.977196906959526 199
1757517815608 3.970072577224569 200
1757517815618 3.9630274740044364 201
1757517815627 3.9560591078822673 202
1757517815637 3.9491650861441023 203
1757517815646 3.9423431086024503 204
1757517815656 3.935590963612928 205
1757517815665 3.928906524275008 206
1757517815675 3.922287744807898 207
1757517815685 3.915732657093069 208
1757517815695 3.9092393673755113 209
1757517815704 3.9028060531158038 210
1757517815714 3.8964309599862026 211
1757517815723 3.890112399003441 212
1757517815733 3.8838487437919746 213
1757517815743 3.8776384279710587 214
1757517815752 3.871479942660382 215
1757517815762 3.8653718340978975 216
1757517815771 3.859312701364967 217
1757517815781 3.8533011942137865 218
1757517815791 3.847336010991625 219
1757517815801 3.841415896658125 220
1757517815811 3.8355396408907323 221
1757517815821 3.8297060762741486 222
1757517815831 3.823914076570022 223
1757517815841 3.8181625550630636 224
1757517815851 3.8124504629798595 225
1757517815860 3.80677678797715 226
1757517815870 3.801140552696209 227
1757517815880 3.795540813380307 228
1757517815890 3.789976658552359 229
1757517815900 3.784447207749804 230
1757517815909 3.778951610314276 231
1757517815919 3.7734890442333127 232
1757517815929 3.768058715031939 233
1757517815939 3.7626598547116012 234
1757517815948 3.7572917207344334 235
1757517815958 3.7519535950506504 236
1757517815968 3.7466447831673273 237
1757517815980 3.7413646132562435 238
1757517815991 3.736112435299666 239
1757517816000 3.730887620271538 240
1757517816010 3.7256895593532806 241
1757517816020 3.7205176631819796 242
1757517816030 3.715371361130047 243
1757517816040 3.710250100614349 244
1757517816049 3.7051533464341473 245
1757517816059 3.7000805801359387 246
1757517816069 3.695031299404519 247
1757517816079 3.6900050174786454 248
1757517816089 3.6850012625906037 249
1757517816099 3.680019577428339 250
1757517816109 3.675059518619303 251
1757517816119 3.670120656234933 252
1757517816128 3.665202573315107 253
1757517816138 3.6603048654113888 254
1757517816148 3.655427140148476 255
1757517816158 3.650569016802895 256
1757517816168 3.645730125898349 257
1757517816178 3.6409101088169455 258
1757517816188 3.6361086174254575 259
1757517816199 3.631325313716319 260
1757517816209 3.6265598694622967 261
1757517816219 3.6218119658846937 262
1757517816229 3.6170812933341105 263
1757517816239 3.6123675509836044 264
1757517816250 3.6076704465332154 265
1757517816260 3.602989695926157 266
1757517816270 3.5983250230752297 267
1757517816281 3.593676159599933 268
1757517816291 3.5890428445731577 269
1757517816301 3.5844248242773595 270
1757517816311 3.579821851969973 271
1757517816321 3.575233687657195 272
1757517816332 3.5706600978763627 273
1757517816342 3.5661008554861 274
1757517816352 3.561555739464277 275
1757517816362 3.557024534713204 276
1757517816372 3.552507031871958 277
1757517816382 3.5480030271353007 278
1757517816392 3.5435123220793567 279
1757517816402 3.539034723493219 280
1757517816412 3.534570043216767 281
1757517816423 3.5301180979841207 282
1757517816433 3.525678709272585 283
1757517816443 3.521251703157006 284
1757517816453 3.516836910169041 285
1757517816463 3.5124341651614945 286
1757517816473 3.5080433071772457 287
1757517816483 3.503664179322741 288
1757517816494 3.4992966286457494 289
1757517816504 3.4949405060174468 290
1757517816514 3.4905956660183146 291
1757517816524 3.48626196682814 292
1757517816535 3.4819392701193888 293
1757517816545 3.477627440954588 294
1757517816555 3.4733263476867293 295
1757517816565 3.4690358618632766 296
1757517816575 3.4647558581332367 297
1757517816585 3.4604862141572315 298
1757517816596 3.4562268105206946 299
1757517816607 3.4519775306497382 300
1757517816617 3.4477382607299254 301
1757517816627 3.443508889627504 302
1757517816637 3.439289308813357 303
1757517816648 3.435079412289189 304
1757517816658 3.4308790965163527 305
1757517816668 3.42668826034673 306
1757517816678 3.422506804955801 307
1757517816689 3.418334633778059 308
1757517816699 3.41417165244415 309
1757517816709 3.410017768720307 310
1757517816719 3.4058728924493438 311
1757517816729 3.4017369354938087 312
1757517816740 3.3976098116806344 313
1757517816750 3.3934914367476616 314
1757517816761 3.3893817282917604 315
1757517816771 3.385280605718528 316
1757517816781 3.3811879901935256 317
1757517816791 3.3771038045950177 318
1757517816802 3.3730279734681488 319
1757517816812 3.368960422980393 320
1757517816823 3.3649010808785733 321
1757517816833 3.360849876446885 322
1757517816844 3.3568067404664306 323
1757517816854 3.352771605175816 324
1757517816865 3.3487444042328423 325
1757517816875 3.344725072677516 326
1757517816886 3.3407135468960942 327
1757517816896 3.3367097645860624 328
1757517816906 3.3327136647221973 329
1757517816917 3.3287251875236885 330
1757517816927 3.3247442744221964 331
1757517816938 3.3207708680307104 332
1757517816948 3.3168049121134033 333
1757517816958 3.312846351556408 334
1757517816969 3.308895132339276 335
1757517816979 3.304951201507351 336
1757517816990 3.3010145071449126 337
1757517817000 3.2970849983491357 338
1757517817010 3.293162625204558 339
1757517817021 3.2892473387586123 340
1757517817031 3.285339090997543 341
1757517817042 3.281437834823129 342
1757517817052 3.277543524030113 343
1757517817063 3.2736561132840998 344
1757517817074 3.2697755581001773 345
1757517817084 3.2659018148221124 346
1757517817095 3.2620348406020363 347
1757517817105 3.2581745933809043 348
1757517817116 3.2543210318691527 349
1757517817127 3.250474115528258 350
1757517817137 3.246633804552433 351
1757517817148 3.2428000598511564 352
1757517817158 3.238972843031856 353
1757517817169 3.235152116383419 354
1757517817180 3.2313378428596735 355
1757517817190 3.2275299860638476 356
1757517817200 3.2237285102329905 357
1757517817211 3.219933380223099 358
1757517817222 3.2161445614944792 359
1757517817232 3.2123620200975105 360
1757517817243 3.2085857226590058 361
1757517817253 3.2048156363685094 362
1757517817264 3.2010517289653944 363
1757517817275 3.1972939687259783 364
1757517817285 3.193542324451147 365
1757517817296 3.1897967654542083 366
1757517817307 3.1860572615491796 367
1757517817317 3.182323783039239 368
1757517817328 3.178596300705591 369
1757517817339 3.174874785796487 370
1757517817350 3.1711592100166643 371
1757517817360 3.167449545517023 372
1757517817371 3.163745764884488 373
1757517817382 3.1600478411322177 374
1757517817393 3.156355747690017 375
1757517817403 3.152669458395035 376
1757517817414 3.148988947482624 377
1757517817424 3.145314189577543 378
1757517817435 3.1416451596852046 379
1757517817446 3.1379818331833786 380
1757517817457 3.1343241858139415 381
1757517817467 3.1306721936747826 382
1757517817478 3.1270258332121297 383
1757517817489 3.123385081212862 384
1757517817500 3.119749914797091 385
1757517817511 3.116120311410941 386
1757517817522 3.1124962488195074 387
1757517817532 3.1088777050998826 388
1757517817543 3.105264658634606 389
1757517817554 3.1016570881049033 390
1757517817565 3.0980549724844773 391
1757517817576 3.0944582910332072 392
1757517817586 3.0908670232910387 393
1757517817597 3.0872811490720835 394
1757517817608 3.0837006484588345 395
1757517817619 3.0801255017965157 396
1757517817630 3.0765556896875648 397
1757517817641 3.0729911929862337 398
1757517817651 3.069431992793352 399
1757517817662 3.0658780704512787 400
1757517817673 3.062329407538749 401
1757517817684 3.0587859858661566 402
1757517817695 3.055247787470669 403
1757517817706 3.051714794611647 404
1757517817716 3.0481869897660774 405
1757517817727 3.044664355624146 406
1757517817738 3.041146875084883 407
1757517817749 3.0376345312520536 408
1757517817759 3.034127307429853 409
1757517817771 3.030625187119008 410
1757517817781 3.027128154012827 411
1757517817792 3.0236361919933117 412
1757517817803 3.02014928512745 413
1757517817815 3.0166674176635135 414
1757517817827 3.0131905740275564 415
1757517817839 3.0097187388197946 416
1757517817850 3.006251896811315 417
1757517817861 3.0027900329406703 418
1757517817872 2.9993331323106354 419
1757517817883 2.995881180185039 420
1757517817894 2.992434161985589 421
1757517817905 2.988992063288967 422
1757517817916 2.985554869823722 423
1757517817927 2.9821225674674405 424
1757517817938 2.9786951422438674 425
1757517817949 2.9752725803202207 426
1757517817960 2.9718548680043724 427
1757517817971 2.9684419917422558 428
1757517817982 2.9650339381152917 429
1757517817994 2.9616306938378494 430
1757517818005 2.958232245754749 431
1757517818016 2.95483858083887 432
1757517818027 2.951449686188821 433
1757517818038 2.9480655490265173 434
1757517818049 2.944686156695039 435
1757517818061 2.941311496656417 436
1757517818072 2.937941556489382 437
1757517818083 2.934576323887332 438
1757517818094 2.9312157866562565 439
1757517818105 2.9278599327126797 440
1757517818116 2.9245087500817224 441
1757517818128 2.921162226895193 442
1757517818139 2.917820351389622 443
1757517818150 2.9144831119044854 444
1757517818161 2.911150496880374 445
1757517818172 2.9078224948571743 446
1757517818183 2.904499094472444 447
1757517818194 2.901180284459644 448
1757517818206 2.8978660536464904 449
1757517818217 2.8945563909533436 450
1757517818228 2.8912512853916317 451
1757517818239 2.887950726062276 452
1757517818250 2.8846547021542195 453
1757517818262 2.881363202942884 454
1757517818273 2.8780762177887405 455
1757517818284 2.874793736135878 456
1757517818296 2.8715157475106494 457
1757517818307 2.8682422415202398 458
1757517818318 2.864973207851408 459
1757517818329 2.861708636269117 460
1757517818341 2.858448516615283 461
1757517818352 2.855192838807492 462
1757517818364 2.851941592837862 463
1757517818375 2.8486947687717015 464
1757517818387 2.8454523567464696 465
1757517818398 2.8422143469705445 466
1757517818410 2.838980729722126 467
1757517818421 2.8357514953480947 468
1757517818432 2.8325266342629756 469
1757517818443 2.829306136947886 470
1757517818455 2.8260899939494277 471
1757517818466 2.8228781958787232 472
1757517818477 2.8196707334104416 473
1757517818489 2.816467597281741 474
1757517818500 2.8132687782914347 475
1757517818511 2.810074267298877 476
1757517818522 2.8068840552232768 477
1757517818534 2.8036981330425585 478
1757517818545 2.8005164917926484 479
1757517818556 2.7973391225665596 480
1757517818567 2.794166016513541 481
1757517818579 2.790997164838211 482
1757517818590 2.7878325587998387 483
1757517818601 2.7846721897114457 484
1757517818613 2.7815160489390744 485
1757517818624 2.778364127901038 486
1757517818636 2.77521641806711 487
1757517818650 2.772072910957865 488
1757517818662 2.768933598143875 489
1757517818673 2.7657984712450743 490
1757517818684 2.7626675219300174 491
1757517818695 2.759540741915205 492
1757517818707 2.7564181229644373 493
1757517818718 2.753299656888132 494
1757517818730 2.750185335542698 495
1757517818742 2.7470751508299287 496
1757517818753 2.743969094696311 497
1757517818765 2.740867159132498 498
1757517818776 2.737769336172657 499
