1757513848556 172.56687694765117 0
1757513848564 166.15646432810183 1
1757513848573 154.44346891441856 2
1757513848581 138.77404127758655 3
1757513848590 120.5818946148479 4
1757513848598 101.26026282081654 5
1757513848606 82.06173050138607 6
1757513848614 64.02804142550967 7
1757513848623 47.94936278702083 8
1757513848631 34.35039069871342 9
1757513848640 23.49918218878878 10
1757513848648 15.433690566321742 11
1757513848656 10.00062001735667 12
1757513848664 6.901324763705278 13
1757513848673 5.739960513615584 14
1757513848681 6.069844308909872 15
1757513848690 7.43488667995539 16
1757513848698 9.403929022013932 17
1757513848706 11.596765163470106 18
1757513848715 13.701482790926908 19
1757513848723 15.48348064353626 20
1757513848733 16.78707329021616 21
1757513848743 17.530976586899424 22
1757513848754 17.699178347692357 23
1757513848763 17.328756945963665 24
1757513848774 16.496140406459187 25
1757513848784 15.303129845349293 26
1757513848793 13.86377535664493 27
1757513848804 12.29292014415113 28
1757513848813 10.69694728696361 29
1757513848823 9.166995877123618 30
1757513848832 7.774676850472256 31
1757513848842 6.570125431596276 32
1757513848851 5.582083031981321 33
1757513848862 4.819608067084926 34
1757513848871 4.274969805424142 35
1757513848881 3.9272762466016173 36
1757513848891 3.746418290855566 37
1757513848900 3.6969691715858537 38
1757513848910 3.7417511312515592 39
1757513848920 3.844862009446173 40
1757513848929 3.9740352306290605 41
1757513848938 4.10228151359414 42
1757513848946 4.2088249818909045 43
1757513848955 4.279397390116748 44
1757513848963 4.305990599622982 45
1757513848972 4.2861892929601195 46
1757513848981 4.222214351282312 47
1757513848989 4.1198042685349865 48
1757513848998 3.9870498721527654 49
1757513849006 3.8332791115642273 50
1757513849015 3.6680663887402796 51
1757513849023 3.500417247814631 52
1757513849032 3.338156264521042 53
1757513849040 3.1875252880348626 54
1757513849049 3.052981914653696 55
1757513849057 2.9371748678956013 56
1757513849066 2.8410640439325223 57
1757513849074 2.7641482092657363 58
1757513849083 2.7047622782207794 59
1757513849092 2.660408121887487 60
1757513849101 2.628087225348967 61
1757513849109 2.604609438974397 62
1757513849118 2.586858814966662 63
1757513849126 2.572004415964937 64
1757513849136 2.5576504778533637 65
1757513849144 2.541925988915749 66
1757513849153 2.5235183378866624 67
1757513849162 2.5016590448080445 68
1757513849171 2.476071701014315 69
1757513849179 2.4468931864158896 70
1757513849188 2.414579155519531 71
1757513849197 2.3798038883743278 72
1757513849205 2.3433631127116756 73
1757513849214 2.306086545124477 74
1757513849223 2.268764883146859 75
1757513849232 2.232093989220117 76
1757513849240 2.196637187727267 77
1757513849249 2.162805052762046 78
1757513849257 2.130850861337961 79
1757513849266 2.1008790505990245 80
1757513849275 2.0728635417699115 81
1757513849284 2.0466726455529405 82
1757513849292 2.022097392303632 83
1757513849301 1.9988804732500252 84
1757513849310 1.9767434695658423 85
1757513849319 1.9554106190804994 86
1757513849328 1.9346279667876771 87
1757513849336 1.9141773155273936 88
1757513849345 1.8938848990964903 89
1757513849353 1.873625115543611 90
1757513849362 1.8533199692690963 91
1757513849371 1.8329350731440621 92
1757513849380 1.8124731614339094 93
1757513849390 1.7919660729031985 94
1757513849398 1.7714660977280217 95
1757513849407 1.7510374608512613 96
1757513849416 1.7307485578346855 97
1757513849425 1.7106653857048963 98
1757513849434 1.6908464371170069 99
1757513849443 1.6713391646759816 100
1757513849452 1.6521779832771077 101
1757513849461 1.6333836681070872 102
1757513849470 1.6149639273761598 103
1757513849479 1.5969148818778551 104
1757513849487 1.5792231656640185 105
1757513849496 1.561868369302192 106
1757513849505 1.5448255740741996 107
1757513849514 1.5280677663132431 108
1757513849523 1.5115679701333025 109
1757513849531 1.4953009888123752 110
1757513849541 1.4792446955620795 111
1757513849550 1.4633808598214149 112
1757513849559 1.4476955330808352 113
1757513849568 1.4321790471346494 114
1757513849577 1.4168256970894653 115
1757513849586 1.4016331917437372 116
1757513849596 1.386601956048718 117
1757513849605 1.371734365653238 118
1757513849614 1.3570339836648575 119
1757513849623 1.342504856447397 120
1757513849632 1.328150910175587 121
1757513849641 1.3139754744583136 122
1757513849650 1.2999809448444801 123
1757513849659 1.2861685833622836 124
1757513849668 1.2725384460230946 125
1757513849677 1.2590894187557728 126
1757513849687 1.2458193385698884 127
1757513849696 1.2327251747023966 128
1757513849705 1.2198032447408154 129
1757513849714 1.2070494427908607 130
1757513849723 1.1944594601642795 131
1757513849732 1.1820289832973503 132
1757513849741 1.1697538581973048 133
1757513849750 1.1576302152421503 134
1757513849759 1.1456545522989485 135
1757513849768 1.1338237776400708 136
1757513849779 1.1221352168781706 137
1757513849800 1.1105865900501983 138
1757513849817 1.0991759660706408 139
1757513849826 1.087901702117552 140
1757513849836 1.076762375226569 141
1757513849845 1.065756712588745 142
1757513849854 1.0548835259282463 143
1757513849864 1.0441416540245427 144
1757513849873 1.0335299160744316 145
1757513849882 1.0230470772760054 146
1757513849892 1.012691826847319 147
1757513849901 1.0024627677272562 148
1757513849910 0.9923584164788757 149
1757513849920 0.9823772114360699 150
1757513849929 0.9725175268912742 151
1757513849942 0.9627776910893907 152
1757513849955 0.953156005933391 153
1757513849965 0.9436507665770492 154
1757513849974 0.9342602794353647 155
1757513849983 0.9249828775409299 156
1757513849993 0.9158169325764286 157
1757513850003 0.9067608632896302 158
1757513850012 0.8978131403235989 159
1757513850021 0.8889722877569617 160
1757513850030 0.880236881839301 161
1757513850039 0.8716055475245698 162
1757513850049 0.8630769534557244 163
1757513850058 0.854649806045792 164
1757513850067 0.8463228432456091 165
1757513850077 0.8380948285002234 166
1757513850086 0.8299645452863361 167
1757513850096 0.8219307925057673 168
1757513850105 0.8139923808936397 169
1757513850114 0.8061481304945851 170
1757513850124 0.7983968691703679 171
1757513850133 0.7907374320328926 172
1757513850143 0.7831686616478086 173
1757513850152 0.7756894088264344 174
1757513850161 0.7682985338148367 175
1757513850171 0.7609949076963053 176
1757513850181 0.7537774138429009 177
1757513850190 0.7466449492801378 178
1757513850200 0.7395964258616338 179
1757513850209 0.7326307711850975 180
1757513850219 0.7257469292139127 181
1757513850228 0.7189438605978727 182
1757513850238 0.7122205427108349 183
1757513850247 0.7055759694411647 184
1757513850257 0.699009150783028 185
1757513850266 0.6925191122823616 186
1757513850276 0.6861048943925572 187
1757513850286 0.6797655517911203 188
1757513850296 0.6735001527021246 189
1757513850306 0.6673077782603697 190
1757513850315 0.661187521943397 191
1757513850325 0.6551384890876907 192
1757513850335 0.6491597964959491 193
1757513850344 0.6432505721346155 194
1757513850354 0.6374099549140981 195
1757513850363 0.6316370945398555 196
1757513850373 0.6259311514193697 197
1757513850382 0.6202912966091019 198
1757513850392 0.6147167117855762 199
1757513850402 0.6092065892263266 200
1757513850411 0.6037601317884185 201
1757513850421 0.598376552875212 202
1757513850430 0.593055076384716 203
1757513850440 0.5877949366357715 204
1757513850450 0.5825953782709872 205
1757513850460 0.5774556561373179 206
1757513850469 0.5723750351470352 207
1757513850479 0.5673527901228143 208
1757513850488 0.5623882056314728 209
1757513850498 0.5574805758108978 210
1757513850508 0.5526292041946411 211
1757513850517 0.5478334035380257 212
1757513850527 0.5430924956490215 213
1757513850537 0.5384058112261998 214
1757513850547 0.5337726897053738 215
1757513850557 0.5291924791155875 216
1757513850566 0.5246645359445293 217
1757513850576 0.5201882250128164 218
1757513850586 0.5157629193561394 219
1757513850596 0.511388000114059 220
1757513850605 0.5070628564240419 221
1757513850615 0.5027868853193876 222
1757513850624 0.49855949162972224 223
1757513850634 0.49438008788299337 224
1757513850644 0.49024809420805254 225
1757513850654 0.4861629382371986 226
1757513850664 0.48212405500830474 227
1757513850674 0.4781308868663329 228
1757513850683 0.4741828833642972 229
1757513850693 0.47027950116381956 230
1757513850703 0.4664202039355915 231
1757513850713 0.4626044622600939 232
1757513850723 0.45883175352892674 233
1757513850732 0.4551015618471381 234
1757513850742 0.4514133779368519 235
1757513850752 0.4477666990424807 236
1757513850762 0.44416102883771824 237
1757513850772 0.4405958773344144 238
1757513850781 0.4370707607934422 239
1757513850791 0.4335852016374874 240
1757513850801 0.43013872836574973 241
1757513850811 0.426730875470442 242
1757513850821 0.42336118335495876 243
1757513850830 0.4200291982535997 244
1757513850840 0.4167344721527016 245
1757513850850 0.41347656271302863 246
1757513850860 0.41025503319334217 247
1757513850870 0.40706945237502595 248
1757513850879 0.4039193944877025 249
1757513850889 0.40080443913580266 250
1757513850899 0.3977241712260107 251
1757513850909 0.3946781808956244 252
1757513850919 0.3916660634417856 253
1757513850929 0.3886874192516108 254
1757513850939 0.38574185373324277 255
1757513850949 0.3828289772478197 256
1757513850959 0.379948405042393 257
1757513850969 0.3770997571838172 258
1757513850979 0.37428265849359954 259
1757513850989 0.37149673848373915 260
1757513850999 0.3687416312935366 261
1757513851009 0.3660169756273798 262
1757513851019 0.3633224146934727 263
1757513851030 0.36065759614352716 264
1757513851040 0.35802217201335995 265
1757513851050 0.355415798664395 266
1757513851060 0.3528381367260303 267
1757513851071 0.3502888510388789 268
1757513851081 0.3477676105988109 269
1757513851091 0.3452740885018201 270
1757513851101 0.342807961889683 271
1757513851112 0.34036891189636126 272
1757513851124 0.3379566235951898 273
1757513851134 0.33557078594678386 274
1757513851144 0.3332110917476851 275
1757513851154 0.33087723757972315 276
1757513851165 0.32856892376008345 277
1757513851176 0.3262858542920747 278
1757513851188 0.324027736816609 279
1757513851199 0.3217942825643267 280
1757513851210 0.31958520630844905 281
1757513851220 0.31740022631825116 282
1757513851230 0.3152390643132268 283
1757513851240 0.31310144541790413 284
1757513851251 0.3109870981172802 285
1757513851261 0.3088957542129206 286
1757513851272 0.3068271487796575 287
1757513851282 0.3047810201229156 288
1757513851292 0.30275710973663617 289
1757513851303 0.300755162261797 290
1757513851313 0.2987749254455107 291
1757513851323 0.2968161501007069 292
1757513851333 0.2948785900663672 293
1757513851343 0.2929620021683278 294
1757513851354 0.2910661461806164 295
1757513851364 0.2891907847873319 296
1757513851375 0.28733568354505884 297
1757513851385 0.2855006108457918 298
1757513851395 0.2836853378803859 299
1757513851405 0.28188963860249666 300
1757513851416 0.28011328969304455 301
1757513851426 0.2783560705251381 302
1757513851437 0.2766177631295053 303
1757513851447 0.27489815216039604 304
1757513851457 0.2731970248619515 305
1757513851467 0.2715141710350406 306
1757513851477 0.26984938300454747 307
1757513851488 0.2682024555871151 308
1757513851498 0.2665731860593319 309
1757513851509 0.2649613741263531 310
1757513851522 0.2633668218909475 311
1757513851533 0.2617893338229772 312
1757513851551 0.26022871672929 313
1757513851562 0.2586847797240257 314
1757513851573 0.25715733419931597 315
1757513851584 0.25564619379640585 316
1757513851594 0.25415117437714263 317
1757513851605 0.25267209399587365 318
1757513851616 0.2512087728717115 319
1757513851627 0.2497610333611803 320
1757513851638 0.2483286999312323 321
1757513851648 0.24691159913262972 322
1757513851659 0.245509559573687 323
1757513851673 0.2441224118943607 324
1757513851684 0.24274998874070253 325
1757513851695 0.2413921247396381 326
1757513851705 0.24004865647410542 327
1757513851716 0.2387194224585091 328
1757513851726 0.23740426311451518 329
1757513851737 0.23610302074716802 330
1757513851747 0.23481553952132816 331
1757513851758 0.2335416654384196 332
1757513851769 0.23228124631349698 333
1757513851779 0.2310341317526121 334
1757513851790 0.22980017313049073 335
1757513851800 0.2285792235684932 336
1757513851811 0.22737113791287797 337
1757513851822 0.22617577271336317 338
1757513851832 0.22499298620194683 339
1757513851843 0.22382263827203822 340
1757513851854 0.22266459045784168 341
1757513851864 0.22151870591402723 342
1757513851875 0.22038484939567182 343
1757513851886 0.21926288723844997 344
1757513851896 0.21815268733910137 345
1757513851907 0.2170541191361566 346
1757513851918 0.21596705359089927 347
1757513851929 0.21489136316860258 348
1757513851939 0.21382692181999233 349
1757513851950 0.21277360496296568 350
1757513851961 0.211731289464548 351
1757513851971 0.2106998536230775 352
1757513851982 0.20967917715063733 353
1757513851993 0.20866914115570656 354
1757513852004 0.20766962812604217 355
1757513852015 0.2066805219117819 356
1757513852026 0.20570170770877705 357
1757513852037 0.20473307204212263 358
1757513852047 0.2037745027499279 359
1757513852058 0.2028258889672752 360
1757513852069 0.20188712111040072 361
1757513852079 0.20095809086107186 362
1757513852090 0.20003869115118192 363
1757513852100 0.19912881614752345 364
1757513852111 0.1982283612367735 365
1757513852122 0.19733722301067266 366
1757513852133 0.1964552992513844 367
1757513852144 0.19558248891706057 368
1757513852155 0.19471869212757456 369
1757513852166 0.19386381015045254 370
1757513852177 0.1930177453869794 371
1757513852188 0.1921804013584851 372
1757513852199 0.19135168269280342 373
1757513852210 0.19053149511091047 374
1757513852221 0.18971974541373213 375
1757513852231 0.18891634146911604 376
1757513852242 0.18812119219898163 377
1757513852253 0.18733420756661845 378
1757513852264 0.1865552985641632 379
1757513852275 0.18578437720022473 380
1757513852286 0.18502135648767282 381
1757513852297 0.18426615043157818 382
1757513852308 0.18351867401731403 383
1757513852318 0.18277884319879634 384
1757513852330 0.18204657488688938 385
1757513852340 0.1813217869379409 386
1757513852351 0.18060439814248044 387
1757513852362 0.17989432821404536 388
1757513852372 0.17919149777815976 389
1757513852383 0.17849582836144243 390
1757513852394 0.17780724238086631 391
1757513852405 0.17712566313314188 392
1757513852416 0.1764510147842342 393
1757513852427 0.17578322235902244 394
1757513852438 0.17512221173108083 395
1757513852449 0.17446790961259018 396
1757513852460 0.17382024354437758 397
1757513852472 0.17317914188607983 398
1757513852483 0.1725445338064332 399
1757513852494 0.1719163492736799 400
1757513852505 0.17129451904610102 401
1757513852516 0.17067897466265947 402
1757513852527 0.17006964843377118 403
1757513852538 0.1694664734321836 404
1757513852549 0.16886938348396752 405
1757513852560 0.16827831315962846 406
1757513852571 0.16769319776532024 407
1757513852582 0.1671139733341765 408
1757513852593 0.16654057661774385 409
1757513852604 0.16597294507752036 410
1757513852615 0.16541101687661142 411
1757513852626 0.1648547308714684 412
1757513852637 0.1643040266037518 413
1757513852648 0.16375884429228116 414
1757513852659 0.1632191248250875 415
1757513852670 0.1626848097515692 416
1757513852681 0.16215584127473526 417
1757513852692 0.16163216224355817 418
1757513852703 0.16111371614540537 419
1757513852714 0.16060044709857876 420
1757513852726 0.1600922998449323 421
1757513852737 0.15958921974259574 422
1757513852748 0.15909115275877436 423
1757513852759 0.15859804546264614 424
1757513852770 0.15810984501833844 425
1757513852781 0.15762649917800023 426
1757513852792 0.1571479562749533 427
1757513852804 0.1566741652169278 428
1757513852815 0.15620507547938012 429
1757513852827 0.15574063709889827 430
1757513852838 0.15528080066668132 431
1757513852849 0.1548255173220992 432
1757513852860 0.15437473874633603 433
1757513852871 0.1539284171561069 434
1757513852882 0.1534865052974514 435
1757513852893 0.1530489564396056 436
1757513852905 0.15261572436894486 437
1757513852916 0.15218676338300433 438
1757513852927 0.15176202828456822 439
1757513852938 0.15134147437583365 440
1757513852949 0.15092505745264825 441
1757513852960 0.1505127337988044 442
1757513852971 0.15010446018042314 443
1757513852983 0.1497001938403893 444
1757513852994 0.14929989249286102 445
1757513853005 0.14890351431784665 446
1757513853017 0.14851101795584087 447
1757513853028 0.14812236250253527 448
1757513853040 0.14773750750358192 449
1757513853051 0.14735641294943322 450
1757513853062 0.14697903927022904 451
1757513853075 0.14660534733075795 452
1757513853097 0.14623529842547064 453
1757513853109 0.14586885427355806 454
1757513853121 0.14550597701409015 455
1757513853133 0.1451466292012039 456
1757513853145 0.14479077379936456 457
1757513853156 0.14443837417866523 458
1757513853168 0.14408939411019928 459
1757513853179 0.14374379776147858 460
1757513853191 0.1434015496919089 461
1757513853202 0.1430626148483193 462
1757513853213 0.14272695856054834 463
1757513853225 0.14239454653707734 464
1757513853236 0.1420653448607204 465
1757513853248 0.1417393199843616 466
1757513853259 0.14141643872674922 467
1757513853270 0.1410966682683326 468
1757513853282 0.14077997614715537 469
1757513853293 0.1404663302547923 470
1757513853305 0.14015569883233855 471
1757513853316 0.13984805046644216 472
1757513853328 0.13954335408539062 473
1757513853339 0.13924157895523373 474
1757513853351 0.13894269467596407 475
1757513853362 0.13864667117773122 476
1757513853373 0.13835347871711356 477
1757513853385 0.13806308787342003 478
1757513853396 0.1377754695450464 479
1757513853408 0.1374905949458713 480
1757513853419 0.13720843560169357 481
1757513853431 0.13692896334671323 482
1757513853442 0.13665215032005215 483
1757513853454 0.13637796896232005 484
1757513853465 0.13610639201221272 485
1757513853477 0.1358373925031643 486
1757513853488 0.1355709437600181 487
1757513853500 0.13530701939576006 488
1757513853511 0.13504559330827348 489
1757513853523 0.1347866396771369 490
1757513853535 0.1345301329604649 491
1757513853546 0.1342760478917769 492
1757513853559 0.13402435947691063 493
1757513853571 0.1337750429909652 494
1757513853586 0.13352807397528685 495
1757513853599 0.1332834282344812 496
1757513853611 0.13304108183347144 497
1757513853626 0.13280101109457987 498
1757513853639 0.13256319259465318 499
