1757517973408 9.204712325388824 0
1757517973417 3.0589090439575144 1
1757517973427 2.396595217187313 2
1757517973437 1.3087504461693615 3
1757517973446 2.2281016556893016 4
1757517973456 4.359891923841995 5
1757517973465 3.208386168459725 6
1757517973474 3.362652886468604 7
1757517973483 2.9110778931084833 8
1757517973492 2.075691760250496 9
1757517973502 2.077010510377721 10
1757517973511 1.3048835954821536 11
1757517973520 1.886572972835103 12
1757517973529 1.2408297826628738 13
1757517973538 1.7593596256428479 14
1757517973547 0.9795424263229876 15
1757517973556 1.1167927050667115 16
1757517973565 0.6930842391351463 17
1757517973575 0.16350195180713636 18
1757517973584 0.512579209150787 19
1757517973594 0.8929714217834485 20
1757517973603 0.6144913994671437 21
1757517973614 0.7610098670035527 22
1757517973623 0.9427465679415868 23
1757517973633 0.6553479052897287 24
1757517973642 0.8551787746330306 25
1757517973651 0.7338397197372931 26
1757517973660 0.5486838796530912 27
1757517973669 0.4713251559604212 28
1757517973679 0.4731219356122605 29
1757517973688 0.7978441066980774 30
1757517973697 0.5433657887344828 31
1757517973706 0.27408035814824466 32
1757517973716 0.25209595920335726 33
1757517973725 0.22278100726477573 34
1757517973735 0.2541736759797023 35
1757517973744 0.3026600323901198 36
1757517973754 0.23718899236867136 37
1757517973764 0.16285551946268345 38
1757517973773 1.1581948103257225 39
1757517973782 0.9956914092508441 40
1757517973792 0.2662678643740668 41
1757517973801 0.2311868315264528 42
1757517973810 0.17845801579237566 43
1757517973820 0.13035225349913368 44
1757517973829 0.11932771365574361 45
1757517973839 0.09977562758312324 46
1757517973848 0.23121819695199217 47
1757517973857 0.27665903682054555 48
1757517973867 0.1920403976518877 49
1757517973876 0.17106830438571952 50
1757517973885 0.08097296271780602 51
1757517973895 0.055201166485057296 52
1757517973904 0.17251657911937587 53
1757517973914 0.1452449577484328 54
1757517973924 0.8175924884493502 55
1757517973933 0.1763046093879052 56
1757517973943 0.20379183836883782 57
1757517973952 0.15892142357734063 58
1757517973962 0.32728227898489765 59
1757517973971 0.2477681890038875 60
1757517973981 0.05636838566110173 61
1757517973990 0.06665907498620777 62
1757517974000 0.10203447088661227 63
1757517974010 0.10845004598420227 64
1757517974019 0.26474316780355356 65
1757517974029 0.10473298887632009 66
1757517974039 0.07650842977398992 67
1757517974048 0.08022827018162956 68
1757517974058 0.11940717161404665 69
1757517974068 0.13672807862751815 70
1757517974077 0.0924247749442563 71
1757517974087 0.10163448613028976 72
1757517974097 0.07379799525891131 73
1757517974106 0.1320078774744335 74
1757517974116 0.12772898503917038 75
1757517974126 0.09443481085476622 76
1757517974135 0.08974121104170578 77
1757517974145 0.14649879696839876 78
1757517974155 0.09336985344023224 79
1757517974164 0.06634940660765855 80
1757517974175 0.16128525742598163 81
1757517974185 0.0821819839649799 82
1757517974195 0.1299962580592176 83
1757517974204 0.15274823350711475 84
1757517974214 0.2021318827457191 85
1757517974225 0.09656474501681771 86
1757517974235 0.07398625204000693 87
1757517974245 0.27658148111966796 88
1757517974255 0.07794551634959226 89
1757517974265 0.13413973063520046 90
1757517974275 0.10571473601683228 91
1757517974285 0.10924906732889028 92
1757517974295 0.046894737739917314 93
1757517974305 0.09761896582484014 94
1757517974314 0.10638034457398682 95
1757517974324 0.07281987105911741 96
1757517974334 0.09746713711446571 97
1757517974344 0.07586280723711632 98
1757517974354 0.10571828753882018 99
1757517974364 0.1746791365831195 100
1757517974373 0.08618491431903784 101
1757517974383 0.09631020413382117 102
1757517974393 0.07870656503499858 103
1757517974402 0.13287016760455742 104
1757517974412 0.6373561893446201 105
1757517974422 0.06137730344185198 106
1757517974432 0.1764268621119531 107
1757517974442 0.06035090460918903 108
1757517974452 0.11351911544000175 109
1757517974462 0.11301439520408937 110
1757517974472 0.1067428896516797 111
1757517974482 0.07330539215584451 112
1757517974492 0.07957503425561399 113
1757517974501 0.06945947825098854 114
1757517974511 0.08164981828572697 115
1757517974521 0.07968360964945911 116
1757517974531 0.050834490518676397 117
1757517974541 0.12860115255590396 118
1757517974551 0.12527940995216016 119
1757517974561 0.22889538611728752 120
1757517974570 0.12939788557611484 121
1757517974580 0.08637070565463523 122
1757517974590 0.06540743384863354 123
1757517974600 0.05787601268624962 124
1757517974610 0.09553393614518217 125
1757517974631 0.1481146845461074 126
1757517974650 0.1400634268999891 127
1757517974660 0.19301365002544127 128
1757517974670 0.09729101844428684 129
1757517974680 0.05857742694656065 130
1757517974690 0.13313021951234208 131
1757517974700 0.11823002821905806 132
1757517974710 0.11573244681954128 133
1757517974720 0.15971540453228802 134
1757517974731 0.10933315977990644 135
1757517974741 0.0904791115914449 136
1757517974751 0.14619487455699368 137
1757517974761 0.08024798517184328 138
1757517974772 0.08653061246433166 139
1757517974782 0.1123638678933284 140
1757517974792 0.10851625448009924 141
1757517974802 0.0899128643806439 142
1757517974813 0.14624335810580277 143
1757517974824 0.06934275739538569 144
1757517974836 0.04910154817705215 145
1757517974847 0.21308229179173496 146
1757517974857 0.19615330258746982 147
1757517974868 0.08291555247642109 148
1757517974878 0.06117960783366096 149
1757517974888 0.14217816921760973 150
1757517974898 0.12666578792834945 151
1757517974908 0.11768104833269992 152
1757517974918 0.12083222035069648 153
1757517974928 0.05978754555174871 154
1757517974939 0.09054660467463417 155
