1757517905839 169.35671860624169 0
1757517905848 168.72167448494528 1
1757517905857 167.51973546597145 2
1757517905866 165.81601925245764 3
1757517905874 163.6721334718142 4
1757517905883 161.14587111516457 5
1757517905892 158.29104349736403 6
1757517905900 155.15742073668355 7
1757517905909 151.7907551631972 8
1757517905917 148.23286757916335 9
1757517905926 144.52178005475994 10
1757517905935 140.69188206853485 11
1757517905943 136.77411939494033 12
1757517905952 132.7961972872543 13
1757517905960 128.78279127515341 14
1757517905969 124.75576035342607 15
1757517905978 120.73435853311472 16
1757517905986 116.7354417022617 17
1757517905995 112.77366753685811 18
1757517906003 108.86168684431533 19
1757517906012 105.01032523759154 20
1757517906020 101.22875444971234 21
1757517906029 97.52465292397788 22
1757517906037 93.90435556987899 23
1757517906047 90.37299277136671 24
1757517906056 86.93461888325515 25
1757517906065 83.59233056207354 26
1757517906074 80.34837535692726 27
1757517906083 77.20425104004076 28
1757517906091 74.16079619070022 29
1757517906100 71.21827256442447 30
1757517906109 68.37643978489653 31
1757517906118 65.63462289220459 32
1757517906126 62.99177326970992 33
1757517906135 60.44652345512717 34
1757517906144 57.997236320814686 35
1757517906152 55.64204908496675 36
1757517906161 53.37891259040317 37
1757517906170 51.20562626174063 38
1757517906178 49.119869125488485 39
1757517906187 47.1192272515393 40
1757517906196 45.20121794896158 41
1757517906204 43.363311024242904 42
1757517906213 41.6029473863264 43
1757517906221 39.91755526011612 44
1757517906230 38.304564248645555 45
1757517906239 36.76141746387455 46
1757517906247 35.285581927117256 47
1757517906256 33.8745574223981 48
1757517906265 32.52588396956636 49
1757517906274 31.237148068735706 50
1757517906283 30.005987853503743 51
1757517906291 28.83009727739417 52
1757517906300 27.707229446008203 53
1757517906309 26.635199196386658 54
1757517906318 25.61188501503526 55
1757517906326 24.635230376877786 56
1757517906335 23.703244579018634 57
1757517906344 22.814003135559663 58
1757517906353 21.965647792775965 59
1757517906362 21.15638621765092 60
1757517906371 20.384491407049456 61
1757517906380 19.64830085964223 62
1757517906389 18.946215548004172 63
1757517906398 18.27669872409188 64
1757517906407 17.63827458749122 65
1757517906416 17.029526842392535 66
1757517906425 16.449097166166474 67
1757517906434 15.895683609636862 68
1757517906442 15.368038946660594 69
1757517906451 14.864968988393404 70
1757517906461 14.385330875626265 71
1757517906469 13.928031360791646 72
1757517906478 13.492025089652781 73
1757517906488 13.076312891265383 74
1757517906497 12.679940083545658 75
1757517906506 12.301994800655967 76
1757517906515 11.94160634742676 77
1757517906524 11.597943585155125 78
1757517906533 11.270213352345852 79
1757517906542 10.957658923273884 80
1757517906551 10.659558506650212 81
1757517906560 10.375223786142254 82
1757517906569 10.103998504042673 83
1757517906578 9.845257088975156 84
1757517906587 9.598403328181126 85
1757517906596 9.362869084625709 86
1757517906606 9.13811305890471 87
1757517906615 8.923619595709605 88
1757517906624 8.718897534420107 89
1757517906635 8.523479103231855 90
1757517906644 8.336918856094043 91
1757517906654 8.158792651621244 92
1757517906664 7.988696673049926 93
1757517906673 7.826246488240054 94
1757517906682 7.671076148663029 95
1757517906691 7.522837326273293 96
1757517906700 7.38119848712871 97
1757517906709 7.245844100604659 98
1757517906718 7.116473883031308 99
1757517906727 6.992802074581738 100
1757517906737 6.874556748237288 101
1757517906747 6.761479149666681 102
1757517906756 6.653323066865282 103
1757517906765 6.549854228418813 104
1757517906774 6.450849729275032 105
1757517906784 6.356097482929074 106
1757517906793 6.265395698953614 107
1757517906802 6.178552384831149 108
1757517906811 6.095384871073908 109
1757517906821 6.015719358646417 110
1757517906830 5.939390487735318 111
1757517906839 5.866240926941308 112
1757517906848 5.796120981999523 113
1757517906857 5.7288882231650575 114
1757517906867 5.664407130430627 115
1757517906876 5.602548755775084 116
1757517906885 5.5431904016705555 117
1757517906894 5.48621531510578 118
1757517906904 5.431512396413651 119
1757517906913 5.378975922217426 120
1757517906922 5.328505281840033 121
1757517906932 5.280004726546639 122
1757517906941 5.2333831310178995 123
1757517906950 5.188553766476376 124
1757517906959 5.145434084914098 125
1757517906969 5.103945513892839 126
1757517906978 5.064013261412065 127
1757517906988 5.025566130361853 128
1757517906997 4.988536342100215 129
1757517907006 4.9528593687142415 130
1757517907015 4.918473773545343 131
1757517907025 4.885321059577464 132
1757517907034 4.853345525306311 133
1757517907043 4.822494127724648 134
1757517907054 4.792716352076574 135
1757517907075 4.763964088048996 136
1757517907086 4.73619151208537 137
1757517907095 4.709354975520464 138
1757517907105 4.6834128982501175 139
1757517907115 4.658325667663649 140
1757517907124 4.634055542578489 141
1757517907134 4.61056656193104 142
1757517907143 4.587824457987635 143
1757517907152 4.565796573852697 144
1757517907162 4.5444517850605495 145
1757517907171 4.523760425048775 146
1757517907181 4.5036942143202685 147
1757517907191 4.484226193110994 148
1757517907200 4.465330657388883 149
1757517907209 4.446983098018791 150
1757517907218 4.429160142935403 151
1757517907228 4.411839502174531 152
1757517907237 4.394999915620885 153
1757517907247 4.378621103336402 154
1757517907256 4.362683718340952 155
1757517907266 4.347169301723008 156
1757517907276 4.3320602399643295 157
1757517907285 4.3173397243679 158
1757517907295 4.302991712484908 159
1757517907304 4.28900089144023 160
1757517907314 4.275352643062706 161
1757517907323 4.2620330107292785 162
1757517907333 4.249028667838473 163
1757517907342 4.23632688783118 164
1757517907352 4.223915515682107 165
1757517907362 4.211782940788579 166
1757517907372 4.199918071186863 167
1757517907382 4.18831030903002 168
1757517907392 4.176949527264552 169
1757517907401 4.1658260474460285 170
1757517907411 4.154930618637025 171
1757517907421 4.144254397333714 172
1757517907430 4.133788928369738 173
1757517907440 4.123526126748979 174
1757517907449 4.113458260360898 175
1757517907459 4.103577933534867 176
1757517907468 4.093878071391703 177
1757517907478 4.084351904952786 178
1757517907488 4.074992956969501 179
1757517907498 4.0657950284370985 180
1757517907507 4.0567521857589055 181
1757517907517 4.047858748529378 182
1757517907526 4.039109277904701 183
1757517907536 4.030498565532266 184
1757517907546 4.022021623011242 185
1757517907555 4.013673671858445 186
1757517907565 4.005450133954054 187
1757517907575 3.9973466224439598 188
1757517907584 3.989358933076104 189
1757517907594 3.981483035949431 190
1757517907604 3.973715067655423 191
1757517907613 3.966051323792625 192
1757517907623 3.9584882518361035 193
1757517907633 3.9510224443444266 194
1757517907642 3.943650632487624 195
1757517907652 3.936369679880226 196
1757517907662 3.9291765767050313 197
1757517907671 3.922068434112773 198
1757517907681 3.9150424788847493 199
1757517907691 3.9080960483452727 200
1757517907701 3.90122658551198 201
1757517907710 3.8944316344725793 202
1757517907720 3.887708835976524 203
1757517907730 3.881055923231927 204
1757517907740 3.8744707178971733 205
1757517907751 3.867951126258252 206
1757517907761 3.8614951355824365 207
1757517907771 3.8551008106402764 208
1757517907781 3.8487662903874127 209
1757517907790 3.842489784798751 210
1757517907803 3.8362695718475504 211
1757517907813 3.830103994622674 212
1757517907823 3.823991458577047 213
1757517907833 3.817930428901538 214
1757517907842 3.811919428017723 215
1757517907852 3.8059570331843786 216
1757517907862 3.800041874211961 217
1757517907872 3.794172631280048 218
1757517907883 3.7883480328528565 219
1757517907892 3.782566853688305 220
1757517907902 3.77682791293584 221
1757517907912 3.7711300723194636 222
1757517907922 3.7654722344011953 223
1757517907932 3.7598533409217834 224
1757517907942 3.754272371214858 225
1757517907951 3.74872834069087 226
1757517907961 3.743220299387859 227
1757517907971 3.7377473305858397 228
1757517907981 3.7323085494816772 229
1757517907992 3.726903101921866 230
1757517908001 3.7215301631904154 231
1757517908011 3.7161889368492877 232
1757517908021 3.710878653629009 233
1757517908031 3.7055985703670276 234
1757517908041 3.7003479689917844 235
1757517908051 3.695126155550311 236
1757517908061 3.6899324592772538 237
1757517908072 3.6847662317037138 238
1757517908082 3.679626845803694 239
1757517908092 3.674513695176902 240
1757517908102 3.669426193265765 241
1757517908112 3.6643637726055442 242
1757517908122 3.6593258841058276 243
1757517908131 3.654311996361843 244
1757517908141 3.649321594994687 245
1757517908151 3.6443541820187706 246
1757517908161 3.6394092752353804 247
1757517908171 3.6344864076513095 248
1757517908181 3.6295851269212664 249
1757517908191 3.624704994813108 250
1757517908202 3.619845586694807 251
1757517908211 3.6150064910424566 252
1757517908221 3.6101873089678618 253
1757517908232 3.6053876537653737 254
1757517908242 3.600607150476944 255
1757517908252 3.5958454354744225 256
1757517908262 3.5911021560585934 257
1757517908272 3.586376970074232 258
1757517908282 3.5816695455401004 259
1757517908292 3.576979560293926 260
1757517908302 3.5723067016508785 261
1757517908313 3.567650666075689 262
1757517908322 3.5630111588676536 263
1757517908332 3.5583878938572906 264
1757517908342 3.553780593115447 265
1757517908353 3.5491889866730566 266
1757517908363 3.5446128122519145 267
1757517908373 3.5400518150056035 268
1757517908384 3.5355057472704177 269
1757517908394 3.5309743683254617 270
1757517908404 3.526457444162208 271
1757517908414 3.5219547472621913 272
1757517908424 3.517466056383519 273
1757517908435 3.512991156355036 274
1757517908445 3.5085298378781804 275
1757517908455 3.5040818973362717 276
1757517908465 3.4996471366106388 277
1757517908476 3.495225362903746 278
1757517908486 3.4908163885684087 279
1757517908496 3.486420030943624 280
1757517908507 3.4820361121960146 281
1757517908518 3.4776644591672286 282
1757517908528 3.4733049032266075 283
1757517908538 3.46895728012929 284
1757517908548 3.4646214298793274 285
1757517908558 3.4602971965975162 286
1757517908569 3.4559844283941357 287
1757517908579 3.4516829772459294 288
1757517908589 3.4473926988775805 289
1757517908600 3.4431134526471663 290
1757517908610 3.438845101435669 291
1757517908620 3.4345875115403053 292
1757517908631 3.430340552571493 293
1757517908642 3.426104097353427 294
1757517908652 3.4218780218279217 295
1757517908662 3.4176622049616103 296
1757517908673 3.4134565286562983 297
1757517908683 3.409260877662303 298
1757517908694 3.4050751394946395 299
1757517908705 3.40089920435221 300
1757517908715 3.396732965039385 301
1757517908726 3.3925763168904868 302
1757517908736 3.3884291576965437 303
1757517908746 3.384291387634606 304
1757517908757 3.3801629091992265 305
1757517908767 3.376043627136313 306
1757517908778 3.371933448379078 307
1757517908789 3.367832281985983 308
1757517908799 3.3637400390808763 309
1757517908810 3.3596566327947825 310
1757517908820 3.3555819782098344 311
1757517908831 3.3515159923047344 312
1757517908841 3.3474585939021444 313
1757517908852 3.343409703617644 314
1757517908862 3.3393692438102383 315
1757517908873 3.3353371385346313 316
1757517908884 3.3313133134946282 317
1757517908894 3.327297695998398 318
1757517908905 3.323290214914798 319
1757517908916 3.319290800631208 320
1757517908926 3.3152993850126387 321
1757517908937 3.311315901362025 322
1757517908947 3.3073402843818296 323
1757517908958 3.303372470136698 324
1757517908968 3.2994123960174133 325
1757517908979 3.295460000705656 326
1757517908990 3.291515224140178 327
1757517909000 3.2875780074837215 328
1757517909011 3.2836482930909963 329
1757517909021 3.279726024477622 330
1757517909032 3.2758111462900192 331
1757517909042 3.2719036042761904 332
1757517909053 3.268003345257175 333
1757517909064 3.2641103170997146 334
1757517909074 3.2602244686892825 335
1757517909085 3.256345749904236 336
1757517909096 3.252474111590547 337
1757517909106 3.248609505537299 338
1757517909117 3.2447518844528966 339
1757517909127 3.2409012019419308 340
1757517909138 3.2370574124828018 341
1757517909148 3.2332204714058177 342
1757517909159 3.229390334872003 343
1757517909169 3.225566959852644 344
1757517909180 3.221750304109039 345
1757517909191 3.2179403261732484 346
1757517909202 3.2141369853291097 347
1757517909212 3.2103402415938276 348
1757517909223 3.2065500557001645 349
1757517909234 3.202766389079016 350
1757517909244 3.1989892038425523 351
1757517909255 3.1952184627678073 352
1757517909266 3.1914541292805874 353
1757517909276 3.187696167440094 354
1757517909287 3.1839445419237506 355
1757517909298 3.1801992180123926 356
1757517909309 3.176460161576095 357
1757517909319 3.172727339060223 358
1757517909330 3.169000717471851 359
1757517909341 3.1652802643665896 360
1757517909352 3.16156594783581 361
1757517909362 3.1578577364941043 362
1757517909373 3.154155599467127 363
1757517909384 3.150459506379836 364
1757517909395 3.1467694273449265 365
1757517909406 3.1430853329516237 366
1757517909416 3.139407194254741 367
1757517909427 3.1357349827641134 368
1757517909438 3.1320686704342062 369
1757517909449 3.1284082296540277 370
1757517909460 3.1247536332373307 371
1757517909470 3.121104854413038 372
1757517909481 3.117461866815923 373
1757517909492 3.1138246444775044 374
1757517909503 3.1101931618173384 375
1757517909514 3.1065673936341796 376
1757517909525 3.102947315097777 377
1757517909535 3.099332901740579 378
1757517909546 3.095724129449884 379
1757517909557 3.0921209744598896 380
1757517909568 3.088523413344257 381
1757517909579 3.084931423008733 382
1757517909590 3.081344980683844 383
1757517909601 3.077764063918007 384
1757517909612 3.074188650570558 385
1757517909623 3.07061871880525 386
1757517909634 3.0670542470835604 387
1757517909645 3.06349521415849 388
1757517909656 3.05994159906834 389
1757517909667 3.0563933811306216 390
1757517909678 3.0528505399362955 391
1757517909689 3.0493130553438905 392
1757517909700 3.045780907474029 393
1757517909711 3.0422540767038915 394
1757517909722 3.0387325436618955 395
1757517909733 3.035216289222546 396
1757517909744 3.031705294501319 397
1757517909755 3.0281995408497404 398
1757517909766 3.0246990098505124 399
1757517909777 3.0212036833128346 400
1757517909788 3.0177135432678237 401
1757517909799 3.014228571964006 402
1757517909810 3.0107487518628844 403
1757517909821 3.0072740656347556 404
1757517909832 3.0038044961544466 405
1757517909843 3.0003400264973443 406
1757517909854 2.996880639935251 407
1757517909865 2.9934263199326456 408
1757517909877 2.9899770501428584 409
1757517909889 2.986532814404308 410
1757517909900 2.9830935967369387 411
1757517909911 2.979659381338638 412
1757517909922 2.976230152581865 413
1757517909933 2.972805895010189 414
1757517909944 2.9693865933350327 415
1757517909955 2.965972232432484 416
1757517909967 2.962562797340105 417
1757517909978 2.959158273253886 418
1757517909989 2.9557586455252136 419
1757517910000 2.9523638996580415 420
1757517910011 2.948974021305862 421
1757517910023 2.9455889962690676 422
1757517910034 2.9422088104920916 423
1757517910046 2.938833450060815 424
1757517910057 2.9354629011999283 425
1757517910068 2.93209715027035 426
1757517910079 2.9287361837667785 427
1757517910090 2.9253799883152016 428
1757517910102 2.922028550670561 429
1757517910113 2.918681857714365 430
1757517910125 2.915339896452498 431
1757517910136 2.912002654012824 432
1757517910148 2.908670117643218 433
1757517910159 2.905342274709254 434
1757517910170 2.9020191126922246 435
1757517910181 2.8987006191870632 436
1757517910192 2.8953867819003225 437
1757517910204 2.8920775886483323 438
1757517910215 2.8887730273551115 439
1757517910226 2.8854730860506703 440
1757517910237 2.882177752869101 441
1757517910248 2.8788870160467948 442
1757517910260 2.8756008639207065 443
1757517910271 2.872319284926638 444
1757517910282 2.869042267597559 445
1757517910293 2.8657698005619943 446
1757517910305 2.8625018725423677 447
1757517910316 2.859238472353529 448
1757517910327 2.8559795889010697 449
1757517910339 2.852725211179963 450
1757517910350 2.849475328273008 451
1757517910361 2.8462299293494384 452
1757517910372 2.842989003663439 453
1757517910384 2.8397525405528627 454
1757517910395 2.836520529437814 455
1757517910407 2.833292959819364 456
1757517910418 2.8300698212781326 457
1757517910429 2.8268511034732287 458
1757517910441 2.823636796140832 459
1757517910452 2.820426889093075 460
1757517910467 2.8172213722167534 461
1757517910478 2.814020235472285 462
1757517910490 2.810823468892465 463
1757517910501 2.807631062581364 464
1757517910513 2.8044430067132464 465
1757517910525 2.8012592915315033 466
1757517910537 2.798079907347598 467
1757517910548 2.7949048445399494 468
1757517910560 2.791734093553082 469
1757517910571 2.7885676448964647 470
1757517910583 2.785405489143652 471
1757517910594 2.782247616931312 472
1757517910606 2.779094018958203 473
1757517910617 2.7759446859843875 474
1757517910629 2.7727996088302698 475
1757517910640 2.7696587783756876 476
1757517910652 2.7665221855591087 477
1757517910663 2.763389821376755 478
1757517910674 2.760261676881777 479
1757517910686 2.757137743183422 480
1757517910697 2.754018011446269 481
1757517910709 2.7509024728894502 482
1757517910721 2.7477911187858184 483
1757517910733 2.7446839404612686 484
1757517910745 2.74158092929399 485
1757517910757 2.7384820767137046 486
1757517910768 2.7353873742009513 487
1757517910780 2.732296813286467 488
1757517910791 2.729210385550406 489
1757517910803 2.7261280826217296 490
1757517910814 2.723049896177537 491
1757517910826 2.719975817942399 492
1757517910837 2.7169058396877563 493
1757517910849 2.7138399532312736 494
1757517910860 2.710778150436212 495
1757517910872 2.7077204232108776 496
1757517910884 2.7046667635080124 497
1757517910895 2.7016171633241766 498
1757517910907 2.698571614699292 499
