1757518017353 158.31227458666643 0
1757518017363 157.76789709271853 1
1757518017373 149.99728761605093 2
1757518017382 152.66991889978206 3
1757518017391 134.97909007023065 4
1757518017400 143.42561584682545 5
1757518017409 137.51275263295526 6
1757518017419 137.18407353853127 7
1757518017428 127.50106784411639 8
1757518017439 122.55602701115055 9
1757518017448 118.69923679576094 10
1757518017458 118.46173952383805 11
1757518017468 112.03631093242197 12
1757518017477 111.26405987606918 13
1757518017486 106.65913362803545 14
1757518017495 101.65642383963535 15
1757518017504 93.12585070616207 16
1757518017514 93.60317133654354 17
1757518017523 93.07817451633034 18
1757518017533 85.71528150491697 19
1757518017543 97.15988307751829 20
1757518017554 86.23091618958722 21
1757518017563 79.49913221671287 22
1757518017574 88.29490943325615 23
1757518017584 76.10508195586071 24
1757518017594 71.89181485367578 25
1757518017603 66.13091648044075 26
1757518017613 71.17988326371794 27
1757518017622 66.77425902006172 28
1757518017632 64.91397225954266 29
1757518017641 63.27138397155289 30
1757518017651 59.31949858639944 31
1757518017660 56.624857575786365 32
1757518017669 57.9347687187736 33
1757518017679 56.20158072436643 34
1757518017688 63.6089991059955 35
1757518017697 47.71449953881026 36
1757518017707 45.40136516922576 37
1757518017716 52.01021962646437 38
1757518017725 43.60494525384302 39
1757518017735 51.004041677277975 40
1757518017744 48.007298324671346 41
1757518017754 44.66049944668184 42
1757518017763 40.33630937823952 43
1757518017773 41.6676407136939 44
1757518017782 39.27817127276703 45
1757518017792 37.859597963891964 46
1757518017802 37.91819988861979 47
1757518017812 34.60917742576258 48
1757518017822 32.95128990346331 49
1757518017834 31.825638597450478 50
1757518017844 30.306828163732327 51
1757518017855 31.46437331034844 52
1757518017866 31.73952255237532 53
1757518017879 33.13391246256964 54
1757518017890 29.658507111228086 55
1757518017900 30.81213547058482 56
1757518017910 27.47305257246236 57
1757518017920 27.90030902825866 58
1757518017931 29.42676891613142 59
1757518017942 30.533231693758577 60
1757518017952 25.636567477842583 61
1757518017963 19.583723028875994 62
1757518017973 34.84467288550207 63
1757518017984 23.254020294496687 64
1757518017994 27.717137973439733 65
1757518018005 26.743757909548187 66
1757518018015 22.049753268961304 67
1757518018026 25.068827318644352 68
1757518018037 18.096252408037717 69
1757518018048 22.68450997777934 70
1757518018058 23.252587793605816 71
1757518018069 20.404374975253155 72
1757518018079 25.756581004293288 73
1757518018090 16.272911279720148 74
1757518018103 18.12024836452531 75
1757518018115 19.44178750599217 76
1757518018125 16.17560462097659 77
1757518018136 16.509711516998387 78
1757518018146 16.654515900932825 79
1757518018157 12.559285788860103 80
1757518018168 15.647955011737103 81
1757518018179 15.868626917208402 82
1757518018190 11.493032479058874 83
1757518018200 11.876915712556135 84
1757518018211 10.947344403096308 85
1757518018221 21.365559244366537 86
1757518018232 12.70397525578671 87
1757518018242 18.3024237006408 88
1757518018252 10.74788259275762 89
1757518018263 14.406552996699688 90
1757518018274 17.98500442938812 91
1757518018284 13.988841419816435 92
1757518018294 8.877760103245507 93
1757518018305 11.310299584109252 94
1757518018315 12.577673813615448 95
1757518018326 13.992300516130834 96
1757518018337 15.490385042571363 97
1757518018347 10.764913706019176 98
1757518018358 7.053519372152547 99
1757518018368 13.386623853379122 100
1757518018379 10.055810779420545 101
1757518018389 14.782354802417876 102
1757518018401 13.06091325944123 103
1757518018411 6.877466821547866 104
1757518018421 6.089841059180504 105
1757518018431 7.834649873537461 106
1757518018441 9.23229669993867 107
1757518018451 12.214036049345333 108
1757518018461 10.078147191194255 109
1757518018471 5.208651874097759 110
1757518018481 7.889064633082401 111
1757518018490 4.2551505727592716 112
1757518018500 7.562894570066044 113
1757518018510 7.765684171352885 114
1757518018520 4.945765493558147 115
1757518018530 4.200959470785432 116
1757518018543 6.178431093303423 117
1757518018554 3.075267701206073 118
1757518018570 8.769064750647564 119
1757518018581 7.189039854501432 120
1757518018591 4.76390163958585 121
1757518018602 8.629884878116528 122
1757518018612 4.055411942950903 123
1757518018622 4.6283420065374274 124
1757518018632 8.908605430534845 125
1757518018654 6.905727166407708 126
1757518018666 5.673217956628762 127
1757518018676 6.551868566788034 128
1757518018686 4.182044866199292 129
1757518018696 8.756958388697694 130
1757518018706 7.675692631915201 131
1757518018716 8.134573820839059 132
1757518018726 3.0971469330074375 133
1757518018736 9.981220037613898 134
1757518018746 9.201363683217316 135
1757518018756 11.396253786557285 136
1757518018766 7.059278562436645 137
1757518018776 6.159708139021267 138
1757518018786 10.754660459235735 139
1757518018795 1.048905478776294 140
1757518018805 5.102030504229817 141
1757518018815 6.859585392788135 142
1757518018825 6.837717079706281 143
1757518018835 4.579152126237039 144
1757518018845 12.359120055994753 145
1757518018855 7.576152673922045 146
1757518018865 4.036423688980689 147
1757518018876 4.313077105883818 148
1757518018886 8.887066798886622 149
1757518018896 6.543102721905729 150
1757518018906 12.273892153249413 151
1757518018916 4.112077617373092 152
1757518018926 6.324022149473558 153
1757518018936 4.884959307202293 154
1757518018946 6.798460583373404 155
1757518018956 7.056388102624463 156
1757518018966 5.040681697485463 157
1757518018976 6.586415016808742 158
1757518018987 3.2252114876769675 159
1757518018997 3.045837123661299 160
1757518019008 8.43585949040284 161
1757518019018 2.7208746106039468 162
1757518019028 5.521825444549389 163
1757518019038 2.310219238034664 164
1757518019049 5.8861549199003385 165
1757518019059 3.513005454440797 166
1757518019069 1.9102113199105546 167
1757518019079 7.867251126620649 168
1757518019090 7.506238469046887 169
1757518019100 2.715324630179731 170
1757518019110 5.447904379908927 171
1757518019120 7.9895633634049394 172
1757518019130 2.628228781175304 173
1757518019140 3.021700013069813 174
1757518019151 2.647335635751778 175
1757518019161 10.502334677424859 176
1757518019171 5.48880743352379 177
1757518019181 5.296156675382885 178
1757518019191 2.6211672369997165 179
1757518019202 3.7270863550273305 180
1757518019212 0.584092645445755 181
1757518019222 3.683067159907568 182
1757518019232 4.8018926372293675 183
1757518019242 4.359441971079696 184
1757518019253 1.5172719526995238 185
1757518019263 1.282220835751365 186
1757518019273 4.471416290178147 187
1757518019283 4.78412236246809 188
1757518019294 3.417756967954801 189
1757518019304 6.790721149630577 190
1757518019314 6.564186545277194 191
1757518019324 2.930335746953833 192
1757518019334 3.1324732485694264 193
1757518019344 1.0865682876454246 194
1757518019355 1.5958242670701666 195
1757518019366 6.803117836696301 196
1757518019376 3.1344560745680434 197
1757518019386 5.797306031262575 198
1757518019397 1.9207911300746916 199
1757518019407 3.6751447794414442 200
1757518019417 0.7319156218796884 201
1757518019427 5.527255096713016 202
1757518019438 5.321421592360111 203
1757518019448 6.278208622600168 204
1757518019458 1.441181546129057 205
1757518019469 4.6429847103652815 206
1757518019479 4.2261797101392515 207
1757518019489 5.274574091854413 208
1757518019499 3.496428518085121 209
1757518019510 2.8353982350798 210
1757518019520 4.153974111696436 211
1757518019531 2.581845720572371 212
1757518019541 2.8520085790413785 213
1757518019552 6.741596755432249 214
1757518019562 1.7624564168850751 215
1757518019572 1.2970813377537045 216
1757518019583 4.427831797990665 217
1757518019593 3.8297972707415497 218
1757518019604 2.9466009860102904 219
1757518019614 3.5685152982896176 220
1757518019624 2.9712621396102854 221
1757518019635 1.0592456006100535 222
1757518019645 3.078081473663762 223
1757518019655 2.059080234375023 224
1757518019666 5.580227396698836 225
1757518019676 6.521099536806209 226
1757518019687 3.534912344437902 227
1757518019698 4.656863547511836 228
1757518019709 5.6536621493387065 229
1757518019720 2.271955587591946 230
1757518019731 5.422564222806251 231
1757518019741 3.163566619655343 232
1757518019752 5.405864136654998 233
1757518019764 1.2200347532117675 234
1757518019777 2.473827453027592 235
1757518019788 3.5146983897383253 236
1757518019799 1.3861222218878406 237
1757518019810 6.067684885051791 238
1757518019820 2.838148904264356 239
1757518019831 5.709742579331993 240
1757518019842 3.271268068788064 241
1757518019852 5.147175317441081 242
1757518019863 4.86273084459663 243
1757518019874 2.550443865864691 244
1757518019884 2.7128637786571277 245
1757518019895 3.8179833475605975 246
1757518019906 6.848476941115088 247
1757518019917 2.4375083977336423 248
1757518019927 5.522431114245476 249
1757518019938 1.074061635987306 250
1757518019949 3.498696809454663 251
1757518019959 6.082555383475314 252
1757518019971 5.045147414803042 253
1757518019982 6.085397083964055 254
1757518019992 3.0744362203208473 255
1757518020003 5.677316164508232 256
1757518020014 2.546306633135715 257
1757518020025 3.9633717228475933 258
1757518020036 5.4228436356767125 259
1757518020046 4.167305650156869 260
1757518020057 3.1747723094921714 261
1757518020068 1.7451980631093829 262
1757518020079 6.180954984403403 263
1757518020090 4.606304002625622 264
1757518020100 3.913644649892362 265
1757518020111 3.1034034627227682 266
1757518020122 1.1172178179893413 267
1757518020133 3.5443000336893467 268
1757518020143 1.539031473354781 269
1757518020154 4.704858106309727 270
1757518020165 1.9928187993412771 271
1757518020176 4.854024242014608 272
1757518020187 4.303146281573532 273
1757518020197 1.6564382959813877 274
1757518020208 1.2941696535374085 275
1757518020219 3.810332958791491 276
1757518020230 5.410964448385598 277
1757518020241 6.413400495464432 278
1757518020251 3.548442648597582 279
1757518020262 3.5950114990138666 280
1757518020273 4.08099505205819 281
1757518020284 6.407125022800299 282
1757518020295 5.845910080138596 283
1757518020306 5.827332154130692 284
1757518020317 3.9796337750558863 285
1757518020327 1.2956986180129648 286
1757518020338 2.8222123244559523 287
1757518020349 1.6458170573325688 288
1757518020360 6.951077618865658 289
1757518020372 6.149793933745774 290
1757518020383 6.192263692428569 291
1757518020395 5.581808495984525 292
1757518020406 3.742157427420644 293
1757518020418 5.266291054764754 294
1757518020429 4.818770400036922 295
1757518020441 2.1711344307534524 296
1757518020453 6.337328568296362 297
1757518020465 5.476977265623978 298
1757518020478 4.655332556505499 299
1757518020490 5.601519457957532 300
1757518020502 3.6138954691070175 301
1757518020514 2.8859286348106177 302
1757518020527 5.576489490312355 303
1757518020540 1.7398004432366583 304
1757518020553 6.565046840670898 305
1757518020565 4.233434157603269 306
1757518020578 0.7209688781100784 307
1757518020590 4.537700183731971 308
1757518020604 2.7778697334742692 309
1757518020615 3.709928003182817 310
1757518020627 4.2262570887394215 311
1757518020639 6.128618631089993 312
1757518020650 6.221093588857642 313
1757518020662 5.996019129680452 314
1757518020674 2.20692803695799 315
1757518020686 3.9084485465359684 316
1757518020697 4.075503869368722 317
1757518020709 3.8080242149518626 318
1757518020721 0.9935498814170481 319
1757518020733 2.4855839121158474 320
1757518020744 3.2981032008792495 321
1757518020756 3.2205934404634076 322
1757518020768 4.902355202101835 323
1757518020780 2.896192796748612 324
1757518020794 3.4467949126341715 325
1757518020806 4.956453458475977 326
1757518020819 5.386199359538028 327
1757518020831 5.2871038032768345 328
1757518020843 1.5617975737442624 329
1757518020854 5.044651830158026 330
1757518020867 3.7367881546659625 331
1757518020878 2.812145106170624 332
1757518020890 1.828668224228298 333
1757518020901 2.112975090133827 334
1757518020913 3.758953201094332 335
1757518020924 3.4678669745129276 336
1757518020935 3.311607544572317 337
1757518020947 6.668702217592924 338
1757518020960 2.675135493356322 339
1757518020972 4.722951975618974 340
1757518020983 4.905223425315986 341
1757518020995 3.944025078014676 342
1757518021007 3.220666866900087 343
1757518021018 4.503468320251012 344
1757518021030 3.9041131261165 345
1757518021041 2.736936339436911 346
1757518021053 2.9372094409362064 347
1757518021065 2.5235097629157934 348
1757518021077 4.31756601804339 349
1757518021088 1.8838921815882788 350
1757518021100 1.5214393868739402 351
1757518021111 4.734876742847086 352
1757518021122 2.1406342929510953 353
1757518021134 2.955516816098733 354
1757518021145 2.4552408518867326 355
1757518021157 3.840935675792943 356
1757518021169 3.767756770652861 357
1757518021182 3.950863876708801 358
1757518021195 2.545272009304585 359
1757518021208 3.656569673779171 360
1757518021221 2.288471176397774 361
1757518021235 3.277418417594952 362
1757518021250 2.7166147134969463 363
1757518021265 2.9460405995307912 364
1757518021278 3.2346520745068807 365
1757518021295 4.995001359196788 366
1757518021308 4.032493076496708 367
1757518021320 3.810879621181253 368
1757518021334 1.4045362554095049 369
1757518021346 3.9885731439349255 370
1757518021359 3.676847953752802 371
1757518021373 2.5389506414676553 372
1757518021387 3.1089784147239543 373
1757518021402 0.7785700550976393 374
1757518021416 1.7449107140760682 375
1757518021429 2.823578160697618 376
1757518021445 1.761257996250365 377
1757518021461 2.9125441520659496 378
1757518021476 1.3131427994925717 379
1757518021488 2.799500831529653 380
1757518021501 1.724575674802435 381
1757518021515 3.1016056547388975 382
1757518021528 2.386396809798407 383
1757518021541 3.487959735961906 384
1757518021554 5.2690294841414165 385
1757518021567 4.476702623885449 386
1757518021580 5.8526935223020935 387
1757518021593 1.1770663182908074 388
1757518021605 2.0840127967883886 389
1757518021618 2.6460623377188486 390
1757518021630 4.432890541834268 391
1757518021652 4.191834852655013 392
1757518021674 0.6022788582793462 393
1757518021687 3.520728597526634 394
1757518021700 2.5247471201201117 395
1757518021714 3.9181090420310962 396
1757518021727 5.525199048480725 397
1757518021739 0.8882809975092776 398
1757518021753 4.249751166501629 399
1757518021766 2.4514605008001404 400
1757518021781 3.5695918533138733 401
1757518021793 2.799480436399299 402
1757518021807 2.6425656861405087 403
1757518021822 4.6526942882374955 404
1757518021835 1.8858957136025596 405
1757518021848 4.0573425396899605 406
1757518021860 4.470127350758537 407
1757518021872 2.508469790668647 408
1757518021884 6.422737763182564 409
1757518021896 3.5746803169710266 410
1757518021908 4.28656118826454 411
1757518021920 2.33002257422641 412
1757518021933 2.226175271747532 413
1757518021947 3.1311801321597437 414
1757518021960 3.4159972096567337 415
1757518021974 4.573707373317579 416
1757518021987 4.020934475379297 417
1757518022002 2.9620084789740684 418
1757518022015 3.698469728929886 419
1757518022028 5.884730597439764 420
1757518022044 2.125629005301139 421
1757518022057 1.7648921649665281 422
1757518022070 4.306854015683761 423
1757518022084 3.3550877107160857 424
1757518022098 3.3942658074149668 425
1757518022111 2.4549795744467007 426
1757518022127 1.5096716703199269 427
1757518022142 1.9698700465005974 428
1757518022155 4.621751363807308 429
1757518022167 0.8974988322225702 430
1757518022179 2.1305974396704026 431
1757518022192 2.2645245346012755 432
1757518022205 3.8427791243851637 433
1757518022218 5.5447339704937315 434
1757518022232 3.89398394330724 435
1757518022245 2.3570301894124124 436
1757518022258 4.665935788143586 437
1757518022271 4.449261047239494 438
1757518022284 1.4215986465409531 439
1757518022298 3.439657962643384 440
1757518022311 1.629845480624221 441
1757518022324 3.2927200423239937 442
1757518022337 2.2515560229766702 443
1757518022351 2.897665606770132 444
1757518022363 1.8406926829316872 445
1757518022376 4.709455851959808 446
1757518022388 2.013497379842368 447
1757518022400 1.088557709267697 448
1757518022413 2.9577489145846028 449
1757518022425 2.4483963560856714 450
1757518022437 3.073058834969416 451
1757518022449 2.1234895993878635 452
1757518022461 2.9755352417691365 453
1757518022473 3.49236703092694 454
1757518022485 1.7702947970436935 455
1757518022497 2.2049555596202426 456
1757518022510 0.9549437953292877 457
1757518022522 4.111586816456455 458
1757518022534 4.056506052240652 459
1757518022546 2.822192519585969 460
1757518022558 5.1852590895375315 461
1757518022570 3.643799007874532 462
1757518022583 3.7480023084879672 463
1757518022595 2.25285451490653 464
1757518022607 1.3016548576796807 465
1757518022619 4.008985466081666 466
1757518022632 1.8374941392570894 467
1757518022644 1.5556079131837033 468
1757518022656 2.539089954040611 469
1757518022669 3.760269240967049 470
1757518022681 3.451704921747164 471
1757518022693 2.0227648090668655 472
1757518022705 3.43374127930641 473
1757518022717 1.5525958709743983 474
1757518022729 3.243177959358885 475
1757518022741 3.5429986902408377 476
1757518022753 0.578658410033798 477
1757518022766 2.23802369485891 478
1757518022778 3.3694593114453624 479
1757518022790 3.623887280146275 480
1757518022802 4.376793437266604 481
1757518022814 3.2667775048018033 482
1757518022826 2.2743089989408634 483
1757518022839 6.1564515331589575 484
1757518022851 3.3376248863531734 485
1757518022863 2.148911126259812 486
1757518022875 4.90176489933016 487
1757518022888 3.3201102640812397 488
1757518022900 1.6467814977693196 489
1757518022912 4.020296111781501 490
1757518022925 4.1635813518736065 491
1757518022937 1.9903312111522096 492
1757518022949 4.104617260433131 493
1757518022961 1.3942504667616875 494
1757518022974 3.3595640120111465 495
1757518022986 2.2493168532175036 496
1757518022998 1.737431910752481 497
1757518023010 4.186203045538209 498
1757518023023 2.554296330017588 499
