1757517967936 1.4898736074943997 0
1757517967945 0.6245200447149667 1
1757517967954 0.3441295293270564 2
1757517967964 0.23005322289542077 3
1757517967973 0.17369835837796058 4
1757517967982 0.09707189438839725 5
1757517967992 0.15344195793452395 6
1757517968001 0.10012776107957384 7
1757517968011 0.10553123067430703 8
1757517968020 0.13891677572986305 9
1757517968029 0.05307139553920116 10
1757517968039 0.09663897775582198 11
1757517968048 0.09756095574057354 12
1757517968057 0.13091994694844128 13
1757517968067 0.08891821582085152 14
1757517968076 0.05509896492382952 15
1757517968086 0.0546107420211322 16
1757517968095 0.05071903319787381 17
1757517968104 0.07987506147912189 18
1757517968114 0.12853948379318075 19
1757517968123 0.10592879988716823 20
1757517968133 0.1014242248882807 21
1757517968143 0.13338833701044006 22
1757517968153 0.05578573417133481 23
1757517968162 0.09633911187653771 24
1757517968172 0.060735830764818644 25
1757517968182 0.08980586213056779 26
1757517968191 0.13224787398494475 27
1757517968201 0.08773721965753832 28
1757517968210 0.18876304929045365 29
1757517968219 0.1950016940875043 30
1757517968229 0.0935241172709847 31
1757517968238 0.08931318284799969 32
1757517968247 0.09659733749352077 33
1757517968257 0.09565384847352541 34
1757517968267 0.05675929546420334 35
1757517968276 0.06659114782112323 36
1757517968285 0.09495629841239882 37
1757517968295 0.0790230761389881 38
1757517968304 0.07501166655508468 39
1757517968313 0.10616279416854979 40
1757517968323 0.08233054764011877 41
1757517968332 0.08769208956620234 42
1757517968341 0.07981786094689215 43
1757517968351 0.08329409128916826 44
1757517968360 0.0866076237142521 45
1757517968370 0.08771478286151921 46
1757517968379 0.09912068546447893 47
1757517968389 0.060567768083680966 48
1757517968398 0.1365747362681593 49
1757517968408 0.0766150839550725 50
1757517968417 0.10340108801680743 51
1757517968426 0.09521391721669326 52
1757517968436 0.06802445322637558 53
1757517968445 0.19724117950540526 54
1757517968455 0.08300245037432986 55
1757517968465 0.07672787416712407 56
1757517968474 0.10170743412813062 57
1757517968484 0.10305928683182605 58
1757517968494 0.16885116280266316 59
1757517968504 0.12376061056477063 60
1757517968513 0.13154026016457634 61
1757517968523 0.07406074104711638 62
1757517968533 0.09485321906388053 63
1757517968542 0.06357427984329111 64
1757517968552 0.17219934213850313 65
1757517968562 0.06587637100695035 66
1757517968571 0.08436790058442364 67
1757517968581 0.07224443946808935 68
1757517968591 0.07692070667857795 69
1757517968601 0.05859466445955459 70
1757517968610 0.10257382350552358 71
1757517968620 0.07730738217122406 72
1757517968630 0.03132940310699013 73
1757517968639 0.12628269947779908 74
1757517968649 0.13963716085880454 75
1757517968659 0.12646986307702046 76
1757517968669 0.0718665082014556 77
1757517968678 0.11116697128928663 78
1757517968688 0.08436295372702608 79
1757517968698 0.07339309255408338 80
1757517968707 0.09674815665907271 81
1757517968717 0.06806368471105892 82
1757517968727 0.07840272617473892 83
1757517968736 0.1095246654069373 84
1757517968747 0.052221213133791994 85
1757517968757 0.08769073592952009 86
1757517968767 0.08598639512684149 87
1757517968777 0.07499447587911397 88
1757517968786 0.07298542273477049 89
1757517968796 0.0767399174958227 90
1757517968806 0.11451642414232023 91
1757517968816 0.0737992517537395 92
1757517968825 0.09341744693787556 93
1757517968835 0.05885401349598742 94
1757517968845 0.10558414453009932 95
1757517968855 0.0691910910927893 96
1757517968865 0.07223907847597773 97
1757517968875 0.11578732601204887 98
1757517968884 0.06817078562815485 99
1757517968894 0.07573571313896041 100
1757517968904 0.11809770399460909 101
1757517968914 0.04982438638044518 102
1757517968924 0.07523104246634972 103
1757517968934 0.07020282389394174 104
1757517968944 0.07128546687901252 105
1757517968954 0.12915525747713458 106
1757517968964 0.07757120016893056 107
1757517968974 0.08971467979314213 108
1757517968985 0.053605598688742505 109
1757517968995 0.06697667045932813 110
1757517969005 0.08870466621776726 111
1757517969015 0.12512781028703074 112
1757517969025 0.15237713216641166 113
1757517969035 0.17244299069975927 114
1757517969045 0.17000730479011678 115
1757517969055 0.07955665277761108 116
1757517969065 0.07573547709458979 117
1757517969075 0.08643565155958105 118
1757517969085 0.08400228348857416 119
1757517969095 0.09783745290021278 120
1757517969105 0.05746760122360131 121
1757517969116 0.07648818499759096 122
1757517969126 0.08031738852142158 123
1757517969136 0.16431783165246144 124
1757517969146 0.06904268242227549 125
1757517969158 0.09615580734526288 126
1757517969168 0.04988158513261662 127
1757517969178 0.11652463568107019 128
1757517969189 0.0729464930673289 129
1757517969199 0.09020408260475576 130
1757517969209 0.0983121256940225 131
1757517969220 0.12985140880408796 132
1757517969230 0.030984154925919775 133
1757517969240 0.08783345461508232 134
1757517969250 0.08374243972796089 135
1757517969260 0.24583649361311233 136
1757517969271 0.0733812724489766 137
1757517969289 0.05714382543757903 138
1757517969303 0.05187285348629708 139
1757517969312 0.08124541700198862 140
1757517969323 0.11839967093073193 141
1757517969333 0.08054416974164122 142
1757517969343 0.09466710165788254 143
1757517969353 0.07521670573616664 144
1757517969363 0.08565723794316078 145
1757517969373 0.16362698095491127 146
1757517969383 0.04065739637979206 147
1757517969393 0.08676357913144146 148
1757517969403 0.11168494811674916 149
1757517969414 0.1125292227425359 150
1757517969424 0.08644422004393329 151
1757517969434 0.0868789750590873 152
1757517969444 0.06642177902974782 153
1757517969454 0.07749435710343146 154
1757517969464 0.12228034191731832 155
1757517969475 0.13630551473996266 156
1757517969485 0.07034617125287197 157
1757517969495 0.035702585955622715 158
1757517969505 0.054619874126863775 159
1757517969515 0.08208756052365468 160
1757517969525 0.12332856212466038 161
1757517969535 0.05594121816676177 162
1757517969546 0.053907978105901755 163
1757517969556 0.09085191505617411 164
1757517969566 0.06861523552980107 165
1757517969576 0.0783636094867531 166
1757517969587 0.1272647311608798 167
1757517969597 0.07565194537646079 168
1757517969607 0.09996964453148134 169
1757517969617 0.1563274699110962 170
1757517969627 0.07561975824756641 171
1757517969638 0.07185225456911624 172
1757517969648 0.162449413561551 173
1757517969658 0.07396994340949359 174
1757517969669 0.11004461707889927 175
1757517969679 0.14154908697665017 176
1757517969690 0.05649840895766014 177
1757517969700 0.07165322095913837 178
1757517969711 0.07054643775248416 179
1757517969721 0.07960781535943907 180
1757517969731 0.11907300108265872 181
1757517969742 0.100164041152917 182
1757517969752 0.07323014290370602 183
1757517969762 0.10548444177952256 184
1757517969773 0.04734205438669139 185
1757517969783 0.17398379813706927 186
1757517969793 0.12720958539883578 187
1757517969804 0.10472106771125897 188
1757517969814 0.06909026655299032 189
1757517969826 0.10980101137426282 190
1757517969836 0.045061766312052866 191
1757517969847 0.10121769671558724 192
1757517969860 0.0776077738579387 193
1757517969871 0.08929172609350874 194
1757517969882 0.06733115467772867 195
1757517969892 0.0873285020352973 196
1757517969903 0.0962911372744177 197
1757517969913 0.12041992136095203 198
1757517969923 0.09976001323883397 199
1757517969934 0.08953521760955262 200
1757517969944 0.0814144513875514 201
1757517969955 0.12115246113632772 202
1757517969965 0.059063470210209135 203
1757517969975 0.04745332529180993 204
1757517969986 0.11577190374575642 205
1757517969997 0.12440973569438749 206
1757517970008 0.13066363499659225 207
1757517970018 0.06415139341435662 208
1757517970029 0.08382410444260496 209
1757517970039 0.0701392409582742 210
1757517970050 0.11571032497933573 211
1757517970061 0.08718744155720778 212
1757517970071 0.06338360890001352 213
1757517970082 0.05733152677133886 214
1757517970092 0.21737506096900377 215
1757517970103 0.06091239535154409 216
1757517970113 0.06704965716033416 217
1757517970124 0.052676521118415795 218
1757517970134 0.10583677701145792 219
1757517970145 0.0674870144468742 220
1757517970155 0.10057244001909145 221
1757517970166 0.07056310719862073 222
1757517970176 0.056560069041600464 223
1757517970187 0.09007917216767286 224
1757517970198 0.11028912676554702 225
1757517970209 0.13582929110246955 226
1757517970219 0.08790679581560103 227
1757517970230 0.10966763788641079 228
1757517970241 0.08042789431245115 229
1757517970251 0.08059616771943297 230
1757517970262 0.10909205815533361 231
1757517970272 0.08418554613496268 232
1757517970283 0.12520827923851804 233
1757517970294 0.11996138324089484 234
1757517970305 0.08330191379771897 235
1757517970316 0.08956809785811916 236
1757517970326 0.10544730123064908 237
1757517970337 0.18144445430572206 238
1757517970348 0.07671704513719348 239
1757517970358 0.08447600208986716 240
1757517970369 0.09211598673779826 241
1757517970380 0.05956706728554201 242
1757517970391 0.057114612325524096 243
1757517970402 0.05891552660276785 244
1757517970413 0.07782279556433963 245
1757517970424 0.05070860209149224 246
1757517970435 0.11801332223905643 247
1757517970445 0.04905333623776928 248
1757517970456 0.07409278053205544 249
1757517970467 0.10633305333131893 250
1757517970478 0.10009271467488146 251
1757517970489 0.061042758109501036 252
1757517970499 0.06954807433516258 253
1757517970510 0.15043479643248256 254
1757517970521 0.05399849627505002 255
1757517970532 0.1419869881955094 256
1757517970543 0.10723386493230631 257
1757517970554 0.08196565480424413 258
1757517970565 0.07304725338819423 259
1757517970576 0.1136232360449414 260
1757517970587 0.12169598179569416 261
1757517970598 0.06276289211708229 262
1757517970609 0.052199784197713525 263
1757517970619 0.08834406514421478 264
1757517970630 0.10314115680595064 265
1757517970641 0.10746699639323896 266
1757517970652 0.10634196223434446 267
1757517970663 0.0719716248487934 268
1757517970674 0.07162579498238583 269
1757517970685 0.06318668597688469 270
1757517970696 0.07384332796461726 271
1757517970707 0.10309361915482193 272
1757517970718 0.1291024765008306 273
1757517970729 0.05154232356474982 274
1757517970740 0.10886024819588826 275
1757517970751 0.14368142783738433 276
1757517970762 0.08369648422141035 277
1757517970773 0.07016888953088521 278
1757517970784 0.06301748170842891 279
1757517970795 0.08630889531429306 280
1757517970806 0.19000251889172756 281
1757517970817 0.0889332627917461 282
1757517970828 0.06100361076547566 283
1757517970839 0.06888490606158394 284
1757517970850 0.06403831265753573 285
1757517970861 0.05847489894438727 286
1757517970872 0.07647012683899052 287
1757517970883 0.10811748986954761 288
1757517970894 0.05943498031029442 289
1757517970905 0.09366167561085605 290
1757517970916 0.09163262682317778 291
1757517970927 0.06939970190520295 292
1757517970938 0.05259697484741738 293
1757517970949 0.10847727633139537 294
1757517970960 0.059142656855445924 295
1757517970971 0.08772899120137488 296
1757517970983 0.0954651544786915 297
1757517970994 0.09576550126631295 298
1757517971006 0.10045364659650387 299
1757517971017 0.0871105327648562 300
1757517971028 0.08700014621907899 301
1757517971040 0.15101036297817716 302
1757517971051 0.11004215942636972 303
1757517971062 0.08483141350073886 304
1757517971073 0.06064182112033129 305
1757517971085 0.08731513485838889 306
1757517971096 0.0749910421722287 307
1757517971107 0.0778834723265558 308
1757517971119 0.06602368760143101 309
1757517971130 0.11491504697732555 310
1757517971141 0.07305972259535382 311
1757517971152 0.07257132225233022 312
1757517971164 0.20964555296375992 313
1757517971175 0.07412780519588001 314
1757517971186 0.13046272031436196 315
1757517971198 0.0794181397238974 316
1757517971209 0.07071084662674734 317
1757517971220 0.10827925904796394 318
1757517971232 0.2273323642038612 319
1757517971243 0.08331309163271917 320
1757517971254 0.09020512149854398 321
1757517971265 0.1236271284846105 322
1757517971276 0.06092588555981566 323
1757517971288 0.11983187372820606 324
1757517971299 0.07240568640300003 325
1757517971310 0.08251565729062472 326
1757517971322 0.07873403571746553 327
1757517971333 0.08857105822191642 328
1757517971344 0.07161433060838258 329
1757517971355 0.10972325896587704 330
1757517971367 0.14309505582404256 331
1757517971378 0.11217465494170567 332
1757517971389 0.10925123154568149 333
1757517971401 0.0687977256366107 334
1757517971412 0.0580298230183583 335
1757517971424 0.10194871376548383 336
1757517971435 0.1780090795823956 337
1757517971447 0.07985057050489872 338
1757517971458 0.08113594336357323 339
1757517971470 0.13648560403518425 340
1757517971481 0.11667169484853855 341
1757517971492 0.08101704957607583 342
1757517971504 0.06640795235427288 343
1757517971516 0.0684829099871851 344
1757517971527 0.09481666022741483 345
1757517971538 0.08498333319377749 346
1757517971550 0.08512118887894006 347
1757517971561 0.08017888204915594 348
1757517971572 0.1593163719613542 349
1757517971584 0.06455623079996234 350
1757517971597 0.09990157482105322 351
1757517971609 0.10110260867101102 352
1757517971621 0.11639335169832447 353
1757517971632 0.08995175618714887 354
1757517971644 0.07823141989851673 355
1757517971655 0.12063939884316874 356
1757517971666 0.05580570383981043 357
1757517971678 0.10637116340030307 358
1757517971689 0.09648908999560422 359
1757517971701 0.17558754945639848 360
1757517971712 0.12452254651039375 361
1757517971724 0.07465352049174478 362
1757517971735 0.08453825513125385 363
1757517971746 0.11919516761170014 364
1757517971758 0.09132496260159785 365
1757517971770 0.11241660908732332 366
1757517971781 0.07953427698097879 367
1757517971793 0.04990463723642066 368
1757517971804 0.0767518405163811 369
1757517971816 0.08251257375353965 370
1757517971827 0.10005239700333485 371
1757517971839 0.09301904149319773 372
1757517971850 0.15059520197249746 373
1757517971862 0.1368436119472066 374
1757517971873 0.07199707609771747 375
1757517971885 0.06630545037230577 376
1757517971896 0.07973864044433635 377
1757517971908 0.09807873222910742 378
1757517971919 0.11079567197728751 379
1757517971931 0.11985003038239624 380
1757517971943 0.09583285241894815 381
1757517971954 0.09064067568961222 382
1757517971966 0.08651132285717268 383
1757517971977 0.10218045620033696 384
1757517971989 0.06756356631578073 385
1757517972001 0.07848293323057771 386
1757517972013 0.1327161633159744 387
1757517972025 0.0711603224794807 388
1757517972037 0.09870807448550908 389
1757517972049 0.1181412807551677 390
1757517972061 0.07009058017448533 391
1757517972073 0.07119211310542617 392
1757517972085 0.11461878522382192 393
1757517972096 0.1382242331164876 394
1757517972109 0.10689339158505133 395
1757517972121 0.10764464917539567 396
1757517972133 0.18283429358856665 397
1757517972145 0.14381748044342926 398
1757517972157 0.11892322852400973 399
1757517972169 0.10051552302914701 400
1757517972181 0.1945408044213096 401
1757517972193 0.05168180449360854 402
1757517972205 0.047617164861580505 403
1757517972217 0.11717498459045385 404
1757517972229 0.09109032461275471 405
1757517972241 0.10807613668184976 406
1757517972252 0.12069107906285456 407
1757517972264 0.04838953742131568 408
1757517972276 0.11683752232415656 409
1757517972288 0.10575099691557895 410
1757517972300 0.093035052051817 411
1757517972312 0.07804976650714526 412
1757517972324 0.08574558649457384 413
1757517972335 0.10845026529808423 414
1757517972347 0.08799620486234418 415
1757517972359 0.08681828333329705 416
1757517972371 0.10457013133943431 417
1757517972383 0.09898510912491967 418
1757517972395 0.06250412965081209 419
1757517972407 0.06668294283429553 420
1757517972419 0.08219446901509636 421
1757517972431 0.10391555807870906 422
1757517972443 0.10322247585029581 423
1757517972455 0.08053533908084531 424
1757517972467 0.07722467169852114 425
1757517972479 0.07648245291503637 426
1757517972492 0.06847313495372416 427
1757517972503 0.16885099146676022 428
1757517972515 0.05825279071444586 429
1757517972527 0.18704317646755578 430
1757517972540 0.08001279862435644 431
1757517972552 0.21036751717286187 432
1757517972564 0.09476244382839942 433
1757517972576 0.12192738778168882 434
1757517972588 0.09775303624418681 435
1757517972600 0.09460298102794337 436
1757517972612 0.11574811412067058 437
1757517972624 0.09476999228668355 438
1757517972636 0.06957239419805626 439
1757517972648 0.06632317104486588 440
1757517972660 0.1224630228622677 441
1757517972671 0.08597726247674829 442
1757517972686 0.05087684236858937 443
1757517972698 0.10758073300047497 444
1757517972710 0.06582211085730853 445
1757517972723 0.17256986767703342 446
1757517972735 0.10922500147717688 447
1757517972747 0.033788357006582406 448
1757517972759 0.09705408545839779 449
1757517972771 0.06167928275445721 450
1757517972783 0.04564100979918634 451
1757517972795 0.21244422139646105 452
1757517972807 0.08763941036706219 453
1757517972819 0.05947653875832016 454
1757517972832 0.15442114365899406 455
1757517972843 0.1490396767546868 456
1757517972855 0.13652860118036825 457
1757517972867 0.06871592826488004 458
1757517972879 0.11175219364643857 459
1757517972891 0.07750811477770227 460
1757517972904 0.11290919705359903 461
1757517972916 0.06851878815193642 462
1757517972928 0.1102818523317858 463
1757517972940 0.11562958594889623 464
1757517972952 0.05424424445030713 465
1757517972964 0.07863988708347051 466
1757517972977 0.09589330637829048 467
1757517972989 0.06958313835109137 468
1757517973001 0.09182517476981956 469
1757517973015 0.10038699538907324 470
1757517973027 0.11172435971816663 471
1757517973039 0.13274068681496895 472
1757517973052 0.0938946256969806 473
1757517973064 0.09785168472836155 474
1757517973076 0.051318406032208636 475
1757517973088 0.07529278439718196 476
1757517973100 0.08775847975935334 477
1757517973113 0.08495083986187514 478
1757517973125 0.06312225579028918 479
1757517973138 0.09225405111075632 480
1757517973151 0.05176652554633715 481
1757517973165 0.06782144476501925 482
1757517973182 0.09768212402842025 483
1757517973195 0.10425385047536598 484
1757517973207 0.0879698356284493 485
1757517973220 0.11958019588280078 486
1757517973232 0.09549749854459673 487
1757517973245 0.07039583528770088 488
1757517973257 0.10229006913894184 489
1757517973270 0.09333283212022798 490
1757517973282 0.15581414247489161 491
1757517973295 0.06271566933121182 492
1757517973307 0.06796656268727154 493
1757517973319 0.15560804266865463 494
1757517973332 0.088997013502886 495
1757517973344 0.05016973391755681 496
1757517973357 0.22034037828259143 497
1757517973369 0.17300392868860726 498
1757517973381 0.07909559589885165 499
