1757517788560 169.32394565039058 0
1757517788568 163.0295004585076 1
1757517788576 156.9776302262179 2
1757517788585 151.15893072217844 3
1757517788593 145.56436342881824 4
1757517788601 140.18524129340173 5
1757517788610 135.013215034942 6
1757517788618 130.04025998523971 7
1757517788626 125.25866344322192 8
1757517788634 120.66101252251737 9
1757517788642 116.24018247302847 10
1757517788651 111.98932545799579 11
1757517788660 107.901859768768 12
1757517788669 103.97145946019779 13
1757517788677 100.19204439024152 14
1757517788685 96.55777064798465 15
1757517788693 93.06302135493873 16
1757517788702 89.70239782502918 17
1757517788710 86.47071106928594 18
1757517788718 83.36297363177415 19
1757517788726 80.37439174384544 20
1757517788735 77.50035778427602 21
1757517788743 74.73644303336887 22
1757517788752 72.07839070953078 23
1757517788761 69.52210927731592 24
1757517788770 67.06366601633302 25
1757517788779 64.6992808408408 26
1757517788787 62.425320360249444 27
1757517788796 60.238292171125245 28
1757517788804 58.13483937166903 29
1757517788812 56.11173528998718 30
1757517788821 54.16587841780995 31
1757517788829 52.294287541647854 32
1757517788838 50.49409706367789 33
1757517788846 48.76255250496143 34
1757517788854 47.09700618387644 35
1757517788863 45.49491306293397 36
1757517788872 43.953826757406915 37
1757517788881 42.471395699459634 38
1757517788889 41.04535945171224 39
1757517788897 39.67354516441439 40
1757517788907 38.35386417062172 41
1757517788916 37.084308713996165 42
1757517788924 35.862948804056515 43
1757517788933 34.68792919390961 44
1757517788941 33.557466475682794 45
1757517788950 32.46984628907141 46
1757517788958 31.42342063858633 47
1757517788966 30.41660531526632 48
1757517788975 29.447877418779793 49
1757517788983 28.515772976001596 50
1757517788992 27.61888465230405 51
1757517789000 26.755859551947115 52
1757517789009 25.92539710409336 53
1757517789018 25.12624703111082 54
1757517789026 24.357207395954678 55
1757517789035 23.617122725544853 56
1757517789043 22.9048822071787 57
1757517789052 22.21941795513119 58
1757517789060 21.55970334470415 59
1757517789069 20.924751411100765 60
1757517789077 20.31361331059627 61
1757517789086 19.725376841572686 62
1757517789094 19.159165023094417 63
1757517789103 18.61413472877246 64
1757517789112 18.089475373768916 65
1757517789120 17.584407652868627 66
1757517789129 17.098182327629036 67
1757517789137 16.630079060695365 68
1757517789146 16.179405295445196 69
1757517789154 15.74549517919292 70
1757517789163 15.327708528262091 71
1757517789172 14.925429833290297 72
1757517789180 14.538067303202018 73
1757517789189 14.165051946342398 74
1757517789198 13.805836687324287 75
1757517789206 13.459895518198731 76
1757517789215 13.12672268261073 77
1757517789224 12.805831891657192 78
1757517789233 12.496755570211652 79
1757517789241 12.199044132529608 80
1757517789250 11.912265285994577 81
1757517789259 11.636003361909294 82
1757517789267 11.369858672279165 83
1757517789276 11.113446891575402 84
1757517789285 10.866398462506769 85
1757517789293 10.628358024864308 86
1757517789302 10.398983866541528 87
1757517789311 10.177947395866692 88
1757517789320 9.964932634418362 89
1757517789328 9.759635729526115 90
1757517789337 9.561764485691585 91
1757517789346 9.371037914192856 92
1757517789355 9.187185800164816 93
1757517789363 9.009948286476192 94
1757517789372 8.83907547374888 95
1757517789381 8.674327035892599 96
1757517789390 8.515471850550567 97
1757517789399 8.362287643877158 98
1757517789408 8.214560649088927 99
1757517789417 8.072085278254708 100
1757517789425 7.934663806809235 101
1757517789434 7.802106070295475 102
1757517789443 7.674229172860459 103
1757517789452 7.550857207048229 104
1757517789460 7.431820984449298 105
1757517789469 7.316957776786492 106
1757517789478 7.20611106702977 107
1757517789487 7.099130310151548 108
1757517789496 6.995870703147344 109
1757517789505 6.896192963961626 110
1757517789514 6.799963118973103 111
1757517789523 6.707052298707099 112
1757517789532 6.617336541454525 113
1757517789541 6.530696604491818 114
1757517789550 6.447017782604903 115
1757517789558 6.366189733635042 116
1757517789568 6.288106310772856 117
1757517789576 6.212665401338947 118
1757517789585 6.139768771799234 119
1757517789595 6.069321918772829 120
1757517789604 6.001233925799966 121
1757517789613 5.935417325646417 122
1757517789622 5.871787967929319 123
1757517789630 5.810264891858139 124
1757517789639 5.750770203892341 125
1757517789648 5.693228960124592 126
1757517789658 5.637569053206555 127
1757517789666 5.583721103641221 128
1757517789676 5.531618355271851 129
1757517789685 5.481196574805144 130
1757517789694 5.4323939552123734 131
1757517789703 5.385151022857482 132
1757517789712 5.339410548208706 133
1757517789721 5.295117459993534 134
1757517789730 5.252218762664446 135
1757517789739 5.210663457047139 136
1757517789748 5.170402464047379 137
1757517789757 5.131388551298064 138
1757517789767 5.093576262633293 139
1757517789779 5.056921850278988 140
1757517789788 5.021383209655613 141
1757517789797 4.986919816691251 142
1757517789807 4.953492667548342 143
1757517789816 4.9210642206702335 144
1757517789825 4.8895983410581305 145
1757517789835 4.85906024669174 146
1757517789844 4.8294164570108515 147
1757517789853 4.80063474337825 148
1757517789862 4.772684081446984 149
1757517789871 4.745534605358566 150
1757517789880 4.719157563701252 151
1757517789890 4.693525277160245 152
1757517789899 4.668611097794605 153
1757517789908 4.644389369877652 154
1757517789932 4.620835392240969 155
1757517789942 4.597925382063119 156
1757517789951 4.575636440048116 157
1757517789960 4.5539465169393365 158
1757517789969 4.532834381317536 159
1757517789979 4.512279588633411 160
1757517789988 4.492262451426922 161
1757517789998 4.472764010687591 162
1757517790007 4.453766008311938 163
1757517790016 4.435250860615166 164
1757517790025 4.41720163285732 165
1757517790034 4.399602014743764 166
1757517790044 4.382436296863299 167
1757517790053 4.365689348026965 168
1757517790062 4.34934659347362 169
1757517790071 4.33339399390811 170
1757517790080 4.317818025340449 171
1757517790089 4.302605659695023 172
1757517790099 4.287744346160112 173
1757517790108 4.273221993249137 174
1757517790117 4.259026951546418 175
1757517790126 4.245147997110927 176
1757517790135 4.231574315512901 177
1757517790144 4.218295486478668 178
1757517790153 4.205301469120572 179
1757517790162 4.192582587729339 180
1757517790172 4.180129518107295 181
1757517790181 4.167933274421693 182
1757517790191 4.155985196557963 183
1757517790200 4.144276937954093 184
1757517790210 4.132800453896962 185
1757517790219 4.121547990263874 186
1757517790228 4.110512072691045 187
1757517790238 4.099685496153659 188
1757517790247 4.08906131494103 189
1757517790257 4.078632833012238 190
1757517790266 4.0683935947169365 191
1757517790275 4.058337375868267 192
1757517790285 4.04845817515337 193
1757517790294 4.038750205869563 194
1757517790304 4.029207887972808 195
1757517790314 4.0198258404270595 196
1757517790323 4.010598873842798 197
1757517790332 4.00152198339379 198
1757517790342 3.9925903420011997 199
1757517790351 3.9837992937749647 200
1757517790361 3.975144347702742 201
1757517790371 3.9666211715766573 202
1757517790380 3.9582255861490006 203
1757517790389 3.9499535595080144 204
1757517790399 3.941801201665309 205
1757517790409 3.9337647593472913 206
1757517790418 3.9258406109817487 207
1757517790428 3.9180252618736238 208
1757517790437 3.910315339561348 209
1757517790446 3.9027075893478202 210
1757517790456 3.8951988699990028 211
1757517790465 3.8877861496035493 212
1757517790474 3.880466501587904 213
1757517790484 3.873237100880271 214
1757517790493 3.866095220218392 215
1757517790502 3.8590382265952807 216
1757517790512 3.8520635778377432 217
1757517790521 3.8451688193127036 218
1757517790531 3.838351580756662 219
1757517790540 3.8316095732229964 220
1757517790550 3.824940586143319 221
1757517790559 3.8183424844983715 222
1757517790569 3.8118132060937713 223
1757517790578 3.80535075893768 224
1757517790588 3.7989532187153747 225
1757517790597 3.792618726357912 226
1757517790607 3.786345485700896 227
1757517790616 3.780131761230237 228
1757517790626 3.773975875911087 229
1757517790635 3.7678762090974645 230
1757517790645 3.761831194519084 231
1757517790654 3.755839318342617 232
1757517790664 3.7498991173044622 233
1757517790674 3.7440091769125754 234
1757517790683 3.7381681297144613 235
1757517790693 3.7323746536291122 236
1757517790703 3.7266274703401816 237
1757517790713 3.7209253437482244 238
1757517790722 3.71526707848016 239
1757517790732 3.7096515184528878 240
1757517790741 3.7040775454901174 241
1757517790751 3.6985440779894847 242
1757517790761 3.6930500696386956 243
1757517790771 3.6875945081785346 244
1757517790780 3.682176414211 245
1757517790790 3.676794840051106 246
1757517790800 3.671448868620398 247
1757517790809 3.666137612380899 248
1757517790819 3.6608602123076994 249
1757517790829 3.65561583689905 250
1757517790839 3.6504036812222926 251
1757517790848 3.6452229659944457 252
1757517790858 3.640072936696128 253
1757517790868 3.6349528627174785 254
1757517790878 3.629862036535076 255
1757517790887 3.6247997729184003 256
1757517790897 3.6197654081651764 257
1757517790907 3.6147582993640284 258
1757517790917 3.6097778236838 259
1757517790927 3.604823377688436 260
1757517790937 3.599894376676286 261
1757517790946 3.5949902540435104 262
1757517790956 3.5901104606697314 263
1757517790966 3.5852544643261317 264
1757517790976 3.5804217491044565 265
1757517790985 3.5756118148664977 266
1757517790995 3.570824176713087 267
1757517791006 3.5660583644721506 268
1757517791015 3.5613139222048082 269
1757517791025 3.5565904077290464 270
1757517791035 3.5518873921604057 271
1757517791045 3.5472044594687153 272
1757517791055 3.542541206050609 273
1757517791065 3.5378972403171725 274
1757517791074 3.5332721822961224 275
1757517791084 3.5286656632478373 276
1757517791094 3.524077325295044 277
1757517791104 3.519506821065531 278
1757517791114 3.514953813347215 279
1757517791124 3.5104179747553697 280
1757517791134 3.505898987411607 281
1757517791143 3.5013965426337648 282
1757517791153 3.496910340636926 283
1757517791163 3.4924400902445503 284
1757517791173 3.4879855086098552 285
1757517791183 3.483546320946771 286
1757517791193 3.4791222602700684 287
1757517791203 3.4747130671448208 288
1757517791213 3.4703184894440944 289
1757517791223 3.4659382821152294 290
1757517791233 3.461572206954239 291
1757517791243 3.4572200323876174 292
1757517791253 3.4528815332619276 293
1757517791263 3.4485564906405024 294
1757517791273 3.4442446916069893 295
1757517791283 3.4399459290757872 296
1757517791293 3.4356600016086642 297
1757517791303 3.4313867132378646 298
1757517791312 3.427125873295062 299
1757517791323 3.422877296246117 300
1757517791333 3.4186408015314544 301
1757517791343 3.414416213411763 302
1757517791353 3.4102033608190094 303
1757517791363 3.406002077212264 304
1757517791372 3.4018122004384703 305
1757517791383 3.39763357259795 306
1757517791392 3.3934660399141983 307
1757517791403 3.389309452608214 308
1757517791412 3.3851636647767704 309
1757517791422 3.3810285342750883 310
1757517791433 3.3769039226029944 311
1757517791443 3.3727896947950637 312
1757517791453 3.3686857193143926 313
1757517791463 3.3645918679497306 314
1757517791473 3.360508015716165 315
1757517791483 3.356434040758911 316
1757517791493 3.352369824260221 317
1757517791503 3.3483152503495965 318
1757517791513 3.344270206016533 319
1757517791523 3.3402345810264458 320
1757517791534 3.3362082678390808 321
1757517791544 3.3321911615296953 322
1757517791554 3.3281831597127054 323
1757517791565 3.32418416246783 324
1757517791575 3.3201940722686665 325
1757517791585 3.3162127939132726 326
1757517791595 3.3122402344574824 327
1757517791605 3.308276303149785 328
1757517791617 3.30432091136857 329
1757517791627 3.300373972561466 330
1757517791637 3.2964354021863342 331
1757517791647 3.2925051176541964 332
1757517791658 3.2885830382741545 333
1757517791668 3.284669085199787 334
1757517791678 3.2807631813773113 335
1757517791688 3.2768652514954977 336
1757517791699 3.2729752219369153 337
1757517791709 3.2690930207308337 338
1757517791719 3.2652185775076314 339
1757517791729 3.261351823454448 340
1757517791740 3.257492691272374 341
1757517791750 3.2536411151348195 342
1757517791760 3.2497970306472888 343
1757517791770 3.245960374808238 344
1757517791781 3.2421310859713226 345
1757517791791 3.2383091038086045 346
1757517791801 3.2344943692749353 347
1757517791812 3.230686824573485 348
1757517791822 3.2268864131223167 349
1757517791832 3.223093079521763 350
1757517791843 3.2193067695230853 351
1757517791853 3.215527429997794 352
1757517791863 3.211755008908142 353
1757517791873 3.2079894552782617 354
1757517791884 3.2042307191663317 355
1757517791894 3.200478751637449 356
1757517791904 3.196733504737384 357
1757517791914 3.192994931467089 358
1757517791925 3.189262985757882 359
1757517791935 3.1855376224475602 360
1757517791946 3.1818187972568945 361
1757517791956 3.178106466767091 362
1757517791967 3.174400588397818 363
1757517791977 3.1707011203858033 364
1757517791987 3.167008021764087 365
1757517791998 3.1633212523419383 366
1757517792008 3.1596407726852616 367
1757517792018 3.155966544097585 368
1757517792028 3.1522985286016407 369
1757517792038 3.1486366889213717 370
1757517792049 3.144980988464602 371
1757517792060 3.1413313913060072 372
1757517792070 3.1376878621707007 373
1757517792080 3.1340503664182284 374
1757517792091 3.1304188700270914 375
1757517792101 3.126793339579516 376
1757517792112 3.1231737422469177 377
1757517792122 3.1195600457754553 378
1757517792132 3.1159522184722865 379
1757517792143 3.1123502291919856 380
1757517792153 3.1087540473234627 381
1757517792164 3.10516364277716 382
1757517792174 3.1015789859726666 383
1757517792184 3.09800004782659 384
1757517792195 3.0944267997408508 385
1757517792205 3.090859213591258 386
1757517792215 3.08729726171634 387
1757517792226 3.083740916906527 388
1757517792237 3.080190152393719 389
1757517792251 3.0766449418408333 390
1757517792261 3.073105259332048 391
1757517792272 3.069571079362981 392
1757517792282 3.0660423768312093 393
1757517792292 3.0625191270271506 394
1757517792303 3.059001305625052 395
1757517792313 3.055488888674248 396
1757517792324 3.0519818525907607 397
1757517792335 3.048480174148904 398
1757517792345 3.044983830473353 399
1757517792356 3.0414927990311282 400
1757517792367 3.038007057624191 401
1757517792377 3.034526584381746 402
1757517792388 3.031051357753187 403
1757517792399 3.0275813565008907 404
1757517792410 3.024116559693438 405
1757517792421 3.0206569466988147 406
1757517792432 3.0172024971779297 407
1757517792443 3.013753191078241 408
1757517792453 3.010309008627463 409
1757517792464 3.00686993032765 410
1757517792475 3.003435936949129 411
1757517792486 3.0000070095249525 412
1757517792496 2.9965831293450584 413
1757517792507 2.9931642779509358 414
1757517792518 2.989750437130305 415
1757517792529 2.986341588911825 416
1757517792540 2.982937715560076 417
1757517792551 2.979538799570583 418
1757517792562 2.9761448236650687 419
1757517792573 2.9727557707866192 420
1757517792583 2.9693716240951407 421
1757517792594 2.9659923669629316 422
1757517792605 2.962617982970264 423
1757517792616 2.9592484559010668 424
1757517792627 2.95588376973884 425
1757517792637 2.952523908662592 426
1757517792648 2.949168857042727 427
1757517792659 2.945818599437459 428
1757517792670 2.9424731205886996 429
1757517792680 2.93913240541863 430
1757517792691 2.9357964390259417 431
1757517792702 2.932465206682383 432
1757517792712 2.9291386938293313 433
1757517792723 2.925816886074395 434
1757517792734 2.9224997691882124 435
1757517792744 2.919187329101158 436
1757517792755 2.915879551900328 437
1757517792766 2.912576423826344 438
1757517792776 2.909277931270555 439
1757517792787 2.905984060771963 440
1757517792798 2.902694799014457 441
1757517792809 2.8994101328240496 442
1757517792820 2.896130049166094 443
1757517792831 2.892854535142705 444
1757517792841 2.8895835779901247 445
1757517792852 2.8863171650761936 446
1757517792863 2.8830552838978494 447
1757517792874 2.8797979220787693 448
1757517792885 2.8765450673669726 449
1757517792896 2.8732967076324405 450
1757517792907 2.870052830864993 451
1757517792918 2.866813425172 452
1757517792929 2.8635784787761547 453
1757517792940 2.86034798001348 454
1757517792951 2.8571219173312135 455
1757517792961 2.8539002792857775 456
1757517792972 2.850683054540812 457
1757517792983 2.847470231865206 458
1757517792994 2.84426180013132 459
1757517793005 2.84105774831297 460
1757517793016 2.837858065483773 461
1757517793027 2.834662740815268 462
1757517793038 2.8314717635752724 463
1757517793049 2.828285123126103 464
1757517793060 2.8251028089229657 465
1757517793070 2.8219248105123924 466
1757517793081 2.81875111753051 467
1757517793093 2.8155817197016066 468
1757517793105 2.8124166068365803 469
1757517793118 2.809255768831414 470
1757517793135 2.806099195665798 471
1757517793146 2.802946877401656 472
1757517793158 2.799798804181697 473
1757517793169 2.796654966228178 474
1757517793181 2.793515353841453 475
1757517793192 2.7903799573987347 476
1757517793203 2.787248767352767 477
1757517793214 2.784121774230574 478
1757517793225 2.780998968632282 479
1757517793236 2.777880341229899 480
1757517793247 2.7747658827660517 481
1757517793259 2.7716555840529487 482
1757517793270 2.768549435971181 483
1757517793281 2.765447429468642 484
1757517793292 2.762349555559445 485
1757517793303 2.759255805322829 486
1757517793315 2.756166169902168 487
1757517793326 2.753080640503914 488
1757517793337 2.7499992083965505 489
1757517793349 2.7469218649097678 490
1757517793360 2.7438486014333696 491
1757517793371 2.7407794094163482 492
1757517793382 2.7377142803659886 493
1757517793394 2.7346532058470006 494
1757517793404 2.7315961774805486 495
1757517793416 2.728543186943468 496
1757517793427 2.725494225967383 497
1757517793438 2.722449286337853 498
1757517793449 2.719408359893556 499
