1757594784681 0.08419123999828504 0
1757594784714 0.0344876172758073 1
1757594784747 0.20322071629449062 2
1757594784780 0.07481781047062074 3
1757594784813 0.1336531704861867 4
1757594784846 0.058391199513344316 5
1757594784881 0.0055295792689068765 6
1757594784914 0.02064663055905666 7
1757594784947 2.1047741309130987e-05 8
1757594784981 0.01484773181653415 9
1757594785014 0.011532817656952547 10
1757594785047 0.05082717392440599 11
1757594785080 0.0014636528303148685 12
1757594785113 0.12348954025687764 13
1757594785146 0.003128335181825877 14
1757594785180 0.16340431655952858 15
1757594785213 0.06858796271130017 16
1757594785246 0.0029722362400754583 17
1757594785279 0.11113608140084755 18
1757594785312 0.019484816867817927 19
1757594785345 0.035124935089848396 20
1757594785378 0.9145860043031026 21
1757594785413 0.05672875277120865 22
1757594785458 0.002926478497612549 23
1757594785492 0.02376614144652453 24
1757594785526 0.15275984469905193 25
1757594785559 0.008704050474631813 26
1757594785592 0.021851379526411474 27
1757594785629 0.17617349783614597 28
1757594785664 0.012457515537319785 29
1757594785697 0.08527916870676752 30
1757594785731 0.0036117466183477496 31
1757594785764 0.011865649099467928 32
1757594785798 1.3745453895057409e-06 33
1757594785831 0.0442226958463399 34
1757594785864 0.02231601107633917 35
1757594785917 2.8615553958067637e-06 36
1757594785950 0.0028857022554417025 37
1757594785984 0.2579143164634687 38
1757594786017 0.06539206450929119 39
1757594786051 0.07472608694863926 40
1757594786085 0.0644190149071977 41
1757594786119 0.04601714114704665 42
1757594786153 0.013462088608981845 43
1757594786186 0.0008642698862747595 44
1757594786219 0.03455231830587422 45
1757594786252 0.02414231847574223 46
1757594786285 0.05685509938228647 47
1757594786319 0.004249538387573063 48
1757594786352 0.03222776103332066 49
1757594786386 0.3341372047629289 50
1757594786419 0.0007814231401829317 51
1757594786452 0.26888314353305515 52
1757594786485 0.054984366499791354 53
1757594786519 0.00984166765980735 54
1757594786552 0.05008811349601205 55
1757594786585 0.2480235044122732 56
1757594786619 0.012707133638719535 57
1757594786652 0.054747067837844936 58
1757594786686 0.15157569151712916 59
1757594786720 0.2742674685914515 60
1757594786754 0.1777456674028976 61
1757594786787 0.2602184058172419 62
1757594786821 0.058869799456408835 63
1757594786854 0.018794595193401775 64
1757594786888 0.08367539505902934 65
1757594786926 2.2148792571450173e-05 66
1757594786961 0.008348173898634329 67
1757594786999 0.000705059615486085 68
1757594787036 0.056925242223452265 69
1757594787072 0.020667080025594475 70
1757594787109 0.01390619373610299 71
1757594787147 0.06821207083560812 72
1757594787182 0.011765249098006973 73
1757594787218 0.2585226545798341 74
1757594787256 0.2660877572163566 75
1757594787296 0.09561268130783994 76
1757594787331 0.006743113605687913 77
1757594787367 0.00011964015596709349 78
1757594787406 0.007746692456944176 79
1757594787442 0.04980745643290643 80
1757594787484 0.00421049525297155 81
1757594787520 0.15286281994549378 82
1757594787554 0.5028942686447027 83
1757594787588 0.10415316729703136 84
1757594787622 0.027968969477090575 85
1757594787656 0.005835809592265887 86
1757594787690 0.13894244711302342 87
1757594787724 0.06916792870767348 88
1757594787757 0.0013549981696249144 89
1757594787791 0.0197838593157565 90
1757594787825 0.047309440149696 91
1757594787858 0.03319588560197918 92
1757594787892 0.0016827719521323552 93
1757594787925 0.00868918698826412 94
1757594787959 0.22626246486777354 95
1757594787992 0.13877115004468737 96
1757594788027 0.08904935461272806 97
1757594788061 0.034314922792413396 98
1757594788095 0.3379938673285855 99
1757594788129 1.4690610854737605 100
1757594788163 0.21023104594117684 101
1757594788197 0.028110572028388882 102
1757594788231 0.07636922902318932 103
1757594788266 0.00029099175624076325 104
1757594788300 0.023450746808070293 105
1757594788334 0.005611387552423669 106
1757594788368 0.029351923237193444 107
1757594788403 0.5149459880467957 108
1757594788436 0.0003569257109849701 109
1757594788470 0.006810663138436951 110
1757594788504 0.2657302193381952 111
1757594788538 0.04799373671690403 112
1757594788572 0.007044218771955218 113
1757594788606 0.014072180005449103 114
1757594788642 0.0032064215733899086 115
1757594788676 0.03552839076302763 116
1757594788710 0.04826476874378507 117
1757594788744 0.07977811676861685 118
1757594788778 0.2055300604541075 119
1757594788811 0.007251871894906133 120
1757594788846 0.1791539843884605 121
1757594788883 0.8130222743812954 122
1757594788918 0.011248651204089796 123
1757594788953 0.02114725306254664 124
1757594788989 0.04705834994732878 125
1757594789028 0.037658433876746805 126
1757594789062 0.017844351160972837 127
1757594789097 0.009444439332068618 128
1757594789132 0.4209052533956666 129
1757594789166 0.09753557611597655 130
1757594789200 0.002510192295181267 131
1757594789234 0.32896105634225836 132
1757594789268 0.00013741488703317568 133
1757594789302 0.00033747608858262433 134
1757594789336 0.28134325306360175 135
1757594789370 0.0029141510199775155 136
1757594789404 0.06613535990944373 137
1757594789438 0.0073361132144816625 138
1757594789471 0.004595646364462392 139
1757594789506 0.02286710044237467 140
1757594789539 0.054287464881087974 141
1757594789573 0.1440383515855188 142
1757594789607 1.76857869403097 143
1757594789644 0.0017102898608617983 144
1757594789678 0.024223998751203298 145
1757594789713 0.09357531383864108 146
1757594789747 0.022884917502522605 147
1757594789781 0.02101142802733105 148
1757594789816 0.01577874142442826 149
1757594789850 0.13289472823670873 150
1757594789884 0.09137679907003214 151
1757594789919 0.0002538229104237573 152
1757594789953 0.020578273669843886 153
1757594789987 0.02631795300250227 154
1757594790021 0.00012441410545746 155
1757594790056 0.0048875826825834625 156
1757594790090 0.0040099856999828145 157
1757594790124 5.4991676162765334e-05 158
1757594790158 0.07979850986916293 159
1757594790193 0.0022851598646438176 160
1757594790228 0.4591748655053678 161
1757594790263 0.05315169448365603 162
1757594790297 0.05505644116208018 163
1757594790333 0.0019188022728617172 164
1757594790368 0.024255558783828856 165
1757594790403 0.0757980946966805 166
1757594790437 0.0013496335002294445 167
1757594790471 0.09245761907516263 168
1757594790504 0.010468286415838034 169
1757594790538 0.13717909651693078 170
1757594790572 0.0393596873025549 171
1757594790607 0.05340050656322001 172
1757594790642 0.04276303737675546 173
1757594790676 0.0004082054494857937 174
1757594790710 0.015048326860865964 175
1757594790744 0.032698880273322274 176
1757594790777 0.19953069428195072 177
1757594790812 0.008565237513235667 178
1757594790846 0.034901054404537904 179
1757594790880 0.053526776251362464 180
1757594790914 0.1113404692936157 181
1757594790948 0.06182144520892689 182
1757594790982 0.2193856209312821 183
1757594791017 0.0005215778160770036 184
1757594791051 0.29948275570863353 185
1757594791085 0.02961921892689284 186
1757594791120 0.0038331991146654675 187
1757594791155 0.17430634570798542 188
1757594791190 0.059146904563646595 189
1757594791224 0.01053490939540785 190
1757594791258 0.09433373136704842 191
1757594791293 0.4453028133147931 192
1757594791327 0.2180308667865895 193
1757594791361 0.785989487689449 194
1757594791395 2.3515879005140984e-05 195
1757594791430 0.002907465192216812 196
1757594791464 0.36630051154089116 197
1757594791498 0.0311917043337921 198
1757594791533 0.05914250645198131 199
1757594791567 0.002630381910655026 200
1757594791601 0.3497192867646516 201
1757594791635 6.060379867119554e-06 202
1757594791670 0.13867290221266437 203
1757594791704 2.1242923286273998e-05 204
1757594791739 2.6767315773037666e-08 205
1757594791776 0.03437021972856337 206
1757594791810 0.04794406374471913 207
1757594791844 0.25383836917409053 208
1757594791879 0.04232127361330497 209
1757594791913 0.02124050094299994 210
1757594791947 0.1927176247754706 211
1757594791981 0.0027721763810270752 212
1757594792015 0.049485311704766013 213
1757594792050 0.003587144589035345 214
1757594792085 0.02422099556465502 215
1757594792119 0.03850590379992761 216
1757594792154 0.22392889952417924 217
1757594792189 0.0922565915451541 218
1757594792223 0.0045748803496936 219
1757594792258 0.02551260387961808 220
1757594792292 0.19065895085034476 221
1757594792327 0.024907884664644647 222
1757594792360 0.04465804027877396 223
1757594792394 0.004227557131683517 224
1757594792429 0.6433265607102844 225
1757594792463 0.09308668580251463 226
1757594792498 0.008453981720514946 227
1757594792533 0.07996817555793918 228
1757594792568 4.9893247399969385e-05 229
1757594792602 0.24273210783451943 230
1757594792637 0.009061849992479358 231
1757594792671 0.07921392435475104 232
1757594792706 0.20354344573100763 233
1757594792740 0.1456145312410743 234
1757594792775 0.12121231249850178 235
1757594792810 0.1185647785954398 236
1757594792845 0.22800311160838413 237
1757594792882 0.23130138225167748 238
1757594792917 0.004355566691878925 239
1757594792951 0.003770914103730863 240
1757594792986 0.0013080995285385776 241
1757594793021 0.0017294548179862927 242
1757594793055 0.004693089441380405 243
1757594793090 0.22145033974855582 244
1757594793124 1.4853605101563931 245
1757594793159 0.04753553936175695 246
1757594793193 0.033054917966299384 247
1757594793228 0.001194274713922694 248
1757594793263 0.023981163189193362 249
1757594793297 0.11989932880227422 250
1757594793332 0.003198125970981172 251
1757594793367 0.07177893251068497 252
1757594793401 0.049483457328242844 253
1757594793436 0.14863590450381858 254
1757594793471 0.008721757886716945 255
1757594793506 0.04777267329232255 256
1757594793540 0.014591905940909738 257
1757594793575 0.019781304354515243 258
1757594793609 0.1911694163051449 259
1757594793644 0.05675972465510214 260
1757594793680 0.06201994878283713 261
1757594793715 0.059338444048067006 262
1757594793750 0.0011834644360839146 263
1757594793785 0.06597948828126882 264
1757594793820 0.0992680418578241 265
1757594793855 0.07722152454145506 266
1757594793890 0.20659478978497348 267
1757594793924 0.008060359394060326 268
1757594793959 9.720083051944169e-06 269
1757594793994 0.0018873904654278276 270
1757594794028 0.030129319338437415 271
1757594794063 0.022960143959509825 272
1757594794097 0.026385675509716128 273
1757594794133 0.24220491163228344 274
1757594794168 0.02675331890414073 275
1757594794203 0.01282213452344112 276
1757594794238 0.012277607404451557 277
1757594794273 0.05215890265105995 278
1757594794307 0.011414959886368438 279
1757594794342 0.18628331235229584 280
1757594794376 0.015190186021138691 281
1757594794411 0.016301800005403152 282
1757594794446 0.13583933361904138 283
1757594794480 0.0016529887228938641 284
1757594794515 0.076231426248472 285
1757594794550 0.16193524774991588 286
1757594794585 0.5784856309124029 287
1757594794620 0.18429426513377722 288
1757594794655 0.007768527555595021 289
1757594794689 0.022032407534645287 290
1757594794725 0.02732159746702283 291
1757594794761 0.08055195114742862 292
1757594794795 0.0010269989014205453 293
1757594794830 0.11755934357074709 294
1757594794865 0.03990756368593007 295
1757594794900 0.000312542115250429 296
1757594794935 0.014053078780822499 297
1757594794970 0.010475160553974575 298
1757594795006 0.04626941126794995 299
1757594795041 0.04632669524816801 300
1757594795076 0.017587013691394635 301
1757594795112 0.0001688573048861975 302
1757594795147 0.004812181211697846 303
1757594795182 0.11132876131079092 304
1757594795217 0.16768856629231055 305
1757594795252 0.2134485528149313 306
1757594795287 0.03593365773120054 307
1757594795322 0.21602307793407127 308
1757594795358 0.006646484491694725 309
1757594795393 0.03924817724522464 310
1757594795438 6.41500330313312e-08 311
1757594795475 0.6182009093375083 312
1757594795510 0.2028119339245545 313
1757594795546 0.03429575461234948 314
1757594795581 0.15188065541763454 315
1757594795617 0.01947754042464438 316
1757594795652 1.472494251043999e-05 317
1757594795687 0.0057211241647648885 318
1757594795722 0.0323289892692828 319
1757594795757 0.004079893543804413 320
1757594795792 0.0025035649624325744 321
1757594795827 0.012622560919503685 322
1757594795862 0.174452207956966 323
1757594795898 0.07971056737565602 324
1757594795933 0.0041873777121371365 325
1757594795969 0.05601833380440377 326
1757594796004 0.10988609030539719 327
1757594796039 0.07660016595294947 328
1757594796075 0.07243213823153351 329
1757594796110 0.0006983118472618472 330
1757594796146 0.0170751666566952 331
1757594796181 0.027316251682876935 332
1757594796216 0.010976079798754517 333
1757594796253 0.015899717032065806 334
1757594796288 0.03141333915726088 335
1757594796324 0.13492879241256042 336
1757594796359 0.0068708790030038835 337
1757594796395 0.08511833045152631 338
1757594796429 0.006613805311302068 339
1757594796465 0.5739164862065206 340
1757594796500 0.32656915179735213 341
1757594796535 0.37167637190680947 342
1757594796570 0.010339779587784948 343
1757594796605 0.147381205898248 344
1757594796640 0.22427856044535233 345
1757594796676 0.03265021803812343 346
1757594796711 7.936355894506341e-06 347
1757594796746 0.1705241018015347 348
1757594796781 0.013071017211546703 349
1757594796816 0.028322058495763552 350
1757594796852 0.11651817756094145 351
1757594796887 0.017372234401173445 352
1757594796923 0.0011956549394806111 353
1757594796960 0.8451105788517843 354
1757594796996 0.005579964553280789 355
1757594797033 0.06282058628658349 356
1757594797070 0.03345298706531943 357
1757594797107 0.03303906081961356 358
1757594797144 0.13571527583880402 359
1757594797180 0.018546500068200123 360
1757594797216 0.03134435318684505 361
1757594797252 0.014329679791174808 362
1757594797288 0.02602821793878202 363
1757594797323 0.03053058967512978 364
1757594797359 0.0056398869160218775 365
1757594797394 0.2052248302353546 366
1757594797429 0.006108429770716488 367
1757594797465 0.006858016977100234 368
1757594797501 0.06301247796607874 369
1757594797536 0.001373339970120528 370
1757594797572 0.17419760191362624 371
1757594797608 0.06462729636579938 372
1757594797644 0.00010789283119692229 373
1757594797680 0.2735427320533882 374
1757594797716 0.20078244145315838 375
1757594797753 1.2896525012568638e-05 376
1757594797789 0.10098046072357181 377
1757594797824 0.2271611847662021 378
1757594797859 0.03926466539149388 379
1757594797895 0.012871147853163149 380
1757594797932 0.11150169111328093 381
1757594797968 0.11440803619908299 382
1757594798004 0.009253146115251987 383
1757594798043 0.09991643690275295 384
1757594798079 0.06640989762944247 385
1757594798114 0.014030053369387823 386
1757594798150 0.6403893513440955 387
1757594798186 0.008824075905099012 388
1757594798221 0.03976759523176443 389
1757594798258 0.04391538026411734 390
1757594798294 0.15563164013107805 391
1757594798330 0.11267128717792602 392
1757594798366 0.005293434487920422 393
1757594798403 0.22044518504107638 394
1757594798442 0.13651027200381333 395
1757594798478 0.002415408751774716 396
1757594798514 0.0011893539876855319 397
1757594798550 0.17567273040714848 398
1757594798586 0.06158213775075369 399
1757594798622 0.02801269164245096 400
1757594798658 0.03411729992413905 401
1757594798694 0.47586070312572726 402
1757594798730 0.04999281968331668 403
1757594798766 0.0005092637376970743 404
1757594798801 0.028656419882274256 405
1757594798837 0.038102615477416765 406
1757594798873 0.055834480908907025 407
1757594798909 0.10184582029572463 408
1757594798944 0.15459648273274432 409
1757594798980 0.07877248914625823 410
1757594799016 0.37321494116598974 411
1757594799052 0.10352832642114744 412
1757594799087 0.0030983321432839967 413
1757594799123 0.03987491774017764 414
1757594799160 0.09959067107241973 415
1757594799196 0.05477794612549971 416
1757594799232 0.0017736858852260126 417
1757594799268 0.01228731885211799 418
1757594799303 0.01634721950393139 419
1757594799339 0.04245935682516112 420
1757594799375 0.08020823198824191 421
1757594799411 0.1020435370488017 422
1757594799446 0.06940207339694253 423
1757594799482 0.07240109327724244 424
1757594799518 0.005494826833329555 425
1757594799554 0.034054735203421144 426
1757594799589 0.0688110741756422 427
1757594799624 0.012948882236688828 428
1757594799660 0.14887919496559668 429
1757594799696 0.2053062318853684 430
1757594799731 0.01086276394921067 431
1757594799767 0.023811300456023622 432
1757594799802 0.7134638987617979 433
1757594799838 7.681153967918045e-05 434
1757594799874 0.05962735149356812 435
1757594799909 0.037797526002000384 436
1757594799945 0.016113204710023345 437
1757594799981 0.06454385363622159 438
1757594800016 0.003655009255390713 439
1757594800052 0.0002005011626212727 440
1757594800088 0.11680041425072121 441
1757594800123 0.06099507852131157 442
1757594800159 0.11082191403821381 443
1757594800194 3.784984127298567e-05 444
1757594800231 0.05465541441128657 445
1757594800267 0.20120951906416842 446
1757594800303 0.0017029084442648763 447
1757594800339 0.020435943057510886 448
1757594800375 0.06965074618562248 449
1757594800411 0.8074112069484203 450
1757594800447 0.04221802091687043 451
1757594800483 0.4053129540226859 452
1757594800519 0.02006906798920353 453
1757594800555 0.043231852629119695 454
1757594800590 0.01768690222450449 455
1757594800630 0.012550135840885396 456
1757594800666 0.0629344749842659 457
1757594800702 5.8513112614312434e-05 458
1757594800738 0.011935466519275555 459
1757594800774 0.0021263541451261637 460
1757594800810 0.01992679562949043 461
1757594800846 5.6454565828071075e-05 462
1757594800882 0.030855979657981623 463
1757594800918 0.12990662984692022 464
1757594800954 0.18032216380039337 465
1757594800990 0.01269516643323247 466
1757594801026 0.006816482738023964 467
1757594801062 0.012347323264987794 468
1757594801098 0.013955884426235791 469
1757594801134 0.06218708294886012 470
1757594801170 0.007109029786727826 471
1757594801207 0.12748914527265393 472
1757594801244 0.053529269538876954 473
1757594801281 0.07831848228301275 474
1757594801317 0.037866605735863756 475
1757594801353 0.024997430773483677 476
1757594801389 0.11212141478870138 477
1757594801425 0.00018999365360354697 478
1757594801461 0.4132686692219542 479
1757594801498 0.11842564566697186 480
1757594801534 0.03755311176309954 481
1757594801570 0.012673643517226973 482
1757594801606 0.047530179978515434 483
1757594801642 0.01200134889874222 484
1757594801678 0.09616915364851383 485
1757594801714 0.44065055142612525 486
1757594801751 0.04771704431381133 487
1757594801787 0.115058679783986 488
1757594801824 0.032945550669912976 489
1757594801860 0.08195120871440648 490
1757594801896 0.01291367115571995 491
1757594801931 0.5554953493030178 492
1757594801968 0.05331302200917018 493
1757594802004 0.004590420508681982 494
1757594802040 0.009212545011056474 495
1757594802076 0.0024304755716008986 496
1757594802113 0.025539348029965873 497
1757594802149 0.05690797081097933 498
1757594802185 0.11041632124125911 499
