1757518038553 1.3801799471805256 0
1757518038563 0.8843207699723256 1
1757518038572 0.3699900333378718 2
1757518038581 0.2674495318960892 3
1757518038590 0.27625910379149243 4
1757518038600 0.11664026609074986 5
1757518038609 0.06206270992782836 6
1757518038619 0.12794217049528528 7
1757518038628 0.056893005249347955 8
1757518038637 0.07926474142608737 9
1757518038646 0.09273658468982554 10
1757518038656 0.0706451778149166 11
1757518038665 0.060981450481095045 12
1757518038675 0.07827973027270507 13
1757518038684 0.07716919919819541 14
1757518038693 0.12179195466061923 15
1757518038703 0.11372801813629176 16
1757518038712 0.08118961343693731 17
1757518038721 0.09318742364194306 18
1757518038731 0.14181878941029605 19
1757518038740 0.1643329840296032 20
1757518038750 0.08422665472353348 21
1757518038760 0.07748583856506937 22
1757518038770 0.09874388622187164 23
1757518038780 0.07020330615107058 24
1757518038789 0.04119869305371088 25
1757518038798 0.07683172651131051 26
1757518038808 0.057557068730229616 27
1757518038817 0.07298218509175478 28
1757518038827 0.5806552012504019 29
1757518038836 0.1408110606439293 30
1757518038846 0.08243057506702543 31
1757518038855 0.1339837415985972 32
1757518038865 0.06837298772174565 33
1757518038875 0.06923657032144892 34
1757518038884 0.09979919700492598 35
1757518038893 0.04068246914779962 36
1757518038903 0.21709703521641102 37
1757518038912 0.1255947862113403 38
1757518038921 0.07609026386237792 39
1757518038931 0.5998941955223829 40
1757518038941 0.09041344861597686 41
1757518038950 0.09156009394427182 42
1757518038960 0.07509480119504165 43
1757518038969 0.0777177664076494 44
1757518038979 0.09682509682035137 45
1757518038989 0.06760889516563219 46
1757518038998 0.09007300682237032 47
1757518039008 0.09115043728833895 48
1757518039017 0.08497302113307355 49
1757518039027 0.1158823114820722 50
1757518039037 0.10852038845907347 51
1757518039046 0.1165535516673049 52
1757518039056 0.11162750918654099 53
1757518039066 0.0774850428936938 54
1757518039075 0.0783165102710873 55
1757518039085 0.09145321049677681 56
1757518039094 0.07874588429041589 57
1757518039104 0.24026716376835916 58
1757518039114 0.05917202483242925 59
1757518039123 0.10761319649573825 60
1757518039133 0.0790696584404725 61
1757518039143 0.05239537590542138 62
1757518039152 0.0949414358769672 63
1757518039162 0.09701157173242754 64
1757518039172 0.07262134847460934 65
1757518039182 0.1297889050373356 66
1757518039193 0.07565972414056953 67
1757518039202 0.04459148085038194 68
1757518039212 0.09633414533185478 69
1757518039222 0.05022905462270222 70
1757518039232 0.10215056467763761 71
1757518039242 0.10196373751829801 72
1757518039252 0.14098886949491535 73
1757518039262 0.07422452421619836 74
1757518039272 0.06229572586115389 75
1757518039281 0.0767465309337571 76
1757518039291 0.07623028840802096 77
1757518039300 0.07160765010443117 78
1757518039310 0.05553008353201215 79
1757518039320 0.08246506259723697 80
1757518039330 0.10933195539306319 81
1757518039339 0.08818242104942925 82
1757518039349 0.10733895777337643 83
1757518039358 0.15382864298412977 84
1757518039368 0.044109728735674494 85
1757518039378 0.19681787677249407 86
1757518039388 0.06297969145382575 87
1757518039398 0.08848719157237035 88
1757518039408 0.1374163031484498 89
1757518039417 0.10696878724387272 90
1757518039427 0.054762683282772916 91
1757518039437 0.23454312121338786 92
1757518039447 0.07496892482116231 93
1757518039457 0.08582245348475023 94
1757518039467 0.07654121498726223 95
1757518039477 0.06050408263276866 96
1757518039487 0.07340859595240642 97
1757518039497 0.08308782776237869 98
1757518039506 0.0643350748735322 99
1757518039517 0.04774253967331652 100
1757518039527 0.08331118503154386 101
1757518039537 0.097749864766741 102
1757518039547 0.13129513600597353 103
1757518039557 0.07613254881347384 104
1757518039567 0.10050060496352649 105
1757518039577 0.0874674482541304 106
1757518039587 0.06304076580538133 107
1757518039596 0.05491999598975302 108
1757518039606 0.0871739222448009 109
1757518039616 0.06508451969032422 110
1757518039626 0.09261252753914308 111
1757518039636 0.05757658796256969 112
1757518039646 0.07055729292848667 113
1757518039656 0.11195170912790214 114
1757518039667 0.07475524384204477 115
1757518039677 0.08390672625937898 116
1757518039687 0.10456221950912825 117
1757518039697 0.05779998819443218 118
1757518039707 0.05641140363509045 119
1757518039717 0.10070573559494082 120
1757518039727 0.12417915618479547 121
1757518039737 0.2642344721482416 122
1757518039747 0.1111523316738141 123
1757518039757 0.07932655133044496 124
1757518039768 0.10570550604040163 125
1757518039780 0.07568002532070495 126
1757518039790 0.0798959279193778 127
1757518039800 0.1384936081838222 128
1757518039810 0.0751475023113994 129
1757518039821 0.06910429939889441 130
1757518039831 0.08489625163907384 131
1757518039841 0.11169515310895249 132
1757518039851 0.08563776673844957 133
1757518039861 0.08144963027488585 134
1757518039886 0.07419015890397172 135
1757518039897 0.06318268265399772 136
1757518039907 0.06167593594487662 137
1757518039917 0.08555614626434381 138
1757518039927 0.14988404507326514 139
1757518039937 0.13499629501250376 140
1757518039948 0.09801071832025025 141
1757518039961 0.14821524826464297 142
1757518039972 0.13427207991358858 143
1757518039982 0.09604063611251686 144
1757518039993 0.07710190027603725 145
1757518040003 0.06688097596424 146
1757518040013 0.09762770040465733 147
1757518040023 0.07978424579884116 148
1757518040033 0.14992957227279372 149
1757518040044 0.08392192080672153 150
1757518040054 0.0637098668515576 151
1757518040064 0.0724648274078991 152
1757518040074 0.12666613562653214 153
1757518040085 0.08617214075100289 154
1757518040095 0.17538878774675276 155
1757518040105 0.08852132551863294 156
1757518040115 0.1207804286212834 157
1757518040126 0.08236809498984744 158
1757518040136 0.07622179831532874 159
1757518040147 0.11483583432407658 160
1757518040157 0.1309344981467044 161
1757518040167 0.07201420983569443 162
1757518040178 0.15281322815703552 163
1757518040188 0.12735190494164456 164
1757518040198 0.1227584092481149 165
1757518040208 0.055705086422665945 166
1757518040219 0.09929436175368335 167
1757518040229 0.09785841676792802 168
1757518040239 0.06744264567076082 169
1757518040250 0.08784509305791482 170
1757518040260 0.13539693028458696 171
1757518040271 0.07449516125703827 172
1757518040281 0.12203373483860001 173
1757518040291 0.08446362775492933 174
1757518040302 0.08739655793965376 175
1757518040312 0.0719867261536463 176
1757518040322 0.07333527117062658 177
1757518040333 0.10398028915647312 178
1757518040343 0.06341463624615964 179
1757518040353 0.07245243525205675 180
1757518040363 0.18308894127226114 181
1757518040374 0.1042184811376983 182
1757518040384 0.06801576136180469 183
1757518040395 0.07820207109310637 184
1757518040405 0.15912443129117806 185
1757518040415 0.12555997928261928 186
1757518040426 0.06451554793387676 187
1757518040437 0.1266735451705034 188
1757518040447 0.07001045763580163 189
1757518040458 0.12173557309004306 190
1757518040468 0.0985387474014309 191
1757518040479 0.06767894763965522 192
1757518040489 0.11097648774469007 193
1757518040499 0.05918239225039137 194
1757518040510 0.07070737296017153 195
1757518040520 0.06030752951806387 196
1757518040531 0.08626431908640879 197
1757518040541 0.06970949304205883 198
1757518040552 0.09243302800325968 199
1757518040562 0.08650817751896046 200
1757518040573 0.12317790885409294 201
1757518040583 0.08710671917201991 202
1757518040594 0.09848860544594433 203
1757518040604 0.05170253269815896 204
1757518040615 0.06149277626622937 205
1757518040625 0.09374234603492473 206
1757518040636 0.1494111777704216 207
1757518040646 0.18163555864414133 208
1757518040657 0.09030513350418387 209
1757518040668 0.06361423432604635 210
1757518040678 0.08788381662851655 211
1757518040689 0.077475858340946 212
1757518040699 0.11065997571904831 213
1757518040710 0.07548451570888011 214
1757518040720 0.08440456354028078 215
1757518040731 0.10516820785066926 216
1757518040741 0.1153478963577005 217
1757518040752 0.05757663910917095 218
1757518040762 0.07468218863742496 219
1757518040773 0.07295307966691773 220
1757518040784 0.08455524224313093 221
1757518040795 0.04981757208319683 222
1757518040805 0.09573514508916676 223
1757518040816 0.09082220240595253 224
1757518040827 0.1257603837865018 225
1757518040837 0.09698019309527432 226
1757518040848 0.06922754881400336 227
1757518040858 0.06185895957468707 228
1757518040869 0.10344041461156651 229
1757518040880 0.13073293638156253 230
1757518040891 0.09021550791690161 231
1757518040901 0.08892194659796865 232
1757518040912 0.07178185350826345 233
1757518040923 0.07875282223296647 234
1757518040933 0.06061556764717376 235
1757518040944 0.16490328425031434 236
1757518040955 0.10810838622389352 237
1757518040966 0.07675260964512233 238
1757518040976 0.07869660981601445 239
1757518040987 0.056113632451482154 240
1757518040998 0.05885677467779622 241
1757518041008 0.06533497666724257 242
1757518041019 0.08318718003799892 243
1757518041030 0.05818253991261645 244
1757518041041 0.13076853212527179 245
1757518041051 0.0723430687023218 246
1757518041062 0.1227937294754567 247
1757518041073 0.08342136366124586 248
1757518041084 0.11515259172493163 249
1757518041095 0.08728339646408836 250
1757518041105 0.11668503049800054 251
1757518041116 0.10812509472365356 252
1757518041127 0.07152348169786783 253
1757518041138 0.09652499035003921 254
1757518041148 0.09406272268205312 255
1757518041159 0.09977940161405753 256
1757518041170 0.08832004551885611 257
1757518041181 0.09584782499702678 258
1757518041192 0.0994489549075578 259
1757518041203 0.10533250656890598 260
