1757518081904 132.49297227651266 0
1757518081913 99.61173706562558 1
1757518081923 68.42524574860563 2
1757518081932 50.14704301437964 3
1757518081942 31.936164187155935 4
1757518081951 36.28064612673322 5
1757518081960 20.549051617581235 6
1757518081970 14.18991152797692 7
1757518081979 14.112364903467943 8
1757518081988 12.421037009619042 9
1757518081997 9.98060869114516 10
1757518082007 6.680005476232869 11
1757518082016 7.1873730682717065 12
1757518082025 4.295805434601133 13
1757518082035 6.1869798285998625 14
1757518082044 0.7708440497713398 15
1757518082053 5.234892425485767 16
1757518082064 7.8648051348278605 17
1757518082074 4.085785807256838 18
1757518082083 9.464564935448001 19
1757518082093 3.608748590268168 20
1757518082102 2.0131806287632896 21
1757518082116 4.9291608068741635 22
1757518082126 3.5998081215947004 23
1757518082136 5.689449228516579 24
1757518082146 3.7309374576817143 25
1757518082156 3.0886894053068907 26
1757518082166 0.47180044100230206 27
1757518082175 2.853037617808486 28
1757518082184 5.670108098560077 29
1757518082194 3.1573721695352313 30
1757518082204 2.6144515016742487 31
1757518082213 2.7426760289754033 32
1757518082223 3.2866967584920377 33
1757518082232 3.984053956900263 34
1757518082242 3.5516822227065856 35
1757518082251 3.7206679105644787 36
1757518082261 2.3889101583412233 37
1757518082270 2.228894014543282 38
1757518082280 2.5629065042432364 39
1757518082289 2.628359495506175 40
1757518082299 2.5102870070378467 41
1757518082309 1.108026801097984 42
1757518082318 3.018007965646681 43
1757518082328 2.70560571503564 44
1757518082337 2.283727946506289 45
1757518082347 4.070652592728188 46
1757518082357 1.8102715083572578 47
1757518082366 2.860516775788788 48
1757518082376 2.607515506798519 49
1757518082386 0.9613754296098459 50
1757518082395 2.6919703733810407 51
1757518082405 2.4251395781372422 52
1757518082415 2.9107127123662146 53
1757518082425 3.34475482083093 54
1757518082435 3.8940610851072877 55
1757518082444 2.91626632855185 56
1757518082454 3.9231825016878727 57
1757518082463 4.718820300312838 58
1757518082473 2.3548089569978985 59
1757518082483 3.0838957376085236 60
1757518082493 3.2776015390081477 61
1757518082504 1.9731153095300633 62
1757518082514 3.2869797964195926 63
1757518082525 2.532558838437532 64
1757518082535 3.3600096072996632 65
1757518082545 4.512030556336758 66
1757518082555 0.5634210114639164 67
1757518082566 3.61620455352331 68
1757518082577 4.749148029711305 69
1757518082587 1.7235888800287356 70
1757518082597 3.5220672407186666 71
1757518082607 1.6471101654159848 72
1757518082617 3.651686491333396 73
1757518082627 3.475339527713083 74
1757518082637 3.163067384771932 75
1757518082646 3.173121794310394 76
1757518082656 1.4506742397678023 77
1757518082666 2.700526875203369 78
1757518082676 1.8077786106177385 79
1757518082686 1.3901210184624215 80
1757518082696 1.8131102670928236 81
1757518082706 3.310219160666609 82
1757518082716 2.5749455769523126 83
1757518082726 1.3563878121305506 84
1757518082735 1.5996611022658265 85
1757518082745 1.769455900532124 86
1757518082755 2.3556539146270445 87
1757518082765 1.8380869180560127 88
1757518082775 1.913876065953638 89
1757518082785 1.4392144902029764 90
1757518082795 2.3269442035374226 91
1757518082805 1.6386587808489756 92
1757518082815 1.1444995469065529 93
1757518082825 1.6614707790836452 94
1757518082835 1.8077313806963902 95
1757518082846 1.2834702759430723 96
1757518082856 1.1504526389121994 97
1757518082869 1.0740035617881925 98
1757518082879 0.6042622264430523 99
1757518082889 0.7362893385806951 100
1757518082899 1.5795697908661717 101
1757518082909 0.8025076088162695 102
1757518082919 1.1257778110046075 103
1757518082929 2.7963417387364577 104
1757518082939 1.8049961487374864 105
1757518082949 1.3478435546749732 106
1757518082959 2.2256949127818486 107
1757518082969 1.7044838878848398 108
1757518082979 2.3528922612094765 109
1757518082989 1.9050338950702808 110
1757518082999 1.8633351080557425 111
1757518083009 1.925361206389017 112
1757518083020 0.9198543970802197 113
1757518083030 1.8236838970604003 114
1757518083040 1.9849871808066681 115
1757518083050 1.9017745442943659 116
1757518083061 3.437872875014444 117
1757518083088 1.2416619711178623 118
1757518083100 1.4785822531236636 119
1757518083111 1.483919949731066 120
1757518083124 1.5547225966945524 121
1757518083135 1.3979041220289614 122
1757518083145 0.9249249076618982 123
1757518083155 1.3070029614711185 124
1757518083166 1.3563534216763438 125
1757518083178 0.9819245040449843 126
1757518083190 1.025236127681725 127
1757518083202 2.0768414593031155 128
1757518083218 1.2998053737178523 129
1757518083228 0.6980136317198306 130
1757518083239 2.007451682043527 131
1757518083250 0.9423934012332625 132
1757518083261 1.9559101245658082 133
1757518083272 0.6108628555629578 134
1757518083298 1.6143317189236157 135
1757518083309 0.944581411290253 136
1757518083319 0.9965266964601119 137
1757518083330 0.9926385531374904 138
1757518083340 1.5556214852306218 139
1757518083351 1.3893286172687995 140
1757518083361 1.0492863718721137 141
1757518083371 1.314515472841049 142
1757518083382 2.0902282487891157 143
1757518083392 0.8780777461608333 144
1757518083403 1.1799988214149353 145
1757518083413 0.5600179497162004 146
1757518083423 1.4766134116285026 147
1757518083434 1.1190232357807806 148
1757518083444 1.3811476377095064 149
1757518083455 1.727484972535095 150
1757518083465 1.4840568799639346 151
1757518083475 1.4319328278097774 152
1757518083486 1.2713989212992114 153
1757518083496 0.9157933108664562 154
1757518083507 1.011110153893826 155
1757518083517 1.0710394519918591 156
1757518083527 1.1738821469472032 157
1757518083538 1.4771240527265745 158
1757518083548 0.6112291191476347 159
1757518083559 1.0436052211416635 160
1757518083569 2.081191678645404 161
1757518083580 0.6259089806720122 162
1757518083590 0.6958504235805878 163
1757518083600 0.6296791740052972 164
1757518083611 0.9296758144936221 165
1757518083621 0.8760265157892053 166
1757518083632 1.0998887916394342 167
1757518083642 0.8336525369716388 168
1757518083653 1.4770365564580354 169
1757518083663 0.6290892380262737 170
1757518083673 0.5091161860595659 171
1757518083684 0.6106193754941852 172
1757518083695 0.8267214052386473 173
1757518083705 0.8157656725592871 174
1757518083716 0.5036891902860667 175
1757518083726 0.9710381641370476 176
1757518083737 0.8940545028387434 177
1757518083747 0.7357118798792315 178
1757518083758 1.0585837275686978 179
1757518083768 1.4101975082328901 180
1757518083779 0.5303926032900234 181
1757518083789 0.23983592386049857 182
1757518083800 0.849216054246884 183
1757518083810 0.6711957226759688 184
1757518083821 0.7795049458035996 185
1757518083831 0.49072412161933143 186
1757518083842 0.9889338645513178 187
1757518083853 0.8379662366488706 188
1757518083864 0.7914249224617899 189
1757518083874 1.3905288278318502 190
1757518083885 0.8536364686378178 191
1757518083896 0.6128354198228946 192
1757518083906 0.8490801903826308 193
1757518083917 0.6852665768012144 194
1757518083928 1.1041186576509663 195
1757518083938 0.5218411630403293 196
1757518083949 0.5929890096425366 197
1757518083960 0.7161078772049564 198
1757518083970 1.0872421149157445 199
1757518083981 0.8633526845965763 200
1757518083992 0.93885117260519 201
1757518084002 0.4323642567723656 202
1757518084013 0.7105399868825099 203
1757518084024 0.879612239970576 204
1757518084034 0.4558693586744736 205
1757518084049 1.1551074924044706 206
1757518084062 1.0087436790860727 207
1757518084074 0.926011665236687 208
1757518084085 0.358244845907779 209
1757518084097 0.97940032688316 210
1757518084108 1.0859754566154673 211
1757518084120 0.5775769898788667 212
1757518084131 0.8577318841237924 213
1757518084142 0.5199165945154716 214
1757518084153 0.49099913778915716 215
1757518084164 0.7161828282807184 216
1757518084175 0.3514405347193301 217
1757518084186 0.6220857548414221 218
1757518084197 0.8327420476460781 219
1757518084208 1.165566921997438 220
1757518084219 0.8633708757129547 221
1757518084229 1.0048753665563317 222
1757518084240 0.8274070668191112 223
1757518084251 0.4553844812418056 224
1757518084262 0.4189261505609057 225
1757518084272 0.9333259174137642 226
1757518084283 0.2521432742700556 227
1757518084294 0.4606724871160707 228
1757518084304 0.5970297556206688 229
1757518084315 0.5983408091083284 230
1757518084326 0.8165724370751705 231
1757518084337 0.5057781561814764 232
1757518084348 0.5114870576809137 233
1757518084359 0.540184463053007 234
1757518084369 0.5311727361188072 235
1757518084380 0.7874925502481116 236
1757518084391 0.4679564347967839 237
1757518084402 0.7061847995007176 238
1757518084413 0.22044969882340798 239
1757518084424 0.4629178769694352 240
1757518084434 0.48963906423698544 241
1757518084445 0.5625572863171838 242
1757518084456 0.8355616207755169 243
1757518084467 0.9447107642299559 244
1757518084478 0.5237670578820187 245
1757518084490 0.17545106673055255 246
1757518084502 0.35728812987096437 247
1757518084513 0.4428158170661063 248
1757518084525 0.6105390423511001 249
1757518084536 0.6488610382112443 250
1757518084548 0.5589289608180898 251
1757518084560 0.5388313344842949 252
1757518084571 0.48392541002075995 253
1757518084582 0.7034540081448251 254
1757518084593 0.3682407848715278 255
1757518084604 0.4294806296389389 256
1757518084615 0.6459802533755022 257
1757518084626 0.6897876938933876 258
1757518084636 0.27081145479925334 259
1757518084647 0.6670520206871112 260
1757518084658 0.3315269824705618 261
1757518084669 0.6284873729738067 262
1757518084680 0.30648476532855307 263
1757518084692 0.5564426900432634 264
1757518084703 0.7158253493243506 265
1757518084714 0.34854769373449895 266
1757518084725 0.5203504633395835 267
1757518084737 0.43486390346899934 268
1757518084756 0.23446151723765402 269
1757518084772 0.498086914095495 270
1757518084786 0.5183178832033275 271
1757518084798 0.4857155721416483 272
1757518084809 0.30973356888693326 273
1757518084820 0.31545849726723896 274
1757518084834 0.5365025467396056 275
1757518084845 0.5150302967871226 276
1757518084856 0.3112517157155445 277
1757518084868 0.5885536142637672 278
1757518084879 0.3982471030339688 279
1757518084890 0.6157989098270693 280
1757518084901 0.4579292581974185 281
1757518084912 0.647028045691448 282
1757518084923 0.36896000875956964 283
1757518084934 0.6004300661748551 284
1757518084945 0.5170123500854499 285
1757518084956 0.6282387567081688 286
1757518084968 0.371792739612493 287
1757518084979 0.5339321724073993 288
1757518084990 0.28135190450203795 289
1757518085004 0.30815681241461257 290
1757518085016 0.26392302875694645 291
1757518085028 0.26772362263807936 292
1757518085040 0.20660783305867123 293
1757518085052 0.2097787947316068 294
1757518085064 0.2929726036236562 295
1757518085075 0.21138886551963473 296
1757518085087 0.3771119214233403 297
1757518085098 0.7023543530511123 298
1757518085110 0.32200978548232506 299
1757518085121 0.5194744130054304 300
1757518085132 0.586837627257127 301
1757518085144 0.35712765271868363 302
1757518085155 0.16454682976289897 303
1757518085167 0.5862799861157232 304
1757518085178 0.38633050138023134 305
1757518085189 0.21687233988602117 306
1757518085200 0.38558532694176445 307
1757518085212 0.32845049176172053 308
1757518085223 0.34632074474653424 309
1757518085234 0.4397446105912159 310
1757518085245 0.23956346665585626 311
1757518085257 0.42434546115628635 312
1757518085268 0.3927657116126201 313
1757518085280 0.28001708148761156 314
1757518085291 0.4177705314646247 315
1757518085302 0.21949808241534396 316
1757518085314 0.4218362969700742 317
1757518085325 0.35291759115604593 318
1757518085336 0.3540971888572018 319
1757518085347 0.5564168084727987 320
1757518085359 0.2591977041123704 321
1757518085370 0.15688673841649065 322
1757518085381 0.2693081066078162 323
1757518085392 0.18269448548100095 324
1757518085404 0.33782914056371416 325
1757518085416 0.34207061654077653 326
1757518085427 0.2627618420142523 327
1757518085438 0.26609313073222535 328
1757518085450 0.23685012733247698 329
1757518085461 0.36927029141527196 330
1757518085473 0.19392622984799465 331
1757518085484 0.22663065941310923 332
1757518085495 0.3381770126269537 333
1757518085507 0.24290594785284658 334
1757518085519 0.11847974200161263 335
1757518085530 0.3621718130872779 336
1757518085541 0.24632573336373673 337
1757518085553 0.5589648971144253 338
1757518085564 0.27648631042097915 339
1757518085576 0.24214020074796938 340
1757518085587 0.21929927025256168 341
1757518085599 0.24794849299646055 342
1757518085610 0.17186896314821937 343
1757518085622 0.2853624638874551 344
1757518085633 0.2867633017241417 345
1757518085644 1.2189545419783179 346
1757518085656 0.1571947746518471 347
1757518085670 0.3419204761147232 348
1757518085682 0.17331927356831817 349
1757518085693 0.2623994407870893 350
1757518085705 0.24660317326146947 351
1757518085716 0.2513819238564448 352
1757518085728 0.5706545828400741 353
1757518085739 0.4096449280804132 354
1757518085751 0.22253035845120422 355
1757518085762 0.1717354058024902 356
1757518085774 0.39537852369482773 357
1757518085785 0.2821347019388328 358
1757518085797 0.3484914915319079 359
1757518085808 0.2256581759377039 360
1757518085820 1.3347800973083184 361
1757518085832 0.27258899256242436 362
1757518085843 0.16494221914186732 363
1757518085855 0.12025124783780619 364
1757518085868 0.4555374459393734 365
1757518085886 0.22140277865024652 366
1757518085899 0.2545443852680938 367
1757518085912 0.12812204557524007 368
1757518085924 0.27973820371956293 369
1757518085936 0.1229438983059099 370
1757518085948 0.2305729256391559 371
1757518085960 0.1405839621400864 372
1757518085972 0.2742404777037473 373
1757518085985 0.2793003308663253 374
1757518085997 0.3925092775482926 375
1757518086009 0.12870402570063258 376
1757518086020 0.20146871360477792 377
1757518086032 0.16375259230616945 378
1757518086044 0.32449942431570733 379
1757518086055 0.26534471314347946 380
1757518086067 0.5482203475585055 381
1757518086079 0.28179777655367355 382
1757518086091 0.2764525434254362 383
1757518086102 0.20007886090852486 384
1757518086114 0.17301671313473913 385
1757518086126 0.11260837278223829 386
1757518086138 0.1290153325106583 387
1757518086149 0.20118674832442698 388
1757518086161 0.16647332208511406 389
1757518086173 0.13161042202270518 390
1757518086184 0.2231192116385913 391
1757518086196 0.34637683614119874 392
1757518086208 0.07429012602556812 393
1757518086220 0.1345752808696975 394
1757518086231 0.29409415653667476 395
1757518086243 0.18852901696726662 396
1757518086255 0.19037207781563664 397
1757518086267 0.305745091327187 398
1757518086279 0.21793462066788236 399
1757518086291 0.11441642780262627 400
1757518086302 0.4392631140374062 401
1757518086314 0.13441138291193866 402
1757518086326 0.24492971761781693 403
1757518086338 0.11718795928032642 404
1757518086350 0.20914932543979317 405
1757518086362 0.25705017595192714 406
1757518086374 0.3502451850999739 407
1757518086385 0.28371436889845264 408
1757518086397 0.2333141157610036 409
1757518086409 0.21207263762393488 410
1757518086421 0.18173369468664835 411
1757518086432 0.2799964226524889 412
1757518086444 0.16088626214354004 413
1757518086456 0.2720422266670726 414
1757518086468 0.1272520668834069 415
1757518086480 0.17998625051403933 416
1757518086492 0.18365929756576224 417
1757518086504 0.21178570262867527 418
1757518086516 0.2997750290291611 419
1757518086528 0.3064205228459041 420
1757518086540 0.17656350395492332 421
1757518086552 0.1436650932863837 422
1757518086564 0.2433443203679288 423
1757518086576 0.331387792617258 424
1757518086587 0.1325924870288349 425
1757518086599 0.12155385844305107 426
1757518086611 0.1322982753978846 427
1757518086623 0.17716002568341094 428
1757518086635 0.1366004788704107 429
1757518086647 0.12894653487340998 430
1757518086659 0.20732130710641533 431
1757518086671 0.17679131823654737 432
1757518086683 0.18129051545324096 433
1757518086695 0.2082617968276002 434
1757518086707 0.1753805617533501 435
1757518086719 0.14837736812985447 436
1757518086732 0.20296193266585721 437
1757518086744 0.15142347187102984 438
1757518086756 0.3177641324381536 439
1757518086768 0.16195510104841607 440
1757518086780 0.14201912255866425 441
1757518086792 0.1220337110230985 442
1757518086804 0.09546343783640296 443
1757518086817 0.14684435881514427 444
1757518086829 0.2172394411418071 445
1757518086841 0.33826738851662996 446
1757518086853 0.12562690223933487 447
1757518086866 0.1641743686662246 448
1757518086878 0.129181197834605 449
1757518086890 0.09296626545524843 450
1757518086902 0.05576391269725037 451
1757518086914 0.1550943245557248 452
1757518086926 0.34967381035777784 453
1757518086939 0.19156828752319022 454
1757518086951 0.10129004667247062 455
1757518086964 0.11743791978818421 456
1757518086976 0.18901922836197804 457
1757518086988 0.19136348367348152 458
1757518087000 0.23257473733125728 459
1757518087012 0.1999545706490279 460
1757518087025 0.1707334340962747 461
1757518087037 0.15191209855743085 462
1757518087049 0.15535062117505688 463
1757518087061 0.21756642485295435 464
1757518087073 0.1772826022158994 465
1757518087086 0.07154220849580954 466
1757518087098 0.1515527224132114 467
1757518087110 0.33729114588696724 468
1757518087122 0.1542087359575809 469
1757518087134 0.17281426255114887 470
1757518087147 0.3325166873249005 471
1757518087159 0.15078262700739867 472
1757518087171 0.15253582201224702 473
1757518087183 0.17865970685953023 474
1757518087196 0.31071405112146205 475
1757518087208 0.12564014400108695 476
1757518087220 0.18176296765785974 477
1757518087232 0.11967370700715761 478
1757518087245 0.12733149510953223 479
1757518087257 0.2111077930978949 480
1757518087269 0.20250237937048635 481
1757518087282 0.07677601847351069 482
1757518087294 0.20329588776826923 483
1757518087306 0.24830750848372518 484
1757518087318 0.16243554582427494 485
1757518087331 0.22602046055069822 486
1757518087343 0.13026920999142383 487
1757518087356 0.2553019797748697 488
1757518087368 0.1273949777025698 489
1757518087381 0.10973544711873154 490
1757518087394 0.1085484313174323 491
1757518087406 0.09498751125827427 492
1757518087419 0.10671001407816644 493
1757518087431 0.1138677757580891 494
1757518087443 0.2250956351367276 495
1757518087456 0.060525119546638986 496
1757518087468 0.22672984853990094 497
1757518087481 0.19752194693589703 498
1757518087493 0.0976774511246343 499
