1757594644849 12.935702443496432 0
1757594644858 3.9938100098505114 1
1757594644867 4.447244596148374 2
1757594644876 3.726200196949161 3
1757594644886 4.448640995916778 4
1757594644895 2.8115887170290406 5
1757594644904 2.5248876181949322 6
1757594644913 2.1213374360595214 7
1757594644922 1.4961203682101054 8
1757594644931 2.283390318543644 9
1757594644940 1.3373425584755279 10
1757594644949 0.5067371108248999 11
1757594644958 1.7504001316677689 12
1757594644968 1.1332590657074475 13
1757594644977 1.0439144677980008 14
1757594644986 1.0106817986871683 15
1757594644995 0.7079783385524766 16
1757594645005 1.4310819056846176 17
1757594645014 0.5272197369969598 18
1757594645023 0.7709860973903117 19
1757594645033 0.3870095980429321 20
1757594645042 0.9866770342369862 21
1757594645052 0.7064047276598909 22
1757594645061 0.7491354535585822 23
1757594645071 0.6130613852457665 24
1757594645080 0.489389439803156 25
1757594645089 0.28099739535099494 26
1757594645098 0.4435657473678993 27
1757594645108 0.42273479336117664 28
1757594645117 0.19293079852833858 29
1757594645126 0.26454743777989725 30
1757594645135 0.4142925472141992 31
1757594645144 0.36944359173573915 32
1757594645154 0.4696437878167254 33
1757594645163 0.355776410139932 34
1757594645173 0.2772354152257829 35
1757594645182 0.2022832979210659 36
1757594645191 0.36040676162256147 37
1757594645201 0.11894231593958937 38
1757594645210 0.13465961128348328 39
1757594645219 0.19244382327393442 40
1757594645228 0.24728102598936355 41
1757594645238 0.08864351163328839 42
1757594645247 0.22549064644317637 43
1757594645256 0.25264663728828207 44
1757594645265 0.16423334714686957 45
1757594645275 0.10138748417515037 46
1757594645284 0.16117742375575728 47
1757594645293 0.16144256979925994 48
1757594645302 0.11714601886397669 49
1757594645312 0.1526033933407389 50
1757594645321 0.1884161731053237 51
1757594645330 0.14185338188371802 52
1757594645340 0.12781810969941343 53
1757594645350 0.14734873051083838 54
1757594645359 0.22145289349692926 55
1757594645368 0.16838137913779477 56
1757594645377 0.0868467097921459 57
1757594645387 0.16901223528080733 58
1757594645396 0.0815287986463957 59
1757594645406 0.10124342840884204 60
1757594645416 0.09697840921564778 61
1757594645425 0.07555025031429956 62
1757594645434 0.11547974365127231 63
1757594645444 0.11886459106071909 64
1757594645453 0.1266694253458741 65
1757594645463 0.1834674972966295 66
1757594645472 0.11139822099457924 67
1757594645482 0.16164619481514336 68
1757594645491 0.2484042187556881 69
1757594645501 0.05908761293069067 70
1757594645510 0.07984915341589854 71
1757594645519 0.07834379534526092 72
1757594645529 0.10738011470119035 73
1757594645538 0.14804848357889383 74
1757594645548 0.09314516483465542 75
1757594645557 0.05960857124312554 76
1757594645567 0.1312681812617986 77
1757594645577 0.07186342271689256 78
1757594645586 0.09909355778269806 79
1757594645596 0.1012635880670692 80
1757594645605 0.12529350497709055 81
1757594645615 0.09178611498946983 82
1757594645625 0.10677588879918902 83
1757594645634 0.26459479514260237 84
1757594645647 0.10072088708006625 85
1757594645657 0.08769269814657846 86
1757594645667 0.06572180598675856 87
1757594645676 0.13998754262714844 88
1757594645686 0.05649077080838954 89
1757594645695 0.06494211144280831 90
1757594645705 0.08944226300449946 91
1757594645715 0.12184723354928216 92
1757594645725 0.06746230191845141 93
1757594645734 0.10687197814881069 94
1757594645744 0.07979968388898366 95
1757594645754 0.08929167402083023 96
1757594645763 0.0813422324724278 97
1757594645773 0.07575992580773772 98
1757594645782 0.09489220065411384 99
1757594645792 0.09789244030952407 100
1757594645802 0.09102841861610683 101
1757594645812 0.10174877662402709 102
1757594645821 0.07774662273624469 103
1757594645831 0.12360263998980875 104
1757594645840 0.1192610337335905 105
1757594645850 0.0677847474856 106
1757594645860 0.10497058101865135 107
1757594645869 0.07586502408282973 108
1757594645879 0.10119610964169164 109
1757594645889 0.10606346228919922 110
1757594645899 0.09661732726296439 111
1757594645909 0.08751499229315572 112
1757594645919 0.08481087344699541 113
1757594645929 0.08336185788674208 114
1757594645938 0.0844599368367758 115
1757594645948 0.04715163387241613 116
1757594645958 0.1605744670215063 117
1757594645968 0.21122408114623384 118
1757594645978 0.05235705156342486 119
1757594645988 0.08614203942896421 120
1757594645999 0.05903570157175981 121
1757594646009 0.089104720636758 122
1757594646018 0.08068383535622183 123
1757594646028 0.14223351837373938 124
1757594646038 0.07286233381268513 125
1757594646048 0.10617002754564347 126
1757594646059 0.08947907870455067 127
1757594646069 0.07543976426645681 128
1757594646080 0.04890538169749074 129
1757594646090 0.10753336391048393 130
1757594646100 0.17764233261448303 131
1757594646110 0.2339158260669492 132
1757594646120 0.10926888554899199 133
1757594646130 0.08199285148047321 134
1757594646140 0.09570167060806661 135
1757594646150 0.08521184604315779 136
1757594646160 0.10755595417200813 137
1757594646170 0.04837658639475738 138
1757594646180 0.07060114880657047 139
1757594646190 0.16024525031913442 140
1757594646199 0.07886444276977446 141
1757594646209 0.0743745824342433 142
1757594646219 0.09889336502674333 143
1757594646229 0.10908609927537659 144
1757594646239 0.0748422171628203 145
1757594646249 0.13424666640867527 146
1757594646259 0.07433661803990524 147
1757594646269 0.10877289417809663 148
1757594646279 0.14627696445205648 149
1757594646289 0.1519576475973775 150
1757594646299 0.09417817981436945 151
1757594646309 0.08909204626766462 152
1757594646319 0.06278078269188349 153
1757594646329 0.054998316952699064 154
1757594646339 0.10402962830489268 155
1757594646349 0.22668498198164522 156
1757594646359 0.08135728539018552 157
1757594646369 0.2189953270849781 158
1757594646379 0.07316921341671558 159
1757594646389 0.0521851071221058 160
1757594646399 0.10951723640038676 161
1757594646409 0.12445047349086338 162
1757594646419 0.10011019895790019 163
1757594646429 0.06573776163575926 164
1757594646439 0.10028223756479876 165
1757594646449 0.10641752239102743 166
1757594646459 0.08858237623075631 167
1757594646469 0.06284254140204969 168
1757594646479 0.6046050451947885 169
1757594646489 0.07180859731944977 170
1757594646500 0.08055178240474238 171
