1757594452387 169.08220123107455 0
1757594452396 169.01872469485303 1
1757594452405 168.95527294009622 2
1757594452413 168.89184595705612 3
1757594452421 168.82844373598715 4
1757594452430 168.76506626714578 5
1757594452438 168.70171354079383 6
1757594452446 168.6383855471966 7
1757594452455 168.57508227662237 8
1757594452463 168.51180371934467 9
1757594452471 168.44854986564042 10
1757594452480 168.3853207057896 11
1757594452489 168.32211623007635 12
1757594452497 168.2589364287892 13
1757594452506 168.19578129222097 14
1757594452514 168.13265081066572 15
1757594452522 168.06954497442467 16
1757594452531 168.0064637738015 17
1757594452540 167.94340719910235 18
1757594452548 167.88037524063944 19
1757594452557 167.81736788872706 20
1757594452565 167.75438513368493 21
1757594452573 167.69142696583532 22
1757594452582 167.62849337550423 23
1757594452591 167.5655843530235 24
1757594452599 167.5026998887251 25
1757594452608 167.43983997294882 26
1757594452617 167.3770045960355 27
1757594452625 167.31419374833146 28
1757594452634 167.2514074201862 29
1757594452642 167.188645601951 30
1757594452650 167.12590828398586 31
1757594452659 167.06319545664968 32
1757594452667 167.00050711030795 33
1757594452676 166.9378432353288 34
1757594452684 166.87520382208416 35
1757594452693 166.8125888609506 36
1757594452701 166.74999834230766 37
1757594452710 166.6874322565404 38
1757594452718 166.62489059403467 39
1757594452727 166.56237334518192 40
1757594452736 166.49988050037732 41
1757594452745 166.43741205002112 42
1757594452758 166.3749679845144 43
1757594452767 166.31254829426356 44
1757594452776 166.25015296968093 45
1757594452784 166.1877820011775 46
1757594452793 166.1254353791723 47
1757594452802 166.0631130940892 48
1757594452811 166.00081513635126 49
1757594452820 165.9385414963881 50
1757594452828 165.87629216463174 51
1757594452837 165.81406713152032 52
1757594452846 165.7518663874942 53
1757594452854 165.689689922997 54
1757594452863 165.627537728478 55
1757594452872 165.56540979438782 56
1757594452880 165.5033061111828 57
1757594452889 165.44122666932154 58
1757594452898 165.3791714592682 59
1757594452907 165.3171404714895 60
1757594452916 165.25513369645566 61
1757594452924 165.19315112464162 62
1757594452933 165.1311927465243 63
1757594452942 165.0692585525884 64
1757594452950 165.00734853331738 65
1757594452959 164.9454626792009 66
1757594452968 164.88360098073352 67
1757594452992 164.82176342841092 68
1757594453001 164.7599500127351 69
1757594453010 164.69816072420988 70
1757594453019 164.6363955533434 71
1757594453028 164.574654490648 72
1757594453037 164.51293752664006 73
1757594453046 164.45124465183753 74
1757594453055 164.38957585676442 75
1757594453064 164.32793113194913 76
1757594453073 164.26631046792053 77
1757594453082 164.20471385521418 78
1757594453090 164.14314128436718 79
1757594453100 164.08159274592322 80
1757594453108 164.02006823042655 81
1757594453117 163.95856772842723 82
1757594453126 163.89709123047913 83
1757594453135 163.8356387271382 84
1757594453144 163.77421020896452 85
1757594453152 163.71280566652374 86
1757594453161 163.65142509038398 87
1757594453170 163.5900684711164 88
1757594453179 163.52873579929724 89
1757594453188 163.4674270655052 90
1757594453197 163.40614226032295 91
1757594453205 163.3448813743388 92
1757594453217 163.28364439814018 93
1757594453226 163.22243132232475 94
1757594453234 163.161242137489 95
1757594453243 163.1000768342343 96
1757594453252 163.03893540316497 97
1757594453261 162.97781783489134 98
1757594453270 162.91672412002723 99
1757594453279 162.8556542491868 100
1757594453288 162.79460821299133 101
1757594453296 162.73358600206393 102
1757594453306 162.67258760703342 103
1757594453314 162.61161301853016 104
1757594453323 162.550662227189 105
1757594453333 162.48973522364975 106
1757594453342 162.42883199855328 107
1757594453351 162.36795254254613 108
1757594453360 162.30709684628016 109
1757594453368 162.2462649004051 110
1757594453377 162.18545669558048 111
1757594453386 162.12467222246667 112
1757594453395 162.06391147172786 113
1757594453404 162.0031744340326 114
1757594453414 161.94246110005324 115
1757594453422 161.88177146046354 116
1757594453432 161.8211055059449 117
1757594453441 161.7604632271796 118
1757594453450 161.69984461485365 119
1757594453459 161.63924965965737 120
1757594453468 161.57867835228623 121
1757594453477 161.51813068343628 122
1757594453486 161.4576066438095 123
1757594453495 161.39710622411164 124
1757594453504 161.33662941504997 125
1757594453513 161.27617620733696 126
1757594453522 161.2157465916893 127
1757594453531 161.1553405588272 128
1757594453540 161.094958099473 129
1757594453550 161.03459920435472 130
1757594453559 160.97426386420244 131
1757594453568 160.9139520697494 132
1757594453577 160.85366381173478 133
1757594453587 160.79339908090017 134
1757594453596 160.73315786799233 135
1757594453606 160.67294016375754 136
1757594453619 160.61274595895048 137
1757594453629 160.55257524432662 138
1757594453638 160.49242801064605 139
1757594453647 160.43230424867198 140
1757594453657 160.37220394917244 141
1757594453666 160.31212710291672 142
1757594453675 160.25207370068082 143
1757594453684 160.19204373324428 144
1757594453693 160.13203719138625 145
1757594453702 160.0720540658926 146
1757594453711 160.0120943475542 147
1757594453721 159.95215802716285 148
1757594453730 159.89224509551337 149
1757594453739 159.83235554340848 150
1757594453748 159.77248936164958 151
1757594453757 159.71264654104647 152
1757594453767 159.65282707240658 153
1757594453776 159.59303094654763 154
1757594453785 159.53325815428633 155
1757594453795 159.47350868644503 156
1757594453804 159.41378253384914 157
1757594453813 159.35407968732721 158
1757594453822 159.29440013771145 159
1757594453832 159.23474387583968 160
1757594453841 159.17511089255083 161
1757594453851 159.1155011786887 162
1757594453860 159.05591472510088 163
1757594453869 158.99635152263738 164
1757594453878 158.936811562153 165
1757594453887 158.8772948345053 166
1757594453897 158.81780133055702 167
1757594453906 158.75833104117194 168
1757594453916 158.69888395721958 169
1757594453925 158.6394600695729 170
1757594453934 158.5800593691073 171
1757594453944 158.52068184670216 172
1757594453953 158.46132749324204 173
1757594453962 158.4019962996125 174
1757594453972 158.34268825670472 175
1757594453981 158.28340335541165 176
1757594453990 158.2241415866328 177
1757594454000 158.16490294126848 178
1757594454009 158.10568741022303 179
1757594454019 158.04649498440492 180
1757594454028 157.98732565472727 181
1757594454037 157.9281794121045 182
1757594454047 157.86905624745634 183
1757594454056 157.80995615170593 184
1757594454065 157.75087911577955 185
1757594454075 157.69182513060625 186
1757594454085 157.63279418712085 187
1757594454094 157.5737862762596 188
1757594454103 157.514801388964 189
1757594454113 157.4558395161777 190
1757594454122 157.39690064884866 191
1757594454132 157.337984777928 192
1757594454141 157.27909189437216 193
1757594454151 157.2202219891388 194
1757594454160 157.16137505318855 195
1757594454170 157.1025510774899 196
1757594454180 157.0437500530102 197
1757594454189 156.98497197072297 198
1757594454199 156.9262168216055 199
1757594454208 156.8674845966364 200
1757594454218 156.80877528680034 201
1757594454227 156.7500888830831 202
1757594454237 156.69142537647676 203
1757594454247 156.63278475797483 204
1757594454256 156.57416701857602 205
1757594454266 156.51557214928005 206
1757594454276 156.4570001410936 207
1757594454285 156.39845098502403 208
1757594454294 156.33992467208395 209
1757594454304 156.28142119328845 210
1757594454314 156.22294053965658 211
1757594454323 156.1644827022108 212
1757594454333 156.10604767197853 213
1757594454342 156.0476354399889 214
1757594454352 155.9892459972748 215
1757594454361 155.9308793348739 216
1757594454371 155.87253544382617 217
1757594454381 155.81421431517495 218
1757594454391 155.75591593996813 219
1757594454400 155.69764030925776 220
1757594454410 155.63938741409748 221
1757594454420 155.5811572455452 222
1757594454429 155.52294979466177 223
1757594454439 155.46476505251422 224
1757594454451 155.40660301016968 225
1757594454461 155.34846365870044 226
1757594454471 155.2903469891846 227
1757594454480 155.23225299269816 228
1757594454490 155.17418166032508 229
1757594454501 155.11613298315237 230
1757594454511 155.05810695226896 231
1757594454521 155.0001035587684 232
1757594454531 154.94212279374761 233
1757594454541 154.88416464830738 234
1757594454551 154.8262291135522 235
1757594454560 154.76831618058614 236
1757594454570 154.71042584052424 237
1757594454580 154.6525580844802 238
1757594454590 154.59471290356865 239
1757594454599 154.5368902889138 240
1757594454609 154.47909023164112 241
1757594454619 154.42131272287688 242
1757594454629 154.36355775375503 243
1757594454639 154.30582531541017 244
1757594454649 154.24811539898067 245
1757594454659 154.1904279956109 246
1757594454669 154.13276309644496 247
1757594454679 154.0751206926333 248
1757594454688 154.01750077532677 249
1757594454699 153.95990333568625 250
1757594454709 153.90232836486788 251
1757594454718 153.84477585403545 252
1757594454728 153.78724579435826 253
1757594454738 153.72973817700358 254
1757594454748 153.6722529931486 255
1757594454758 153.61479023396842 256
1757594454768 153.5573498906437 257
1757594454778 153.49993195436033 258
1757594454788 153.44253641630607 259
1757594454798 153.38516326767015 260
1757594454808 153.32781249964992 261
1757594454818 153.2704841034427 262
1757594454828 153.21317807025008 263
1757594454837 153.15589439127683 264
1757594454847 153.09863305773197 265
1757594454857 153.04139406082984 266
1757594454867 152.98417739178322 267
1757594454877 152.9269830418121 268
1757594454887 152.86981100213958 269
1757594454897 152.8126612639905 270
1757594454907 152.75553381859584 271
1757594454917 152.69842865718797 272
1757594454927 152.64134577100347 273
1757594454937 152.58428515128145 274
1757594454946 152.527246789267 275
1757594454956 152.47023067620674 276
1757594454966 152.41323680334833 277
1757594454976 152.3562651619485 278
1757594454986 152.29931574326312 279
1757594454997 152.2423885385525 280
1757594455007 152.18548353908193 281
1757594455017 152.1286007361188 282
1757594455027 152.0717401209333 283
1757594455037 152.01490168479936 284
1757594455047 151.95808541899737 285
1757594455057 151.90129131480631 286
1757594455067 151.84451936351266 287
1757594455077 151.78776955640228 288
1757594455087 151.73104188476958 289
1757594455097 151.67433633990782 290
1757594455107 151.61765291311724 291
1757594455117 151.56099159569794 292
1757594455127 151.50435237895599 293
1757594455137 151.44773525420186 294
1757594455147 151.39114021274514 295
1757594455157 151.3345672459044 296
1757594455167 151.278016344996 297
1757594455177 151.2214875013441 298
1757594455187 151.16498070627483 299
1757594455197 151.1084959511174 300
1757594455207 151.05203322720462 301
1757594455218 150.99559252587227 302
1757594455228 150.93917383846065 303
1757594455238 150.88277715631324 304
1757594455248 150.8264024707758 305
1757594455258 150.77004977319757 306
1757594455268 150.71371905493547 307
1757594455279 150.6574103073416 308
1757594455289 150.6011235217795 309
1757594455307 150.5448586896118 310
1757594455321 150.48861580220517 311
1757594455332 150.4323948509305 312
1757594455342 150.3761958271619 313
1757594455353 150.320018722276 314
1757594455363 150.2638635276539 315
1757594455374 150.20773023467922 316
1757594455384 150.15161883474025 317
1757594455394 150.09552931922636 318
1757594455404 150.0394616795341 319
1757594455415 149.98341590705988 320
1757594455425 149.9273919932042 321
1757594455436 149.87138992937233 322
1757594455446 149.8154097069726 323
1757594455456 149.75945131741548 324
1757594455466 149.70351475211567 325
1757594455477 149.64760000249137 326
1757594455487 149.59170705996326 327
1757594455498 149.5358359159585 328
1757594455508 149.4799865619033 329
1757594455518 149.42415898922962 330
1757594455529 149.36835318937185 331
1757594455539 149.3125691537698 332
1757594455549 149.25680687386472 333
1757594455560 149.20106634110178 334
1757594455571 149.14534754692872 335
1757594455582 149.08965048279777 336
1757594455592 149.03397514016476 337
1757594455603 148.97832151048823 338
1757594455613 148.92268958523002 339
1757594455624 148.8670793558549 340
1757594455634 148.8114908138324 341
1757594455645 148.7559239506351 342
1757594455656 148.70037875773758 343
1757594455666 148.64485522661926 344
1757594455677 148.5893533487607 345
1757594455687 148.53387311564938 346
1757594455697 148.47841451877468 347
1757594455708 148.42297754962803 348
1757594455718 148.3675621997042 349
1757594455729 148.31216846050376 350
1757594455739 148.2567963235288 351
1757594455750 148.2014457802838 352
1757594455760 148.14611682227945 353
1757594455771 148.09080944102723 354
1757594455781 148.0355236280434 355
1757594455792 147.98025937484746 356
1757594455802 147.92501667296054 357
1757594455813 147.86979551391087 358
1757594455823 147.81459588922525 359
1757594455834 147.75941779043748 360
1757594455844 147.70426120908454 361
1757594455855 147.64912613670256 362
1757594455865 147.59401256483696 363
1757594455876 147.53892048503212 364
1757594455886 147.48384988883848 365
1757594455897 147.42880076780722 366
1757594455907 147.37377311349618 367
1757594455918 147.31876691746353 368
1757594455928 147.2637821712704 369
1757594455939 147.2088188664861 370
1757594455950 147.15387699467695 371
1757594455960 147.09895654741828 372
1757594455971 147.044057516283 373
1757594455981 146.98917989285195 374
1757594455992 146.93432366870658 375
1757594456003 146.87948883543547 376
1757594456013 146.8246753846255 377
1757594456024 146.76988330786975 378
1757594456035 146.7151125967642 379
1757594456045 146.6603632429083 380
1757594456056 146.60563523790472 381
1757594456067 146.55092857335853 382
1757594456078 146.49624324087972 383
1757594456088 146.44157923207973 384
1757594456099 146.38693653857487 385
1757594456110 146.33231515198509 386
1757594456120 146.27771506393108 387
1757594456131 146.2231362660399 388
1757594456142 146.16857874994028 389
1757594456152 146.1140425072643 390
1757594456163 146.05952752964788 391
1757594456174 146.00503380872948 392
1757594456184 145.9505613361513 393
1757594456195 145.8961101035597 394
1757594456206 145.8416801026028 395
1757594456217 145.7872713249324 396
1757594456228 145.73288376220492 397
1757594456239 145.67851740607884 398
1757594456249 145.62417224821507 399
1757594456260 145.56984828028166 400
1757594456271 145.5155454939433 401
1757594456282 145.46126388087552 402
1757594456293 145.4070034327503 403
1757594456303 145.3527641412487 404
1757594456314 145.29854599805137 405
1757594456325 145.2443489948433 406
1757594456336 145.19017312331425 407
1757594456347 145.13601837515304 408
1757594456357 145.08188474205704 409
1757594456368 145.02777221572285 410
1757594456379 144.9736807878528 411
1757594456390 144.91961045015123 412
1757594456401 144.86556119432703 413
1757594456412 144.8115330120898 414
1757594456423 144.75752589515568 415
1757594456434 144.7035398352416 416
1757594456446 144.6495748240695 417
1757594456458 144.59563085336214 418
1757594456469 144.54170791484879 419
1757594456480 144.48780600026112 420
1757594456491 144.4339251013297 421
1757594456502 144.38006520979562 422
1757594456513 144.3262263173971 423
1757594456524 144.27240841587982 424
1757594456536 144.21861149699023 425
1757594456547 144.16483555247837 426
1757594456558 144.11108057409896 427
1757594456569 144.0573465536088 428
1757594456579 144.00363348276787 429
1757594456590 143.94994135333974 430
1757594456601 143.89627015709092 431
1757594456612 143.8426198857916 432
1757594456623 143.78899053121506 433
1757594456634 143.73538208513773 434
1757594456645 143.68179453933948 435
1757594456656 143.6282278856032 436
1757594456668 143.5746821157159 437
1757594456679 143.52115722146578 438
1757594456690 143.46765319464652 439
1757594456701 143.41417002705325 440
1757594456713 143.36070771048662 441
1757594456724 143.30726623674715 442
1757594456735 143.25384559764214 443
1757594456746 143.20044578497996 444
1757594456757 143.14706679057224 445
1757594456768 143.09370860623585 446
1757594456779 143.04037122378736 447
1757594456790 142.98705463505118 448
1757594456801 142.93375883184945 449
1757594456813 142.8804838060125 450
1757594456824 142.82722954937194 451
1757594456835 142.77399605376092 452
1757594456846 142.72078331101943 453
1757594456857 142.66759131298733 454
1757594456868 142.61442005151008 455
1757594456879 142.56126951843393 456
1757594456891 142.5081397056106 457
1757594456902 142.45503060489472 458
1757594456913 142.40194220814323 459
1757594456924 142.3488745072164 460
1757594456935 142.29582749397684 461
1757594456947 142.24280116029362 462
1757594456958 142.1897954980368 463
1757594456969 142.13681049907885 464
1757594456980 142.0838461552959 465
1757594456991 142.0309024585684 466
1757594457002 141.97797940077962 467
1757594457013 141.92507697381552 468
1757594457024 141.87219516956586 469
1757594457036 141.81933397992267 470
1757594457047 141.7664933967819 471
1757594457058 141.71367341204314 472
1757594457069 141.6608740176073 473
1757594457080 141.60809520538209 474
1757594457094 141.55533696727449 475
1757594457105 141.50259929519558 476
1757594457116 141.44988218106167 477
1757594457128 141.3971856167911 478
1757594457139 141.34450959430418 479
1757594457150 141.29185410552657 480
1757594457162 141.23921914238556 481
1757594457173 141.1866046968122 482
1757594457184 141.13401076074086 483
1757594457196 141.0814373261082 484
1757594457207 141.0288843848558 485
1757594457218 140.97635192892542 486
1757594457230 140.9238399502665 487
1757594457241 140.87134844082726 488
1757594457252 140.81887739256183 489
1757594457264 140.7664267974264 490
1757594457275 140.71399664738055 491
1757594457287 140.66158693438675 492
1757594457298 140.6091976504114 493
1757594457310 140.5568287874237 494
1757594457321 140.50448033739585 495
1757594457332 140.45215229230172 496
1757594457343 140.39984464412265 497
1757594457355 140.34755738483886 498
1757594457367 140.2952905064352 499
