1757594840840 0.00023966742483843775 0
1757594840878 0.050976184683565115 1
1757594840916 0.015571161925542948 2
1757594840954 0.031611390262976005 3
1757594840993 0.10168483896810414 4
1757594841032 0.007754418981195577 5
1757594841071 0.06218345016821661 6
1757594841113 0.009430538200150919 7
1757594841152 0.0329886420636579 8
1757594841190 0.0020905400899209705 9
1757594841228 0.0013517779994422423 10
1757594841267 0.05401920376438778 11
1757594841306 0.061516082263407 12
1757594841344 0.004058474617121788 13
1757594841382 0.00537104399790685 14
1757594841421 0.07707148333407098 15
1757594841459 0.04323888387114566 16
1757594841498 0.07573862597098927 17
1757594841536 0.023161872810354082 18
1757594841574 0.00010676381611340841 19
1757594841612 0.042710589053413364 20
1757594841651 0.1370574963171135 21
1757594841689 0.21788826349328327 22
1757594841728 0.0035692143570218646 23
1757594841766 0.2500377267159523 24
1757594841804 0.07113223166232303 25
1757594841843 0.010795261236600903 26
1757594841881 0.0031031256230608525 27
1757594841920 0.03050533860012713 28
1757594841958 0.005857671347793994 29
1757594841997 0.03109326488233418 30
1757594842035 0.0039506053830906185 31
1757594842102 0.12360361904341406 32
1757594842141 0.004032500046799621 33
1757594842179 0.004020103465464902 34
1757594842217 2.3617229370290235e-05 35
1757594842258 0.009558236441271534 36
1757594842297 0.09147576134280963 37
1757594842335 3.6822416351474294e-05 38
1757594842373 0.019528991859067226 39
1757594842412 0.007830063348081064 40
1757594842450 0.07275201202112659 41
1757594842489 0.06442155884142552 42
1757594842528 0.01550626666804903 43
1757594842566 0.38982340835265 44
1757594842604 0.06355625059844923 45
1757594842642 0.04217488761139338 46
1757594842681 0.053631362590978365 47
1757594842720 0.01799948666442031 48
1757594842759 0.3447276828795233 49
1757594842797 0.006184096272696393 50
1757594842835 0.0037756387511086466 51
1757594842875 0.00017609806225576277 52
1757594842915 0.011534720526240072 53
1757594842955 0.12634226164884857 54
1757594842994 0.027984082379387775 55
1757594843032 0.21590468393658835 56
1757594843071 1.1778994702273498 57
1757594843110 0.12185830832869707 58
1757594843149 0.0004431054101488701 59
1757594843193 8.328166167210745e-05 60
1757594843232 0.06526485348574182 61
1757594843271 0.06171638773030939 62
1757594843309 0.35635267760173456 63
1757594843347 0.32436358381449365 64
1757594843386 0.01004086302890787 65
1757594843425 0.007856459212266501 66
1757594843463 0.07711889949499934 67
1757594843502 0.04548670527293269 68
1757594843541 0.018006444030845375 69
1757594843580 0.002951370136336517 70
1757594843618 0.013032003724479563 71
1757594843657 0.022506638160011208 72
1757594843695 0.008018096922993745 73
1757594843734 0.012747110674362712 74
1757594843773 0.3365120970654236 75
1757594843812 0.17807448622447633 76
1757594843854 0.07345811286434153 77
1757594843893 0.3082411335595475 78
1757594843932 0.024555484940632245 79
1757594843971 0.012518278966234442 80
1757594844010 0.044346370998320554 81
1757594844048 0.012224099147866357 82
1757594844087 0.19129288294204858 83
1757594844125 0.059955678221210666 84
1757594844164 0.05183814744894807 85
1757594844202 0.4500270946480796 86
1757594844241 0.2266736077076102 87
1757594844279 0.22822739352603877 88
1757594844318 0.04419988438904898 89
1757594844358 0.0015137678389816386 90
1757594844399 0.1953212623486738 91
1757594844437 0.022705684056111612 92
1757594844476 0.05151172553231754 93
1757594844515 0.01629803189412682 94
1757594844553 0.0019049241544063613 95
1757594844592 0.4059977726991179 96
1757594844632 0.039631157861680914 97
1757594844671 0.015880484256180622 98
1757594844710 1.1426212460679972e-05 99
1757594844749 0.026776698634376216 100
1757594844789 0.049387497094996485 101
1757594844828 0.038712933222158144 102
1757594844867 0.11518852018374141 103
1757594844905 0.039909680777765986 104
1757594844944 0.1556810633245516 105
1757594844983 0.02778593713000283 106
1757594845022 0.02431036147101331 107
1757594845061 0.1573776826261547 108
1757594845100 0.008609702807389878 109
1757594845140 0.0413935174724279 110
1757594845179 0.006986445187964267 111
1757594845218 0.006718965504887609 112
1757594845257 0.013320852564011398 113
1757594845296 0.002081226966212413 114
1757594845335 0.014616233710553749 115
1757594845374 6.943313796939234e-06 116
1757594845413 0.004124208198475092 117
1757594845462 0.000534886705443544 118
1757594845503 0.05081987909591636 119
1757594845543 0.04208194672074582 120
1757594845582 0.0943048230193397 121
1757594845621 0.047528736469300045 122
1757594845660 0.0002140045439916266 123
1757594845700 0.034286197140507874 124
1757594845739 0.02175933435909961 125
1757594845778 0.25562055762585895 126
1757594845825 0.016858157192384576 127
1757594845870 0.005439834880092495 128
1757594845911 0.007353570694982608 129
1757594845951 0.0001410321826138016 130
1757594845991 0.13710055407314098 131
1757594846031 0.3407922789117646 132
1757594846070 0.00911928849413865 133
1757594846110 0.08928557692278871 134
1757594846149 0.005010553869067045 135
1757594846188 0.16208536102794896 136
1757594846227 0.04091684258360757 137
1757594846266 0.055195901894849304 138
1757594846305 0.05544661422088676 139
1757594846344 0.14895456555892822 140
1757594846383 0.003247165509858077 141
1757594846422 0.06698156839384357 142
1757594846461 0.007925204607868585 143
1757594846500 0.002086530575848719 144
1757594846540 0.0017726403726057902 145
1757594846579 0.33815948365996834 146
1757594846619 0.029602197197120945 147
1757594846659 0.004874194488595949 148
1757594846698 0.01104398101096067 149
1757594846738 0.20801091785278303 150
1757594846776 0.0007013287387294524 151
1757594846816 0.05338616950208136 152
1757594846855 0.039751783126916865 153
1757594846895 0.00943179399982378 154
1757594846935 0.003815341522955291 155
1757594846977 0.00018627957104680695 156
1757594847017 0.019882511901437985 157
1757594847056 0.3040346976303653 158
1757594847096 0.2050712070514327 159
1757594847135 0.6867576284311534 160
1757594847174 0.07667768349716339 161
1757594847213 0.06619683588134016 162
1757594847254 5.420235938452833e-05 163
1757594847296 0.0063306215776265965 164
1757594847338 0.005742102239128221 165
1757594847378 0.11276025306880928 166
1757594847420 0.024774754090629004 167
1757594847461 0.05314681478574588 168
1757594847501 0.01984372974388588 169
1757594847541 0.021716299540092448 170
1757594847581 0.1361868330447955 171
1757594847621 0.007924054332889705 172
1757594847661 0.046276319765684554 173
1757594847700 0.0008831798905808543 174
1757594847739 0.020737028524879696 175
1757594847779 0.4979964629798381 176
1757594847818 7.862090197817455e-07 177
1757594847858 0.056785948435778555 178
1757594847897 0.0003067552106555362 179
1757594847937 0.12707666698041697 180
1757594847977 0.06452505571619158 181
1757594848016 0.005234628346943664 182
1757594848056 0.13801455482444394 183
1757594848095 0.04869416188139048 184
1757594848135 0.0012070599642001018 185
1757594848175 0.0007690062620571734 186
1757594848214 0.003251792957136469 187
1757594848254 0.21953835873259533 188
1757594848293 0.09284913480761006 189
1757594848333 0.006879945693700135 190
1757594848372 0.05783756180433708 191
1757594848411 0.06567296745538288 192
1757594848451 0.05112497892929275 193
1757594848490 0.037003675519154254 194
1757594848530 0.0005312488266203196 195
1757594848569 0.0009143857133888268 196
1757594848608 0.005169021836654915 197
1757594848648 0.0029928231847809626 198
1757594848689 0.6675172839484954 199
1757594848730 0.00019715438437037543 200
1757594848773 0.033792130172533776 201
1757594848813 0.09934040486884023 202
1757594848852 0.1632890920326136 203
1757594848892 0.00020173955520369895 204
1757594848932 0.18682410257654622 205
1757594848973 0.05754979124721193 206
1757594849013 0.009354412339132737 207
1757594849053 0.1826427524499103 208
1757594849092 0.0001209860016241411 209
1757594849132 0.11073208577923443 210
1757594849172 0.15606041295278933 211
1757594849211 0.0037546871618698843 212
1757594849251 0.06802146301071164 213
1757594849291 0.017259140529849292 214
1757594849330 0.28005689914034027 215
1757594849370 0.7591894069774618 216
1757594849410 0.33090524564353146 217
1757594849450 0.025917363310257287 218
1757594849489 0.16606302490846417 219
1757594849530 0.09728013466724314 220
1757594849570 0.006652475398633845 221
1757594849610 0.0027987483388427605 222
1757594849649 0.07239708540023392 223
1757594849689 0.00412916218971713 224
1757594849729 0.018355276432928853 225
1757594849768 0.0019971669732616187 226
1757594849809 0.0065601965615223485 227
1757594849848 0.0639766926608781 228
1757594849888 0.18858417878455166 229
1757594849928 0.029273830612925027 230
1757594849968 0.029987445212887077 231
1757594850008 0.039224894333071435 232
1757594850047 0.014265851345894344 233
1757594850087 0.04866702171313635 234
1757594850127 0.022025954892464443 235
1757594850166 0.0054197784278560935 236
1757594850205 0.0054945606273121205 237
1757594850246 0.015644921172472407 238
1757594850285 0.1051906786713786 239
1757594850325 0.00579976503745212 240
1757594850364 0.008948650587586966 241
1757594850405 0.10018660856652811 242
1757594850444 0.45063754828231595 243
1757594850485 0.023285875697871744 244
1757594850524 0.0045145427102173405 245
1757594850565 0.0013299957568654837 246
1757594850605 0.03955344083511958 247
1757594850645 0.68026202327702 248
1757594850687 0.2685837930205504 249
1757594850728 0.008103287164759441 250
1757594850771 0.041259364411086 251
1757594850811 0.02870054433029797 252
1757594850853 0.006042847432879495 253
1757594850895 3.268530501919795e-06 254
1757594850935 0.01903009718753525 255
1757594850975 0.03034784082267916 256
1757594851015 6.71175524750244e-05 257
1757594851055 0.08324207411740968 258
1757594851095 0.0008527115004945962 259
1757594851136 0.0006608504113474315 260
1757594851175 0.06534243130472026 261
1757594851215 0.03309033464965912 262
1757594851254 0.0007778818089481257 263
1757594851295 0.007892650568522208 264
1757594851334 0.027511476878393646 265
1757594851374 0.05458980204803368 266
1757594851414 0.0221384009542272 267
1757594851454 0.03309371499398493 268
1757594851494 0.0080060641583025 269
1757594851533 0.05581876800506098 270
1757594851574 0.040083725924478966 271
1757594851613 0.023947077181525656 272
1757594851653 0.3566249190747166 273
1757594851694 0.19663775842649409 274
1757594851733 0.004623288687409802 275
1757594851774 0.0051760643348462716 276
1757594851813 0.010882304670251943 277
1757594851853 0.13063246684014687 278
1757594851893 0.03870397525299831 279
1757594851934 0.011627128096677252 280
1757594851974 0.03707124337703205 281
1757594852014 0.023243012433254422 282
1757594852054 0.17264366188439406 283
1757594852094 0.2194998911672594 284
1757594852134 0.012145752381675435 285
1757594852174 0.02387618783826689 286
1757594852213 0.04041512985236984 287
1757594852253 0.006231310819025215 288
1757594852294 0.17313866799116115 289
1757594852333 0.017022430868508888 290
1757594852374 0.1104318937663779 291
1757594852413 0.12646732584387937 292
1757594852454 0.01657217261491692 293
1757594852494 0.005244827885671262 294
1757594852534 0.050299850371062146 295
1757594852574 0.48897721835507524 296
1757594852615 0.25277031136871086 297
1757594852655 0.07218815939958788 298
1757594852696 0.01572033168916513 299
1757594852736 0.06728714987025049 300
1757594852776 0.00039803855406154434 301
1757594852816 0.274226429148569 302
1757594852856 0.0036854074378439078 303
1757594852900 0.02826361124354036 304
1757594852941 0.007836805922011351 305
1757594852983 0.03615118508349838 306
1757594853023 0.012293952250912779 307
1757594853063 0.042881754246234374 308
1757594853103 0.04120495482601593 309
1757594853144 0.08568667894983835 310
1757594853184 0.6446930102389733 311
1757594853225 0.15956077516189723 312
1757594853265 0.37259594925609546 313
1757594853307 0.3139339455720429 314
1757594853351 0.10400415737685102 315
1757594853393 0.018379306796074055 316
1757594853436 0.04437902804013524 317
1757594853478 0.43361850969035776 318
1757594853522 0.07604316289176773 319
1757594853564 0.0806610347123268 320
1757594853607 0.0137622750237053 321
1757594853647 0.06936738242656473 322
1757594853688 0.2056642354979127 323
1757594853729 0.03917448014736472 324
1757594853770 0.042900134615119004 325
1757594853811 5.1973248488796954e-05 326
1757594853851 7.500559548675134e-05 327
1757594853892 0.00011069814012334967 328
1757594853932 0.07598647479782222 329
1757594853973 0.0010717904027405555 330
1757594854014 0.19826678877986864 331
1757594854054 0.16863736577129343 332
1757594854095 0.08486642295215005 333
1757594854135 0.055426500778472644 334
1757594854176 0.9343384487489175 335
1757594854216 0.029048229290054697 336
1757594854257 0.018617280918483463 337
1757594854297 0.11972604350280878 338
1757594854337 0.021704330254409192 339
1757594854378 0.006502044754589503 340
1757594854419 0.02726764594213205 341
1757594854459 0.008355127863363126 342
1757594854501 0.03237147498334609 343
1757594854542 0.0022936514239054757 344
1757594854584 0.011366807528928725 345
1757594854627 0.019728778719440353 346
1757594854669 0.052156116630095645 347
1757594854712 0.13150595528303408 348
1757594854753 0.02153239806579735 349
1757594854793 0.00042692259844872926 350
1757594854834 0.0005821252728166956 351
1757594854874 0.09432321686823125 352
1757594854914 0.038043019784676245 353
1757594854955 0.05905304642778234 354
1757594854996 0.15052808747828617 355
1757594855036 0.08163294839436258 356
1757594855079 0.023720177699625932 357
1757594855120 0.00029796284395149363 358
1757594855161 0.015762172731447754 359
1757594855201 0.13565850044944675 360
1757594855243 0.05625093348195682 361
1757594855283 0.17829779471510612 362
1757594855324 0.08258383098989867 363
1757594855364 0.635722702342022 364
1757594855405 0.022578957576551015 365
1757594855454 0.001789297347382298 366
1757594855498 0.02245065560049658 367
1757594855539 0.049500670834758696 368
1757594855579 0.07801656862342442 369
1757594855620 0.0023652043317385174 370
1757594855660 0.016547819743511605 371
1757594855701 0.03142248588052205 372
1757594855741 0.008616031419965337 373
1757594855782 0.01314293055984474 374
1757594855824 0.06236485871742574 375
1757594855864 0.1914258490980313 376
1757594855905 0.02925435927384727 377
1757594855945 0.027004720298630394 378
1757594855986 0.0011960362780109356 379
1757594856027 0.038170814256453835 380
1757594856067 0.08446350334434016 381
1757594856109 0.1354676349267819 382
1757594856149 0.03812695284208946 383
1757594856189 0.014997577292313232 384
1757594856230 0.2321386259602385 385
1757594856271 0.22904902393461524 386
1757594856311 0.11912714532542953 387
1757594856353 0.015761448091138223 388
1757594856394 0.04260436697534162 389
1757594856434 0.028967026452195715 390
1757594856475 0.0046459969586034764 391
1757594856515 0.21813136800402996 392
1757594856556 0.11943857439715608 393
1757594856596 0.24506296843332262 394
1757594856636 0.11703312207065678 395
1757594856677 0.09239620571598442 396
1757594856718 0.08579012380917986 397
1757594856760 0.005508083220528308 398
1757594856801 0.02740367131264897 399
1757594856842 0.08323261430969857 400
1757594856883 0.012192901963792541 401
1757594856924 0.01751307840470048 402
1757594856964 0.10415826694560774 403
1757594857005 0.48562477429825057 404
1757594857046 0.22449470438126012 405
1757594857087 0.014033643162205069 406
1757594857128 0.07126115716063966 407
1757594857171 0.030786987680601976 408
1757594857212 0.013151834481471322 409
1757594857253 0.044709360828306 410
1757594857295 0.16779695846987308 411
1757594857335 0.03760588792754951 412
1757594857376 0.005115187036302444 413
1757594857417 0.08108147776966451 414
1757594857458 0.059312070654143706 415
1757594857499 0.11655886161848591 416
1757594857541 0.7123597594194999 417
1757594857584 2.0988910067526363e-05 418
1757594857626 0.003762370119120563 419
1757594857667 0.0012365183384352419 420
1757594857708 0.023614339907519086 421
1757594857748 0.09152937675589107 422
1757594857789 0.20003631810836822 423
1757594857831 0.1776487822256045 424
1757594857872 0.06175720869246113 425
1757594857913 0.15135112073176 426
1757594857954 0.13611005185699895 427
1757594857995 0.04257876431208493 428
1757594858038 0.17643805153436531 429
1757594858079 0.1417052395296387 430
1757594858120 2.498952269819303e-07 431
1757594858161 0.2736134285287439 432
1757594858202 0.0009851101439647225 433
1757594858243 0.026476308879875066 434
1757594858285 0.23869564635561585 435
1757594858325 0.05352784053322631 436
1757594858366 0.03934966296126628 437
1757594858408 0.4667391797832888 438
1757594858449 0.03666072522247356 439
1757594858491 0.15072132816148584 440
1757594858531 0.060697201742760706 441
1757594858573 0.0025547187135889 442
1757594858613 0.03504242996568091 443
1757594858654 0.02030247154819031 444
1757594858696 0.42752810292111787 445
1757594858738 0.03609617280436989 446
1757594858779 0.14119128543309423 447
1757594858820 0.05943530283000632 448
1757594858865 0.12317150307046185 449
1757594858907 0.0013126622963075226 450
1757594858949 0.01833906329986798 451
1757594858991 0.16567982545934565 452
1757594859032 3.165998409786003e-06 453
1757594859074 0.0003398571826256993 454
1757594859116 0.04474455968112802 455
1757594859157 0.6120920876294114 456
1757594859198 0.0009238558570021365 457
1757594859240 0.015474753566653034 458
1757594859282 0.006461037375995967 459
1757594859324 0.02812202165871722 460
1757594859365 0.2331189337311076 461
1757594859407 0.025363060467564237 462
1757594859448 0.05822331611996433 463
1757594859489 0.001858137621360818 464
1757594859530 0.020985461027181802 465
1757594859571 0.04327987119401677 466
1757594859613 0.011634758728369145 467
1757594859653 0.01478543798408414 468
1757594859695 0.06473492275887016 469
1757594859737 0.05184420042926117 470
1757594859779 0.008065726984930658 471
1757594859821 0.08153581039787247 472
1757594859862 0.5329432538771864 473
1757594859903 0.12852073738693268 474
1757594859945 1.3590227329030812e-05 475
1757594859988 0.19498267937128833 476
1757594860029 0.23830593977026318 477
1757594860071 0.04116418126338522 478
1757594860112 0.13588813022664392 479
1757594860154 0.011877800371878808 480
1757594860196 8.237443900649363e-06 481
1757594860237 0.03083301127739476 482
1757594860278 0.03691245189495195 483
1757594860320 0.1515573376950829 484
1757594860362 0.011117893036932707 485
1757594860403 0.026962335078392942 486
1757594860444 0.056359942549421026 487
1757594860485 0.025984824611148337 488
1757594860527 0.0001404343259375491 489
1757594860568 0.03378993698249468 490
1757594860610 0.013044117653234343 491
1757594860652 0.22151261206604908 492
1757594860694 0.000786733696441722 493
1757594860736 0.003928526301314296 494
1757594860778 0.12154631795920423 495
1757594860819 0.14083011972637768 496
1757594860860 0.009342523202320116 497
1757594860902 0.03328594383933454 498
1757594860943 0.01354755867285643 499
