1757594457382 168.97338417662556 0
1757594457390 168.90999825915551 1
1757594457399 168.8466370568616 2
1757594457407 168.78330056003247 3
1757594457415 168.71998875895906 4
1757594457423 168.6567016439384 5
1757594457432 168.59343920526894 6
1757594457441 168.5302014332534 7
1757594457449 168.46698831819856 8
1757594457457 168.4037998504175 9
1757594457466 168.3406360202221 10
1757594457474 168.27749681793227 11
1757594457483 168.21438223386895 12
1757594457492 168.15129225835983 13
1757594457501 168.0882268817349 14
1757594457509 168.02518609432502 15
1757594457517 167.96216988647174 16
1757594457525 167.89917824851284 17
1757594457534 167.83621117079616 18
1757594457542 167.77326864366935 19
1757594457551 167.7103506574848 20
1757594457559 167.64745720259845 21
1757594457568 167.5845882693737 22
1757594457577 167.52174384817297 23
1757594457586 167.45892392936355 24
1757594457594 167.3961285033181 25
1757594457602 167.33335756041126 26
1757594457611 167.2706110910229 27
1757594457619 167.2078890855374 28
1757594457628 167.14519153434 29
1757594457636 167.0825184278223 30
1757594457645 167.01986975637934 31
1757594457653 166.95724551040834 32
1757594457662 166.89464568031218 33
1757594457670 166.83207025649776 34
1757594457679 166.76951922937204 35
1757594457688 166.7069925893506 36
1757594457696 166.6444903268509 37
1757594457705 166.58201243229365 38
1757594457713 166.51955889610352 39
1757594457722 166.45712970870838 40
1757594457730 166.39472486054086 41
1757594457738 166.33234434203916 42
1757594457747 166.26998814364143 43
1757594457756 166.2076562557907 44
1757594457765 166.14534866893683 45
1757594457774 166.0830653735288 46
1757594457782 166.02080636002347 47
1757594457791 165.95857161887827 48
1757594457800 165.89636114055685 49
1757594457808 165.834174915525 50
1757594457817 165.77201293425136 51
1757594457826 165.70987518721415 52
1757594457834 165.64776166488573 53
1757594457843 165.5856723577519 54
1757594457852 165.52360725629518 55
1757594457860 165.46156635100374 56
1757594457869 165.39954963237295 57
1757594457877 165.33755709089732 58
1757594457886 165.2755887170785 59
1757594457895 165.21364450141903 60
1757594457903 165.15172443442668 61
1757594457912 165.0898285066141 62
1757594457921 165.02795670849534 63
1757594457930 164.96610903058888 64
1757594457938 164.90428546341815 65
1757594457947 164.84248599750904 66
1757594457955 164.7807106233926 67
1757594457964 164.71895933160212 68
1757594457973 164.65723211267516 69
1757594457982 164.59552895715217 70
1757594457990 164.53384985558026 71
1757594457999 164.47219479850543 72
1757594458007 164.41056377648277 73
1757594458016 164.3489567800677 74
1757594458025 164.2873737998195 75
1757594458034 164.2258148263028 76
1757594458043 164.16427985008403 77
1757594458051 164.10276886173557 78
1757594458060 164.04128185183097 79
1757594458069 163.9798188109498 80
1757594458079 163.9183797296733 81
1757594458087 163.85696459858963 82
1757594458096 163.79557340828612 83
1757594458105 163.73420614935822 84
1757594458114 163.67286281240078 85
1757594458123 163.61154338801668 86
1757594458132 163.55024786680988 87
1757594458140 163.48897623938754 88
1757594458149 163.42772849636398 89
1757594458158 163.366504628353 90
1757594458167 163.30530462597517 91
1757594458176 163.24412847985386 92
1757594458185 163.18297618061428 93
1757594458193 163.12184771888644 94
1757594458202 163.06074308530677 95
1757594458211 162.9996622705129 96
1757594458220 162.9386052651464 97
1757594458228 162.8775720598504 98
1757594458237 162.8165626452766 99
1757594458246 162.75557701207597 100
1757594458255 162.69461515090578 101
1757594458264 162.63367705242538 102
1757594458273 162.57276270729938 103
1757594458282 162.51187210619406 104
1757594458291 162.45100523978164 105
1757594458300 162.39016209873634 106
1757594458309 162.32934267373633 107
1757594458317 162.26854695546567 108
1757594458326 162.2077749346069 109
1757594458335 162.1470266018523 110
1757594458344 162.08630194789387 111
1757594458354 162.02560096342773 112
1757594458363 161.96492363915578 113
1757594458372 161.90426996578265 114
1757594458381 161.8436399340145 115
1757594458390 161.78303353456423 116
1757594458399 161.72245075814587 117
1757594458408 161.66189159547847 118
1757594458417 161.6013560372856 119
1757594458426 161.54084407429283 120
1757594458434 161.4803556972298 121
1757594458443 161.4198908968303 122
1757594458452 161.35944966383076 123
1757594458461 161.2990319889731 124
1757594458470 161.2386378630013 125
1757594458479 161.17826727666358 126
1757594458489 161.1179202207101 127
1757594458498 161.0575966858994 128
1757594458507 160.99729666298865 129
1757594458516 160.93702014273975 130
1757594458525 160.87676711592118 131
1757594458534 160.81653757330213 132
1757594458543 160.75633150565542 133
1757594458553 160.6961489037586 134
1757594458562 160.6359897583932 135
1757594458572 160.57585406034332 136
1757594458581 160.51574180039773 137
1757594458590 160.45565296934785 138
1757594458612 160.39558755798978 139
1757594458625 160.33554555712098 140
1757594458634 160.2755269575465 141
1757594458643 160.21553175007054 142
1757594458652 160.1555599255043 143
1757594458662 160.09561147466107 144
1757594458671 160.0356863883581 145
1757594458680 159.97578465741557 146
1757594458690 159.9159062726602 147
1757594458699 159.8560512249182 148
1757594458708 159.79621950502028 149
1757594458717 159.736411103805 150
1757594458726 159.67662601210858 151
1757594458736 159.61686422077537 152
1757594458745 159.55712572065033 153
1757594458754 159.4974105025836 154
1757594458763 159.43771855742943 155
1757594458772 159.37804987604386 156
1757594458782 159.31840444928724 157
1757594458791 159.25878226802513 158
1757594458801 159.199183323124 159
1757594458811 159.13960760545626 160
1757594458820 159.0800551058965 161
1757594458830 159.02052581532433 162
1757594458839 158.96101972462048 163
1757594458848 158.9015368246724 164
1757594458858 158.8420771063679 165
1757594458867 158.7826405606008 166
1757594458876 158.7232271782686 167
1757594458885 158.66383695027025 168
1757594458895 158.6044698675099 169
1757594458904 158.54512592089486 170
1757594458913 158.4858051013368 171
1757594458923 158.4265073997493 172
1757594458932 158.36723280705257 173
1757594458941 158.3079813141661 174
1757594458950 158.24875291201562 175
1757594458960 158.18954759153166 176
1757594458969 158.130365343644 177
1757594458978 158.07120615929176 178
1757594458988 158.0120700294129 179
1757594458997 157.95295694494956 180
1757594459006 157.89386689685156 181
1757594459015 157.83479987606688 182
1757594459024 157.77575587355022 183
1757594459034 157.71673488026002 184
1757594459043 157.65773688715478 185
1757594459052 157.59876188520235 186
1757594459062 157.53980986536803 187
1757594459071 157.4808808186256 188
1757594459081 157.42197473595093 189
1757594459090 157.36309160832036 190
1757594459100 157.30423142671816 191
1757594459109 157.2453941821308 192
1757594459119 157.18657986554533 193
1757594459128 157.1277884679594 194
1757594459137 157.06901998036463 195
1757594459147 157.0102743937646 196
1757594459156 156.9515516991619 197
1757594459165 156.89285188756438 198
1757594459175 156.834174949982 199
1757594459184 156.77552087743103 200
1757594459193 156.7168896609271 201
1757594459203 156.65828129149367 202
1757594459212 156.59969576015496 203
1757594459222 156.54113305794056 204
1757594459231 156.48259317588054 205
1757594459241 156.42407610501274 206
1757594459250 156.36558183637527 207
1757594459260 156.30711036101042 208
1757594459269 156.24866166996628 209
1757594459278 156.1902357542912 210
1757594459288 156.1318326050399 211
1757594459297 156.07345221326855 212
1757594459307 156.01509457003618 213
1757594459316 155.9567596664089 214
1757594459326 155.89844749345278 215
1757594459336 155.84015804224018 216
1757594459346 155.78189130384456 217
1757594459355 155.72364726934393 218
1757594459365 155.66542592982054 219
1757594459375 155.6072272763595 220
1757594459384 155.54905130004823 221
1757594459394 155.49089799198075 222
1757594459404 155.43276734325167 223
1757594459417 155.3746593449596 224
1757594459427 155.3165739882076 225
1757594459437 155.2585112641031 226
1757594459446 155.20047116375395 227
1757594459455 155.14245367827425 228
1757594459465 155.0844587987815 229
1757594459474 155.0264865163941 230
1757594459484 154.96853682223704 231
1757594459494 154.91060970743806 232
1757594459503 154.85270516312522 233
1757594459513 154.7948231804357 234
1757594459523 154.73696375050653 235
1757594459533 154.6791268644781 236
1757594459543 154.62131251349516 237
1757594459552 154.5635206887072 238
1757594459562 154.50575138126425 239
1757594459572 154.44800458232228 240
1757594459582 154.39028028303989 241
1757594459592 154.33257847458017 242
1757594459602 154.2748991481082 243
1757594459612 154.21724229479088 244
1757594459622 154.15960790580405 245
1757594459631 154.10199597232335 246
1757594459641 154.04440648552728 247
1757594459652 153.98683943659898 248
1757594459662 153.9292948167251 249
1757594459672 153.87177261709647 250
1757594459682 153.81427282890607 251
1757594459692 153.7567954433503 252
1757594459702 153.69934045163077 253
1757594459712 153.64190784495042 254
1757594459722 153.5844976145171 255
1757594459732 153.5271097515416 256
1757594459742 153.4697442472385 257
1757594459752 153.41240109282523 258
1757594459762 153.35508027952326 259
1757594459772 153.29778179855785 260
1757594459781 153.24050564115583 261
1757594459791 153.18325179854995 262
1757594459801 153.1260202619753 263
1757594459811 153.06881102267042 264
1757594459821 153.01162407187613 265
1757594459831 152.95445940084028 266
1757594459841 152.89731700080966 267
1757594459851 152.84019686303782 268
1757594459861 152.78309897878069 269
1757594459871 152.7260233392969 270
1757594459881 152.6689699358499 271
1757594459891 152.6119387597044 272
1757594459901 152.55492980213134 273
1757594459911 152.4979430544043 274
1757594459921 152.44097850779892 275
1757594459931 152.3840361535952 276
1757594459941 152.32711598307668 277
1757594459951 152.27021798753 278
1757594459961 152.2133421582467 279
1757594459971 152.1564884865184 280
1757594459980 152.0996569636436 281
1757594459990 152.04284758092362 282
1757594460000 151.9860603296606 283
1757594460010 151.9292952011635 284
1757594460021 151.87255218674233 285
1757594460031 151.81583127771273 286
1757594460041 151.7591324653899 287
1757594460051 151.70245574109765 288
1757594460061 151.64580109615935 289
1757594460071 151.58916852190376 290
1757594460081 151.5325580096603 291
1757594460091 151.47596955076733 292
1757594460101 151.4194031365593 293
1757594460111 151.36285875838058 294
1757594460122 151.3063364075756 295
1757594460132 151.24983607549237 296
1757594460142 151.19335775348384 297
1757594460152 151.13690143290438 298
1757594460162 151.08046710511246 299
1757594460172 151.02405476147186 300
1757594460182 150.96766439334723 301
1757594460193 150.9112959921074 302
1757594460203 150.8549495491242 303
1757594460213 150.79862505577447 304
1757594460223 150.74232250343772 305
1757594460233 150.6860418834959 306
1757594460243 150.629783187335 307
1757594460253 150.5735464063445 308
1757594460264 150.51733153191705 309
1757594460274 150.46113855544937 310
1757594460284 150.4049674683409 311
1757594460294 150.34881826199384 312
1757594460305 150.29269092781527 313
1757594460315 150.23658545721514 314
1757594460325 150.18050184160685 315
1757594460335 150.12444007240506 316
1757594460345 150.06840014103176 317
1757594460355 150.0123820389104 318
1757594460365 149.95638575746565 319
1757594460376 149.90041128812948 320
1757594460386 149.84445862233528 321
1757594460396 149.78852775151896 322
1757594460407 149.732618667121 323
1757594460417 149.67673136058508 324
1757594460427 149.62086582335883 325
1757594460438 149.56502204689207 326
1757594460448 149.5092000226381 327
1757594460458 149.4533997420539 328
1757594460468 149.39762119660122 329
1757594460479 149.34186437774275 330
1757594460489 149.28612927694695 331
1757594460500 149.23041588568302 332
1757594460510 149.174724195425 333
1757594460520 149.11905419765134 334
1757594460531 149.06340588384222 335
1757594460541 149.00777924548058 336
1757594460551 148.95217427405532 337
1757594460562 148.8965909610564 338
1757594460572 148.84102929797845 339
1757594460583 148.7854892763179 340
1757594460594 148.7299708875769 341
1757594460604 148.67447412325848 342
1757594460615 148.61899897487172 343
1757594460625 148.56354543392558 344
1757594460635 148.50811349193538 345
1757594460646 148.45270314041792 346
1757594460656 148.3973143708955 347
1757594460667 148.3419471748913 348
1757594460677 148.28660154393347 349
1757594460687 148.23127746955234 350
1757594460698 148.17597494328257 351
1757594460709 148.120693956662 352
1757594460719 148.06543450123087 353
1757594460730 148.01019656853478 354
1757594460740 147.95498015011952 355
1757594460751 147.8997852375378 356
1757594460761 147.8446118223442 357
1757594460772 147.78945989609392 358
1757594460782 147.7343294503501 359
1757594460793 147.67922047667614 360
1757594460804 147.6241329666406 361
1757594460814 147.56906691181374 362
1757594460825 147.51402230376945 363
1757594460835 147.45899913408635 364
1757594460846 147.4039973943441 365
1757594460856 147.34901707612786 366
1757594460867 147.29405817102568 367
1757594460877 147.23912067062693 368
1757594460888 147.18420456652754 369
1757594460899 147.1293098503232 370
1757594460909 147.0744365136161 371
1757594460920 147.01958454801112 372
1757594460931 146.96475394511367 373
1757594460942 146.90994469653558 374
1757594460953 146.8551567938908 375
1757594460964 146.8003902287979 376
1757594460974 146.74564499287544 377
1757594460985 146.69092107774875 378
1757594460996 146.63621847504567 379
1757594461006 146.58153717639544 380
1757594461017 146.5268771734327 381
1757594461028 146.4722384577947 382
1757594461039 146.4176210211219 383
1757594461049 146.3630248550581 384
1757594461060 146.30844995125025 385
1757594461071 146.25389630134904 386
1757594461081 146.19936389700788 387
1757594461093 146.14485272988406 388
1757594461103 146.090362791638 389
1757594461114 146.0358940739329 390
1757594461125 145.98144656843607 391
1757594461135 145.92702026681673 392
1757594461146 145.87261516074994 393
1757594461157 145.81823124191118 394
1757594461168 145.76386850198045 395
1757594461179 145.70952693264172 396
1757594461189 145.65520652558087 397
1757594461200 145.6009072724882 398
1757594461211 145.54662916505694 399
1757594461222 145.4923721949834 400
1757594461232 145.43813635396805 401
1757594461243 145.38392163371196 402
1757594461254 145.32972802592244 403
1757594461264 145.27555552230942 404
1757594461275 145.2214041145854 405
1757594461286 145.16727379446525 406
1757594461297 145.1131645536706 407
1757594461308 145.05907638392276 408
1757594461318 145.00500927694725 409
1757594461330 144.9509632244734 410
1757594461340 144.89693821823414 411
1757594461352 144.84293424996434 412
1757594461362 144.78895131140294 413
1757594461373 144.73498939429305 414
1757594461384 144.68104849037945 415
1757594461395 144.62712859141104 416
1757594461406 144.57322968913854 417
1757594461417 144.51935177532025 418
1757594461428 144.46549484170956 419
1757594461439 144.4116588800738 420
1757594461450 144.3578438821739 421
1757594461462 144.30404983977917 422
1757594461472 144.25027674466173 423
1757594461484 144.19652458859625 424
1757594461495 144.14279336335977 425
1757594461506 144.08908306073346 426
1757594461517 144.03539367250343 427
1757594461528 143.98172519045454 428
1757594461539 143.92807760637982 429
1757594461550 143.87445091207283 430
1757594461562 143.82084509933136 431
1757594461572 143.76726015995536 432
1757594461583 143.71369608574904 433
1757594461595 143.66015286851933 434
1757594461606 143.60663050007628 435
1757594461618 143.553128972233 436
1757594461629 143.4996482768083 437
1757594461640 143.44618840562063 438
1757594461651 143.39274935049306 439
1757594461662 143.33933110325228 440
1757594461673 143.2859336557281 441
1757594461683 143.23255699975402 442
1757594461694 143.1792011271644 443
1757594461705 143.12586602980014 444
1757594461716 143.0725516995039 445
1757594461727 143.01925812812044 446
1757594461739 142.96598530749915 447
1757594461750 142.91273322949326 448
1757594461761 142.85950188595658 449
1757594461772 142.80629126874845 450
1757594461783 142.7531013697313 451
1757594461794 142.69993218076914 452
1757594461806 142.64678369373095 453
1757594461817 142.59365590048793 454
1757594461828 142.54054879291456 455
1757594461839 142.4874623628887 456
1757594461850 142.43439660229265 457
1757594461861 142.38135150300906 458
1757594461873 142.32832705692678 459
1757594461884 142.2753232559349 460
1757594461895 142.2223400919293 461
1757594461906 142.16937755680607 462
1757594461917 142.11643564246478 463
1757594461928 142.0635143408103 464
1757594461940 142.01061364374817 465
1757594461951 141.95773354318948 466
1757594461962 141.90487403104572 467
1757594461973 141.8520350992342 468
1757594461985 141.79921673967422 469
1757594461996 141.74641894428902 470
1757594462007 141.6936417050031 471
1757594462018 141.64088501374667 472
1757594462029 141.5881488624499 473
1757594462043 141.53543324305122 474
1757594462054 141.48273814748717 475
1757594462066 141.4300635676998 476
1757594462077 141.37740949563454 477
1757594462088 141.32477592323892 478
1757594462099 141.27216284246435 479
1757594462111 141.21957024526503 480
1757594462122 141.16699812359946 481
1757594462133 141.11444646942718 482
1757594462144 141.06191527471253 483
1757594462156 141.0094045314236 484
1757594462167 140.95691423152965 485
1757594462178 140.90444436700454 486
1757594462190 140.85199492982485 487
1757594462201 140.79956591197063 488
1757594462212 140.74715730542414 489
1757594462223 140.69476910217278 490
1757594462234 140.642401294204 491
1757594462246 140.59005387351152 492
1757594462257 140.53772683209093 493
1757594462268 140.4854201619408 494
1757594462279 140.43313385506244 495
1757594462291 140.38086790346188 496
1757594462302 140.32862229914682 497
1757594462313 140.27639703412862 498
1757594462324 140.22419210042258 499
