1757595136287 0.3392153811622841 0
1757595136320 0.0607204826497222 1
1757595136354 0.4616913160567863 2
1757595136387 0.33974192357865163 3
1757595136420 0.051057771537124375 4
1757595136455 0.003517187826542767 5
1757595136489 2.6538139985870656e-05 6
1757595136522 0.027469237376564377 7
1757595136555 0.39486168305913577 8
1757595136589 0.006442083538324977 9
1757595136622 0.21341306143579367 10
1757595136656 0.30286585410759964 11
1757595136690 0.002776791320571951 12
1757595136724 0.0038608619800873153 13
1757595136757 0.00017838399063061771 14
1757595136791 0.051519598950080035 15
1757595136824 0.019122004700912135 16
1757595136859 0.03544825383561029 17
1757595136896 0.0014890133971281368 18
1757595136932 0.29029067247214246 19
1757595136968 0.003100890442353601 20
1757595137005 0.20396737710940122 21
1757595137066 0.016827628945158563 22
1757595137105 0.06481255557560447 23
1757595137141 1.0652563699616584 24
1757595137176 0.16663673175997562 25
1757595137211 0.09308324967421845 26
1757595137245 0.14708670152396733 27
1757595137280 0.27563095517738745 28
1757595137313 9.181378408136895e-05 29
1757595137347 0.7522115422356521 30
1757595137381 0.0687601335096221 31
1757595137415 0.06131724708952091 32
1757595137448 3.160414310843593e-05 33
1757595137483 0.005502210013914237 34
1757595137517 0.002527288272108519 35
1757595137551 0.05638775015369837 36
1757595137585 0.09200270196493497 37
1757595137618 4.066594286205943e-05 38
1757595137652 8.196005085348746e-05 39
1757595137685 0.12343565517654984 40
1757595137718 0.0007097865521292727 41
1757595137752 0.022052096733152324 42
1757595137786 0.020464762980770698 43
1757595137820 0.5325202094568339 44
1757595137854 0.05308336601909699 45
1757595137887 0.15978854830637074 46
1757595137921 0.007066755191756479 47
1757595137956 0.011204860377898966 48
1757595137992 0.002289258479599148 49
1757595138028 0.06792882045234633 50
1757595138065 0.3244456561193132 51
1757595138102 0.05046486008335101 52
1757595138169 0.19264084842889254 53
1757595138207 0.0005846861766759018 54
1757595138244 0.39147225150933723 55
1757595138282 0.11962933667476049 56
1757595138318 0.05721838950396324 57
1757595138354 0.2713944327407778 58
1757595138390 0.0859786123457079 59
1757595138426 0.007207748238799023 60
1757595138464 0.0029897871334345263 61
1757595138501 0.1315664792665721 62
1757595138539 0.24264307480324493 63
1757595138576 0.034143999787742164 64
1757595138614 0.008061528636370214 65
1757595138651 0.0013838294401722923 66
1757595138688 0.047686030417289055 67
1757595138723 0.020552589788936492 68
1757595138758 2.6583981124965203e-06 69
1757595138796 0.017648273785205126 70
1757595138833 6.868795837191435e-05 71
1757595138873 0.16463903593916235 72
1757595138911 0.10653468770229454 73
1757595138949 0.38243181361831835 74
1757595138985 1.0416252310032605 75
1757595139023 0.14291658026888476 76
1757595139059 0.02425366448638899 77
1757595139096 0.0709188400664882 78
1757595139131 0.020893798128991496 79
1757595139167 0.1265977956087424 80
1757595139205 0.23163332607503676 81
1757595139243 0.027707172535498883 82
1757595139279 7.25358644088468e-05 83
1757595139315 0.01922744702066725 84
1757595139351 0.1571644304198274 85
1757595139386 0.09668178229162169 86
1757595139421 0.10180622234816206 87
1757595139457 0.000473156023731943 88
1757595139492 0.013884847845211308 89
1757595139527 0.006107329392922326 90
1757595139561 0.02631826650705368 91
1757595139595 0.040648719229168365 92
1757595139630 0.16179889545962575 93
1757595139664 0.011477298559519032 94
1757595139698 0.04008311793662014 95
1757595139732 0.005963625852548546 96
1757595139766 0.03505602128379066 97
1757595139800 0.5610030136300937 98
1757595139835 0.02544323269394837 99
1757595139869 1.5763805750633721 100
1757595139903 0.007463231911636748 101
1757595139937 0.043700451527975075 102
1757595139971 0.001122417023084449 103
1757595140005 0.09461587558491413 104
1757595140039 0.01147456695177595 105
1757595140073 0.02355116186455957 106
1757595140107 0.017160821143662065 107
1757595140142 0.03950104537253887 108
1757595140176 0.01892251096361549 109
1757595140210 0.01322340715438149 110
1757595140245 0.013135227182184092 111
1757595140279 0.0031933510624449603 112
1757595140313 0.05923456421316713 113
1757595140348 0.5166885687686552 114
1757595140382 0.017793746609334315 115
1757595140416 0.05285174527890803 116
1757595140450 0.06083236412299546 117
1757595140484 0.0077858183351587175 118
1757595140518 0.08019304040346889 119
1757595140552 0.012751885458866631 120
1757595140590 0.14862909555724596 121
1757595140631 0.005734884152924564 122
1757595140665 0.3383793820445195 123
1757595140699 0.012507852428628431 124
1757595140734 0.008397572947922106 125
1757595140769 0.007455654527766973 126
1757595140803 0.12704300691836906 127
1757595140838 0.010601554115873851 128
1757595140872 0.0007593243962255581 129
1757595140907 0.005500802379192823 130
1757595140941 0.1213770927077994 131
1757595140975 0.07473231187248457 132
1757595141009 0.03149665258913107 133
1757595141043 0.013410244836213697 134
1757595141077 0.14582755330340663 135
1757595141111 0.0015233067780239709 136
1757595141146 0.01636796254639767 137
1757595141180 0.0016134475359619648 138
1757595141218 0.08901227097735011 139
1757595141254 1.0025075364806053 140
1757595141289 0.0006719754547135767 141
1757595141324 0.0022875961408227877 142
1757595141359 0.04622201250447588 143
1757595141394 0.08664209416530139 144
1757595141428 0.20221953502556325 145
1757595141463 0.06556105136546765 146
1757595141497 0.02143926818270649 147
1757595141532 0.009950273834888218 148
1757595141566 0.0185259486415092 149
1757595141601 0.058920137229158016 150
1757595141636 0.16050302776588393 151
1757595141673 0.00026585854524942054 152
1757595141708 0.5188509802051621 153
1757595141743 0.0475481546340038 154
1757595141777 0.043324089284818124 155
1757595141815 0.00033726690001877703 156
1757595141850 1.0149408527619002e-06 157
1757595141885 0.06001225855907071 158
1757595141920 0.01070657561205069 159
1757595141955 0.00732507512965588 160
1757595141990 0.008916121899343534 161
1757595142024 0.02140984081191213 162
1757595142060 0.01130381851712151 163
1757595142096 0.04460973114574427 164
1757595142130 0.003751844253977533 165
1757595142165 0.02167782629535264 166
1757595142200 0.1308664838164765 167
1757595142234 0.028719931528407048 168
1757595142269 0.009890188998288824 169
1757595142303 0.09279769057166966 170
1757595142337 0.3679114615640273 171
1757595142372 0.001555042518489198 172
1757595142406 0.10010334428239266 173
1757595142441 0.01571492781480242 174
1757595142475 0.06058782097559839 175
1757595142510 0.05362620491819762 176
1757595142544 1.3876046125325356 177
1757595142581 0.4157913085424925 178
1757595142615 0.005322997259259605 179
1757595142650 0.1610965537843553 180
1757595142684 0.0031946531116180434 181
1757595142719 0.011544601821189401 182
1757595142754 0.16770651738044995 183
1757595142788 0.03249830705835105 184
1757595142823 0.04932216634062627 185
1757595142858 0.009002832996742018 186
1757595142893 0.07769238417955733 187
1757595142929 0.0013362554877668624 188
1757595142964 0.13504531366311154 189
1757595143000 0.008862669890805744 190
1757595143036 0.029104708400008523 191
1757595143082 0.10220414805393441 192
1757595143118 0.20870707306436034 193
1757595143153 0.014872269404298467 194
1757595143188 0.018303035140692755 195
1757595143223 0.08792400827771843 196
1757595143258 0.1930393946900186 197
1757595143294 0.07611469411777914 198
1757595143330 0.09975921169334535 199
1757595143365 0.5987553074072827 200
1757595143400 0.005150471480744801 201
1757595143437 0.010799391056505339 202
1757595143472 0.006629462574321198 203
1757595143508 0.001107167677770421 204
1757595143543 0.12281936136053534 205
1757595143578 0.030924412046357007 206
1757595143613 0.013593232907313447 207
1757595143660 0.08944216050699225 208
1757595143719 0.005206018548889506 209
1757595143754 0.003709974319489153 210
1757595143789 0.0012313339883483175 211
1757595143824 0.0015877448636445943 212
1757595143859 0.17296554644265258 213
1757595143897 0.0005366015359970126 214
1757595143932 0.035084113912872014 215
1757595143968 0.2757253545687282 216
1757595144003 0.1144409808727475 217
1757595144038 0.27677484817915843 218
1757595144074 0.35230386249843 219
1757595144109 0.04980830745096959 220
1757595144144 0.3298331635022391 221
1757595144180 0.02310229136286447 222
1757595144216 0.06311834495304564 223
1757595144252 0.08620776935337936 224
1757595144287 0.00032529259783264523 225
1757595144323 1.5927899664838723e-05 226
1757595144358 0.024493842667101147 227
1757595144394 0.00412664975853928 228
1757595144430 2.7118776782538042e-05 229
1757595144465 0.025058231257543966 230
1757595144501 0.12157110636125418 231
1757595144536 4.91137233261654e-05 232
1757595144572 0.09203078825191727 233
1757595144608 0.0010438676526920584 234
1757595144644 0.002687940440320918 235
1757595144679 0.06324525497582861 236
1757595144715 0.061320530867899965 237
1757595144750 0.02315887184262203 238
1757595144787 0.0008755777652276355 239
1757595144823 0.06653375498586843 240
1757595144858 6.963586660557629e-05 241
1757595144895 0.30727066047040563 242
1757595144931 0.002030437800019078 243
1757595144967 0.013128642743584018 244
1757595145001 0.01254645899467016 245
1757595145037 0.2120625849491091 246
1757595145072 0.027438598612023225 247
1757595145107 0.0007188318051823987 248
1757595145142 0.028340023535867443 249
1757595145177 0.018760610275962302 250
1757595145212 0.025823040800282044 251
1757595145248 0.005806653084497881 252
1757595145285 0.03143521892378881 253
1757595145322 0.0409782307080697 254
1757595145360 0.001348954946429626 255
1757595145397 0.061140185019812616 256
1757595145434 0.030899605010274642 257
1757595145470 0.04981757795785282 258
1757595145507 0.017169265780669938 259
1757595145543 0.06298036849951781 260
1757595145589 0.06411418410644218 261
1757595145625 0.1696920356345521 262
1757595145661 0.03474258616805924 263
1757595145697 0.3239336512892152 264
1757595145733 0.0036481858159922655 265
1757595145769 0.0003765574072675892 266
1757595145805 0.030819498858713417 267
1757595145841 0.00972248779543054 268
1757595145876 0.04262228080689053 269
1757595145911 0.1818282727207925 270
1757595145946 0.08064925978872378 271
1757595145982 0.008880852394614605 272
1757595146016 0.23321674128101708 273
1757595146051 0.07118636058710272 274
1757595146087 0.053518104968067914 275
1757595146122 0.10285037267528643 276
1757595146157 0.22562355749109136 277
1757595146192 0.07737467396068767 278
1757595146227 0.09150974666064897 279
1757595146262 0.07613391977151306 280
1757595146298 0.015782647830826085 281
1757595146333 2.754765229846015e-05 282
1757595146368 0.04502672487385685 283
1757595146403 0.018461390463458682 284
1757595146439 0.06326395303261208 285
1757595146474 0.00010350999589239133 286
1757595146510 0.002833022364434855 287
1757595146545 0.22673070151599437 288
1757595146580 0.0636119632070794 289
1757595146615 0.10531225373142616 290
1757595146651 0.23169797673685602 291
1757595146687 0.05118127837550863 292
1757595146722 0.001122115980771849 293
1757595146757 6.973203065075136e-05 294
1757595146793 0.003447329836575017 295
1757595146828 0.2285021999729687 296
1757595146863 0.22183663967602546 297
1757595146900 0.10778877294207614 298
1757595146940 0.012701245523492312 299
1757595146976 0.0016830440937726954 300
1757595147012 0.002011179459552142 301
1757595147047 0.048953618772958854 302
1757595147083 0.026710084001199036 303
1757595147118 0.03109152000330307 304
1757595147154 0.22885738550755322 305
1757595147189 7.31196241767715e-07 306
1757595147224 0.035647536677070324 307
1757595147259 0.00015897746227004462 308
1757595147294 0.04863877220306947 309
1757595147330 0.002572630700353795 310
1757595147365 0.3936443108546101 311
1757595147400 0.0574799798869908 312
1757595147435 0.009229665673979044 313
1757595147471 3.013188682225912e-06 314
1757595147507 0.12823401960099354 315
1757595147542 0.007331541272888259 316
1757595147577 0.024374430870864206 317
1757595147612 0.045004318365647056 318
1757595147647 0.05039806573867103 319
1757595147682 0.042457609012097317 320
1757595147718 0.06610510353928699 321
1757595147754 0.08733131203821197 322
1757595147790 0.008479986512203644 323
1757595147826 0.02083924785949185 324
1757595147862 4.142278931913923e-05 325
1757595147898 0.001353408698184827 326
1757595147933 0.009604726024671795 327
1757595147969 0.07834840133858792 328
1757595148004 0.1029984674877279 329
1757595148040 0.1133348859584722 330
1757595148076 0.01725886948338117 331
1757595148112 0.13488742183677435 332
1757595148148 0.1908170681792668 333
1757595148183 0.017892519133449577 334
1757595148219 0.01574058177541577 335
1757595148254 0.10607434628524016 336
1757595148292 0.012912171831865611 337
1757595148330 0.04609590618942016 338
1757595148368 4.7272942018358844e-05 339
1757595148407 0.07678055958170642 340
1757595148448 0.15995771919180826 341
1757595148489 0.11955780905601165 342
1757595148564 0.0039407023545809106 343
1757595148606 0.0008101769329919615 344
1757595148645 0.040531085914711884 345
1757595148685 0.031410228462184664 346
1757595148727 0.002272170005091921 347
1757595148766 0.21797121184870372 348
1757595148803 0.006771523586629652 349
1757595148839 0.008979734102368872 350
1757595148875 0.002312153739905896 351
1757595148912 0.0036442990950122265 352
1757595148948 0.005352571844785899 353
1757595148984 0.10452907635691516 354
1757595149020 0.005696018069296115 355
1757595149057 0.11744409091963214 356
1757595149093 0.23466489673787594 357
1757595149132 0.2202086464430849 358
1757595149170 0.1420426088602071 359
1757595149209 0.010988552627951976 360
1757595149248 0.6900330429885944 361
1757595149286 0.16419190540134498 362
1757595149325 0.000408652063435741 363
1757595149363 0.6344389548460715 364
1757595149401 0.08021649986899768 365
1757595149440 0.002338798462929993 366
1757595149479 0.029052611315644804 367
1757595149517 0.01958248328822622 368
1757595149556 0.023042881694243234 369
1757595149594 0.05140879641040083 370
1757595149632 0.0017844624017265903 371
1757595149670 0.09884164273491051 372
1757595149707 0.1539634218657934 373
1757595149745 0.015819718499555296 374
1757595149783 0.029671628876123998 375
1757595149820 0.021730436873640877 376
1757595149858 0.03661654321553322 377
1757595149895 0.015648250242142343 378
1757595149933 0.15454740388631746 379
1757595149970 0.09935107925451676 380
1757595150005 0.17303727439127933 381
1757595150041 0.009320995927600283 382
1757595150078 0.3708516442478345 383
1757595150113 0.0053354077391745735 384
1757595150149 0.024021146514102483 385
1757595150185 0.12740428989211663 386
1757595150222 0.0001677357431097878 387
1757595150257 0.280259777458309 388
1757595150293 0.1446748834961504 389
1757595150329 0.009645094872728174 390
1757595150365 0.07911560892360546 391
1757595150400 0.00020052847284471472 392
1757595150436 0.040258312392815465 393
1757595150471 0.00437197489215581 394
1757595150507 0.0628277073434143 395
1757595150543 0.011227029036660155 396
1757595150581 0.07038570709068383 397
1757595150619 0.0746978812153308 398
1757595150658 0.00949667373354749 399
1757595150696 1.66912770476423e-05 400
1757595150733 0.0019595155387215025 401
1757595150770 9.52714619157325e-05 402
1757595150806 0.1961110080567314 403
1757595150843 0.13540464819415976 404
1757595150880 0.06128243613164172 405
1757595150916 0.006427656324282868 406
1757595150952 0.025073671347096257 407
1757595150990 0.06445081287623657 408
1757595151026 0.02489260795842095 409
1757595151062 0.09216895879250603 410
1757595151104 0.01309327257045669 411
1757595151142 0.005497040610737773 412
1757595151179 0.0031984185820743685 413
1757595151215 0.05596048948441625 414
1757595151251 0.12087308065136612 415
1757595151287 0.09307539899787656 416
1757595151324 0.0046053563634643165 417
1757595151360 0.03205338217485395 418
1757595151397 0.37606880622560324 419
1757595151434 0.017950636058989174 420
1757595151471 0.0782566786409468 421
1757595151508 0.0036556602176387554 422
1757595151546 0.12111782254169129 423
1757595151582 0.04165623610960249 424
1757595151619 0.0633919699945945 425
1757595151655 0.04586643077421199 426
1757595151692 0.06754468297839432 427
1757595151732 5.063152703899697e-05 428
1757595151769 0.2015172655235835 429
1757595151806 0.025069965215180845 430
1757595151843 0.10611456001424016 431
1757595151879 0.009425506936001844 432
1757595151915 0.013401579415176607 433
1757595151951 0.026594127035290977 434
1757595151988 0.1762642174543993 435
1757595152024 0.02641070368593323 436
1757595152061 0.057717937788508235 437
1757595152098 0.048521821451247456 438
1757595152134 0.05035636547467034 439
1757595152171 0.02849763983377511 440
1757595152214 0.007145927695260382 441
1757595152252 0.005819410654427983 442
1757595152289 0.0010192428314896784 443
1757595152326 0.07644191280604404 444
1757595152363 0.45544803543287216 445
1757595152399 0.03241431550754324 446
1757595152437 0.007168034923931915 447
1757595152474 0.022802464111354396 448
1757595152513 0.07569153024312333 449
1757595152550 0.032178737484956386 450
1757595152586 0.12056646389150605 451
1757595152623 0.20879562957735037 452
1757595152659 0.01939802947085122 453
1757595152696 0.041633643065546774 454
1757595152735 0.17800743542971506 455
1757595152776 0.04944528935191181 456
1757595152816 0.02013570167993967 457
1757595152857 0.010404748433981155 458
1757595152897 0.049282035051825136 459
1757595152937 0.021448956871539027 460
1757595152976 0.012908093455190638 461
1757595153018 0.23661862420930363 462
1757595153056 0.03140984411359801 463
1757595153092 0.02271455940735164 464
1757595153128 0.01999714329330808 465
1757595153164 0.008542081752670861 466
1757595153201 0.0413234598458824 467
1757595153238 0.010310533994284275 468
1757595153292 0.026929982102269916 469
1757595153329 0.024500500237684047 470
1757595153366 3.3054260941198844e-05 471
1757595153402 0.0028337025156281678 472
1757595153438 0.0001479966704585956 473
1757595153474 0.013356933130119703 474
1757595153511 0.12670038198150718 475
1757595153549 0.11113315889912807 476
1757595153592 0.12648929418756658 477
1757595153631 0.06034587873915968 478
1757595153670 0.10127727303586713 479
1757595153710 0.16374783804895798 480
1757595153749 0.0013750959298168997 481
1757595153786 0.32162982655657896 482
1757595153823 0.002188852331636871 483
1757595153860 0.0025451242700995453 484
1757595153897 0.04248784854701019 485
1757595153935 0.02376489330630932 486
1757595153971 0.01671214145405696 487
1757595154008 1.0316312700434773 488
1757595154045 0.12389979249512593 489
1757595154081 0.03228324186414124 490
1757595154118 0.01569552038644836 491
1757595154154 0.10855364306867776 492
1757595154191 0.03450457971923918 493
1757595154228 0.0014388444393949138 494
1757595154266 0.026959976738540784 495
1757595154303 0.23808292254110644 496
1757595154340 0.016830285786041246 497
1757595154377 0.01463173021905936 498
1757595154414 0.01553750198964769 499
