1757595190237 16.060993814577028 0
1757595190276 0.29880253245015526 1
1757595190315 0.045019418525205766 2
1757595190355 0.047950766972998916 3
1757595190393 0.2726381663978173 4
1757595190433 0.09656702736842893 5
1757595190472 0.006771835402895032 6
1757595190510 0.11953311667958427 7
1757595190549 0.8610340199186945 8
1757595190588 0.0006620106215537749 9
1757595190626 0.0004046120327733355 10
1757595190665 0.23482002331208504 11
1757595190704 0.13070184934867582 12
1757595190743 0.038071853841696514 13
1757595190781 0.09047844644217765 14
1757595190820 0.26155096910675807 15
1757595190859 0.07336953377405743 16
1757595190897 0.009330753320723719 17
1757595190936 0.010681347513144684 18
1757595190976 0.5812514507444227 19
1757595191016 0.13786179700705734 20
1757595191055 0.16734836368354064 21
1757595191104 0.004786189419674952 22
1757595191147 0.08640061953265044 23
1757595191186 0.00010923560676203972 24
1757595191225 0.2932246910207546 25
1757595191264 0.09884545513405178 26
1757595191303 0.020488678433256757 27
1757595191343 0.9197230777295017 28
1757595191383 0.00010200567297694854 29
1757595191422 0.2187344294099619 30
1757595191461 0.12261382377930533 31
1757595191502 0.005085328526353814 32
1757595191569 0.19553682793813004 33
1757595191611 0.004748523235467651 34
1757595191654 8.575820705014062e-07 35
1757595191697 0.131390383598124 36
1757595191738 0.00520007919583865 37
1757595191779 0.0474089016846416 38
1757595191825 0.011458036216799626 39
1757595191868 0.002813008111874781 40
1757595191914 0.14809083593458974 41
1757595191958 0.20835332475170576 42
1757595192011 0.19850246897554533 43
1757595192066 0.017475114845911504 44
1757595192138 0.010512953933288386 45
1757595192184 0.619734453654527 46
1757595192231 0.30142276681430163 47
1757595192276 0.0722989836636639 48
1757595192316 0.11936772585799474 49
1757595192356 0.004252909092402449 50
1757595192395 0.009225822000785458 51
1757595192434 0.0014853181210038773 52
1757595192475 0.002781845717742523 53
1757595192515 0.01797408699969968 54
1757595192555 0.4461905308676139 55
1757595192594 0.00028013888448868887 56
1757595192634 0.1753192457175995 57
1757595192674 0.08055878051975242 58
1757595192714 0.003193680682459226 59
1757595192753 0.01597778798432345 60
1757595192793 0.0025334463737504065 61
1757595192834 0.02421036835799085 62
1757595192874 0.06065196506955233 63
1757595192913 0.03358979482737121 64
1757595192954 0.0025840855255632234 65
1757595192997 0.0014420928064418166 66
1757595193044 0.0004302360131853628 67
1757595193085 0.008045778546321098 68
1757595193126 0.029329842876469652 69
1757595193166 0.028956377799113725 70
1757595193206 0.4098632418058563 71
1757595193246 0.13338270270168842 72
1757595193287 0.002508224194291364 73
1757595193328 0.0010305209360964031 74
1757595193368 0.32263937026573675 75
1757595193409 0.147956615114888 76
1757595193448 0.0010611631617794919 77
1757595193492 0.0388592538529801 78
1757595193534 0.022306012614263095 79
1757595193575 0.015956150033489543 80
1757595193615 0.010799459885849108 81
1757595193656 0.1319658457625542 82
1757595193697 0.12797431088194638 83
1757595193738 0.022839206804877162 84
1757595193778 0.05878388214863676 85
1757595193818 0.038660824069347614 86
1757595193858 0.14411514237838743 87
1757595193897 0.07164611485006013 88
1757595193936 0.7415148764022306 89
1757595193975 0.19561250364325555 90
1757595194016 3.505199968843097e-05 91
1757595194055 0.01829443053107716 92
1757595194096 0.008162503117868621 93
1757595194154 0.7704507831676253 94
1757595194195 0.023489477842515174 95
1757595194235 0.041840644161245555 96
1757595194274 0.0953964341034108 97
1757595194315 0.05298686569181872 98
1757595194354 0.014922357607868086 99
1757595194394 0.2952907525214372 100
1757595194435 0.33648373957379274 101
1757595194475 0.006322248368162737 102
1757595194514 0.010441376268813762 103
1757595194553 0.05998067835676357 104
1757595194592 0.034081898375470675 105
1757595194633 0.012245521923267355 106
1757595194675 0.04793560130399323 107
1757595194717 0.0191201282872177 108
1757595194765 0.0299330969693646 109
1757595194810 0.00027733013531435955 110
1757595194857 0.018873201882297876 111
1757595194902 0.1614853357010756 112
1757595194949 0.13636319091150922 113
1757595194993 0.025500692948651153 114
1757595195037 0.010558598269821853 115
1757595195080 0.3865265213304102 116
1757595195140 0.023202993159077433 117
1757595195190 0.030465927901695583 118
1757595195232 0.007924501056809554 119
1757595195274 0.008119732549678573 120
1757595195317 0.24134561551315542 121
1757595195359 0.015679467687572623 122
1757595195401 0.1933946431614914 123
1757595195442 0.06319412725434939 124
1757595195482 0.1401134465358729 125
1757595195522 0.007708370253571513 126
1757595195571 0.03208606221117407 127
1757595195613 0.605601376480805 128
1757595195653 0.3927514172629756 129
1757595195697 0.007191423291599867 130
1757595195739 0.015667337898383427 131
1757595195782 0.028755055893841912 132
1757595195826 0.23370120940037226 133
1757595195869 0.029886937603967243 134
1757595195911 0.020574317630288115 135
1757595195951 0.005860701064427726 136
1757595195991 0.014449769605809694 137
1757595196030 0.0005601421266707478 138
1757595196070 0.0770256741916976 139
1757595196111 0.001800880225011985 140
1757595196151 0.00022575220590341456 141
1757595196192 0.10521589571297917 142
1757595196234 9.19680349591634e-05 143
1757595196275 0.7114584029334745 144
1757595196316 0.05267134905405082 145
1757595196357 0.9263918547236047 146
1757595196397 0.007464377508360136 147
1757595196438 0.012646544926283906 148
1757595196478 0.29302538250335275 149
1757595196519 0.2115641346112812 150
1757595196560 0.19154982410021054 151
1757595196600 0.4533174016493909 152
1757595196640 0.012466080838628175 153
1757595196681 0.00029670893689921936 154
1757595196722 0.11096440057845926 155
1757595196767 0.004250955044033214 156
1757595196808 0.0069523888229693865 157
1757595196850 0.03125318853275133 158
1757595196891 0.289965272755121 159
1757595196931 15.783005802554364 160
1757595196971 0.024859909997392272 161
1757595197012 0.003942094467655963 162
1757595197053 0.007287791423446695 163
1757595197096 0.0018476202014158605 164
1757595197140 0.0279932845615231 165
1757595197187 0.04741303336263442 166
1757595197232 0.008220428651595333 167
1757595197282 0.0032192324219949527 168
1757595197326 0.15921236055294047 169
1757595197367 0.1832045258264604 170
1757595197410 0.020145534759870947 171
1757595197457 0.059236750465552664 172
1757595197501 0.0034623562251942406 173
1757595197541 0.01175790388468064 174
1757595197582 0.0006089334362237728 175
1757595197625 0.05958297494652233 176
1757595197668 0.504842815251415 177
1757595197708 0.00024893920825635476 178
1757595197758 0.04512431264033491 179
1757595197817 0.0707406805864763 180
1757595197861 0.01181750650642581 181
1757595197903 0.2339784666823106 182
1757595197946 0.18264854564295058 183
1757595197988 0.037571012046716735 184
1757595198029 0.7422387099049355 185
1757595198070 0.085654255572486 186
1757595198111 0.0019024004396645284 187
1757595198152 0.23916609498999294 188
1757595198193 0.068682457926777 189
1757595198235 0.0017641616288413288 190
1757595198276 0.010649080290641324 191
1757595198316 0.041335209864405906 192
1757595198356 0.002018154455761612 193
1757595198395 0.030257305414109134 194
1757595198436 0.04278401497484231 195
