1757518547847 0.9393118895851658 0
1757518547881 0.002482488986758452 1
1757518547915 0.9066971862560376 2
1757518547948 1.6216175111705629 3
1757518547982 0.24911369269540568 4
1757518548016 0.04466004470290442 5
1757518548051 0.12700273068287704 6
1757518548085 0.03913574024959176 7
1757518548119 0.0006405128940781881 8
1757518548152 0.03868467272885879 9
1757518548186 0.029362067498262923 10
1757518548220 0.42732137090550376 11
1757518548256 0.01943644472603537 12
1757518548289 0.11521552335085687 13
1757518548324 0.002538674297614247 14
1757518548370 0.020108779955435786 15
1757518548423 0.001390263427950983 16
1757518548457 0.2336358614751215 17
1757518548491 0.051748962530854155 18
1757518548525 5.568406202492149e-05 19
1757518548560 0.04199793981429889 20
1757518548594 0.470801265270289 21
1757518548629 0.01310432843930017 22
1757518548663 0.16206599363121052 23
1757518548696 0.002395660036311004 24
1757518548730 0.002015210221618988 25
1757518548764 0.02773226550462488 26
1757518548798 0.015950161291326058 27
1757518548832 0.009639562845442247 28
1757518548865 0.07555086951128863 29
1757518548899 0.14740959599706885 30
1757518548933 0.7680416658881654 31
1757518548967 0.04023832029920044 32
1757518549000 0.4103267301708379 33
1757518549034 0.061780676407360006 34
1757518549070 0.12179118147403391 35
1757518549105 0.0003894139589262666 36
1757518549139 0.2001577575160799 37
1757518549173 0.006339931301201846 38
1757518549207 0.19313938302939865 39
1757518549240 0.006213821739203913 40
1757518549274 0.037459071641237095 41
1757518549316 0.003135420107035581 42
1757518549357 0.025091106108753328 43
1757518549391 0.4254266685756164 44
1757518549425 0.07125426869499923 45
1757518549459 0.05272543464834772 46
1757518549493 0.031685843303466764 47
1757518549528 0.03542304794917455 48
1757518549563 0.17294974825219084 49
1757518549597 0.018754585289733238 50
1757518549631 0.002904508420076068 51
1757518549665 0.02153366229035 52
1757518549699 0.011562045591013764 53
1757518549733 0.00781278467421876 54
1757518549767 6.69492447298652e-05 55
1757518549801 0.010370141517354867 56
1757518549835 4.481874557222176e-05 57
1757518549869 0.017944835140456486 58
1757518549903 0.025950246706856365 59
1757518549938 0.03384064816980597 60
1757518549971 0.011681652417937005 61
1757518550005 0.03967773743178116 62
1757518550039 0.043299761428409723 63
1757518550073 0.028489026027995277 64
1757518550107 0.01173209465108807 65
1757518550141 0.010999755072143472 66
1757518550175 0.19935787103770106 67
1757518550209 0.08708041728647713 68
1757518550243 0.020315337150596042 69
1757518550276 0.09708426014027381 70
1757518550310 0.5629489124120071 71
1757518550344 0.0953390783330022 72
1757518550379 0.0004306539119314864 73
1757518550413 0.04594730033299353 74
1757518550447 0.017343469367104045 75
1757518550481 0.04001700779493023 76
1757518550515 0.06320813338258305 77
1757518550549 0.19918884008408083 78
1757518550584 0.39636527077196293 79
1757518550618 0.05775803753467492 80
1757518550652 0.7477553739193726 81
1757518550686 0.012535497218419608 82
1757518550720 0.15361682887212805 83
1757518550756 0.005927934688221861 84
1757518550790 0.06846808656700565 85
1757518550824 0.035285881434685036 86
1757518550858 0.06111166133287207 87
1757518550893 0.13026816744542616 88
1757518550927 0.0022895938240257204 89
1757518550961 0.050141652666228984 90
1757518550994 0.007710107443601163 91
1757518551028 0.37765989499528657 92
1757518551063 0.011023334391885986 93
1757518551096 0.012526387065221977 94
1757518551130 0.12882197740602838 95
1757518551165 0.08182858716524198 96
1757518551198 0.041880221929058076 97
1757518551232 0.021931898986252484 98
1757518551266 0.1674429014309481 99
1757518551300 0.010801022438447968 100
1757518551335 0.024000896008448853 101
1757518551368 0.021435244934997613 102
1757518551402 1.0047133404427349e-07 103
1757518551437 0.008998159797527718 104
1757518551471 0.06867790973452902 105
1757518551505 0.014539804788008502 106
1757518551540 0.07706590755040843 107
1757518551574 0.2159140486723634 108
1757518551608 0.07950907219982098 109
1757518551643 0.011011266824931126 110
1757518551677 0.0480740040203179 111
1757518551711 0.01535564333677945 112
1757518551746 0.1317593535857945 113
1757518551783 0.029465020032022532 114
1757518551818 0.013503502178496872 115
1757518551852 0.04806038444166426 116
1757518551886 0.24713489432557148 117
1757518551920 0.004440832888381194 118
1757518551954 0.017412150258079222 119
1757518551988 0.004470113023841958 120
1757518552022 0.050040210399223496 121
1757518552057 0.4159066336122022 122
1757518552091 0.012255411560378677 123
1757518552125 0.07039061835954744 124
1757518552159 9.55771312564982e-05 125
1757518552193 0.024747726204595505 126
1757518552227 0.020574924605849802 127
1757518552261 0.029204699127881293 128
1757518552295 0.06210972322054383 129
1757518552328 6.177489520632198e-05 130
1757518552362 0.012149099480988461 131
1757518552396 0.07152056043940436 132
1757518552431 1.7119482035332382e-05 133
1757518552465 0.014530257780616973 134
1757518552498 0.004877328043310535 135
1757518552532 0.0013256494695039179 136
1757518552566 0.0076860936787411585 137
1757518552600 0.019341352671100848 138
1757518552634 1.6281160694607664 139
1757518552668 0.007336068061036843 140
1757518552702 0.5590375587383293 141
1757518552736 0.003577494046564567 142
1757518552770 0.33102795958021564 143
1757518552804 0.06421600691282175 144
1757518552837 0.12874407420842246 145
1757518552871 0.19388138587200945 146
1757518552906 0.03800185019973061 147
1757518552940 0.053753415568826235 148
1757518552975 0.1259158524705223 149
1757518553009 0.034009136384073005 150
1757518553044 0.011803643751547622 151
1757518553078 0.0833185982531443 152
1757518553113 1.4479273835303933e-05 153
1757518553147 0.04110646485474137 154
