1757594548140 170.62960248060796 0
1757594548148 170.56561541362504 1
1757594548157 170.50165327762792 2
1757594548165 170.4377160628295 3
1757594548174 170.37380375944122 4
1757594548182 170.30991635767916 5
1757594548191 170.24605384776632 6
1757594548199 170.18221621992691 7
1757594548208 170.1184034643887 8
1757594548216 170.05461557138557 9
1757594548225 169.99085253115342 10
1757594548233 169.92711433393083 11
1757594548242 169.86340096996545 12
1757594548250 169.79971242950103 13
1757594548259 169.73604870279243 14
1757594548267 169.67240978009423 15
1757594548276 169.60879565166647 16
1757594548285 169.54520630777088 17
1757594548293 169.4816417386769 18
1757594548302 169.4181019346534 19
1757594548310 169.35458688597635 20
1757594548319 169.2910965829241 21
1757594548328 169.22763101577914 22
1757594548337 169.164190174828 23
1757594548350 169.1007740503609 24
1757594548369 169.0373826326713 25
1757594548378 168.97401591205684 26
1757594548387 168.91067387882055 27
1757594548397 168.84735652326674 28
1757594548406 168.78406383570507 29
1757594548415 168.72079580644868 30
1757594548423 168.65755242581395 31
1757594548432 168.59433368412343 32
1757594548440 168.53113957169873 33
1757594548449 168.46797007887216 34
1757594548458 168.4048251959715 35
1757594548466 168.34170491333543 36
1757594548475 168.2786092213045 37
1757594548484 168.21553811022014 38
1757594548492 168.1524915704316 39
1757594548501 168.08946959228908 40
1757594548510 168.02647216614864 41
1757594548518 167.9634992823679 42
1757594548527 167.90055093131065 43
1757594548535 167.83762710334312 44
1757594548544 167.77472778883427 45
1757594548553 167.71185297816018 46
1757594548561 167.64900266169764 47
1757594548570 167.58617682982876 48
1757594548579 167.52337547293817 49
1757594548588 167.46059858141675 50
1757594548597 167.39784614565596 51
1757594548606 167.33511815605328 52
1757594548614 167.2724146030093 53
1757594548623 167.20973547692887 54
1757594548632 167.14708076821915 55
1757594548641 167.08445046729284 56
1757594548650 167.02184456456632 57
1757594548659 166.95926305045893 58
1757594548668 166.89670591539166 59
1757594548677 166.83417314979434 60
1757594548686 166.77166474409734 61
1757594548694 166.70918068873488 62
1757594548703 166.64672097414504 63
1757594548712 166.5842855907713 64
1757594548721 166.52187452905784 65
1757594548730 166.4594877794558 66
1757594548739 166.3971253324183 67
1757594548748 166.3347871784024 68
1757594548756 166.27247330787037 69
1757594548766 166.2101837112852 70
1757594548774 166.147918379117 71
1757594548783 166.08567730183563 72
1757594548792 166.02346046992028 73
1757594548801 165.96126787384938 74
1757594548810 165.8990995041061 75
1757594548819 165.83695535117792 76
1757594548828 165.77483540555605 77
1757594548837 165.71273965773645 78
1757594548846 165.65066809821664 79
1757594548855 165.58862071749945 80
1757594548864 165.52659750608964 81
1757594548873 165.46459845449857 82
1757594548882 165.40262355323938 83
1757594548891 165.3406727928297 84
1757594548900 165.27874616379032 85
1757594548909 165.21684365664595 86
1757594548918 165.1549652619235 87
1757594548927 165.09311097015856 88
1757594548936 165.03128077188586 89
1757594548946 164.96947465764268 90
1757594548955 164.90769261797698 91
1757594548964 164.84593464343232 92
1757594548973 164.7842007245612 93
1757594548982 164.72249085191834 94
1757594548991 164.6608050160615 95
1757594549000 164.59914320755323 96
1757594549009 164.53750541695888 97
1757594549018 164.4758916348481 98
1757594549027 164.41430185179476 99
1757594549036 164.3527360583758 100
1757594549045 164.29119424517137 101
1757594549054 164.2296764027664 102
1757594549063 164.16818252174897 103
1757594549072 164.10671259271112 104
1757594549081 164.04526660624728 105
1757594549090 163.98384455295738 106
1757594549099 163.92244642344565 107
1757594549108 163.861072208317 108
1757594549118 163.79972189818292 109
1757594549127 163.73839548365703 110
1757594549136 163.67709295535778 111
1757594549145 163.61581430390456 112
1757594549154 163.55455951992465 113
1757594549164 163.49332859404657 114
1757594549173 163.43212151690363 115
1757594549182 163.3709382791306 116
1757594549191 163.30977887136794 117
1757594549200 163.24864328426017 118
1757594549210 163.18753150845316 119
1757594549219 163.12644353459999 120
1757594549229 163.0653793533531 121
1757594549238 163.00433895537265 122
1757594549248 162.94332233132008 123
1757594549257 162.88232947186148 124
1757594549266 162.82136036766545 125
1757594549275 162.76041500940667 126
1757594549285 162.69949338776186 127
1757594549294 162.63859549340847 128
1757594549303 162.57772131703507 129
1757594549312 162.51687084932686 130
1757594549322 162.4560440809758 131
1757594549331 162.39524100267752 132
1757594549341 162.33446160513088 133
1757594549350 162.27370587903837 134
1757594549363 162.21297381510627 135
1757594549372 162.15226540404382 136
1757594549381 162.0915806365651 137
1757594549390 162.03091950338805 138
1757594549400 161.97028199523157 139
1757594549409 161.90966810282202 140
1757594549419 161.84907781688685 141
1757594549428 161.7885111281582 142
1757594549437 161.72796802737147 143
1757594549447 161.66744850526578 144
1757594549456 161.60695255258406 145
1757594549465 161.54648016007204 146
1757594549475 161.48603131848077 147
1757594549484 161.42560601856385 148
1757594549493 161.36520425107872 149
1757594549503 161.30482600678525 150
1757594549512 161.2444712764508 151
1757594549522 161.1841400508404 152
1757594549531 161.1238323207285 153
1757594549541 161.06354807688953 154
1757594549550 161.00328731010282 155
1757594549560 160.94305001115256 156
1757594549569 160.88283617082345 157
1757594549578 160.82264577990688 158
1757594549588 160.76247882919643 159
1757594549597 160.70233530948863 160
1757594549607 160.64221521158564 161
1757594549616 160.58211852629222 162
1757594549626 160.5220452444154 163
1757594549635 160.46199535676845 164
1757594549644 160.40196885416663 165
1757594549654 160.3419657274282 166
1757594549663 160.28198596737693 167
1757594549673 160.22202956483954 168
1757594549683 160.1620965106454 169
1757594549692 160.10218679562834 170
1757594549702 160.0423004106256 171
1757594549712 159.9824373464779 172
1757594549721 159.92259759403032 173
1757594549731 159.8627811441308 174
1757594549740 159.80298798763 175
1757594549750 159.7432181153848 176
1757594549759 159.68347151825358 177
1757594549769 159.6237481870981 178
1757594549778 159.56404811278605 179
1757594549788 159.50437128618577 180
1757594549797 159.44471769817136 181
1757594549807 159.38508733961967 182
1757594549816 159.32548020141093 183
1757594549826 159.26589627442942 184
1757594549835 159.20633554956407 185
1757594549845 159.1467980177042 186
1757594549854 159.0872836697451 187
1757594549864 159.02779249658596 188
1757594549873 158.96832448912997 189
1757594549883 158.90887963828126 190
1757594549893 158.84945793494873 191
1757594549902 158.79005937004638 192
1757594549912 158.73068393449114 193
1757594549922 158.67133161920205 194
1757594549931 158.61200241510213 195
1757594549941 158.5526963131201 196
1757594549953 158.49341330418503 197
1757594549963 158.434153379233 198
1757594549974 158.37491652920178 199
1757594549984 158.31570274503113 200
1757594549993 158.2565120176672 201
1757594550003 158.19734433805914 202
1757594550013 158.13819969715888 203
1757594550022 158.07907808592213 204
1757594550032 158.01997949530863 205
1757594550041 157.9609039162798 206
1757594550051 157.90185133980404 207
1757594550061 157.84282175684993 208
1757594550071 157.7838151583925 209
1757594550081 157.72483153540708 210
1757594550090 157.66587087887584 211
1757594550100 157.6069331797829 212
1757594550109 157.54801842911536 213
1757594550119 157.48912661786554 214
1757594550129 157.43025773702806 215
1757594550138 157.37141177760108 216
1757594550148 157.31258873058664 217
1757594550158 157.25378858699125 218
1757594550168 157.19501133782322 219
1757594550178 157.13625697409407 220
1757594550187 157.07752548682322 221
1757594550197 157.01881686702757 222
1757594550207 156.9601311057315 223
1757594550217 156.90146819396165 224
1757594550227 156.84282812274878 225
1757594550237 156.7842108831276 226
1757594550247 156.72561646613343 227
1757594550257 156.66704486280923 228
1757594550267 156.60849606419848 229
1757594550277 156.54997006134968 230
1757594550287 156.49146684531325 231
1757594550297 156.43298640714661 232
1757594550307 156.37452873790804 233
1757594550317 156.31609382865744 234
1757594550327 156.257681670462 235
1757594550337 156.19929225439134 236
1757594550347 156.14092557151795 237
1757594550357 156.082581612917 238
1757594550367 156.0242603696704 239
1757594550377 155.9659618328606 240
1757594550386 155.90768599357307 241
1757594550396 155.84943284289994 242
1757594550406 155.79120237193436 243
1757594550416 155.7329945717737 244
1757594550426 155.67480943351777 245
1757594550436 155.6166469482732 246
1757594550446 155.55850710714662 247
1757594550456 155.50038990124938 248
1757594550465 155.44229532169743 249
1757594550475 155.38422335960732 250
1757594550485 155.32617400610286 251
1757594550495 155.26814725230722 252
1757594550505 155.21014308935108 253
1757594550515 155.152161508368 254
1757594550525 155.09420250049052 255
1757594550535 155.03626605686117 256
1757594550545 154.97835216862163 257
1757594550555 154.92046082691743 258
1757594550565 154.8625920229003 259
1757594550574 154.80474574772177 260
1757594550584 154.74692199253997 261
1757594550594 154.68912074851562 262
1757594550604 154.6313420068108 263
1757594550614 154.57358575859445 264
1757594550624 154.51585199503626 265
1757594550634 154.45814070731137 266
1757594550644 154.40045188659698 267
1757594550654 154.34278552407517 268
1757594550664 154.28514161092997 269
1757594550675 154.22752013834977 270
1757594550685 154.16992109752627 271
1757594550695 154.11234447965495 272
1757594550705 154.05479027593387 273
1757594550715 153.99725847756517 274
1757594550725 153.93974907575515 275
1757594550735 153.8822620617117 276
1757594550745 153.8247974266474 277
1757594550755 153.76735516178053 278
1757594550765 153.70993525832674 279
1757594550775 153.65253770751258 280
1757594550785 153.59516250056174 281
1757594550795 153.53780962870587 282
1757594550805 153.480479083177 283
1757594550815 153.42317085521256 284
1757594550826 153.36588493605285 285
1757594550836 153.30862131694124 286
1757594550846 153.25137998912425 287
1757594550856 153.1941609438536 288
1757594550866 153.1369641723817 289
1757594550877 153.07978966596795 290
1757594550887 153.02263741587151 291
1757594550897 152.96550741335764 292
1757594550908 152.90839964969436 293
1757594550918 152.85131411615208 294
1757594550928 152.79425080400694 295
1757594550938 152.73720970453442 296
1757594550948 152.6801908090192 297
1757594550958 152.62319410874449 298
1757594550969 152.56621959499884 299
1757594550979 152.5092672590734 300
1757594550989 152.45233709226528 301
1757594550999 152.39542908587205 302
1757594551009 152.3385432311961 303
1757594551019 152.28167951954364 304
1757594551030 152.22483794222262 305
1757594551040 152.16801849054607 306
1757594551050 152.11122115582887 307
1757594551061 152.05444592939335 308
1757594551071 151.99769280255887 309
1757594551081 151.9409617666525 310
1757594551091 151.8842528130044 311
1757594551102 151.8275659329476 312
1757594551112 151.77090111781828 313
1757594551122 151.71425835895576 314
1757594551133 151.65763764770404 315
1757594551143 151.601038975409 316
1757594551154 151.544462333422 317
1757594551164 151.48790771309524 318
1757594551175 151.431375105786 319
1757594551185 151.3748645028545 320
1757594551195 151.31837589566442 321
1757594551206 151.26190927558335 322
1757594551216 151.20546463398105 323
1757594551226 151.14904196223225 324
1757594551236 151.09264125171364 325
1757594551247 151.03626249380622 326
1757594551257 150.97990567989405 327
1757594551267 150.92357080136495 328
1757594551278 150.86725784960854 329
1757594551288 150.81096681602028 330
1757594551299 150.75469769199822 331
1757594551309 150.69845046894287 332
1757594551320 150.64222513825803 333
1757594551330 150.58602169135347 334
1757594551342 150.5298401196384 335
1757594551355 150.47368041452773 336
1757594551366 150.4175425674419 337
1757594551377 150.36142656979882 338
1757594551389 150.30533241302612 339
1757594551405 150.24926008854993 340
1757594551417 150.1932095878034 341
1757594551428 150.13718090222045 342
1757594551439 150.08117402323947 343
1757594551450 150.02518894230292 344
1757594551461 149.96922565085515 345
1757594551471 149.91328414034425 346
1757594551482 149.85736440222348 347
1757594551493 149.80146642794665 348
1757594551503 149.74559020897232 349
1757594551514 149.68973573676413 350
1757594551524 149.63390300278482 351
1757594551535 149.57809199850544 352
1757594551546 149.52230271539617 353
1757594551557 149.46653514493312 354
1757594551567 149.4107892785949 355
1757594551578 149.35506510786504 356
1757594551588 149.29936262422606 357
1757594551599 149.24368181916867 358
1757594551609 149.1880226841852 359
1757594551620 149.13238521077116 360
1757594551630 149.07676939042491 361
1757594551641 149.0211752146487 362
1757594551652 148.96560267494854 363
1757594551663 148.91005176283284 364
1757594551673 148.85452246981393 365
1757594551684 148.79901478740746 366
1757594551695 148.7435287071329 367
1757594551706 148.6880642205114 368
1757594551717 148.6326213190705 369
1757594551728 148.5771999943381 370
1757594551738 148.5218002378466 371
1757594551749 148.46642204113184 372
1757594551760 148.41106539573136 373
1757594551771 148.35573029319022 374
1757594551782 148.300416725053 375
1757594551793 148.24512468286738 376
1757594551804 148.18985415818688 377
1757594551815 148.1346051425674 378
1757594551826 148.07937762756768 379
1757594551836 148.0241716047509 380
1757594551847 147.96898706568086 381
1757594551858 147.91382400192828 382
1757594551869 147.85868240506494 383
1757594551880 147.80356226666603 384
1757594551890 147.74846357831026 385
1757594551901 147.6933863315814 386
1757594551912 147.63833051806373 387
1757594551923 147.5832961293462 388
1757594551934 147.52828315702223 389
1757594551945 147.47329159268676 390
1757594551957 147.4183214279384 391
1757594551967 147.3633726543791 392
1757594551978 147.308445263615 393
1757594551990 147.25353924725425 394
1757594552001 147.19865459690945 395
1757594552011 147.1437913041964 396
1757594552022 147.08894936073378 397
1757594552033 147.03412875814251 398
1757594552044 146.97932948804802 399
1757594552054 146.92455154208102 400
1757594552065 146.869794911871 401
1757594552077 146.81505958905376 402
1757594552089 146.76034556526983 403
1757594552099 146.70565283215842 404
1757594552110 146.65098138136557 405
1757594552121 146.59633120454004 406
1757594552132 146.54170229333377 407
1757594552143 146.48709463940128 408
1757594552155 146.43250823440044 409
1757594552166 146.37794306999467 410
1757594552177 146.3233991378465 411
1757594552188 146.2688764296256 412
1757594552199 146.21437493700236 413
1757594552210 146.15989465165254 414
1757594552221 146.10543556525377 415
1757594552232 146.05099766948717 416
1757594552243 145.99658095603775 417
1757594552254 145.94218541659254 418
1757594552265 145.88781104284368 419
1757594552276 145.83345782648558 420
1757594552287 145.77912575921445 421
1757594552299 145.72481483273322 422
1757594552310 145.67052503874487 423
1757594552321 145.61625636895718 424
1757594552332 145.5620088150807 425
1757594552344 145.50778236882994 426
1757594552355 145.45357702192257 427
1757594552366 145.3993927660776 428
1757594552377 145.34522959301998 429
1757594552388 145.2910874944773 430
1757594552399 145.2369664621785 431
1757594552411 145.18286648785926 432
1757594552422 145.1287875632546 433
1757594552433 145.0747296801046 434
1757594552445 145.0206928301539 435
1757594552457 144.96667700514837 436
1757594552468 144.91268219683897 437
1757594552480 144.8587083969775 438
1757594552491 144.8047555973213 439
1757594552502 144.75082378962867 440
1757594552513 144.69691296566407 441
1757594552524 144.643023117194 442
1757594552535 144.58915423598597 443
1757594552546 144.5353063138137 444
1757594552558 144.48147934245262 445
1757594552573 144.42767331368302 446
1757594552588 144.3738882192858 447
1757594552600 144.3201240510481 448
1757594552612 144.2663808007573 449
1757594552624 144.2126584602062 450
1757594552637 144.1589570211906 451
1757594552650 144.1052764755083 452
1757594552663 144.05161681496145 453
1757594552677 143.99797803135422 454
1757594552689 143.94436011649773 455
1757594552700 143.89076306219968 456
1757594552714 143.83718686027672 457
1757594552726 143.7836315025474 458
1757594552739 143.73009698083092 459
1757594552753 143.67658328695344 460
1757594552765 143.62309041274185 461
1757594552777 143.56961835002758 462
1757594552790 143.5161670906435 463
1757594552807 143.46273662642832 464
1757594552819 143.40932694922128 465
1757594552831 143.35593805086705 466
1757594552843 143.30256992321316 467
1757594552855 143.24922255810745 468
1757594552866 143.19589594740566 469
1757594552878 143.14259008296216 470
1757594552893 143.089304956639 471
1757594552906 143.03604056029786 472
1757594552918 142.98279688580567 473
1757594552930 142.9295739250304 474
1757594552942 142.87637166984655 475
1757594552960 142.8231901121285 476
1757594552973 142.77002924375645 477
1757594552986 142.7168890566115 478
1757594552999 142.66376954258033 479
1757594553012 142.61067069354934 480
1757594553024 142.5575925014132 481
1757594553036 142.504534958065 482
1757594553052 142.4514980554043 483
1757594553064 142.39848178533094 484
1757594553076 142.34548613975056 485
1757594553089 142.29251111056988 486
1757594553101 142.2395566897024 487
1757594553113 142.18662286905868 488
1757594553132 142.13370964055986 489
1757594553146 142.08081699612455 490
1757594553160 142.02794492767552 491
1757594553173 141.9750934271415 492
1757594553185 141.92226248645147 493
1757594553197 141.86945209754 494
1757594553209 141.81666225234153 495
1757594553221 141.76389294279807 496
1757594553233 141.7111441608502 497
1757594553244 141.65841589844567 498
1757594553256 141.60570814753297 499
