1757594517985 166.81518066531413 0
1757594517994 166.1897485584931 1
1757594518003 165.56675382955333 2
1757594518011 164.94618690763227 3
1757594518019 164.32803825960852 4
1757594518028 163.71229838995728 5
1757594518037 163.0989578405997 6
1757594518045 162.48800719075362 7
1757594518054 161.87943705679044 8
1757594518062 161.27323809208312 9
1757594518071 160.66940098686217 10
1757594518079 160.06791646807145 11
1757594518088 159.46877529921863 12
1757594518097 158.87196828023465 13
1757594518105 158.27748624733056 14
1757594518113 157.68532007284648 15
1757594518122 157.0954606651197 16
1757594518130 156.50789896833226 17
1757594518139 155.92262596237578 18
1757594518147 155.3396326627086 19
1757594518156 154.7589101202141 20
1757594518165 154.18044942105743 21
1757594518173 153.6042416865573 22
1757594518182 153.03027807303175 23
1757594518190 152.45854977167275 24
1757594518199 151.88904800839873 25
1757594518207 151.32176404372575 26
1757594518216 150.75668917262288 27
1757594518224 150.1938147243805 28
1757594518233 149.63313206247383 29
1757594518241 149.07463258442718 30
1757594518250 148.51830772168117 31
1757594518258 147.96414893945382 32
1757594518267 147.4121477366143 33
1757594518275 146.86229564554208 34
1757594518284 146.3145842320007 35
1757594518292 145.76900509500226 36
1757594518301 145.22554986667612 37
1757594518310 144.68421021214047 38
1757594518319 144.14497782937028 39
1757594518327 143.60784444906508 40
1757594518336 143.0728018345245 41
1757594518345 142.5398417815147 42
1757594518354 142.00895611814224 43
1757594518362 141.48013670472847 44
1757594518371 140.95337543367626 45
1757594518380 140.42866422934796 46
1757594518389 139.90599504793786 47
1757594518409 139.38535987734795 48
1757594518421 138.8667507370557 49
1757594518430 138.35015967800047 50
1757594518439 137.83557878244793 51
1757594518448 137.32300016387404 52
1757594518457 136.81241596683822 53
1757594518466 136.30381836686053 54
1757594518475 135.79719957030053 55
1757594518483 135.29255181423497 56
1757594518492 134.78986736633416 57
1757594518501 134.28913852474588 58
1757594518510 133.79035761796953 59
1757594518518 133.29351700473956 60
1757594518527 132.7986090739047 61
1757594518535 132.30562624430948 62
1757594518544 131.81456096467613 63
1757594518553 131.32540571348295 64
1757594518562 130.8381529988515 65
1757594518571 130.3527953584294 66
1757594518579 129.86932535926607 67
1757594518588 129.38773559770684 68
1757594518597 128.90801869927054 69
1757594518606 128.430167318536 70
1757594518614 127.95417413902743 71
1757594518623 127.48003187309777 72
1757594518631 127.0077332618198 73
1757594518640 126.53727107486878 74
1757594518649 126.06863811040786 75
1757594518658 125.60182719498073 76
1757594518667 125.13683118339347 77
1757594518676 124.6736429586086 78
1757594518685 124.21225543162828 79
1757594518694 123.75266154138957 80
1757594518703 123.29485425464686 81
1757594518713 122.83882656586948 82
1757594518721 122.38457149712525 83
1757594518730 121.93208209797525 84
1757594518739 121.48135144536698 85
1757594518748 121.03237264352084 86
1757594518757 120.58513882382493 87
1757594518766 120.13964314472973 88
1757594518774 119.69587879163909 89
1757594518783 119.25383897680238 90
1757594518793 118.81351693921053 91
1757594518804 118.37490594449092 92
1757594518813 117.93799928479821 93
1757594518822 117.50279027871535 94
1757594518831 117.0692722711432 95
1757594518840 116.63743863320234 96
1757594518849 116.20728276212282 97
1757594518858 115.77879808114818 98
1757594518867 115.35197803942562 99
1757594518876 114.92681611190959 100
1757594518885 114.50330579925652 101
1757594518894 114.08144062772323 102
1757594518903 113.66121414906831 103
1757594518912 113.24261994044693 104
1757594518921 112.82565160431649 105
1757594518930 112.41030276832949 106
1757594518939 111.99656708524113 107
1757594518948 111.58443823280535 108
1757594518958 111.17390991367625 109
1757594518966 110.76497585531277 110
1757594518976 110.357629809878 111
1757594518985 109.95186555414233 112
1757594518994 109.54767688938634 113
1757594519003 109.14505764130395 114
1757594519012 108.74400165990549 115
1757594519021 108.34450281942185 116
1757594519030 107.94655501821083 117
1757594519039 107.55015217865645 118
1757594519048 107.15528824708038 119
1757594519057 106.76195719364276 120
1757594519067 106.37015301225186 121
1757594519075 105.97986972046445 122
1757594519085 105.5911013594003 123
1757594519094 105.20384199364068 124
1757594519103 104.81808571114306 125
1757594519112 104.4338266231436 126
1757594519121 104.051058864068 127
1757594519130 103.66977659143731 128
1757594519139 103.28997398578083 129
1757594519149 102.91164525054042 130
1757594519158 102.5347846119828 131
1757594519167 102.15938631911052 132
1757594519176 101.78544464356784 133
1757594519185 101.41295387955512 134
1757594519195 101.0419083437389 135
1757594519205 100.67230237516218 136
1757594519215 100.30413033515619 137
1757594519224 99.93738660725288 138
1757594519233 99.57206559709803 139
1757594519243 99.2081617323612 140
1757594519252 98.8456694626518 141
1757594519261 98.48458325943098 142
1757594519270 98.12489761592349 143
1757594519280 97.76660704703676 144
1757594519289 97.40970608926924 145
1757594519299 97.05418930062953 146
1757594519308 96.7000512605485 147
1757594519317 96.34728656979912 148
1757594519327 95.9958898504033 149
1757594519336 95.64585574556021 150
1757594519345 95.29717891955175 151
1757594519355 94.94985405766492 152
1757594519364 94.60387586610798 153
1757594519373 94.25923907192674 154
1757594519383 93.9159384229232 155
1757594519392 93.57396868757324 156
1757594519402 93.23332465494533 157
1757594519411 92.89400113461835 158
1757594519421 92.55599295660046 159
1757594519430 92.21929497125126 160
1757594519439 91.88390204919708 161
1757594519448 91.5498090812544 162
1757594519458 91.21701097834706 163
1757594519467 90.88550267143049 164
1757594519477 90.5552791114093 165
1757594519486 90.2263352690602 166
1757594519495 89.89866613495357 167
1757594519505 89.57226671937453 168
1757594519515 89.24713205224559 169
1757594519524 88.92325718304805 170
1757594519533 88.60063718074704 171
1757594519543 88.27926713371214 172
1757594519552 87.95914214964279 173
1757594519561 87.64025735548931 174
1757594519571 87.3226078973793 175
1757594519581 87.0061889405423 176
1757594519590 86.69099566923124 177
1757594519600 86.37702328665067 178
1757594519609 86.0642670148794 179
1757594519620 85.75272209479765 180
1757594519629 85.44238378601254 181
1757594519639 85.13324736678292 182
1757594519648 84.82530813394717 183
1757594519658 84.51856140284941 184
1757594519668 84.21300250726617 185
1757594519677 83.90862679933315 186
1757594519687 83.60542964947406 187
1757594519697 83.30340644632695 188
1757594519706 83.00255259667398 189
1757594519715 82.7028635253677 190
1757594519725 82.40433467526123 191
1757594519734 82.1069615071369 192
1757594519744 81.81073949963532 193
1757594519753 81.51566414918439 194
1757594519763 81.22173096992918 195
1757594519773 80.92893549366357 196
1757594519782 80.6372732697589 197
1757594519792 80.34673986509391 198
1757594519802 80.05733086398803 199
1757594519811 79.7690418681309 200
1757594519821 79.48186849651272 201
1757594519830 79.19580638535912 202
1757594519840 78.91085118806055 203
1757594519849 78.62699857510485 204
1757594519859 78.34424423401072 205
1757594519871 78.06258386925946 206
1757594519881 77.78201320222895 207
1757594519891 77.50252797112606 208
1757594519900 77.22412393092084 209
1757594519910 76.94679685327972 210
1757594519920 76.67054252650034 211
1757594519929 76.3953567554452 212
1757594519939 76.12123536147743 213
1757594519949 75.84817418239362 214
1757594519958 75.57616907236044 215
1757594519968 75.30521590185099 216
1757594519977 75.03531055757732 217
1757594519987 74.76644894242914 218
1757594519997 74.49862697540895 219
1757594520006 74.23184059156866 220
1757594520016 73.96608574194556 221
1757594520026 73.70135839349982 222
1757594520036 73.43765452905163 223
1757594520045 73.17497014721866 224
1757594520056 72.91330126235347 225
1757594520066 72.65264390448112 226
1757594520076 72.39299411923795 227
1757594520085 72.13434796780999 228
1757594520095 71.87670152686998 229
1757594520104 71.62005088851951 230
1757594520114 71.36439216022482 231
1757594520124 71.1097214647572 232
1757594520134 70.85603494013426 233
1757594520143 70.60332873955679 234
1757594520153 70.35159903135094 235
1757594520163 70.10084199890899 236
1757594520173 69.8510538406274 237
1757594520182 69.60223076985001 238
1757594520192 69.35436901480765 239
1757594520202 69.10746481855982 240
1757594520212 68.86151443893677 241
1757594520222 68.61651414847974 242
1757594520231 68.37246023438489 243
1757594520241 68.12934899844319 244
1757594520251 67.88717675698511 245
1757594520261 67.6459398408212 246
1757594520271 67.40563459518641 247
1757594520281 67.1662573796821 248
1757594520290 66.92780456822149 249
1757594520300 66.69027254896874 250
1757594520310 66.45365772428859 251
1757594520320 66.2179565106852 252
1757594520330 65.98316533874892 253
1757594520340 65.74928065310118 254
1757594520350 65.51629891233635 255
1757594520360 65.28421658897031 256
1757594520370 65.05303016938232 257
1757594520379 64.8227361537624 258
1757594520390 64.59333105605552 259
1757594520399 64.36481140390792 260
1757594520409 64.13717373861371 261
1757594520419 63.910414615058926 262
1757594520430 63.68453060167053 263
1757594520439 63.45951828036116 264
1757594520450 63.235374246476795 265
1757594520460 63.01209510874293 266
1757594520470 62.78967748921291 267
1757594520480 62.56811802321393 268
1757594520490 62.34741335929658 269
1757594520500 62.12756015918065 270
1757594520510 61.9085550977042 271
1757594520520 61.690394862772 272
1757594520530 61.47307615530419 273
1757594520540 61.25659568918279 274
1757594520550 61.04095019120349 275
1757594520560 60.826136401023575 276
1757594520570 60.61215107110983 277
1757594520580 60.39899096668966 278
1757594520590 60.18665286570157 279
1757594520600 59.97513355874175 280
1757594520610 59.76442984901689 281
1757594520620 59.554538552294346 282
1757594520630 59.34545649685075 283
1757594520640 59.13718052342483 284
1757594520651 58.9297074851661 285
1757594520660 58.723034247588245 286
1757594520671 58.51715768851849 287
1757594520681 58.3120746980495 288
1757594520691 58.107782178491796 289
1757594520701 57.90427704432403 290
1757594520711 57.70155622214718 291
1757594520721 57.49961665063439 292
1757594520731 57.298455280484674 293
1757594520741 57.09806907437529 294
1757594520751 56.89845500691473 295
1757594520761 56.69961006459497 296
1757594520771 56.50153124574462 297
1757594520781 56.30421556048351 298
1757594520792 56.10766003067442 299
1757594520802 55.91186168987849 300
1757594520812 55.71681758330761 301
1757594520822 55.5225247677789 302
1757594520833 55.32898031166969 303
1757594520843 55.13618129487102 304
1757594520853 54.94412480874207 305
1757594520863 54.7528079560667 306
1757594520873 54.5622278510061 307
1757594520883 54.372381619055034 308
1757594520894 54.18326639699712 309
1757594520904 53.994879332860485 310
1757594520914 53.807217585873026 311
1757594520925 53.62027832641769 312
1757594520935 53.43405873599074 313
1757594520945 53.248556007154995 314
1757594520956 53.06376734349785 315
1757594520966 52.87968995958806 316
1757594520976 52.69632108093096 317
1757594520987 52.51365794392756 318
1757594520997 52.33169779582868 319
1757594521007 52.150437894695266 320
1757594521017 51.96987550935331 321
1757594521028 51.790007919352654 322
1757594521038 51.61083241492461 323
1757594521048 51.43234629693935 324
1757594521059 51.25454687686474 325
1757594521069 51.077431476723014 326
1757594521080 50.90099742905137 327
1757594521090 50.72524207685866 328
1757594521100 50.550162773585406 329
1757594521110 50.375756883061186 330
1757594521121 50.20202177946521 331
1757594521131 50.02895484728467 332
1757594521142 49.85655348127412 333
1757594521152 49.68481508641574 334
1757594521163 49.51373707787738 335
1757594521173 49.34331688097456 336
1757594521184 49.17355193112857 337
1757594521194 49.00443967382787 338
1757594521205 48.835977564587346 339
1757594521215 48.66816306891029 340
1757594521226 48.50099366224743 341
1757594521237 48.33446682995829 342
1757594521248 48.168580067272764 343
1757594521258 48.003330879251415 344
1757594521269 47.83871678074732 345
1757594521279 47.674735296365995 346
1757594521290 47.5113839604296 347
1757594521300 47.348660316936304 348
1757594521311 47.18656191952266 349
1757594521322 47.02508633142676 350
1757594521332 46.86423112544877 351
1757594521342 46.703993883914464 352
1757594521353 46.54437219863705 353
1757594521364 46.385363670880196 354
1757594521374 46.226965911319624 355
1757594521385 46.069176540008364 356
1757594521395 45.911993186337284 357
1757594521406 45.7554134889992 358
1757594521416 45.599435095953424 359
1757594521427 45.44405566438707 360
1757594521438 45.28927286068052 361
1757594521448 45.13508436036974 362
1757594521459 44.98148784811199 363
1757594521470 44.82848101764771 364
1757594521480 44.67606157176602 365
1757594521491 44.524227222269765 366
1757594521501 44.37297568993744 367
1757594521512 44.222304704491265 368
1757594521522 44.07221200455847 369
1757594521533 43.922695337639375 370
1757594521544 43.7737524600694 371
1757594521555 43.62538113698686 372
1757594521565 43.477579142296754 373
1757594521576 43.330344258636515 374
1757594521586 43.183674277341865 375
1757594521597 43.037566998412615 376
1757594521608 42.89202023047771 377
1757594521618 42.747031790762094 378
1757594521629 42.60259950505258 379
1757594521640 42.458721207664205 380
1757594521651 42.31539474140614 381
1757594521662 42.17261795754879 382
1757594521672 42.03038871579054 383
1757594521683 41.888704884223394 384
1757594521694 41.74756433930182 385
1757594521704 41.606964965807826 386
1757594521715 41.46690465681973 387
1757594521726 41.32738131367839 388
1757594521737 41.188392845955136 389
1757594521747 41.04993717141916 390
1757594521758 40.912012216005955 391
1757594521769 40.77461591378354 392
1757594521779 40.637746206921825 393
1757594521790 40.501401045660636 394
1757594521801 40.36557838827695 395
1757594521812 40.23027620105428 396
1757594521823 40.09549245825013 397
1757594521834 39.96122514206564 398
1757594521844 39.827472242613645 399
1757594521855 39.694231757887394 400
1757594521866 39.561501693729895 401
1757594521876 39.42928006380281 402
1757594521887 39.297564889555794 403
1757594521898 39.166354200195876 404
1757594521909 39.03564603265599 405
1757594521920 38.90543843156621 406
1757594521930 38.77572944922185 407
1757594521941 38.646517145554256 408
1757594521952 38.51779958810022 409
1757594521964 38.38957485197245 410
1757594521974 38.26184101982931 411
1757594521985 38.134596181844756 412
1757594521996 38.007838435679915 413
1757594522007 37.88156588645329 414
1757594522018 37.75577664670962 415
1757594522029 37.63046883639337 416
1757594522040 37.505640582817584 417
1757594522069 37.38129002063566 418
1757594522080 37.25741529181234 419
1757594522092 37.13401454559485 420
1757594522103 37.01108593848415 421
1757594522114 36.88862763420647 422
1757594522125 36.76663780368496 423
1757594522136 36.64511462501131 424
1757594522147 36.52405628341721 425
1757594522158 36.40346097124639 426
1757594522169 36.28332688792714 427
1757594522180 36.16365223994326 428
1757594522191 36.04443524080768 429
1757594522203 35.92567411103368 430
1757594522214 35.80736707810734 431
1757594522225 35.68951237646158 432
1757594522236 35.57210824744639 433
1757594522247 35.45515293930351 434
1757594522258 35.338644707138926 435
1757594522269 35.22258181289456 436
1757594522280 35.10696252532396 437
1757594522291 34.99178511996199 438
1757594522302 34.87704787910164 439
1757594522313 34.76274909176488 440
1757594522324 34.648887053677214 441
1757594522335 34.53546006724148 442
1757594522347 34.42246644151075 443
1757594522359 34.309904492163014 444
1757594522370 34.1977725414747 445
1757594522381 34.08606891829445 446
1757594522392 33.97479195801785 447
1757594522404 33.86394000256073 448
1757594522415 33.75351140033455 449
1757594522426 33.64350450622041 450
1757594522437 33.533917681542874 451
1757594522448 33.42474929404615 452
1757594522459 33.31599771786702 453
1757594522470 33.20766133351115 454
1757594522481 33.099738527827284 455
1757594522495 32.99222769398212 456
1757594522507 32.88512723143617 457
1757594522518 32.77843554591858 458
1757594522529 32.672151049401506 459
1757594522540 32.56627216007816 460
1757594522551 32.46079730233483 461
1757594522562 32.35572490672924 462
1757594522573 32.25105340996524 463
1757594522584 32.14678125486831 464
1757594522596 32.04290689036237 465
1757594522607 31.939428771444952 466
1757594522618 31.83634535916338 467
1757594522629 31.733655120591415 468
1757594522641 31.631356528805405 469
1757594522652 31.529448062860077 470
1757594522663 31.42792820776603 471
1757594522674 31.326795454464882 472
1757594522685 31.226048299807953 473
1757594522697 31.125685246530733 474
1757594522708 31.025704803231434 475
1757594522719 30.92610548434704 476
1757594522730 30.826885810130886 477
1757594522742 30.728044306628924 478
1757594522753 30.629579505658015 479
1757594522765 30.531489944782138 480
1757594522777 30.43377416729099 481
1757594522789 30.336430722175866 482
1757594522801 30.239458164109383 483
1757594522812 30.14285505342035 484
1757594522824 30.046619956074366 485
1757594522835 29.950751443649423 486
1757594522846 29.855248093315247 487
1757594522858 29.7601084878101 488
1757594522869 29.66533121542021 489
1757594522881 29.570914869956965 490
1757594522892 29.476858050735107 491
1757594522903 29.383159362552156 492
1757594522915 29.289817415665443 493
1757594522926 29.19683082577158 494
1757594522938 29.104198213984642 495
1757594522949 29.01191820681498 496
1757594522961 28.919989436148313 497
1757594522973 28.828410539223736 498
1757594522984 28.73718015861345 499
