1757594661045 117.59735025949546 0
1757594661054 87.03162721642047 1
1757594661064 71.20768479188797 2
1757594661073 51.781936713239716 3
1757594661085 38.59667501130475 4
1757594661094 25.328351444029437 5
1757594661103 16.26101984720917 6
1757594661112 17.461766555231303 7
1757594661121 15.443733262903502 8
1757594661130 9.938482215492094 9
1757594661139 9.499201386346197 10
1757594661149 6.055502175139842 11
1757594661158 6.607287859600304 12
1757594661167 7.952009665729231 13
1757594661176 6.107179497891689 14
1757594661186 4.458766370382375 15
1757594661195 2.6606735357115463 16
1757594661204 2.084438858415276 17
1757594661214 4.4947845693333655 18
1757594661224 4.881267294473524 19
1757594661233 5.791113866871238 20
1757594661243 0.3647691438923084 21
1757594661253 3.317818760492892 22
1757594661263 2.5706461392214126 23
1757594661272 5.704428039835436 24
1757594661281 3.1311855047813375 25
1757594661290 7.79441553361796 26
1757594661300 4.030989843622331 27
1757594661310 1.869454482883786 28
1757594661319 2.6579600117893163 29
1757594661329 7.27941565749719 30
1757594661338 6.032440239240805 31
1757594661347 5.327992994244873 32
1757594661356 0.802010146583007 33
1757594661366 5.317287892338805 34
1757594661375 1.941317248114858 35
1757594661385 2.543637670822035 36
1757594661394 3.0849232736924126 37
1757594661403 2.1974166349596107 38
1757594661413 2.9985523738519646 39
1757594661422 1.7775994617447741 40
1757594661432 3.055377021785134 41
1757594661441 3.7509191238449233 42
1757594661451 3.5676983551687242 43
1757594661460 2.523177297544635 44
1757594661469 3.9902519170625763 45
1757594661478 2.859648852702078 46
1757594661487 2.168698227326411 47
1757594661496 2.521855825441896 48
1757594661506 1.8338492192999643 49
1757594661515 1.9583386994119196 50
1757594661524 2.1927226461651714 51
1757594661534 2.167548768274675 52
1757594661543 3.2881763909322226 53
1757594661553 3.4106766538384785 54
1757594661562 2.688649381129559 55
1757594661571 1.9928257284727182 56
1757594661581 2.1884508015469666 57
1757594661590 3.64985200496358 58
1757594661600 2.0748449798016875 59
1757594661609 3.1718081503766813 60
1757594661618 2.178783145593755 61
1757594661628 1.620901195607872 62
1757594661637 3.9297282248318854 63
1757594661647 3.7936202640430623 64
1757594661656 3.345665529555863 65
1757594661666 2.320120319277521 66
1757594661675 1.6072376755208684 67
1757594661688 1.7223053268640582 68
1757594661697 1.3053269892211343 69
1757594661707 2.205981917555118 70
1757594661717 1.5446546289642875 71
1757594661727 3.7914125503109743 72
1757594661736 2.1752208524998116 73
1757594661746 2.7689696989676005 74
1757594661755 2.380902590879172 75
1757594661765 2.8216744026426794 76
1757594661774 2.54290905258887 77
1757594661784 1.899348310254708 78
1757594661793 0.7582897677880643 79
1757594661803 2.2304219469350977 80
1757594661813 1.4062519544871395 81
1757594661822 2.351436290442382 82
1757594661832 2.4071535169231 83
1757594661841 2.856936822837006 84
1757594661851 2.3451267596528678 85
1757594661860 1.7719904548369432 86
1757594661870 2.693701339516341 87
1757594661879 1.8910860039481443 88
1757594661889 2.667558644473611 89
1757594661899 1.3878910066577808 90
1757594661909 2.716751036355634 91
1757594661918 1.2694820385668748 92
1757594661928 1.3807407068895716 93
1757594661937 1.1209461686221596 94
1757594661947 1.1337649810259904 95
1757594661957 0.7834812730944927 96
1757594661966 2.217403342050512 97
1757594661976 1.1425552849440916 98
1757594661986 0.6554250476784671 99
1757594661996 0.8728308722932755 100
1757594662006 1.6577769501533774 101
1757594662016 1.5379099131388292 102
1757594662025 1.0520325614639805 103
1757594662036 2.4025502587678993 104
1757594662047 2.2597391260459063 105
1757594662057 1.4586364414745099 106
1757594662068 1.497017642376768 107
1757594662078 1.911001610179819 108
1757594662088 1.0175987516627363 109
1757594662098 2.468771150283565 110
1757594662108 0.7745513430862643 111
1757594662118 1.5436748219087886 112
1757594662128 0.6685185140611936 113
1757594662137 1.2587572628226775 114
1757594662147 0.9378742284897666 115
1757594662157 1.0952552487063845 116
1757594662168 2.1274835159657046 117
1757594662177 2.1634649834652717 118
1757594662187 1.2071745360586208 119
1757594662197 1.0492094296163452 120
1757594662207 1.0598905675422865 121
1757594662217 1.4744954423670837 122
1757594662227 1.0409508098643871 123
1757594662236 2.2121416962705323 124
1757594662246 1.4195609129088569 125
1757594662257 1.5153501182912426 126
1757594662274 0.994537619515271 127
1757594662296 1.20532803528645 128
1757594662307 1.3317160167660875 129
1757594662317 0.6774843956047951 130
1757594662327 0.9565561625949758 131
1757594662337 1.2471649247019065 132
1757594662347 0.49438794688375076 133
1757594662357 0.8535450586773643 134
1757594662367 1.5539067251852257 135
1757594662377 1.577520667445255 136
1757594662387 1.992784512727883 137
1757594662396 1.6904302831375595 138
1757594662406 0.44298129969129413 139
1757594662416 0.9501010033523266 140
1757594662427 1.392338152905105 141
1757594662437 1.4090322843596896 142
1757594662447 1.0809189489761915 143
1757594662456 1.1392786317447612 144
1757594662467 0.8761089975818602 145
1757594662477 0.4877697307853896 146
1757594662487 0.7955759541728433 147
1757594662497 0.9997547768505998 148
1757594662507 1.9435160818015107 149
1757594662517 0.6234897630316999 150
1757594662527 1.7863031651857135 151
1757594662537 0.7208452662410347 152
1757594662547 1.8855659063996746 153
1757594662557 1.438879822630807 154
1757594662567 1.7303154273541004 155
1757594662578 0.9382350225129646 156
1757594662587 1.1914532298349765 157
1757594662597 0.3713698765021125 158
1757594662607 0.738059017658317 159
1757594662617 0.7339628829056924 160
1757594662627 1.0293951159669552 161
1757594662637 0.6639485404513163 162
1757594662647 1.1219087390762001 163
1757594662657 0.8549461976098804 164
1757594662668 0.7447469114940751 165
1757594662678 0.7998083930029266 166
1757594662688 1.3715122834288025 167
1757594662698 0.37764184706404275 168
1757594662708 0.5142680953016148 169
1757594662718 0.7439866921853945 170
1757594662729 1.3388517918863598 171
1757594662739 0.8478844096393582 172
1757594662750 1.511194493664404 173
1757594662761 0.5965301854175555 174
1757594662772 0.9565328920767117 175
1757594662783 1.2721921547140755 176
1757594662795 1.8440958291944933 177
1757594662810 0.4045491450603678 178
1757594662821 0.783606359834215 179
1757594662832 1.4310384753346652 180
1757594662843 0.8967855747139993 181
1757594662853 0.5582763624005445 182
1757594662864 1.1124728974271128 183
1757594662874 0.4976204418488339 184
1757594662885 0.4667463550015248 185
1757594662895 1.3083921183089688 186
1757594662906 1.422779676447922 187
1757594662916 0.6564555731097671 188
1757594662927 1.4147461147476772 189
1757594662937 0.48941132186991587 190
1757594662947 1.1670260872297142 191
1757594662958 0.6233064199420049 192
1757594662969 1.5045358199568795 193
1757594662980 0.6164535522614234 194
1757594662990 0.8258558608280876 195
1757594663001 0.8899160390262328 196
1757594663011 0.8259815155959701 197
1757594663022 1.1320896866349928 198
1757594663033 0.6485562619187063 199
1757594663043 0.9695944457446978 200
1757594663054 0.6643920100454386 201
1757594663064 0.5934194234629686 202
1757594663075 1.693681181353144 203
1757594663085 0.32397677464479097 204
1757594663096 0.5832709697597986 205
1757594663106 0.433070596670875 206
1757594663116 1.1634880539045254 207
1757594663127 0.7765505760745073 208
1757594663138 1.0461280801277875 209
1757594663148 1.2076927612050297 210
1757594663159 0.49348880987800214 211
1757594663170 0.9333872689829859 212
1757594663180 0.7166387095677358 213
1757594663191 0.539041436524049 214
1757594663201 0.8447667283603425 215
1757594663212 1.004662720410538 216
1757594663222 1.08905428570933 217
1757594663233 0.27220142678900644 218
1757594663243 0.6311321660353949 219
1757594663254 0.5249965409596852 220
1757594663265 0.7249412268614476 221
1757594663276 0.48074480251016866 222
1757594663286 0.6897199202633262 223
1757594663297 0.26958194649609124 224
1757594663310 0.548982604794108 225
1757594663322 1.0038146979373497 226
1757594663332 0.4640845980957055 227
1757594663343 0.668650752462256 228
1757594663353 0.6567783881124096 229
1757594663364 0.407690007936891 230
1757594663374 0.6715320274495241 231
1757594663385 0.803425144168112 232
1757594663396 0.3267334705808058 233
1757594663407 0.5658473724628181 234
1757594663418 0.8066100664203324 235
1757594663429 0.6330436139012213 236
1757594663439 0.5977168409150644 237
1757594663450 0.8226626829888403 238
1757594663461 0.6667753892303506 239
1757594663472 0.5923212578575734 240
1757594663483 0.6478289743036028 241
1757594663493 0.3882197394970968 242
1757594663504 0.2520545585287902 243
1757594663515 0.4776837489954689 244
1757594663525 0.7055331788242017 245
1757594663536 0.3296051544227378 246
1757594663547 0.5153511423471002 247
1757594663558 0.38818506190477325 248
1757594663568 0.6079448903559119 249
1757594663579 0.5238229288433351 250
1757594663590 0.3654614222848554 251
1757594663600 0.6035656002817217 252
1757594663611 0.5437550494270196 253
1757594663622 0.22999246731698436 254
1757594663633 0.7140328555701284 255
1757594663643 0.39855770628578996 256
1757594663654 0.4705412253065876 257
1757594663665 0.5479426627173972 258
1757594663676 0.4464909285878295 259
1757594663687 0.48532306217373766 260
1757594663697 0.7629375816486094 261
1757594663708 0.5091218744855041 262
1757594663719 0.15016827558123041 263
1757594663730 0.4575598215103708 264
1757594663741 0.17936156912933016 265
1757594663752 0.4697661556461344 266
1757594663762 0.30477165703932535 267
1757594663773 0.19033108912181554 268
1757594663784 0.22813453519336754 269
1757594663794 0.6068764147021858 270
1757594663805 0.23663810068609625 271
1757594663816 0.19081676766249128 272
1757594663827 0.5231970492610533 273
1757594663838 0.4149394407601218 274
1757594663848 0.3271571217702222 275
1757594663859 0.42184826218812105 276
1757594663869 0.6099049279206018 277
1757594663880 0.5216778039203076 278
1757594663891 0.36913741309555437 279
1757594663901 0.5247457475557611 280
1757594663912 0.15704623457592445 281
1757594663923 0.21463484040438133 282
1757594663934 0.2045693720729606 283
1757594663944 0.3179946419480145 284
1757594663955 0.5820766459562449 285
1757594663966 0.46834386377844056 286
1757594663977 0.2645529509763214 287
1757594663988 0.6896989574445496 288
1757594663999 0.30425155337280846 289
1757594664009 0.8132165561437086 290
1757594664020 0.3769887451470141 291
1757594664031 0.40003633226680085 292
1757594664042 0.3797588431722884 293
1757594664053 0.3177234861231625 294
1757594664064 0.3335097301237752 295
1757594664075 0.24785334245798624 296
1757594664086 0.5742503275280828 297
1757594664097 0.14786125354788912 298
1757594664108 0.19566636660598782 299
1757594664119 0.32684072037062395 300
1757594664130 0.45199225765447415 301
1757594664141 0.26165162056375935 302
1757594664152 0.21830154190914194 303
1757594664163 0.2755830250375493 304
1757594664173 0.21697326744229103 305
1757594664185 0.3974399269322297 306
1757594664196 0.44839772147917856 307
1757594664206 0.32728865337693924 308
1757594664217 0.3138029517146697 309
1757594664228 0.2756598053113589 310
1757594664239 0.28930571565882834 311
1757594664250 0.3953329567175914 312
1757594664261 0.29512708139962396 313
1757594664272 0.38724347004847437 314
1757594664283 0.32228392121827415 315
1757594664294 0.5296533509556334 316
1757594664305 1.3239623999569887 317
1757594664316 0.2896021296043986 318
1757594664327 0.3916902138217785 319
1757594664338 0.213436662700034 320
1757594664350 0.2260731097913604 321
1757594664361 0.22005743524098695 322
1757594664372 0.3184109704712451 323
1757594664383 0.3300247169403541 324
1757594664394 0.21638881737677196 325
1757594664405 0.11311876704105511 326
1757594664416 0.14290704500400955 327
1757594664427 0.3822160538334481 328
1757594664438 0.2461021456767181 329
1757594664449 0.3173363028255042 330
1757594664460 0.4740663817070175 331
1757594664471 0.41981570104286786 332
1757594664482 0.2383165271198287 333
1757594664494 0.1858408844855436 334
1757594664505 0.6313446777223403 335
1757594664516 0.2824560835469107 336
1757594664527 0.1711866753107015 337
1757594664538 1.12914663687858 338
1757594664549 0.20970295012197215 339
1757594664561 0.22020479053445255 340
1757594664572 0.21249588274217043 341
1757594664583 0.21548604841113073 342
1757594664594 0.2335950166683237 343
1757594664605 0.3040449876716312 344
1757594664616 0.5075647952458441 345
1757594664628 0.4199642608841521 346
1757594664639 0.1518899681499437 347
1757594664650 0.2120127624499554 348
1757594664661 0.29829297602220733 349
1757594664672 0.3718571166350685 350
1757594664683 0.38365454465021037 351
1757594664694 0.3937561986214948 352
1757594664705 0.197343013628625 353
1757594664716 0.2984019870190903 354
1757594664728 0.3356438878601113 355
1757594664739 0.185342674284414 356
1757594664750 0.2231883559663819 357
1757594664762 0.22654792874306343 358
1757594664773 0.3067265030000568 359
1757594664784 0.1290159058342741 360
1757594664796 0.4180414677583363 361
1757594664807 0.2863198267831168 362
1757594664818 0.3377401924602882 363
1757594664830 0.19056290037518583 364
1757594664842 0.2659072339430717 365
1757594664853 0.3767290129531331 366
1757594664865 0.13232732988359777 367
1757594664876 0.37795373156281753 368
1757594664887 0.2816495838385384 369
1757594664900 0.3357313643669658 370
1757594664911 0.3776515247126844 371
1757594664922 0.27999884498091104 372
1757594664934 0.3469871189536416 373
1757594664945 0.13480251308239002 374
1757594664957 0.20934796779286646 375
1757594664968 0.5354224446440878 376
1757594664980 0.1355445104296968 377
1757594664992 0.3454981737735075 378
1757594665003 0.3917815140100785 379
1757594665014 0.31700670601644976 380
1757594665026 0.11264957278212645 381
1757594665037 0.12476829441435937 382
1757594665049 0.297584928152928 383
1757594665060 0.2315269616259463 384
1757594665071 0.1518695563711235 385
1757594665083 0.30533958127920724 386
1757594665094 0.17299094125826464 387
1757594665105 0.26151583733620426 388
1757594665117 0.11454615739095736 389
1757594665128 0.2835959933230813 390
1757594665139 0.1510243399343081 391
1757594665151 0.18142871833691437 392
1757594665162 0.1492566297500402 393
1757594665174 0.39032539142604905 394
1757594665186 0.3008836271442743 395
1757594665198 0.35227819937519805 396
1757594665209 0.1953680606562248 397
1757594665221 0.15896702951036318 398
1757594665233 0.19065912854244435 399
1757594665244 0.18641726034218237 400
1757594665256 0.190618477094486 401
1757594665267 0.19147072669448728 402
1757594665279 0.3345822835679989 403
1757594665291 0.2913286801783785 404
1757594665302 0.2092021108786782 405
1757594665314 0.1850205160951489 406
1757594665325 0.2576637961499912 407
1757594665337 0.2000364189268577 408
1757594665349 0.09310654830395128 409
1757594665370 0.15654718071961024 410
1757594665385 0.16698646244980464 411
1757594665397 0.21852573889891688 412
1757594665409 0.21317653253980337 413
1757594665421 0.1344505644802396 414
1757594665432 0.14955013493340083 415
1757594665444 0.1327275308488519 416
1757594665456 0.2001659590094266 417
1757594665467 0.23482487787216405 418
1757594665479 0.2305760550015524 419
1757594665491 0.20320632505317412 420
1757594665502 0.2354446800714244 421
1757594665514 0.33989809734197757 422
1757594665526 0.18780928658916798 423
1757594665538 0.07546865546689091 424
1757594665549 0.1873459802728029 425
1757594665561 0.09839110638714584 426
1757594665573 0.19866349953336293 427
1757594665585 0.2589143396642829 428
1757594665597 0.27207366266061267 429
1757594665609 0.25309607764875797 430
1757594665621 0.18640615769603464 431
1757594665633 0.17458198776211628 432
1757594665645 0.32957810128944354 433
1757594665656 0.09785230761102647 434
1757594665668 0.37084978246241873 435
1757594665680 0.11591910643545669 436
1757594665692 0.30716262615898715 437
1757594665703 0.1202729134719511 438
1757594665715 0.24923530043837636 439
1757594665727 0.388229278894145 440
1757594665739 0.19096756076109464 441
1757594665751 0.1007671049045934 442
1757594665762 0.17770715378280877 443
1757594665775 0.8979895202548048 444
1757594665786 0.13280437550495072 445
1757594665798 0.10515141628957288 446
1757594665810 0.21739354915308784 447
1757594665822 0.2566631866341995 448
1757594665834 0.3157302960875529 449
1757594665845 0.16467106963537095 450
1757594665857 0.27048000582696863 451
1757594665869 0.16258499484186514 452
1757594665881 0.121115403918283 453
1757594665893 0.13424919100151708 454
1757594665905 0.28077589321150803 455
1757594665916 0.13446378324711641 456
1757594665928 0.15748123290569083 457
1757594665940 0.21791513301027188 458
1757594665952 0.1662102608641532 459
1757594665964 0.2380625672152813 460
1757594665976 0.14588501600882084 461
1757594665988 0.18465378691145498 462
1757594666000 0.1065960060517563 463
1757594666012 0.08579040959442213 464
1757594666024 0.4470394874693189 465
1757594666036 0.1937708023108441 466
1757594666048 0.1355459362474183 467
1757594666060 0.11612658668034183 468
1757594666072 0.13970925840933285 469
1757594666084 0.19809919733442158 470
1757594666096 0.1890742832364717 471
1757594666108 0.2040319206711692 472
1757594666120 0.23702063010146018 473
1757594666131 0.1627374024755551 474
1757594666146 0.19438818108612238 475
1757594666158 0.16315150501013806 476
1757594666170 0.16356485884762778 477
1757594666182 0.22137180079786017 478
1757594666194 0.22727452213878044 479
1757594666207 0.08054873911608708 480
1757594666219 0.2159247955769525 481
1757594666231 0.2832992601521661 482
1757594666243 0.30766610877376993 483
1757594666255 0.08640801861711274 484
1757594666267 0.1726992354029708 485
1757594666279 0.10849307914896439 486
1757594666291 0.13706367035637307 487
1757594666303 0.3720619339589217 488
1757594666315 0.1397430342050536 489
1757594666327 0.10671154080517413 490
1757594666339 0.19690387979710325 491
1757594666352 0.08948676464068504 492
1757594666364 0.15839254170741116 493
1757594666376 0.12495661942751454 494
1757594666388 0.14237274906514188 495
1757594666400 0.1371940772036032 496
1757594666412 0.14171386661333082 497
1757594666424 0.1380081970473491 498
1757594666437 0.10754104015648032 499
