1757517895617 174.42998117178212 0
1757517895626 173.77573242987188 1
1757517895635 172.53743574927768 2
1757517895643 170.78216217569033 3
1757517895652 168.57336239322245 4
1757517895661 165.97055491829775 5
1757517895670 163.02915557214777 6
1757517895678 159.80041737767232 7
1757517895687 156.33145559583627 8
1757517895695 152.66533726292906 9
1757517895704 148.84121845939254 10
1757517895712 144.8945157568981 11
1757517895721 140.85710095763622 12
1757517895730 136.75751044651398 13
1757517895739 132.62116229782066 14
1757517895748 128.47057577576948 15
1757517895756 124.32558909617438 16
1757517895765 120.20357231915581 17
1757517895774 116.11963305767931 18
1757517895783 112.0868133456995 19
1757517895791 108.1162765391586 20
1757517895800 104.21748354548042 21
1757517895808 100.39835801115589 22
1757517895818 96.66544035820547 23
1757517895827 93.02403076183523 24
1757517895836 89.47832131435285 25
1757517895845 86.03151773355879 26
1757517895854 82.68595105483728 27
1757517895862 79.44317980146087 28
1757517895871 76.30408316224953 29
1757517895880 73.26894572411516 30
1757517895888 70.33753431259888 31
1757517895897 67.50916748928566 32
1757517895906 64.78277824321502 33
1757517895914 62.15697039612607 34
1757517895923 59.63006922008014 35
1757517895932 57.200166741988944 36
1757517895941 54.8651621838153 37
1757517895949 52.622797960533376 38
1757517895958 50.470691630939235 39
1757517895967 48.406364169582176 40
1757517895975 46.42726490180575 41
1757517895984 44.53079341843117 42
1757517895993 42.71431876215835 43
1757517896002 40.97519615446926 44
1757517896011 39.31078150974744 45
1757517896020 37.7184439625546 46
1757517896028 36.19557661452864 47
1757517896037 34.73960568918625 48
1757517896046 33.34799826601188 49
1757517896055 32.018268749532304 50
1757517896064 30.747984214600674 51
1757517896072 29.53476875575254 52
1757517896081 28.37630695621818 53
1757517896090 27.270346580909212 54
1757517896099 26.214700587373095 55
1757517896108 25.207248539285633 56
1757517896117 24.24593749844032 57
1757517896126 23.328782463363034 58
1757517896135 22.45386641554302 59
1757517896144 21.61934002781294 60
1757517896153 20.823421083528142 61
1757517896162 20.064393649892665 62
1757517896170 19.34060704396763 63
1757517896179 18.650474625560573 64
1757517896188 17.99247244727975 65
1757517896197 17.365137788512868 66
1757517896206 16.767067596913375 67
1757517896215 16.196916858135907 68
1757517896224 15.653396911992743 69
1757517896233 15.135273730923684 70
1757517896242 14.64136617461014 71
1757517896251 14.170544232736818 72
1757517896260 13.721727266263555 73
1757517896269 13.293882256114737 74
1757517896278 12.886022066892572 75
1757517896287 12.497203732069488 76
1757517896296 12.126526766090727 77
1757517896305 11.773131507913531 78
1757517896314 11.436197499708623 79
1757517896323 11.114941903745322 80
1757517896332 10.808617959860085 81
1757517896341 10.516513485364152 82
1757517896350 10.237949418770945 83
1757517896359 9.972278408306506 84
1757517896368 9.718883445805815 85
1757517896377 9.477176546286678 86
1757517896386 9.246597473221035 87
1757517896395 9.026612509293075 88
1757517896404 8.816713272238768 89
1757517896414 8.61641557519037 90
1757517896423 8.425258330813122 91
1757517896433 8.242802498403327 92
1757517896442 8.068630073020847 93
1757517896451 7.902343115653514 94
1757517896460 7.7435628233477205 95
1757517896469 7.591928638194983 96
1757517896478 7.447097394026554 97
1757517896488 7.308742499647243 98
1757517896497 7.1765531574227985 99
1757517896507 7.050233616029874 100
1757517896516 6.9295024561772305 101
1757517896526 6.814091908113893 102
1757517896536 6.703747199750521 103
1757517896545 6.59822593423656 104
1757517896554 6.497297495854297 105
1757517896563 6.400742483114199 106
1757517896573 6.308352167958751 107
1757517896582 6.219927980010425 108
1757517896591 6.135281014825967 109
1757517896600 6.054231565149739 110
1757517896609 5.976608674187378 111
1757517896618 5.902249709953455 112
1757517896627 5.830999959776518 113
1757517896637 5.762712244076512 114
1757517896646 5.697246548560758 115
1757517896656 5.63446967401565 116
1757517896665 5.574254902901254 117
1757517896674 5.51648168198705 118
1757517896683 5.461035320295842 119
1757517896693 5.407806701652365 120
1757517896702 5.356692011161797 121
1757517896711 5.307592474970076 122
1757517896720 5.26041411268582 123
1757517896730 5.215067501869795 124
1757517896739 5.171467554022497 125
1757517896749 5.1295333015254565 126
1757517896758 5.089187695016119 127
1757517896767 5.050357410698091 128
1757517896776 5.0129726671116 129
1757517896786 4.9769670509095345 130
1757517896795 4.942277351206023 131
1757517896804 4.908843402082853 132
1757517896814 4.87660793285925 133
1757517896824 4.845516425748179 134
1757517896849 4.815516980539784 135
1757517896861 4.786560185969458 136
1757517896871 4.75859899744404 137
1757517896880 4.731588620815244 138
1757517896890 4.705486401903504 139
1757517896900 4.6802517214904595 140
1757517896909 4.655845895510613 141
1757517896918 4.632232080186802 142
1757517896928 4.609375181865243 143
1757517896937 4.58724177131842 144
1757517896947 4.565800002295207 145
1757517896957 4.545019534107765 146
1757517896966 4.524871458055584 147
1757517896975 4.5053282274966575 148
1757517896985 4.486363591384507 149
1757517896995 4.467952531099357 150
1757517897004 4.4500712004101075 151
1757517897014 4.432696868410565 152
1757517897024 4.415807865283235 153
1757517897034 4.399383530749207 154
1757517897044 4.3834041650707 155
1757517897054 4.367850982479187 156
1757517897064 4.352706066908301 157
1757517897074 4.33795232991654 158
1757517897084 4.323573470690815 159
1757517897093 4.309553938027114 160
1757517897104 4.295878894189502 161
1757517897114 4.282534180554046 162
1757517897124 4.269506284948547 163
1757517897134 4.256782310603496 164
1757517897145 4.244349946633759 165
1757517897155 4.232197439975196 166
1757517897166 4.220313568702731 167
1757517897176 4.208687616662061 168
1757517897185 4.197309349348464 169
1757517897195 4.186168990971346 170
1757517897204 4.1752572026450085 171
1757517897214 4.1645650616494905 172
1757517897223 4.154084041708498 173
1757517897233 4.14380599423311 174
1757517897243 4.133723130484173 175
1757517897253 4.1238280046064455 176
1757517897262 4.114113497492084 177
1757517897273 4.10457280143177 178
1757517897282 4.095199405514089 179
1757517897292 4.085987081736781 180
1757517897301 4.076929871793206 181
1757517897311 4.068022074501916 182
1757517897320 4.059258233846274 183
1757517897330 4.050633127594363 184
1757517897340 4.042141756470361 185
1757517897350 4.033779333849955 186
1757517897360 4.025541275953841 187
1757517897370 4.017423192514875 188
1757517897380 4.009420877894742 189
1757517897390 4.001530302629033 190
1757517897399 3.993747605378463 191
1757517897409 3.9860690852667284 192
1757517897419 3.9784911945860095 193
1757517897428 3.971010531851562 194
1757517897438 3.9636238351885735 195
1757517897448 3.9563279760346823 196
1757517897458 3.949119953142847 197
1757517897468 3.941996886869525 198
1757517897478 3.9349560137344626 199
1757517897488 3.9279946812383364 200
1757517897498 3.9211103429262235 201
1757517897508 3.9143005536841855 202
1757517897517 3.9075629652579003 203
1757517897527 3.900895321982699 204
1757517897537 3.894295456713985 205
1757517897547 3.8877612869492433 206
1757517897557 3.881290811131178 207
1757517897567 3.874882105124242 208
1757517897577 3.868533318855177 209
1757517897587 3.862242673110372 210
1757517897597 3.8560084564819426 211
1757517897607 3.8498290224553022 212
1757517897617 3.843702786631925 213
1757517897627 3.837628224079995 214
1757517897637 3.8316038668073173 215
1757517897647 3.825628301350362 216
1757517897657 3.819700166473967 217
1757517897667 3.813818150976276 218
1757517897677 3.807980991593817 219
1757517897687 3.8021874710020502 220
1757517897700 3.7964364159067876 221
1757517897711 3.790726695222037 222
1757517897721 3.785057218330206 223
1757517897731 3.7794269334206327 224
1757517897741 3.7738348259032084 225
1757517897751 3.7682799168924763 226
1757517897761 3.7627612617601875 227
1757517897771 3.7572779487518964 228
1757517897781 3.7518290976653192 229
1757517897791 3.7464138585871685 230
1757517897801 3.7410314106859435 231
1757517897811 3.7356809610577835 232
1757517897822 3.7303617436230816 233
1757517897832 3.7250730180714413 234
1757517897842 3.7198140688527106 235
1757517897852 3.714584204211892 236
1757517897862 3.709382755265965 237
1757517897872 3.7042090751205103 238
1757517897882 3.6990625380246094 239
1757517897893 3.6939425385618727 240
1757517897903 3.6888484908761363 241
1757517897913 3.6837798279302025 242
1757517897923 3.6787360007961105 243
1757517897933 3.6737164779754665 244
1757517897943 3.668720744748393 245
1757517897954 3.6637483025498767 246
1757517897964 3.6587986683723277 247
1757517897974 3.653871374192971 248
1757517897984 3.648965966425081 249
1757517897994 3.644082005391972 250
1757517898005 3.639219064822629 251
1757517898015 3.6343767313681523 252
1757517898025 3.6295546041379034 253
1757517898035 3.6247522942545825 254
1757517898045 3.619969424427499 255
1757517898056 3.615205628542839 256
1757517898066 3.610460551270712 257
1757517898076 3.6057338476877345 258
1757517898086 3.6010251829148903 259
1757517898096 3.596334231769535 260
1757517898106 3.591660678431438 261
1757517898116 3.5870042161218225 262
1757517898127 3.582364546794993 263
1757517898137 3.577741380842243 264
1757517898147 3.5731344368068694 265
1757517898157 3.5685434411107 266
1757517898167 3.563968127790717 267
1757517898178 3.5594082382461796 268
1757517898188 3.554863520995079 269
1757517898198 3.550333731440091 270
1757517898208 3.545818631643277 271
1757517898218 3.5413179901092304 272
1757517898229 3.5368315815765423 273
1757517898239 3.532359186816806 274
1757517898249 3.5279005924412434 275
1757517898260 3.523455590714493 276
1757517898270 3.5190239793751426 277
1757517898281 3.514605561462906 278
1757517898291 3.5102001451520692 279
1757517898301 3.505807543591026 280
1757517898311 3.5014275747475314 281
1757517898321 3.4970600612595892 282
1757517898332 3.492704830291555 283
1757517898342 3.4883617133955576 284
1757517898352 3.4840305463775527 285
1757517898363 3.4797111691683367 286
1757517898373 3.475403425698962 287
1757517898383 3.471107163780543 288
1757517898393 3.4668222349880895 289
1757517898404 3.462548494548666 290
1757517898414 3.4582858012330546 291
1757517898425 3.4540340172512964 292
1757517898435 3.4497930081518104 293
1757517898446 3.4455626427238224 294
1757517898456 3.441342792903172 295
1757517898467 3.437133333681167 296
1757517898477 3.4329341430166833 297
1757517898488 3.4287451017509647 298
1757517898498 3.424566093525305 299
1757517898509 3.42039700470151 300
1757517898519 3.416237724284919 301
1757517898529 3.412088143849918 302
1757517898539 3.4079481574677875 303
1757517898549 3.4038176616370843 304
1757517898560 3.39969655521607 305
1757517898570 3.3955847393573904 306
1757517898580 3.3914821174447862 307
1757517898591 3.3873885950318243 308
1757517898601 3.3833040797825955 309
1757517898611 3.379228481414164 310
1757517898622 3.375161711640991 311
1757517898632 3.3711036841208304 312
1757517898642 3.3670543144025875 313
1757517898653 3.3630135198756044 314
1757517898664 3.3589812197204605 315
1757517898674 3.3549573348614072 316
1757517898685 3.3509417879201715 317
1757517898695 3.3469345031711986 318
1757517898706 3.342935406498107 319
1757517898717 3.338944425351749 320
1757517898727 3.334961488709117 321
1757517898738 3.3309865270338137 322
1757517898749 3.327019472237485 323
1757517898759 3.3230602576425072 324
1757517898770 3.319108817945692 325
1757517898781 3.3151650891831563 326
1757517898791 3.3112290086959626 327
1757517898802 3.3073005150971273 328
1757517898812 3.3033795482392803 329
1757517898823 3.2994660491833523 330
1757517898834 3.295559960168188 331
1757517898844 3.291661224581014 332
1757517898855 3.287769786928668 333
1757517898866 3.283885592809773 334
1757517898876 3.2800085888875827 335
1757517898887 3.2761387228636556 336
1757517898898 3.272275943452178 337
1757517898908 3.2684202003552105 338
1757517898919 3.264571444238267 339
1757517898929 3.2607296267069446 340
1757517898940 3.2568947002839685 341
1757517898951 3.253066618386905 342
1757517898961 3.249245335306549 343
1757517898972 3.2454308061858277 344
1757517898983 3.241622986999339 345
1757517898994 3.237821834533357 346
1757517899005 3.2340273063664866 347
1757517899015 3.230239360850769 348
1757517899026 3.2264579570932543 349
1757517899037 3.2226830549382144 350
1757517899048 3.218914614949642 351
1757517899058 3.215152598394363 352
1757517899069 3.2113969672255234 353
1757517899080 3.2076476840665054 354
1757517899091 3.203904712195301 355
1757517899101 3.2001680155292944 356
1757517899112 3.1964375586104286 357
1757517899123 3.1927133065907043 358
1757517899134 3.1889952252181883 359
1757517899144 3.185283280823255 360
1757517899156 3.1815774403051975 361
1757517899167 3.1778776711193513 362
1757517899178 3.174183941264246 363
1757517899189 3.1704962192693626 364
1757517899200 3.166814474183085 365
1757517899210 3.1631386755609174 366
1757517899221 3.159468793454128 367
1757517899232 3.1558047983984934 368
1757517899243 3.1521466614035947 369
1757517899254 3.1484943539420747 370
1757517899265 3.1448478479394115 371
1757517899276 3.14120711576377 372
1757517899287 3.1375721302162924 373
1757517899297 3.133942864521472 374
1757517899308 3.130319292317774 375
1757517899319 3.1267013876486556 376
1757517899330 3.123089124953575 377
1757517899341 3.119482479059396 378
1757517899352 3.115881425171957 379
1757517899363 3.1122859388677706 380
1757517899374 3.1086959960860643 381
1757517899385 3.105111573120891 382
1757517899396 3.101532646613479 383
1757517899407 3.097959193544857 384
1757517899418 3.094391191228435 385
1757517899429 3.090828617303043 386
1757517899440 3.087271449725894 387
1757517899451 3.083719666765851 388
1757517899462 3.0801732469968606 389
1757517899473 3.0766321692914715 390
1757517899484 3.0730964128145364 391
1757517899495 3.069565957017126 392
1757517899506 3.0660407816304702 393
1757517899517 3.062520866660153 394
1757517899528 3.059006192380377 395
1757517899539 3.0554967393284156 396
1757517899550 3.051992488299144 397
1757517899561 3.0484934203397134 398
1757517899572 3.0449995167444013 399
1757517899583 3.04151075904948 400
1757517899594 3.0380271290283747 401
1757517899605 3.034548608686679 402
1757517899617 3.0310751802575746 403
1757517899628 3.027606826197108 404
1757517899639 3.0241435291797747 405
1757517899650 3.0206852720940645 406
1757517899661 3.0172320380382205 407
1757517899672 3.013783810315914 408
1757517899684 3.01034057243233 409
1757517899695 3.0069023080899675 410
1757517899706 3.0034690011848824 411
1757517899717 3.0000406358027747 412
1757517899728 2.996617196215263 413
1757517899739 2.993198666876236 414
1757517899750 2.989785032418327 415
1757517899761 2.9863762776493377 416
1757517899772 2.982972387548878 417
1757517899784 2.9795733472650685 418
1757517899795 2.9761791421112407 419
1757517899806 2.9727897575627207 420
1757517899818 2.9694051792538114 421
1757517899829 2.9660253929746645 422
1757517899840 2.9626503846683665 423
1757517899851 2.9592801404279654 424
1757517899862 2.9559146464937274 425
1757517899874 2.9525538892502556 426
1757517899885 2.9491978552238214 427
1757517899896 2.9458465310797446 428
1757517899908 2.942499903619735 429
1757517899919 2.9391579597793465 430
1757517899930 2.935820686625567 431
1757517899941 2.9324880713543156 432
1757517899953 2.929160101288115 433
1757517899964 2.9258367638737277 434
1757517899975 2.922518046679935 435
1757517899987 2.91920393739525 436
1757517899998 2.915894423825802 437
1757517900009 2.9125894938931745 438
1757517900021 2.9092891356323274 439
1757517900032 2.9059933371895914 440
1757517900043 2.902702086820623 441
1757517900054 2.89941537288852 442
1757517900066 2.89613318386187 443
1757517900077 2.8928555083128593 444
1757517900088 2.889582334915559 445
1757517900100 2.8863136524440027 446
1757517900111 2.8830494497705117 447
1757517900122 2.8797897158640096 448
1757517900134 2.876534439788261 449
1757517900145 2.8732836107003195 450
1757517900156 2.8700372178488767 451
1757517900167 2.8667952505726704 452
1757517900179 2.8635576982990516 453
1757517900190 2.8603245505423254 454
1757517900202 2.8570957969024477 455
1757517900213 2.8538714270633823 456
1757517900225 2.850651430791932 457
1757517900236 2.8474357979361544 458
1757517900247 2.844224518424067 459
1757517900259 2.841017582262387 460
1757517900270 2.8378149795351457 461
1757517900282 2.8346167004024796 462
1757517900296 2.831422735099356 463
1757517900307 2.8282330739343444 464
1757517900319 2.8250477072884537 465
1757517900330 2.8218666256139238 466
1757517900342 2.8186898194331453 467
1757517900353 2.8155172793374503 468
1757517900364 2.8123489959860715 469
1757517900375 2.8091849601050733 470
1757517900387 2.806025162486245 471
1757517900399 2.802869593986145 472
1757517900410 2.799718245524973 473
1757517900421 2.7965711080857036 474
1757517900433 2.7934281727130372 475
1757517900445 2.7902894305124453 476
1757517900456 2.7871548726492823 477
1757517900468 2.7840244903478464 478
1757517900479 2.7808982748904945 479
1757517900491 2.777776217616706 480
1757517900503 2.7746583099223074 481
1757517900514 2.7715445432585675 482
1757517900526 2.7684349091313916 483
1757517900537 2.7653293991005023 484
1757517900549 2.7622280047786756 485
1757517900560 2.759130717830878 486
1757517900572 2.75603752997365 487
1757517900584 2.75294843297413 488
1757517900596 2.7498634186495883 489
1757517900607 2.7467824788664648 490
1757517900619 2.7437056055398563 491
1757517900630 2.7406327906326386 492
1757517900642 2.737564026154962 493
1757517900653 2.7344993041634567 494
1757517900665 2.731438616760642 495
1757517900676 2.7283819560942737 496
1757517900688 2.7253293143566775 497
1757517900700 2.7222806837841853 498
1757517900711 2.7192360566565057 499
