1757594584747 127.63356071039661 0
1757594584756 89.83154987199133 1
1757594584765 68.36693340837603 2
1757594584774 52.865174090884786 3
1757594584783 30.865400316856537 4
1757594584793 31.03224158966131 5
1757594584802 22.14440734649345 6
1757594584811 14.626342628571448 7
1757594584820 10.763388499234471 8
1757594584829 14.068561920136807 9
1757594584838 8.77192251784838 10
1757594584847 14.048113896601624 11
1757594584856 9.022149409929721 12
1757594584865 6.369419540154456 13
1757594584874 7.601126816155635 14
1757594584883 6.911473086898961 15
1757594584892 6.361309445027851 16
1757594584902 5.941009674825776 17
1757594584911 7.4277569417476155 18
1757594584921 3.4547661151419264 19
1757594584931 3.828953649439285 20
1757594584942 5.146754690380406 21
1757594584953 6.772502794713484 22
1757594584964 1.5216773175395686 23
1757594584997 5.163784595256506 24
1757594585019 4.81959925754419 25
1757594585031 5.903226057410109 26
1757594585043 4.188553013796569 27
1757594585055 3.1745396149435603 28
1757594585066 1.9459662015153054 29
1757594585078 4.309812602540914 30
1757594585091 3.4191821219286154 31
1757594585104 3.0681127788981275 32
1757594585122 6.635960104465684 33
1757594585135 2.369344989337665 34
1757594585152 3.8470578508676865 35
1757594585167 3.7873713989825717 36
1757594585182 4.092005659079801 37
1757594585194 4.764364218583777 38
1757594585205 3.552785019655052 39
1757594585215 3.876616544815511 40
1757594585224 1.967345481740441 41
1757594585235 3.6988269918600167 42
1757594585246 1.9674427434682913 43
1757594585257 2.2835991253404444 44
1757594585268 2.7548147926934026 45
1757594585279 2.893940241167657 46
1757594585290 1.1753509147079304 47
1757594585300 4.133353953697472 48
1757594585311 1.598748860489942 49
1757594585323 3.5074617866031925 50
1757594585334 3.112390011086674 51
1757594585352 3.540070841506927 52
1757594585372 3.5175971792100817 53
1757594585383 3.4743341541808976 54
1757594585393 3.550820940800525 55
1757594585403 1.9875241943967028 56
1757594585412 2.377239359129646 57
1757594585422 2.9523011962028542 58
1757594585432 2.1012478754248556 59
1757594585442 2.6420863812521262 60
1757594585454 3.158910844454487 61
1757594585466 4.276739159381385 62
1757594585476 2.4045236016583744 63
1757594585487 0.9233692631927233 64
1757594585498 3.6100478496610564 65
1757594585509 2.145662207191681 66
1757594585520 3.78166319286269 67
1757594585532 1.6538359231174538 68
1757594585547 3.7442920058290476 69
1757594585558 2.6592569912350688 70
1757594585577 2.9908543325379786 71
1757594585590 2.363718129147964 72
1757594585611 1.977133427001545 73
1757594585629 2.7019828983498146 74
1757594585642 2.9932639029318002 75
1757594585655 1.8411213105113178 76
1757594585665 1.5234121106930456 77
1757594585675 2.193643331531591 78
1757594585685 3.071356284492171 79
1757594585694 2.0086366975781047 80
1757594585704 0.9266942382445665 81
1757594585714 2.392914024672428 82
1757594585723 2.1336950186679267 83
1757594585733 3.152277045756592 84
1757594585743 1.589826505188813 85
1757594585754 2.5465071435776596 86
1757594585765 2.6681635283010103 87
1757594585776 1.6301068037411133 88
1757594585787 1.6902756280767457 89
1757594585798 2.7513407271517134 90
1757594585808 1.5692449115945866 91
1757594585819 2.890131310251761 92
1757594585829 2.0171607711018114 93
1757594585839 1.5727534816993065 94
1757594585849 2.8170130012299346 95
1757594585859 1.8674099973977833 96
1757594585869 3.161225915422353 97
1757594585879 0.9655978253754448 98
1757594585889 0.7372641375923378 99
1757594585899 2.0661502003363226 100
1757594585909 2.763053443949842 101
1757594585919 1.0462645750589146 102
1757594585929 2.2916986927628726 103
1757594585939 2.642583801416448 104
1757594585948 1.2102537312702502 105
1757594585962 2.146172222457835 106
1757594585973 2.911265173686192 107
1757594585983 1.350740880184369 108
1757594585993 1.7117249565019328 109
1757594586003 1.9219443350642769 110
1757594586013 1.49533063813572 111
1757594586023 1.8671589553120587 112
1757594586032 2.24831618167341 113
1757594586042 0.9024543843137235 114
1757594586052 0.5953182558087416 115
1757594586061 2.7425574758585696 116
1757594586087 1.2168460870695503 117
1757594586102 1.2697155778418792 118
1757594586112 1.3685932228310378 119
1757594586122 2.7149460883985 120
1757594586133 1.0594356993776954 121
1757594586143 1.4061035635471117 122
1757594586154 1.0745494346143543 123
1757594586165 2.0310821637501966 124
1757594586176 2.2972413178213107 125
1757594586187 1.0005309908241298 126
1757594586198 1.4211124247943734 127
1757594586209 1.2283918785844117 128
1757594586221 1.850583879554144 129
1757594586232 1.1238303273143997 130
1757594586243 0.7103974921028982 131
1757594586255 1.5178524118133094 132
1757594586267 1.1049376103213162 133
1757594586277 1.5194402920486505 134
1757594586288 1.3275202180142698 135
1757594586298 1.6627224477602771 136
1757594586309 0.7664835733551949 137
1757594586321 1.1459545493631074 138
1757594586332 2.2619291794950973 139
1757594586343 1.6830175936324716 140
1757594586355 0.5404912199696298 141
1757594586366 0.5441066040085819 142
1757594586377 0.2412124067972786 143
1757594586390 2.6280571701942987 144
1757594586401 1.4935511300786408 145
1757594586412 0.6497511945744086 146
1757594586424 1.412770931493166 147
1757594586435 0.9788944895749366 148
1757594586446 1.5484231321476525 149
1757594586458 0.9123150551974076 150
1757594586470 1.5246915757006982 151
1757594586482 1.3920637265157665 152
1757594586494 0.7085722892955154 153
1757594586505 1.1290974333631159 154
1757594586517 0.6325384085644579 155
1757594586528 1.0677770431603248 156
1757594586540 1.7659884280191518 157
1757594586551 1.4929239402425118 158
1757594586562 1.510948136944275 159
1757594586574 1.3450910604424127 160
1757594586585 1.166605987464035 161
1757594586598 0.7727869950418311 162
1757594586610 0.990765633934234 163
1757594586622 1.190287449114933 164
1757594586634 0.9776429913700747 165
1757594586644 1.4880836621513795 166
1757594586655 0.36759505288090216 167
1757594586666 1.3423759735384844 168
1757594586676 1.12096354106596 169
1757594586686 0.4586048764541845 170
1757594586697 1.2754586869932265 171
1757594586709 0.7190556222228108 172
1757594586721 0.9072544749552148 173
1757594586733 0.5547711659579175 174
1757594586745 0.974226684005927 175
1757594586756 0.5644662553875194 176
1757594586767 0.586445942037796 177
1757594586778 1.0523358830270706 178
1757594586790 0.788536229904461 179
1757594586801 0.5234682744190103 180
1757594586814 0.43552355508445323 181
1757594586825 0.725348823829435 182
1757594586837 0.6528506521812923 183
1757594586849 0.8051352510504598 184
1757594586859 1.3738506368942138 185
1757594586870 0.5663617235275383 186
1757594586880 0.5815748462941792 187
1757594586891 0.6943845104269932 188
1757594586901 0.9394398424993547 189
1757594586911 1.2377472520275097 190
1757594586922 0.6117503380336515 191
1757594586933 0.591106040126851 192
1757594586943 0.523537638831584 193
1757594586953 0.7914760209622714 194
1757594586964 0.5295637009872493 195
1757594586974 1.1116333640454663 196
1757594586985 0.9891430163977593 197
1757594586995 1.538825181178924 198
1757594587006 0.5985382954052205 199
1757594587016 0.6818442700586677 200
1757594587026 0.8586915039639249 201
1757594587036 1.041444164466834 202
1757594587047 0.39843247100127305 203
1757594587057 0.5908524326637682 204
1757594587067 2.083632003050595 205
1757594587078 0.23723661680676983 206
1757594587088 0.45612940869083596 207
1757594587098 0.9738726579707309 208
1757594587109 0.35805863318367814 209
1757594587119 0.5789928392550107 210
1757594587130 0.5439429959790815 211
1757594587140 0.27191945680498564 212
1757594587150 1.2012530752871302 213
1757594587161 0.2940245591170086 214
1757594587171 0.27000274998740037 215
1757594587182 0.6240274848342551 216
1757594587192 0.8163649031574782 217
1757594587203 0.7783748326210437 218
1757594587213 0.4671479402910814 219
1757594587223 0.47512625823695176 220
1757594587234 0.8387994252355749 221
1757594587244 0.5635055659183602 222
1757594587255 0.5989266356852514 223
1757594587265 0.4927106278887615 224
1757594587275 0.5488061988612185 225
1757594587286 0.571351705254608 226
1757594587296 0.7392323064102384 227
1757594587306 1.1117239417131566 228
1757594587318 0.3688888706742014 229
1757594587328 0.6084388759981623 230
1757594587338 0.3840341545825138 231
1757594587349 0.6126953793161404 232
1757594587359 0.18394121772367 233
1757594587370 0.45128680307814967 234
1757594587380 0.478504099035291 235
1757594587391 0.2085556371409204 236
1757594587402 0.8935264047114609 237
1757594587412 0.6023071014122103 238
1757594587423 0.6706064232832964 239
1757594587433 1.0442985269231662 240
1757594587444 0.523416499748801 241
1757594587454 0.3222116493539129 242
1757594587465 0.42685922326407366 243
1757594587475 0.30656975774725825 244
1757594587486 0.5112054032575678 245
1757594587497 0.48134591472320565 246
1757594587507 0.8574001304172186 247
1757594587518 0.9862052685206196 248
1757594587529 1.117706893386819 249
1757594587539 0.8104858514792007 250
1757594587550 0.5899861658909983 251
1757594587560 0.585713578173818 252
1757594587571 1.4359379269929462 253
1757594587582 0.9000547624557762 254
1757594587592 0.374966999458194 255
1757594587603 0.795711240018516 256
1757594587613 0.23236269067097057 257
1757594587624 0.7803488132952595 258
1757594587635 1.1563101883236209 259
1757594587645 0.5265317463825581 260
1757594587656 0.5698029139681793 261
1757594587666 0.39415272309283134 262
1757594587677 0.751302062155266 263
1757594587688 0.3424656309486252 264
1757594587699 0.33299757292694904 265
1757594587709 0.39661276013732555 266
1757594587720 0.5073325448195256 267
1757594587731 0.5960233384775465 268
1757594587741 0.567201404150902 269
1757594587752 0.4499809979470648 270
1757594587764 0.33589584630015423 271
1757594587775 0.47826480104759556 272
1757594587786 0.3303629319837953 273
1757594587797 0.5001714617925037 274
1757594587808 0.49806824397484145 275
1757594587819 0.5022361428611719 276
1757594587829 0.2998078437717757 277
1757594587840 0.37662216577168545 278
1757594587851 0.26240213650926275 279
1757594587862 0.477070128156115 280
1757594587874 0.604493364853532 281
1757594587885 0.3654092091244841 282
1757594587895 0.2951653001062565 283
1757594587906 0.5445805694151814 284
1757594587917 0.6272332871352015 285
1757594587928 0.17021477627015907 286
1757594587939 0.5157674252622488 287
1757594587950 0.4045498558991468 288
1757594587961 0.3960118394745496 289
1757594587972 0.5205113269819043 290
1757594587983 0.38065071271801476 291
1757594587993 0.39492653250849463 292
1757594588005 0.37461352943253934 293
1757594588015 0.253445474483688 294
1757594588026 0.22867289292123172 295
1757594588037 0.28064928242466636 296
1757594588048 0.3651602776369843 297
1757594588059 0.31776162715452155 298
1757594588070 0.44502335634245627 299
1757594588081 0.25792780608051624 300
1757594588092 0.22373196833033196 301
1757594588103 0.3498189383505945 302
1757594588114 0.32441358200461384 303
1757594588125 0.2775022177207584 304
1757594588136 0.6630449849078315 305
1757594588147 0.1938963028149421 306
1757594588158 0.3135086512826491 307
1757594588169 0.177185124256735 308
1757594588180 0.43793393079244125 309
1757594588191 0.20553173010852077 310
1757594588202 0.49495537959762786 311
1757594588213 0.3844239652567698 312
1757594588224 0.4586849438532359 313
1757594588235 0.4323891253802971 314
1757594588246 0.21587184499124146 315
1757594588257 0.39841769345858485 316
1757594588268 0.38716624272335803 317
1757594588279 0.3166660145138241 318
1757594588290 0.2494264643693241 319
1757594588302 0.46014091443849625 320
1757594588314 0.2550069878488286 321
1757594588326 0.31168255528423955 322
1757594588340 0.17428457459474528 323
1757594588351 0.34224179422064366 324
1757594588362 0.1707718872060655 325
1757594588375 0.45005482055446105 326
1757594588388 0.28417315794926584 327
1757594588400 0.16391700350874258 328
1757594588412 0.17207946379732522 329
1757594588423 0.2301396308088068 330
1757594588435 0.3267899446894371 331
1757594588446 0.4125393756795762 332
1757594588458 0.28110793562604414 333
1757594588469 0.19404387851899138 334
1757594588480 0.15636435543562197 335
1757594588492 0.30751582812919726 336
1757594588503 0.5110276984897034 337
1757594588514 0.34673783400308494 338
1757594588526 0.46205556480173615 339
1757594588537 0.24626978762673837 340
1757594588549 0.23703018179852134 341
1757594588560 0.4598514811677636 342
1757594588571 0.18464693036503976 343
1757594588582 0.35016212872336994 344
1757594588594 0.4206408524728271 345
1757594588606 0.4372079255236883 346
1757594588617 0.19320267018731063 347
1757594588629 0.44619437210522844 348
1757594588640 0.2733209339432914 349
1757594588652 0.14605398489372926 350
1757594588663 0.4231902771561261 351
1757594588675 0.3199849360869421 352
1757594588686 0.15476897509323784 353
1757594588698 0.21712279347323632 354
1757594588709 0.35840834222131374 355
1757594588721 0.11503794084532923 356
1757594588732 0.21219530755547367 357
1757594588744 0.3141151988307663 358
1757594588755 0.4547215389425986 359
1757594588766 0.17216607241164922 360
1757594588777 0.24377519736315126 361
1757594588789 0.4948182558282351 362
1757594588801 0.2823991900466167 363
1757594588812 0.2685821138509734 364
1757594588824 0.2068687860505177 365
1757594588835 0.4194904239748079 366
1757594588846 0.3554438085735143 367
1757594588858 0.21343167585746145 368
1757594588869 0.18980596268391406 369
1757594588881 0.18143533705948592 370
1757594588892 0.33744384959111295 371
1757594588903 0.33836460198379764 372
1757594588915 0.46357660267973455 373
1757594588926 0.23684385182053663 374
1757594588937 0.21557429984705828 375
1757594588949 0.21433527957956336 376
1757594588960 0.10435285179749126 377
1757594588971 0.18385015635730217 378
1757594588983 0.16529195072440211 379
1757594588994 0.4529639247948752 380
1757594589006 0.28794469387561256 381
1757594589017 0.23422510794045526 382
1757594589029 0.2726035926780844 383
1757594589040 0.10858978708822807 384
1757594589052 0.33950456336925056 385
1757594589063 0.352203250161014 386
1757594589075 0.37968697496668524 387
1757594589086 0.3893027838639846 388
1757594589097 0.2077280612591761 389
1757594589109 0.30767572766422974 390
1757594589120 0.21412227218155572 391
1757594589131 0.2844887508496848 392
1757594589143 0.40218074224142764 393
1757594589154 0.19473080681419824 394
1757594589166 0.22570927404558946 395
1757594589177 0.21057266926440021 396
1757594589189 0.16690114805433065 397
1757594589200 0.23931467503254567 398
1757594589212 0.163060686505116 399
1757594589223 0.1920087178031712 400
1757594589235 0.15625466264975163 401
1757594589246 0.16133524099117197 402
1757594589258 0.10461104382198877 403
1757594589269 0.23215762308667792 404
1757594589281 0.14936225067727804 405
1757594589293 0.11691977634165836 406
1757594589304 0.1942401389236865 407
1757594589315 0.1384327036395449 408
1757594589327 0.3197963197681236 409
1757594589339 0.2244298836411446 410
1757594589350 0.12768598033025616 411
1757594589362 0.1530460150166738 412
1757594589373 0.22815631571311595 413
1757594589385 0.19358559791123586 414
1757594589396 0.17410049044860335 415
1757594589408 0.23134958408579798 416
1757594589420 0.20033924873137207 417
1757594589431 0.31213629418016303 418
1757594589443 0.19970774774874644 419
1757594589455 0.27485813732610886 420
1757594589466 0.1558767047449564 421
1757594589478 0.18369049547962882 422
1757594589490 0.3246639927673994 423
1757594589502 0.23970012293376164 424
1757594589513 0.09886991672796898 425
1757594589525 0.14287420760225744 426
1757594589537 0.18725159531029775 427
1757594589549 0.23859561247491273 428
1757594589560 0.35590463426290275 429
1757594589572 0.17767486568388868 430
1757594589583 0.27764460267776603 431
1757594589595 0.10066047998353427 432
1757594589607 0.27232991292493613 433
1757594589619 0.2066325442438664 434
1757594589631 0.15137197432641117 435
1757594589642 0.31164933375694165 436
1757594589654 0.24199726612933808 437
1757594589666 0.23883483631056807 438
1757594589677 0.1457072186956396 439
1757594589689 0.34627499984572274 440
1757594589701 0.2918795887174888 441
1757594589712 0.19867312795196762 442
1757594589724 0.10509214382918515 443
1757594589736 0.08480366473425682 444
1757594589748 0.24772025571007336 445
1757594589760 0.17490010013456816 446
1757594589772 0.1103635931561016 447
1757594589783 0.24052271561419572 448
1757594589795 0.168048536750834 449
1757594589807 0.18798933462090608 450
1757594589819 0.048609852972589435 451
1757594589831 0.2701449159041769 452
1757594589842 0.2254627375795446 453
1757594589854 0.17062604458359257 454
1757594589866 0.15512775678700788 455
1757594589878 0.3071538279513239 456
1757594589889 0.13769651348745302 457
1757594589901 0.18896346832028246 458
1757594589913 0.1531843619193598 459
1757594589925 0.21695050885688233 460
1757594589937 0.24094946024728967 461
1757594589949 0.11397539221818749 462
1757594589962 0.15061014105413995 463
1757594589974 0.13419663645414742 464
1757594589986 0.09526871971221279 465
1757594589998 0.23031536433615504 466
1757594590010 0.10445989553542455 467
1757594590022 0.1789174442448352 468
1757594590034 0.09950432960808235 469
1757594590046 0.18005662052035157 470
1757594590058 0.15259088431409915 471
1757594590070 0.18204687913696327 472
1757594590082 0.11201963097660127 473
1757594590094 0.14207281878029232 474
1757594590106 0.17550563787673212 475
1757594590118 0.17959149076965972 476
1757594590130 0.22657331373335093 477
1757594590142 0.21944512128859034 478
1757594590154 0.2211218434041066 479
1757594590166 0.13535582737517682 480
1757594590178 0.14273713394199497 481
1757594590191 0.1418108244255774 482
1757594590203 0.15592301742788667 483
1757594590215 0.14218599077092092 484
1757594590227 0.24795100231886663 485
1757594590239 0.22921714329500248 486
1757594590251 0.11095544223771456 487
1757594590263 0.1342230068676408 488
1757594590275 0.11808745894741954 489
1757594590287 0.1134239994352115 490
1757594590299 0.15798562399160784 491
1757594590311 0.1251071421092926 492
1757594590324 0.1487373638127548 493
1757594590336 0.3923958910126469 494
1757594590348 0.20829515228176693 495
1757594590360 0.13511096045886595 496
1757594590372 0.14302662932019944 497
1757594590384 0.1959154761074479 498
1757594590396 0.17584374496709657 499
