1757594617996 159.27929355841238 0
1757594618005 159.60754061294634 1
1757594618015 152.87845002379953 2
1757594618025 147.36563180437972 3
1757594618035 144.78384478791594 4
1757594618045 135.54456113270302 5
1757594618055 129.34716058653825 6
1757594618064 134.92187801515243 7
1757594618074 127.90949718549913 8
1757594618083 123.99546997769001 9
1757594618092 113.7395522537078 10
1757594618101 113.01031501757706 11
1757594618110 111.94031235052714 12
1757594618120 110.5831797534132 13
1757594618129 102.15650449365917 14
1757594618138 105.18091281122344 15
1757594618147 95.51451031719189 16
1757594618156 95.76863081856683 17
1757594618165 95.94248907228993 18
1757594618174 81.09872682326079 19
1757594618183 89.72863943842503 20
1757594618193 80.77300192171568 21
1757594618202 85.16570912030933 22
1757594618212 83.84699817737996 23
1757594618221 74.28051193500914 24
1757594618230 84.86986057353457 25
1757594618240 75.04149852169932 26
1757594618249 59.80268239288316 27
1757594618258 67.63768531167152 28
1757594618267 69.7808112602908 29
1757594618276 59.27337302527466 30
1757594618286 62.17737026923438 31
1757594618295 64.31827775478523 32
1757594618304 56.235196092979294 33
1757594618313 57.09075534535819 34
1757594618323 53.551614013304444 35
1757594618333 55.71667866936969 36
1757594618342 49.41590873623859 37
1757594618352 51.32673592059469 38
1757594618361 45.9044202632065 39
1757594618370 60.10893802575287 40
1757594618380 38.633270002389295 41
1757594618389 50.95161437292405 42
1757594618398 40.856382560731106 43
1757594618407 45.150800653463435 44
1757594618417 37.76244001915856 45
1757594618426 35.94581111521025 46
1757594618435 39.015540105028904 47
1757594618445 35.329273273783706 48
1757594618454 35.1567528337689 49
1757594618463 32.25163517846464 50
1757594618474 32.574846266977076 51
1757594618483 28.129160621293618 52
1757594618492 29.36528597108372 53
1757594618502 29.602557855514874 54
1757594618512 41.700051341152935 55
1757594618521 28.38779398399677 56
1757594618530 33.10762998703468 57
1757594618540 29.134509231411336 58
1757594618549 25.961526196745552 59
1757594618559 27.86102330538704 60
1757594618569 27.60620835897953 61
1757594618578 21.128757024909685 62
1757594618588 18.163111174760363 63
1757594618601 23.863616108720585 64
1757594618610 33.84587950655068 65
1757594618621 16.83345508055304 66
1757594618631 20.234337328722706 67
1757594618641 23.904991088962003 68
1757594618651 21.855649748520943 69
1757594618660 28.390989617033437 70
1757594618671 18.084276610837648 71
1757594618681 16.27873395694767 72
1757594618691 13.271713069143233 73
1757594618701 25.433923891707927 74
1757594618711 16.319200987538345 75
1757594618721 16.224140311271366 76
1757594618731 13.548772634013195 77
1757594618741 17.4425805152162 78
1757594618751 18.619121832429897 79
1757594618761 16.641622422444943 80
1757594618771 16.2574123560582 81
1757594618781 15.730315753355898 82
1757594618791 16.433197315847142 83
1757594618802 20.746024889826245 84
1757594618812 14.589470172459661 85
1757594618822 11.283074811467026 86
1757594618833 14.543634053979948 87
1757594618844 12.509240469650715 88
1757594618854 8.586130659566432 89
1757594618864 11.16305928880359 90
1757594618874 10.352293539715756 91
1757594618883 10.924461101540928 92
1757594618893 10.729941590513626 93
1757594618903 10.106704598713279 94
1757594618913 6.52419758648924 95
1757594618923 16.136483182957924 96
1757594618933 16.184303999446136 97
1757594618943 7.077089484043975 98
1757594618952 12.539079962676105 99
1757594618962 7.947432652682776 100
1757594618972 18.586429918438967 101
1757594618982 13.789101178281788 102
1757594618992 8.365239228680027 103
1757594619002 16.048333125326415 104
1757594619011 13.975805239063167 105
1757594619021 7.233349145673035 106
1757594619031 15.719379711726393 107
1757594619040 12.737442928306022 108
1757594619050 7.812673881748841 109
1757594619060 9.169400412831367 110
1757594619069 6.888504506460518 111
1757594619079 6.530062375610684 112
1757594619089 7.7150313803659465 113
1757594619099 11.359617900795609 114
1757594619108 10.515485866472819 115
1757594619118 3.3881819375256956 116
1757594619128 13.641249202218289 117
1757594619138 7.949484182712336 118
1757594619148 9.99843981211458 119
1757594619158 7.24308213162987 120
1757594619167 10.251945632452887 121
1757594619177 8.755209788874557 122
1757594619187 10.757861208224641 123
1757594619197 12.091043158449825 124
1757594619207 3.7338530839212027 125
1757594619220 9.878914691737554 126
1757594619230 7.431184951656777 127
1757594619240 6.681473623316599 128
1757594619249 6.819257269163865 129
1757594619259 5.182402466524267 130
1757594619269 3.347788370493543 131
1757594619279 5.249700864887207 132
1757594619289 5.503984629025706 133
1757594619299 7.616008471681315 134
1757594619308 6.353419920990647 135
1757594619318 1.933994875598389 136
1757594619328 5.560442569880235 137
1757594619338 6.517388504341253 138
1757594619348 6.569759000211959 139
1757594619358 10.62073264074151 140
1757594619368 6.798467228761605 141
1757594619377 5.7939531899246886 142
1757594619387 4.847163747821659 143
1757594619397 8.782681212887711 144
1757594619407 16.468108114007894 145
1757594619417 8.372269354530074 146
1757594619427 3.526589483375798 147
1757594619436 2.9879190456227778 148
1757594619446 8.365673537591228 149
1757594619456 5.181930763495187 150
1757594619466 6.405780497797296 151
1757594619475 6.12620934309023 152
1757594619485 4.537979827510077 153
1757594619495 6.262051391671276 154
1757594619506 5.829738766216823 155
1757594619515 3.2675640794532423 156
1757594619525 5.176044634929595 157
1757594619535 6.027061391185706 158
1757594619545 2.758423613966728 159
1757594619555 3.0327851288642456 160
1757594619565 9.278932303870516 161
1757594619575 3.6238981409573574 162
1757594619585 4.391383003409375 163
1757594619595 1.5749140266753352 164
1757594619605 2.041773693167007 165
1757594619615 7.713314174442567 166
1757594619625 5.095398200003172 167
1757594619635 2.1523712736219642 168
1757594619645 4.176780587976173 169
1757594619655 4.428056097579746 170
1757594619665 9.856933869156022 171
1757594619675 2.341165719868167 172
1757594619685 3.367363261487642 173
1757594619695 0.5068869074923709 174
1757594619705 6.015179251441484 175
1757594619716 4.838693899137371 176
1757594619726 4.190260598734713 177
1757594619736 5.471930281670154 178
1757594619746 6.317802235035225 179
1757594619757 4.390128022313161 180
1757594619767 3.5847532208328947 181
1757594619777 3.6578826419253825 182
1757594619787 5.534177511511947 183
1757594619797 9.95845381555038 184
1757594619808 2.7107344860036147 185
1757594619818 4.687152890107376 186
1757594619828 9.440911099117718 187
1757594619838 2.4003125919393664 188
1757594619848 3.7422684777182225 189
1757594619858 3.4679782745525194 190
1757594619869 4.358821083825112 191
1757594619879 7.397342050267611 192
1757594619889 6.086672421169642 193
1757594619899 5.563267352807545 194
1757594619909 5.924430152060763 195
1757594619919 1.7256223207971413 196
1757594619929 3.045655801818061 197
1757594619940 3.606758539878233 198
1757594619950 5.833064094818142 199
1757594619960 3.9300882344217642 200
1757594619971 5.032071018138337 201
1757594619981 5.871766766012686 202
1757594619991 5.804191348092309 203
1757594620002 2.245418649171315 204
1757594620013 2.504536632090502 205
1757594620024 3.2250203904559513 206
1757594620035 3.2642493971642033 207
1757594620045 4.183963907461692 208
1757594620056 3.745020729249635 209
1757594620067 4.817467383254961 210
1757594620078 4.822608207072674 211
1757594620089 5.701693425414535 212
1757594620100 6.43016186975622 213
1757594620111 4.0313127444889725 214
1757594620123 1.6933921042947202 215
1757594620133 4.541498400438413 216
1757594620145 8.13768191340753 217
1757594620156 4.127318429642047 218
1757594620167 2.2175897744715583 219
1757594620178 2.8418204443812445 220
1757594620189 4.822206201775805 221
1757594620200 4.040133264191968 222
1757594620211 1.0345412678325305 223
1757594620222 4.286425004501095 224
1757594620233 6.979783435054057 225
1757594620244 0.6608484065312805 226
1757594620255 8.119125833404853 227
1757594620266 5.221950397026392 228
1757594620277 3.329633266476276 229
1757594620288 8.44523165985215 230
1757594620299 4.628046094126714 231
1757594620310 4.508057284509393 232
1757594620321 3.7282025524007736 233
1757594620332 1.751770402037998 234
1757594620343 4.198632142895483 235
1757594620354 2.3957570296193174 236
1757594620365 2.7320246855579047 237
1757594620376 2.58060322476555 238
1757594620388 2.0996129031527313 239
1757594620399 4.006826745333497 240
1757594620411 7.038847030202915 241
1757594620422 3.736789684895432 242
1757594620433 2.8886784296065016 243
1757594620445 4.004985142739292 244
1757594620456 4.564939251658932 245
1757594620467 7.624575730030426 246
1757594620478 2.863478130875581 247
1757594620489 4.20242788515189 248
1757594620500 5.200986177262642 249
1757594620511 2.399480952154136 250
1757594620522 5.440153582043687 251
1757594620533 3.065566255075983 252
1757594620544 0.9849338900831233 253
1757594620555 5.046266730955743 254
1757594620566 0.32214111869194667 255
1757594620578 3.892705046544804 256
1757594620589 4.887425894842057 257
1757594620600 7.120356919685822 258
1757594620611 4.88370333854128 259
1757594620622 4.049936381483647 260
1757594620633 5.675158609841681 261
1757594620644 3.9474237371830236 262
1757594620655 5.935961724457174 263
1757594620667 5.209588944942457 264
1757594620678 3.056278280302417 265
1757594620689 5.867944885040607 266
1757594620700 3.843593394583677 267
1757594620711 1.0096367435084472 268
1757594620722 2.477565714647431 269
1757594620734 1.9262787264139922 270
1757594620745 3.5831545551680395 271
1757594620756 2.2323642237691663 272
1757594620767 2.2998506919256014 273
1757594620779 5.931952076258023 274
1757594620790 4.0350254286416 275
1757594620801 5.5701397154439265 276
1757594620812 5.526405841481422 277
1757594620823 3.790057847888187 278
1757594620834 2.994910402833598 279
1757594620847 1.2366588860381809 280
1757594620858 7.158846516529595 281
1757594620868 2.719657594714702 282
1757594620879 1.3852751066599343 283
1757594620890 3.3899660174235975 284
1757594620901 4.772712695749967 285
1757594620912 4.795457239892211 286
1757594620923 4.516451519890325 287
1757594620934 6.273760153631854 288
1757594620944 5.9943312910266515 289
1757594620955 3.495222688196607 290
1757594620966 4.696175906953443 291
1757594620977 2.398082024566729 292
1757594620987 3.9067457021149328 293
1757594620998 3.1843089661761073 294
1757594621009 1.231978815715814 295
1757594621020 2.151794452365575 296
1757594621031 1.603923689393442 297
1757594621042 4.758431157408941 298
1757594621053 7.75914253667673 299
1757594621064 7.049640134922545 300
1757594621075 1.2508282835663787 301
1757594621086 2.292977248686536 302
1757594621097 2.948794239109792 303
1757594621109 2.700681129663379 304
1757594621120 3.896336168679583 305
1757594621131 4.477478567014158 306
1757594621142 4.018247585487576 307
1757594621153 4.2119204128624315 308
1757594621165 3.3687964574635427 309
1757594621176 5.7911397639847655 310
1757594621187 4.572999968185048 311
1757594621198 3.3120183985773752 312
1757594621209 3.1131988885860857 313
1757594621220 4.6171187850755455 314
1757594621231 4.256927518848735 315
1757594621242 3.1502004518239537 316
1757594621252 6.6622054903796455 317
1757594621263 2.632240140576029 318
1757594621275 2.433577003678299 319
1757594621286 5.388451849228959 320
1757594621297 4.103374452760824 321
1757594621308 6.780881858621158 322
1757594621319 3.1659586587778183 323
1757594621329 3.4932057916705044 324
1757594621340 2.331833658797519 325
1757594621352 3.3126767535865262 326
1757594621363 4.885288635719111 327
1757594621374 3.0535525297386106 328
1757594621386 2.297210546438759 329
1757594621398 3.331805373894596 330
1757594621409 3.53778429173159 331
1757594621421 2.1504181862855045 332
1757594621432 4.921540908363644 333
1757594621443 2.9192579485796286 334
1757594621454 5.172943715558874 335
1757594621466 3.4775924607477786 336
1757594621477 4.135639583557538 337
1757594621489 2.008148736218034 338
1757594621500 5.847686244282073 339
1757594621512 3.4067233192393465 340
1757594621523 4.153734360108021 341
1757594621534 6.4580182362765814 342
1757594621546 3.3361972371765916 343
1757594621557 2.1220151847373088 344
1757594621568 5.038828929887986 345
1757594621579 2.8177198773304943 346
1757594621590 1.0930102109073379 347
1757594621601 4.183705496780629 348
1757594621612 4.865868375170253 349
1757594621623 3.3800846540886944 350
1757594621634 1.8148348959924145 351
1757594621645 1.012566287610178 352
1757594621657 2.679101107644729 353
1757594621677 4.83384139198644 354
1757594621703 5.260593643035316 355
1757594621714 5.287147123931641 356
1757594621726 4.216574321405232 357
1757594621740 2.16494044666377 358
1757594621751 1.454902212518942 359
1757594621762 4.680193263209382 360
1757594621774 4.571941763002478 361
1757594621785 2.9086663163384174 362
1757594621797 4.585796632134591 363
1757594621808 1.1942067877503146 364
1757594621819 2.470676392804145 365
1757594621830 3.2971953031999344 366
1757594621842 4.409446584557797 367
1757594621853 3.9894724799669334 368
1757594621864 1.4587777176664165 369
1757594621875 2.1341254266301437 370
1757594621887 3.7457919115597496 371
1757594621899 3.4791340762167393 372
1757594621910 2.4845815893785037 373
1757594621921 8.11805469112605 374
1757594621932 1.7676574104767258 375
1757594621944 2.7729403784661 376
1757594621955 3.198530633046132 377
1757594621966 5.393685354036167 378
1757594621977 2.2788472431633866 379
1757594621989 3.2599369877016033 380
1757594622001 3.4163794902865545 381
1757594622013 5.827563289554274 382
1757594622025 3.6959189516381485 383
1757594622037 2.385207493161278 384
1757594622049 2.2657091213200427 385
1757594622061 2.0285685461178247 386
1757594622073 2.7873341997188374 387
1757594622085 3.4944085964932006 388
1757594622098 4.201381235271712 389
1757594622110 3.2129975859824267 390
1757594622123 3.7522749178473043 391
1757594622135 4.596925459017252 392
1757594622147 1.365666352264844 393
1757594622159 1.7692466391839756 394
1757594622172 3.9980592615415462 395
1757594622184 4.5881282142509825 396
1757594622195 4.584836859248519 397
1757594622207 1.5722407004160603 398
1757594622219 3.9148055905801415 399
1757594622230 2.821833112817319 400
1757594622242 2.4264213100733394 401
1757594622254 3.2211622072677595 402
1757594622265 2.727820723510101 403
1757594622278 2.437038503883652 404
1757594622290 4.943563980006685 405
1757594622302 2.864731799436682 406
1757594622315 4.82737925111903 407
1757594622327 4.65686752253684 408
1757594622339 4.108068221230576 409
1757594622351 2.5212032216785056 410
1757594622363 2.6129289653375745 411
1757594622374 2.0263434319664273 412
1757594622387 0.8289310401638575 413
1757594622400 2.90938283910714 414
1757594622412 3.8760489253738952 415
1757594622424 1.7760219889419242 416
1757594622436 4.687354290396025 417
1757594622448 3.6334655173474593 418
1757594622460 3.4133315590529234 419
1757594622472 2.0860399605294706 420
1757594622485 3.643899186305502 421
1757594622497 4.650821304561516 422
1757594622510 3.2490283208048027 423
1757594622522 3.0337033327584546 424
1757594622534 3.840349594805446 425
1757594622546 1.8011792399149777 426
1757594622558 6.661380677487383 427
1757594622570 2.871366779694693 428
1757594622582 5.951300125723744 429
1757594622594 4.104662311264635 430
1757594622606 4.098000832223142 431
1757594622619 3.1988426640290517 432
1757594622631 2.4698194639788253 433
1757594622642 3.3157834006061044 434
1757594622654 2.3732303184717183 435
1757594622666 2.7041237320061433 436
1757594622678 3.4814477994715314 437
1757594622690 3.3371467042409657 438
1757594622701 1.2037427713675732 439
1757594622713 3.6596231210873644 440
1757594622725 2.7525913363962777 441
1757594622737 5.718337649591373 442
1757594622749 3.438571646390134 443
1757594622761 2.8409857302445416 444
1757594622773 5.360525034642652 445
1757594622785 2.044055371129985 446
1757594622798 2.200093213265066 447
1757594622813 2.84593543311529 448
1757594622825 3.1233689819321575 449
1757594622837 2.005497758252727 450
1757594622850 1.5985450017057325 451
1757594622862 6.352527200308275 452
1757594622875 3.8454678736943784 453
1757594622887 2.6335935037956197 454
1757594622899 2.327576527314322 455
1757594622912 2.6908465311888063 456
1757594622930 1.2265420265078002 457
1757594622944 3.078261309289592 458
1757594622957 4.616792846659132 459
1757594622970 2.3100398840265233 460
1757594622982 5.885052132804108 461
1757594622994 3.655564165958048 462
1757594623006 5.1814704249696835 463
1757594623017 2.9374216279182326 464
1757594623030 3.6340673901797818 465
1757594623042 2.857348241022284 466
1757594623053 2.9190182695740665 467
1757594623065 2.1443818435288273 468
1757594623077 1.5801648760320575 469
1757594623089 2.80498828953582 470
1757594623101 2.7607892210282974 471
1757594623113 5.445787501975391 472
1757594623125 0.774723940903765 473
1757594623137 3.0121956247453743 474
1757594623150 3.2756171277121124 475
1757594623162 3.4517629495248277 476
1757594623175 3.072650138669923 477
1757594623188 4.966567062597816 478
1757594623200 2.3568754774540452 479
1757594623213 1.957446678817003 480
1757594623226 3.7317554982231136 481
1757594623238 3.748589561729957 482
1757594623251 2.710869709556139 483
1757594623263 2.761408111933675 484
1757594623276 2.2423458464995365 485
1757594623288 1.8017332309047545 486
1757594623300 1.6278727929544905 487
1757594623313 2.6105303694396134 488
1757594623325 4.5194900043007005 489
1757594623337 2.789187813699089 490
1757594623350 2.561041876692609 491
1757594623362 1.4498878577289835 492
1757594623374 1.255297346133609 493
1757594623386 4.415642987313546 494
1757594623398 4.2442047573820005 495
1757594623411 3.4241007641480037 496
1757594623423 4.3226197751729885 497
1757594623435 1.534209760036855 498
1757594623447 3.9570400287914107 499
