1757594492857 171.51332692392276 0
1757594492866 170.86918570556185 1
1757594492874 169.65002213236238 2
1757594492883 167.92187551225098 3
1757594492893 165.74722194281696 4
1757594492901 163.18466682407092 5
1757594492911 160.28877657613506 6
1757594492919 157.11001916508167 7
1757594492928 153.6947885264237 8
1757594492936 150.0854925528446 9
1757594492945 146.32068812450518 10
1757594492953 142.4352498284844 11
1757594492962 138.46056164155985 12
1757594492970 134.4247230245497 13
1757594492979 130.35276267029874 14
1757594492987 126.26685462309047 15
1757594492995 122.18653269693179 16
1757594493004 118.12890010799343 17
1757594493012 114.1088320393956 18
1757594493021 110.13916950576277 19
1757594493029 106.23090340667274 20
1757594493038 102.39334807433781 21
1757594493047 98.6343039498825 22
1757594493055 94.96020927999258 23
1757594493064 91.37628092428466 24
1757594493073 87.8866445143036 25
1757594493081 84.49445431654627 26
1757594493090 81.20200323179778 27
1757594493098 78.01082341754078 28
1757594493107 74.92177805438153 29
1757594493115 71.93514479556224 30
1757594493124 69.0506914441821 31
1757594493133 66.26774439858403 32
1757594493141 63.58525039483404 33
1757594493150 61.0018320581902 34
1757594493159 58.51583775452691 35
1757594493167 56.12538620901258 36
1757594493176 53.82840633400574 37
1757594493185 51.62267268184351 38
1757594493194 49.50583691163075 39
1757594493204 47.475455632715395 40
1757594493213 45.529014961670434 41
1757594493221 43.663952104518884 42
1757594493230 41.877674251868534 43
1757594493239 40.167575051672195 44
1757594493248 38.531048902603644 45
1757594493256 36.965503290580976 46
1757594493265 35.46836937177864 47
1757594493274 34.037110987575446 48
1757594493282 32.66923228023198 49
1757594493291 31.36228406264957 50
1757594493300 30.113869081303672 51
1757594493308 28.921646298287907 52
1757594493317 27.783334306309847 53
1757594493326 26.69671397938368 54
1757594493334 25.659630451798623 55
1757594493343 24.669994508658288 56
1757594493352 23.725783462804543 57
1757594493361 22.82504158522782 58
1757594493369 21.96588014903855 59
1757594493378 21.146477140708544 60
1757594493386 20.365076686500647 61
1757594493395 19.619988236781314 62
1757594493404 18.90958554617071 63
1757594493412 18.232305483215423 64
1757594493421 17.58664669940955 65
1757594493430 16.971168183921243 66
1757594493439 16.384487727254548 67
1757594493447 15.82528031427102 68
1757594493456 15.29227646447491 69
1757594493465 14.784260535209421 70
1757594493474 14.30006900139031 71
1757594493482 13.838588723596052 72
1757594493491 13.398755214723433 73
1757594493500 12.97955091397988 74
1757594493508 12.580003475703744 75
1757594493517 12.19918407937176 76
1757594493527 11.836205766140543 77
1757594493538 11.49022180638137 78
1757594493548 11.160424101877293 79
1757594493557 10.84604162565667 80
1757594493566 10.546338901827841 81
1757594493575 10.260614527241765 82
1757594493584 9.988199736340613 83
1757594493594 9.728457010142607 84
1757594493602 9.480778729955636 85
1757594493611 9.244585876104905 86
1757594493620 9.019326771696031 87
1757594493629 8.804475871204229 88
1757594493639 8.599532593489474 89
1757594493648 8.404020198670342 90
1757594493657 8.217484708153012 91
1757594493665 8.039493866997313 92
1757594493675 7.869636147705609 93
1757594493684 7.707519794446934 94
1757594493693 7.552771906666242 95
1757594493702 7.4050375609841685 96
1757594493711 7.263978970256996 97
1757594493720 7.1292746786442125 98
1757594493729 7.000618791515707 99
1757594493738 6.877720239025452 100
1757594493747 6.760302072176779 101
1757594493756 6.6481007902131015 102
1757594493765 6.54086569817732 103
1757594493774 6.438358293499251 104
1757594493783 6.340351680489009 105
1757594493792 6.246630011636926 106
1757594493801 6.156987954643425 107
1757594493810 6.071230184129761 108
1757594493819 5.98917089700752 109
1757594493828 5.910633350513268 110
1757594493837 5.835449421945411 111
1757594493847 5.763459189169569 112
1757594493856 5.69451053098964 113
1757594493866 5.628458746512665 114
1757594493875 5.565166192666027 115
1757594493884 5.504501939055743 116
1757594493893 5.44634143938544 117
1757594493902 5.390566218684437 118
1757594493911 5.337063575623413 119
1757594493921 5.285726299223916 120
1757594493930 5.236452399296898 121
1757594493939 5.189144849971847 122
1757594493948 5.143711345705038 123
1757594493957 5.1000640691815065 124
1757594493966 5.058119470549578 125
1757594493975 5.017798057451907 126
1757594493984 4.979024195339711 127
1757594493993 4.941725917579687 128
1757594494003 4.905834744885282 129
1757594494012 4.87128551362423 130
1757594494021 4.83801621257541 131
1757594494030 4.805967827726657 132
1757594494039 4.77508419472457 133
1757594494048 4.745311858604906 134
1757594494058 4.716599940449342 135
1757594494068 4.688900010631171 136
1757594494078 4.662165968328105 137
1757594494088 4.636353926995629 138
1757594494097 4.611422105508532 139
1757594494106 4.58733072469281 140
1757594494115 4.564041908982434 141
1757594494124 4.541519592949095 142
1757594494134 4.51972943246446 143
1757594494143 4.498638720266428 144
1757594494152 4.478216305711682 145
1757594494161 4.4584325185076965 146
1757594494171 4.439259096226749 147
1757594494180 4.4206691154151665 148
1757594494189 4.4026369261188085 149
1757594494199 4.385138089655723 150
1757594494208 4.3681493194746635 151
1757594494217 4.351648424945772 152
1757594494226 4.335614257938044 153
1757594494236 4.320026662044785 154
1757594494245 4.304866424324982 155
1757594494255 4.29011522943597 156
1757594494265 4.275755616037414 157
1757594494274 4.261770935354282 158
1757594494284 4.2481453117906876 159
1757594494294 4.234863605492403 160
1757594494303 4.221911376761047 161
1757594494313 4.209274852227542 162
1757594494322 4.196940892697141 163
1757594494331 4.184896962582318 164
1757594494341 4.173131100844893 165
1757594494351 4.161631893371668 166
1757594494361 4.150388446712186 167
1757594494370 4.139390363110597 168
1757594494380 4.128627716767399 169
1757594494389 4.118091031269264 170
1757594494399 4.107771258128986 171
1757594494408 4.097659756380308 172
1757594494417 4.087748273174555 173
1757594494427 4.078028925329849 174
1757594494436 4.0684941817848586 175
1757594494446 4.059136846912241 176
1757594494455 4.049950044649012 177
1757594494465 4.0409272034032915 178
1757594494475 4.0320620416982385 179
1757594494484 4.023348554517439 180
1757594494494 4.0147810003158275 181
1757594494503 4.006353888663868 182
1757594494513 3.9980619684931504 183
1757594494522 3.989900216913592 184
1757594494532 3.981863828573911 185
1757594494541 3.9739482055384014 186
1757594494551 3.9661489476543634 187
1757594494560 3.958461843386091 188
1757594494570 3.9508828610918125 189
1757594494580 3.9434081407222847 190
1757594494589 3.9360339859197357 191
1757594494599 3.9287568564976034 192
1757594494608 3.9215733612818493 193
1757594494618 3.9144802512967605 194
1757594494627 3.907474413277401 195
1757594494637 3.900552863493142 196
1757594494647 3.8937127418667865 197
1757594494656 3.8869513063747627 198
1757594494665 3.8802659277143543 199
1757594494675 3.8736540842253087 200
1757594494685 3.867113357052723 201
1757594494695 3.860641425540023 202
1757594494705 3.8542360628400916 203
1757594494715 3.847895131734442 204
1757594494725 3.841616580649776 205
1757594494735 3.8353984398627583 206
1757594494744 3.8292388178833106 207
1757594494754 3.823135898008046 208
1757594494763 3.8170879350355515 209
1757594494773 3.8110932521352803 210
1757594494783 3.805150237863294 211
1757594494793 3.799257343316738 212
1757594494805 3.7934130794212733 213
1757594494815 3.787616014344369 214
1757594494825 3.7818647710286606 215
1757594494835 3.7761580248394466 216
1757594494845 3.7704945013208992 217
1757594494855 3.764872974055691 218
1757594494865 3.7592922626230405 219
1757594494874 3.7537512306504657 220
1757594494884 3.7482487839546788 221
1757594494894 3.742783868767566 222
1757594494904 3.7373554700427807 223
1757594494913 3.7319626098395284 224
1757594494924 3.7266043457794926 225
1757594494933 3.7212797695736355 226
1757594494943 3.7159880056154577 227
1757594494953 3.7107282096375926 228
1757594494963 3.7054995674286126 229
1757594494973 3.700301293607402 230
1757594494983 3.695132630452172 231
1757594494993 3.6899928467816108 232
1757594495003 3.6848812368857757 233
1757594495013 3.679797119504215 234
1757594495023 3.6747398368493123 235
1757594495033 3.669708753672536 236
1757594495043 3.664703256371695 237
1757594495053 3.659722752137276 238
1757594495064 3.6547666681359825 239
1757594495074 3.649834450729796 240
1757594495083 3.6449255647288825 241
1757594495093 3.640039492676818 242
1757594495103 3.635175734166476 243
1757594495113 3.6303338051854306 244
1757594495123 3.6255132374893386 245
1757594495133 3.620713578001916 246
1757594495143 3.61593438824052 247
1757594495154 3.6111752437660947 248
1757594495164 3.606435733656215 249
1757594495174 3.601715460000359 250
1757594495184 3.5970140374163107 251
1757594495194 3.5923310925867353 252
1757594495204 3.587666263815026 253
1757594495214 3.5830192005996584 254
1757594495224 3.5783895632258957 255
1757594495234 3.573777022374552 256
1757594495244 3.569181258746534 257
1757594495255 3.564601962702909 258
1757594495265 3.56003883391941 259
1757594495276 3.555491581055143 260
1757594495287 3.550959921434443 261
1757594495298 3.5464435807416574 262
1757594495308 3.5419422927280424 263
1757594495319 3.537455798930422 264
1757594495340 3.5329838484009133 265
1757594495353 3.52852619744732 266
1757594495364 3.5240826093839472 267
1757594495374 3.519652854291842 268
1757594495385 3.515236708788659 269
1757594495395 3.510833955807315 270
1757594495405 3.5064443843832906 271
1757594495415 3.502067789449983 272
1757594495426 3.4977039716421037 273
1757594495436 3.4933527371063873 274
1757594495446 3.4890138973195968 275
1757594495456 3.4846872689133335 276
1757594495466 3.480372673505573 277
1757594495476 3.476069937538343 278
1757594495486 3.4717788921215478 279
1757594495496 3.467499372882647 280
1757594495506 3.46323121982181 281
1757594495517 3.458974277172263 282
1757594495527 3.454728393266155 283
1757594495537 3.450493420404841 284
1757594495548 3.446269214734162 285
1757594495558 3.4420556361242256 286
1757594495568 3.4378525480532747 287
1757594495579 3.4336598174960176 288
1757594495590 3.42947731481571 289
1757594495601 3.4253049136601086 290
1757594495612 3.421142490861207 291
1757594495622 3.4169899263382923 292
1757594495633 3.412847103004647 293
1757594495643 3.4087139066771552 294
1757594495654 3.4045902259893706 295
1757594495664 3.400475952307446 296
1757594495674 3.3963709796487325 297
1757594495685 3.392275204603666 298
1757594495695 3.3881885262597073 299
1757594495706 3.384110846128318 300
1757594495716 3.380042068074112 301
1757594495727 3.375982098246556 302
1757594495738 3.3719308450138032 303
1757594495748 3.3678882188988575 304
1757594495758 3.3638541325176963 305
1757594495769 3.3598285005195336 306
1757594495779 3.3558112395290527 307
1757594495790 3.3518022680903825 308
1757594495800 3.3478015066130604 309
1757594495811 3.3438088773195958 310
1757594495822 3.339824304194782 311
1757594495832 3.3358477129366664 312
1757594495842 3.3318790309089996 313
1757594495853 3.3279181870952046 314
1757594495864 3.3239651120538527 315
1757594495875 3.3200197378755045 316
1757594495886 3.316081998140855 317
1757594495897 3.312151827880228 318
1757594495907 3.308229163534384 319
1757594495918 3.304313942916343 320
1757594495929 3.3004061051746336 321
1757594495939 3.296505590757468 322
1757594495950 3.292612341378053 323
1757594495961 3.2887262999810427 324
1757594495971 3.284847410709865 325
1757594495982 3.2809756188751873 326
1757594495992 3.2771108709241163 327
1757594496003 3.273253114410537 328
1757594496013 3.269402297966181 329
1757594496024 3.265558371272613 330
1757594496035 3.261721285034051 331
1757594496045 3.257890990950939 332
1757594496056 3.254067441694221 333
1757594496067 3.250250590880677 334
1757594496077 3.246440393048555 335
1757594496088 3.242636803634165 336
1757594496099 3.238839778949072 337
1757594496110 3.235049276158005 338
1757594496121 3.2312652532572645 339
1757594496131 3.2274876690538608 340
1757594496142 3.2237164831452394 341
1757594496153 3.219951655899491 342
1757594496164 3.2161931484361697 343
1757594496174 3.2124409226076955 344
1757594496185 3.20869494098121 345
1757594496196 3.2049551668209366 346
1757594496206 3.201221564070997 347
1757594496217 3.197494097338997 348
1757594496228 3.193772731879438 349
1757594496239 3.190057433578297 350
1757594496250 3.1863481689375526 351
1757594496260 3.182644905060276 352
1757594496271 3.17894760963618 353
1757594496281 3.1752562509274678 354
1757594496292 3.1715707977550993 355
1757594496302 3.167891219485504 356
1757594496313 3.164217486017464 357
1757594496324 3.160549567769566 358
1757594496335 3.156887435667817 359
1757594496346 3.1532310611336563 360
1757594496356 3.1495804160723537 361
1757594496367 3.145935472861523 362
1757594496378 3.1422962043402105 363
1757594496388 3.1386625837980024 364
1757594496399 3.135034584964544 365
1757594496410 3.1314121819993868 366
1757594496421 3.127795349481981 367
1757594496431 3.124184062401984 368
1757594496442 3.1205782961498403 369
1757594496453 3.116978026507604 370
1757594496463 3.113383229639902 371
1757594496474 3.109793882085255 372
1757594496485 3.1062099607475684 373
1757594496496 3.102631442887834 374
1757594496507 3.099058306116039 375
1757594496518 3.0954905283833005 376
1757594496529 3.0919280879741833 377
1757594496540 3.0883709634992513 378
1757594496550 3.0848191338877546 379
1757594496561 3.081272578380445 380
1757594496572 3.077731276522808 381
1757594496582 3.0741952081581663 382
1757594496593 3.0706643534211486 383
1757594496604 3.067138692731273 384
1757594496615 3.0636182067866193 385
1757594496626 3.06010287655784 386
1757594496637 3.0565926832820667 387
1757594496648 3.0530876084572194 388
1757594496659 3.049587633836211 389
1757594496670 3.04609274142158 390
1757594496681 3.042602913459947 391
1757594496692 3.03911813243684 392
1757594496702 3.0356383810715464 393
1757594496713 3.0321636423120686 394
1757594496724 3.0286938993302894 395
1757594496736 3.0252291355171814 396
1757594496746 3.021769334478183 397
1757594496757 3.018314480028589 398
1757594496768 3.014864556189194 399
1757594496779 3.011419547181939 400
1757594496791 3.007979437425675 401
1757594496802 3.0045442115321017 402
1757594496813 3.0011138543016687 403
1757594496823 2.9976883507197365 404
1757594496834 2.994267685952648 405
1757594496845 2.990851845344077 406
1757594496856 2.987440814411367 407
1757594496867 2.9840345788418867 408
1757594496878 2.9806331244896356 409
1757594496889 2.977236437371814 410
1757594496900 2.973844503665492 411
1757594496912 2.9704573097044116 412
1757594496922 2.9670748419757667 413
1757594496934 2.9636970871171555 414
1757594496944 2.9603240319135224 415
1757594496955 2.956955663294253 416
1757594496966 2.9535919683302727 417
1757594496977 2.9502329342312215 418
1757594496988 2.9468785483427444 419
1757594496999 2.943528798143776 420
1757594497010 2.940183671243883 421
1757594497021 2.9368431553808017 422
1757594497032 2.93350723841788 423
1757594497042 2.9301759083415373 424
1757594497053 2.9268491532590977 425
1757594497065 2.923526961396218 426
1757594497076 2.920209321094804 427
1757594497087 2.916896220810585 428
1757594497098 2.9135876491111263 429
1757594497109 2.9102835946735564 430
1757594497120 2.906984046282574 431
1757594497131 2.9036889928283727 432
1757594497143 2.9003984233046274 433
1757594497153 2.8971123268066497 434
1757594497165 2.893830692529354 435
1757594497176 2.890553509765479 436
1757594497187 2.887280767903795 437
1757594497199 2.8840124564272704 438
1757594497210 2.880748564911348 439
1757594497221 2.877489083022261 440
1757594497232 2.874234000515377 441
1757594497243 2.8709833072335402 442
1757594497254 2.867736993105582 443
1757594497265 2.864495048144592 444
1757594497280 2.861257462446616 445
1757594497291 2.858024226188992 446
1757594497302 2.854795329628984 447
1757594497314 2.851570763102356 448
1757594497325 2.848350517021954 449
1757594497336 2.845134581876394 450
1757594497348 2.8419229482286874 451
1757594497359 2.838715606714967 452
1757594497370 2.8355125480432073 453
1757594497382 2.8323137629919564 454
1757594497394 2.8291192424091745 455
1757594497405 2.8259289772109977 456
1757594497416 2.822742958380568 457
1757594497428 2.819561176966936 458
1757594497439 2.816383624083897 459
1757594497450 2.813210290908917 460
1757594497462 2.810041168682071 461
1757594497473 2.80687624870499 462
1757594497487 2.803715522339846 463
1757594497498 2.8005589810083293 464
1757594497510 2.797406616190663 465
1757594497521 2.794258419424706 466
1757594497532 2.7911143823049267 467
1757594497544 2.7879744964815076 468
1757594497555 2.784838753659519 469
1757594497566 2.781707145597893 470
1757594497577 2.7785796641086935 471
1757594497589 2.77545630105622 472
1757594497600 2.7723370483561403 473
1757594497611 2.769221897974769 474
1757594497623 2.7661108419281466 475
1757594497634 2.7630038722814105 476
1757594497645 2.7599009811479123 477
1757594497657 2.7568021606885167 478
1757594497668 2.753707403110917 479
1757594497679 2.7506167006687656 480
1757594497691 2.7475300456612226 481
1757594497702 2.7444474304320146 482
1757594497713 2.741368847368916 483
1757594497725 2.738294288903052 484
1757594497736 2.7352237475082046 485
1757594497747 2.73215721570027 486
1757594497759 2.7290946860365235 487
1757594497771 2.7260361511152067 488
1757594497782 2.7229816035746124 489
1757594497794 2.719931036092875 490
1757594497805 2.7168844413870867 491
1757594497817 2.7138418122129013 492
1757594497828 2.7108031413639733 493
1757594497839 2.707768421671362 494
1757594497851 2.704737646003024 495
1757594497862 2.701710807263334 496
1757594497874 2.6986878983925138 497
1757594497886 2.6956689123662385 498
1757594497897 2.692653842194974 499
