1757518690936 0.11159875560891848 0
1757518690969 0.17169064280890553 1
1757518691003 0.014760569934434494 2
1757518691036 0.037348255666388754 3
1757518691069 0.07919251752833509 4
1757518691102 0.11936475936138184 5
1757518691135 0.019326184650896295 6
1757518691168 0.24016426916299932 7
1757518691201 0.007081649878127799 8
1757518691234 0.0063967070416736035 9
1757518691268 0.0043766337570533415 10
1757518691301 0.19495310238397118 11
1757518691334 0.4015488593924109 12
1757518691368 0.0004455325995027319 13
1757518691401 0.02136587409657128 14
1757518691434 0.051375581236473955 15
1757518691468 0.7967701710365938 16
1757518691501 0.6717507101488823 17
1757518691534 0.13018980803687283 18
1757518691567 0.011889583918768805 19
1757518691600 0.11193088157557839 20
1757518691634 0.00011325489928705763 21
1757518691668 0.00221030309504196 22
1757518691702 0.02629958210394694 23
1757518691735 0.00554147084753412 24
1757518691768 0.1507181777910616 25
1757518691801 0.15956748551439795 26
1757518691834 0.2231843503218636 27
1757518691868 0.0013344621558720254 28
1757518691901 0.023593461435350738 29
1757518691935 0.012019721660629812 30
1757518691968 0.015931549473223228 31
1757518692001 0.09244370415862041 32
1757518692036 0.011258485963032316 33
1757518692071 0.37108710996155114 34
1757518692105 0.030482546310084378 35
1757518692140 0.39156534944725624 36
1757518692174 0.026439754561642895 37
1757518692208 3.0593354263721585e-05 38
1757518692241 0.042869896685853955 39
1757518692274 0.1446354162235442 40
1757518692308 0.001734040638887451 41
1757518692342 0.07171613763479247 42
1757518692375 0.000375755698259501 43
1757518692409 0.13712842853802354 44
1757518692443 0.0009636204161956189 45
1757518692476 0.0005056887301232955 46
1757518692510 0.013090835326772346 47
1757518692543 0.001995592397004836 48
1757518692577 0.28690401972609947 49
1757518692611 0.11459138729590697 50
1757518692646 0.03300868961383323 51
1757518692679 0.05222087458917736 52
1757518692715 0.04404027663502065 53
1757518692749 0.03073796685867288 54
1757518692783 0.12258508816372246 55
1757518692816 0.0015270609238156787 56
1757518692850 0.12429799459787617 57
1757518692883 0.616664227827389 58
1757518692917 0.031563281729435066 59
1757518692951 0.3225252041156434 60
1757518692985 0.9960396084363093 61
1757518693018 0.02773303015309766 62
1757518693052 0.35118411652818843 63
1757518693086 0.007723567741678241 64
1757518693120 0.07741583733773277 65
1757518693154 0.015894131004918172 66
1757518693187 0.01750505531855575 67
1757518693221 0.00436219752536968 68
1757518693254 0.07286157306498162 69
1757518693288 0.03257282283011105 70
1757518693322 0.005182828354685078 71
1757518693356 0.0978753592428407 72
1757518693411 0.09964660617040341 73
1757518693447 0.04591962290242027 74
1757518693482 0.15122112205305044 75
1757518693516 0.02978802736604033 76
1757518693549 0.2890975444905318 77
1757518693583 0.036649688789976084 78
1757518693617 0.010445753413022122 79
1757518693651 0.013466278121335868 80
1757518693684 0.027974908553302792 81
1757518693718 0.05055788035090807 82
1757518693752 0.000175395502878058 83
1757518693788 0.014965079571493269 84
1757518693822 0.001211486988215461 85
1757518693855 0.021518636581101532 86
1757518693889 0.15381702110521867 87
1757518693923 0.024707663438352984 88
1757518693957 0.04483564346811407 89
1757518693990 0.014460222684922535 90
1757518694025 0.05759542396978896 91
1757518694059 0.13260589667586664 92
1757518694092 0.18554078243429442 93
1757518694126 0.021535432691844502 94
1757518694160 0.2522475879396876 95
1757518694194 0.27434637038435483 96
1757518694228 0.06812199548323324 97
1757518694261 0.01706726257837373 98
1757518694296 0.009095359960884118 99
1757518694330 0.07360669214350153 100
1757518694364 0.00011416230842045223 101
1757518694398 0.0038402798831244714 102
1757518694432 0.051779503470520225 103
1757518694466 0.0054996231986898 104
1757518694500 0.0024544960537110196 105
