1757594427527 168.9733841766259 0
1757594427535 168.34008120268658 1
1757594427544 167.70924537704093 2
1757594427552 167.08086701335077 3
1757594427560 166.45493646347384 4
1757594427568 165.83144411732013 5
1757594427577 165.2103804026924 6
1757594427585 164.59173578514282 7
1757594427593 163.97550076781965 8
1757594427601 163.36166589132358 9
1757594427609 162.7502217335557 10
1757594427618 162.14115890956788 11
1757594427626 161.5344680714227 12
1757594427634 160.9301399080414 13
1757594427642 160.32816514506004 14
1757594427651 159.72853454468466 15
1757594427660 159.13123890554547 16
1757594427668 158.53626906255354 17
1757594427676 157.9436158867582 18
1757594427684 157.35327028520283 19
1757594427693 156.7652232007823 20
1757594427701 156.1794656121022 21
1757594427709 155.59598853333856 22
1757594427717 155.01478301409233 23
1757594427726 154.43584013925678 24
1757594427734 153.85915102887216 25
1757594427743 153.28470683798741 26
1757594427751 152.7124987565257 27
1757594427759 152.1425180091406 28
1757594427768 151.5747558550859 29
1757594427776 151.0092035880696 30
1757594427785 150.44585253612573 31
1757594427793 149.88469406147655 32
1757594427802 149.32571956039413 33
1757594427810 148.76892046306943 34
1757594427818 148.214288233477 35
1757594427827 147.66181436924057 36
1757594427835 147.11149040150178 37
1757594427844 146.56330789478508 38
1757594427852 146.01725844686607 39
1757594427860 145.47333368864594 40
1757594427869 144.9315252840107 41
1757594427877 144.39182492970806 42
1757594427886 143.85422435521468 43
1757594427895 143.31871532260837 44
1757594427903 142.7852896264375 45
1757594427912 142.25393909359042 46
1757594427920 141.7246555831756 47
1757594427929 141.19743098638435 48
1757594427938 140.6722572263725 49
1757594427946 140.14912625812858 50
1757594427955 139.62803006834787 51
1757594427963 139.10896067531095 52
1757594427972 138.59191012875638 53
1757594427980 138.0768705097558 54
1757594427989 137.5638339305918 55
1757594427997 137.0527925346338 56
1757594428006 136.54373849621223 57
1757594428014 136.0366640205024 58
1757594428022 135.53156134339807 59
1757594428031 135.02842273138899 60
1757594428040 134.5272404814439 61
1757594428048 134.02800692088744 62
1757594428057 133.53071440727987 63
1757594428065 133.0353553283007 64
1757594428074 132.54192210162518 65
1757594428082 132.05040717480853 66
1757594428091 131.56080302516742 67
1757594428100 131.07310215966217 68
1757594428108 130.58729711477926 69
1757594428117 130.10338045641464 70
1757594428125 129.6213447797588 71
1757594428134 129.1411827091776 72
1757594428142 128.66288689810148 73
1757594428151 128.18645002890688 74
1757594428160 127.71186481280466 75
1757594428169 127.23912398972304 76
1757594428178 126.7682203281964 77
1757594428186 126.29914662525204 78
1757594428195 125.8318957062968 79
1757594428204 125.3664604250051 80
1757594428212 124.90283366320685 81
1757594428221 124.44100833077712 82
1757594428230 123.98097736552508 83
1757594428239 123.52273373308165 84
1757594428248 123.06627042679416 85
1757594428256 122.61158046761052 86
1757594428265 122.1586569039754 87
1757594428274 121.70749281171908 88
1757594428283 121.25808129394933 89
1757594428291 120.81041548094453 90
1757594428300 120.36448853004606 91
1757594428309 119.92029362554877 92
1757594428318 119.47782397860067 93
1757594428326 119.03707282708876 94
1757594428335 118.59803343554036 95
1757594428344 118.16069909501337 96
1757594428352 117.72506312299208 97
1757594428361 117.29111886328783 98
1757594428370 116.8588596859248 99
1757594428379 116.42827898704698 100
1757594428388 115.99937018880749 101
1757594428397 115.57212673927052 102
1757594428406 115.14654211230652 103
1757594428416 114.72260980748979 104
1757594428425 114.30032334999876 105
1757594428433 113.8796762905144 106
1757594428442 113.46066220511702 107
1757594428451 113.04327469519029 108
1757594428460 112.62750738731624 109
1757594428469 112.21335393318071 110
1757594428478 111.80080800947063 111
1757594428487 111.38986331777545 112
1757594428496 110.98051358449057 113
1757594428505 110.57275256071766 114
1757594428514 110.16657402216887 115
1757594428523 109.76197176906672 116
1757594428532 109.35893962605003 117
1757594428541 108.95747144207631 118
1757594428550 108.55756109032579 119
1757594428559 108.15920246810452 120
1757594428568 107.76238949675161 121
1757594428577 107.36711612154275 122
1757594428586 106.97337631159321 123
1757594428595 106.58116405977049 124
1757594428604 106.19047338259179 125
1757594428613 105.80129832013739 126
1757594428622 105.41363293595576 127
1757594428631 105.02747131696711 128
1757594428640 104.64280757337723 129
1757594428649 104.25963583857964 130
1757594428663 103.87795026906852 131
1757594428682 103.4977450443457 132
1757594428691 103.1190143668287 133
1757594428700 102.741752461761 134
1757594428709 102.36595357712385 135
1757594428718 101.99161198354155 136
1757594428728 101.61872197419872 137
1757594428737 101.24727786474479 138
1757594428747 100.8772739932091 139
1757594428756 100.50870471991061 140
1757594428765 100.14156442737163 141
1757594428774 99.77584752022808 142
1757594428784 99.411548425144 143
1757594428793 99.0486615907231 144
1757594428802 98.68718148742387 145
1757594428812 98.32710260746956 146
1757594428821 97.96841946476675 147
1757594428830 97.61112659481728 148
1757594428839 97.25521855463218 149
1757594428849 96.90068992264942 150
1757594428858 96.5475352986475 151
1757594428867 96.19574930365927 152
1757594428876 95.8453265798929 153
1757594428885 95.49626179064265 154
1757594428895 95.14854962021029 155
1757594428904 94.80218477381972 156
1757594428913 94.4571619775331 157
1757594428922 94.1134759781733 158
1757594428931 93.77112154323626 159
1757594428940 93.43009346081244 160
1757594428950 93.0903865395046 161
1757594428959 92.7519956083486 162
1757594428968 92.41491551672905 163
1757594428977 92.07914113430269 164
1757594428987 91.74466735091632 165
1757594428996 91.4114890765267 166
1757594429005 91.07960124112265 167
1757594429015 90.7489987946442 168
1757594429024 90.41967670690649 169
1757594429033 90.09162996751718 170
1757594429043 89.76485358580354 171
1757594429052 89.43934259072842 172
1757594429061 89.11509203081742 173
1757594429071 88.7920969740817 174
1757594429080 88.47035250793658 175
1757594429090 88.14985373912992 176
1757594429099 87.83059579366282 177
1757594429108 87.51257381671462 178
1757594429117 87.19578297256614 179
1757594429127 86.8802184445271 180
1757594429136 86.56587543485723 181
1757594429145 86.25274916469283 182
1757594429155 85.94083487397393 183
1757594429164 85.6301278213688 184
1757594429173 85.32062328419823 185
1757594429183 85.01231655836477 186
1757594429192 84.7052029582778 187
1757594429201 84.39927781678013 188
1757594429210 84.0945364850767 189
1757594429219 83.79097433266145 190
1757594429229 83.48858674724346 191
1757594429238 83.18736913467768 192
1757594429247 82.88731691889136 193
1757594429257 82.58842554181435 194
1757594429266 82.29069046330514 195
1757594429276 81.99410716108324 196
1757594429285 81.69867113065735 197
1757594429295 81.40437788525529 198
1757594429304 81.11122295575329 199
1757594429313 80.81920189060735 200
1757594429322 80.52831025578287 201
1757594429332 80.23854363468679 202
1757594429341 79.94989762809743 203
1757594429351 79.66236785409639 204
1757594429361 79.37594994800048 205
1757594429371 79.09063956229373 206
1757594429381 78.80643236655938 207
1757594429390 78.5233240474122 208
1757594429400 78.24131030843144 209
1757594429411 77.9603868700931 210
1757594429420 77.6805494697054 211
1757594429430 77.40179386134005 212
1757594429440 77.12411581576704 213
1757594429449 76.8475111203879 214
1757594429459 76.57197557917273 215
1757594429468 76.2975050125908 216
1757594429478 76.02409525754763 217
1757594429487 75.75174216732145 218
1757594429497 75.48044161149566 219
1757594429507 75.21018947589548 220
1757594429517 74.94098166252567 221
1757594429526 74.67281408950399 222
1757594429536 74.40568269099957 223
1757594429546 74.13958341716729 224
1757594429556 73.87451223408856 225
1757594429565 73.61046512370406 226
1757594429575 73.34743808375325 227
1757594429585 73.08542712771377 228
1757594429594 72.82442828473434 229
1757594429604 72.56443759957953 230
1757594429613 72.30545113256176 231
1757594429623 72.04746495948369 232
1757594429635 71.79047517157653 233
1757594429645 71.53447787543891 234
1757594429655 71.2794691929752 235
1757594429665 71.02544526133684 236
1757594429675 70.77240223286101 237
1757594429685 70.52033627501065 238
1757594429694 70.26924357031574 239
1757594429704 70.01912031631291 240
1757594429714 69.76996272548622 241
1757594429723 69.52176702520954 242
1757594429733 69.2745294576854 243
1757594429742 69.02824627988794 244
1757594429752 68.78291376350533 245
1757594429762 68.53852819488057 246
1757594429772 68.29508587495337 247
1757594429782 68.05258311920308 248
1757594429791 67.81101625759273 249
1757594429801 67.57038163450872 250
1757594429811 67.33067560870563 251
1757594429821 67.0918945532516 252
1757594429830 66.85403485546726 253
1757594429840 66.61709291687414 254
1757594429850 66.38106515313491 255
1757594429859 66.14594799400032 256
1757594429869 65.91173788325138 257
1757594429879 65.67843127864629 258
1757594429889 65.44602465186321 259
1757594429898 65.21451448844606 260
1757594429909 64.98389728775099 261
1757594429919 64.75416956289011 262
1757594429929 64.52532784067836 263
1757594429939 64.29736866157776 264
1757594429948 64.07028857964697 265
1757594429958 63.84408416248373 266
1757594429968 63.61875199117387 267
1757594429978 63.39428866023735 268
1757594429988 63.17069077757565 269
1757594429997 62.94795496441874 270
1757594430008 62.72607785527186 271
1757594430017 62.50505609786387 272
1757594430027 62.28488635309521 273
1757594430037 62.06556529498572 274
1757594430047 61.847089610622334 275
1757594430056 61.629456000108 276
1757594430066 61.4126611765112 277
1757594430076 61.19670186581328 278
1757594430086 60.98157480685781 279
1757594430096 60.7672767513009 280
1757594430105 60.553804463559594 281
1757594430115 60.34115472076189 282
1757594430125 60.12932431269684 283
1757594430135 59.91831004176429 284
1757594430145 59.70810872292474 285
1757594430155 59.49871718365096 286
1757594430165 59.290132263877446 287
1757594430175 59.08235081595185 288
1757594430185 58.87536970458589 289
1757594430207 58.669185806807036 290
1757594430220 58.463796011908975 291
1757594430231 58.259197221403795 292
1757594430241 58.05538634897402 293
1757594430251 57.85236032042408 294
1757594430261 57.650116073633185 295
1757594430271 57.44865055850654 296
1757594430281 57.24796073692936 297
1757594430291 57.04804358271776 298
1757594430301 56.848896081574985 299
1757594430311 56.65051523104015 300
1757594430321 56.45289804044456 301
1757594430332 56.25604153086529 302
1757594430342 56.05994273507651 303
1757594430352 55.86459869750581 304
1757594430362 55.67000647418698 305
1757594430372 55.47616313271483 306
1757594430382 55.28306575219863 307
1757594430392 55.09071142321782 308
1757594430402 54.89909724777648 309
1757594430413 54.70822033925769 310
1757594430423 54.51807782237917 311
1757594430433 54.32866683314886 312
1757594430444 54.13998451881944 313
1757594430454 53.95202803784488 314
1757594430464 53.764794559836226 315
1757594430474 53.578281265516885 316
1757594430484 53.39248534667943 317
1757594430495 53.20740400614162 318
1757594430505 53.02303445770319 319
1757594430515 52.83937392610288 320
1757594430525 52.656419646974136 321
1757594430536 52.474168866803154 322
1757594430546 52.29261884288607 323
1757594430557 52.11176684328575 324
1757594430567 51.93161014678926 325
1757594430578 51.75214604286748 326
1757594430588 51.57337183162942 327
1757594430598 51.39528482378443 328
1757594430609 51.21788234059614 329
1757594430619 51.04116171384485 330
1757594430629 50.86512028578333 331
1757594430639 50.689755409096506 332
1757594430650 50.51506444686073 333
1757594430660 50.34104477250179 334
1757594430670 50.16769376975462 335
1757594430681 49.99500883262313 336
1757594430691 49.82298736533895 337
1757594430701 49.65162678232174 338
1757594430711 49.480924508138564 339
1757594430722 49.31087797746376 340
1757594430732 49.141484635040015 341
1757594430742 48.972741935637046 342
1757594430753 48.804647344014306 343
1757594430763 48.6371983348794 344
1757594430774 48.47039239285055 345
1757594430784 48.30422701241618 346
1757594430794 48.13869969789671 347
1757594430805 47.97380796340604 348
1757594430815 47.80954933281312 349
1757594430826 47.64592133970136 350
1757594430836 47.48292152733376 351
1757594430846 47.32054744861205 352
1757594430857 47.15879666603965 353
1757594430867 46.99766675168424 354
1757594430878 46.837155287139424 355
1757594430888 46.677259863486995 356
1757594430899 46.517978081260566 357
1757594430910 46.35930755040716 358
1757594430920 46.2012458902508 359
1757594430931 46.04379072945552 360
1757594430942 45.88693970598851 361
1757594430952 45.73069046708286 362
1757594430963 45.575040669201684 363
1757594430973 45.419987978001814 364
1757594430984 45.26553006829737 365
1757594430994 45.1116646240236 366
1757594431005 44.95838933820024 367
1757594431015 44.80570191289786 368
1757594431025 44.65360005919938 369
1757594431036 44.50208149716721 370
1757594431046 44.35114395580549 371
1757594431057 44.20078517302644 372
1757594431068 44.0510028956153 373
1757594431079 43.901794879193815 374
1757594431089 43.753158888186995 375
1757594431100 43.60509269578833 376
1757594431111 43.45759408392401 377
1757594431121 43.31066084321966 378
1757594431132 43.1642907729657 379
1757594431142 43.01848168108319 380
1757594431153 42.87323138408938 381
1757594431164 42.72853770706506 382
1757594431174 42.584398483619495 383
1757594431185 42.44081155585759 384
1757594431195 42.29777477434621 385
1757594431206 42.155285998080544 386
1757594431217 42.013343094451564 387
1757594431227 41.87194393921238 388
1757594431238 41.731086416445 389
1757594431248 41.590768418528896 390
1757594431259 41.45098784610693 391
1757594431269 41.311742608053166 392
1757594431280 41.17303062144079 393
1757594431291 41.03484981150909 394
1757594431301 40.89719811163256 395
1757594431312 40.76007346328731 396
1757594431323 40.623473816020166 397
1757594431333 40.487397127416905 398
1757594431344 40.351841363069454 399
1757594431354 40.21680449654612 400
1757594431365 40.08228450935853 401
1757594431377 39.94827939093144 402
1757594431388 39.81478713857104 403
1757594431399 39.68180575743389 404
1757594431409 39.54933326049617 405
1757594431420 39.41736766852323 406
1757594431431 39.28590701003775 407
1757594431442 39.154949321290545 408
1757594431453 39.024492646229284 409
1757594431464 38.89453503646875 410
1757594431475 38.76507455125973 411
1757594431485 38.63610925745992 412
1757594431496 38.50763722950357 413
1757594431507 38.37965654937129 414
1757594431518 38.252165306561146 415
1757594431528 38.12516159805819 416
1757594431539 37.99864352830567 417
1757594431550 37.872609209174804 418
1757594431560 37.74705675993656 419
1757594431571 37.621984307232175 420
1757594431582 37.497389985043284 421
1757594431593 37.37327193466417 422
1757594431604 37.24962830467247 423
1757594431614 37.12645725090047 424
1757594431625 37.00375693640625 425
1757594431636 36.88152553144616 426
1757594431647 36.75976121344563 427
1757594431657 36.63846216697077 428
1757594431668 36.51762658370119 429
1757594431679 36.39725266240118 430
1757594431690 36.277338608892116 431
1757594431701 36.15788263602476 432
1757594431712 36.038882963651474 433
1757594431722 35.920337818598455 434
1757594431733 35.802245434638465 435
1757594431744 35.684604052463534 436
1757594431755 35.567411919657914 437
1757594431765 35.45066729067016 438
1757594431776 35.33436842678709 439
1757594431787 35.21851359610605 440
1757594431798 35.103101073508576 441
1757594431809 34.98812914063381 442
1757594431820 34.873596085851155 443
1757594431831 34.759500204234484 444
1757594431842 34.645839797535515 445
1757594431853 34.53261317415727 446
1757594431864 34.41981864912886 447
1757594431875 34.30745454407788 448
1757594431886 34.19551918720563 449
1757594431897 34.08401091326058 450
1757594431908 33.97292806351306 451
1757594431919 33.86226898572933 452
1757594431930 33.752032034146175 453
1757594431941 33.642215569444815 454
1757594431953 33.53281795872662 455
1757594431963 33.42383757548697 456
1757594431975 33.31527279959035 457
1757594431986 33.20712201724517 458
1757594431997 33.09938362097948 459
1757594432008 32.992056009614615 460
1757594432019 32.88513758824224 461
1757594432030 32.778626768198144 462
1757594432041 32.67252196703857 463
1757594432052 32.566821608515205 464
1757594432063 32.46152412255142 465
1757594432074 32.3566279452172 466
1757594432086 32.25213151870545 467
1757594432097 32.14803329130803 468
1757594432108 32.044331717391096 469
1757594432119 31.94102525737192 470
1757594432130 31.838112377695023 471
1757594432142 31.735591550807104 472
1757594432153 31.633461255135767 473
1757594432164 31.531719975063815 474
1757594432175 31.430366200907468 475
1757594432186 31.32939842889156 476
1757594432198 31.228815161127574 477
1757594432209 31.128614905589284 478
1757594432220 31.028796176090903 479
1757594432232 30.929357492263353 480
1757594432243 30.83029737953089 481
1757594432254 30.731614369089755 482
1757594432268 30.63330699788416 483
1757594432279 30.535373808584485 484
1757594432290 30.437813349563882 485
1757594432302 30.340624174876922 486
1757594432313 30.243804844236333 487
1757594432324 30.14735392299107 488
1757594432335 30.051269982104316 489
1757594432346 29.955551598131265 490
1757594432357 29.860197353196753 491
1757594432369 29.765205834974044 492
1757594432380 29.67057563666235 493
1757594432391 29.576305356965435 494
1757594432402 29.482393600070214 495
1757594432413 29.38883897562421 496
1757594432424 29.295640098715335 497
1757594432435 29.20279558984939 498
1757594432447 29.110304074929456 499
