1757594538053 169.16750233760737 0
1757594538062 169.10394648877926 1
1757594538070 169.0404153965244 2
1757594538079 168.97690905114385 3
1757594538087 168.91342744294658 4
1757594538096 168.8499705622398 5
1757594538104 168.78653839934123 6
1757594538113 168.7231309445665 7
1757594538121 168.65974818823886 8
1757594538129 168.5963901206846 9
1757594538138 168.53305673223062 10
1757594538146 168.4697480132124 11
1757594538154 168.40646395396678 12
1757594538163 168.3432045448341 13
1757594538171 168.27996977615996 14
1757594538179 168.21675963829162 15
1757594538188 168.15357412158244 16
1757594538197 168.09041321638884 17
1757594538206 168.02727691306887 18
1757594538215 167.96416520198764 19
1757594538223 167.90107807351168 20
1757594538232 167.83801551801315 21
1757594538240 167.77497752586717 22
1757594538249 167.71196408745047 23
1757594538257 167.64897519314763 24
1757594538266 167.58601083334523 25
1757594538274 167.52307099843196 26
1757594538283 167.4601556788034 27
1757594538291 167.39726486485463 28
1757594538300 167.33439854698915 29
1757594538309 167.2715567156119 30
1757594538318 167.20873936113233 31
1757594538326 167.1459464739617 32
1757594538335 167.0831780445176 33
1757594538344 167.02043406321954 34
1757594538352 166.95771452049186 35
1757594538361 166.89501940676294 36
1757594538369 166.83234871246393 37
1757594538379 166.76970242803012 38
1757594538388 166.70708054390042 39
1757594538397 166.64448305051764 40
1757594538405 166.5819099383286 41
1757594538414 166.5193611977844 42
1757594538423 166.45683681933733 43
1757594538432 166.3943367934468 44
1757594538441 166.33186111057407 45
1757594538450 166.2694097611843 46
1757594538459 166.20698273574538 47
1757594538468 166.14458002473168 48
1757594538477 166.08220161862 49
1757594538486 166.01984750788924 50
1757594538494 165.9575176830244 51
1757594538503 165.8952121345133 52
1757594538512 165.83293085284677 53
1757594538521 165.77067382852033 54
1757594538530 165.70844105203398 55
1757594538538 165.64623251388875 56
1757594538547 165.58404820459162 57
1757594538556 165.52188811465447 58
1757594538565 165.4597522345885 59
1757594538574 165.3976405549137 60
1757594538582 165.3355530661493 61
1757594538591 165.2734897588221 62
1757594538600 165.21145062346127 63
1757594538609 165.14943565059662 64
1757594538618 165.08744483076694 65
1757594538626 165.02547815451103 66
1757594538635 164.9635356123738 67
1757594538644 164.90161719490067 68
1757594538653 164.83972289264443 69
1757594538662 164.7778526961593 70
1757594538671 164.71600659600364 71
1757594538680 164.6541845827394 72
1757594538688 164.5923866469342 73
1757594538697 164.53061277915486 74
1757594538706 164.46886296997778 75
1757594538715 164.40713720997778 76
1757594538724 164.3454354897361 77
1757594538732 164.2837577998378 78
1757594538741 164.2221041308714 79
1757594538751 164.16047447342712 80
1757594538759 164.09886881810192 81
1757594538768 164.03728715549337 82
1757594538777 163.97572947620844 83
1757594538786 163.91419577084832 84
1757594538795 163.8526860300263 85
1757594538804 163.79120024435747 86
1757594538813 163.7297384044565 87
1757594538822 163.6683005009467 88
1757594538831 163.60688652445378 89
1757594538839 163.54549646560486 90
1757594538849 163.48413031503256 91
1757594538858 163.42278806337418 92
1757594538866 163.36146970126822 93
1757594538875 163.30017521935798 94
1757594538884 163.23890460829216 95
1757594538893 163.1776578587204 96
1757594538902 163.11643496129656 97
1757594538911 163.05523590668128 98
1757594538920 162.99406068553432 99
1757594538929 162.93290928852073 100
1757594538938 162.8717817063113 101
1757594538947 162.81067792957782 102
1757594538956 162.74959794899706 103
1757594538965 162.68854175524848 104
1757594538974 162.6275093390176 105
1757594538983 162.56650069099055 106
1757594538992 162.50551580185865 107
1757594539001 162.4445546623172 108
1757594539010 162.3836172630629 109
1757594539019 162.32270359480094 110
1757594539028 162.26181364823336 111
1757594539037 162.20094741407277 112
1757594539047 162.14010488303123 113
1757594539056 162.07928604582392 114
1757594539065 162.01849089317292 115
1757594539074 161.95771941580156 116
1757594539084 161.8969716044371 117
1757594539093 161.8362474498123 118
1757594539102 161.77554694265996 119
1757594539111 161.71487007372042 120
1757594539120 161.65421683373458 121
1757594539129 161.5935872134491 122
1757594539138 161.5329812036124 123
1757594539147 161.47239879497863 124
1757594539156 161.41183997830436 125
1757594539166 161.35130474434985 126
1757594539175 161.29079308387867 127
1757594539184 161.23030498765976 128
1757594539193 161.16984044646313 129
1757594539202 161.10939945106236 130
1757594539212 161.04898199223854 131
1757594539221 160.98858806077243 132
1757594539230 160.92821764745025 133
1757594539239 160.86787074306122 134
1757594539248 160.8075473383974 135
1757594539258 160.74724742425667 136
1757594539268 160.68697099143878 137
1757594539277 160.62671803074718 138
1757594539287 160.56648853299004 139
1757594539296 160.5062824889768 140
1757594539306 160.4460998895234 141
1757594539315 160.38594072544933 142
1757594539324 160.3258049875732 143
1757594539333 160.2656926667228 144
1757594539342 160.20560375372764 145
1757594539351 160.14553823941858 146
1757594539360 160.08549611463243 147
1757594539370 160.02547737020973 148
1757594539380 159.96548199699413 149
1757594539389 159.90550998583197 150
1757594539398 159.84556132757288 151
1757594539407 159.78563601307337 152
1757594539416 159.72573403318953 153
1757594539426 159.66585537878402 154
1757594539435 159.6060000407207 155
1757594539445 159.5461680098686 156
1757594539454 159.48635927710166 157
1757594539464 159.42657383329254 158
1757594539473 159.36681166932303 159
1757594539482 159.30707277607468 160
1757594539491 159.24735714443477 161
1757594539501 159.1876647652925 162
1757594539510 159.12799562954297 163
1757594539520 159.06834972808284 164
1757594539529 159.00872705181266 165
1757594539539 158.94912759163668 166
1757594539548 158.88955133846318 167
1757594539558 158.82999828320368 168
1757594539567 158.77046841677387 169
1757594539577 158.71096173009084 170
1757594539586 158.6514782140794 171
1757594539595 158.59201785966295 172
1757594539604 158.5325806577728 173
1757594539614 158.47316659934015 174
1757594539623 158.41377567530202 175
1757594539632 158.3544078765999 176
1757594539642 158.2950631941752 177
1757594539651 158.2357416189771 178
1757594539661 158.17644314195437 179
1757594539670 158.1171677540636 180
1757594539679 158.05791544626132 181
1757594539689 157.99868620950826 182
1757594539698 157.93948003477027 183
1757594539707 157.88029691301628 184
1757594539718 157.82113683521808 185
1757594539727 157.7619997923502 186
1757594539737 157.70288577539336 187
1757594539747 157.64379477532856 188
1757594539756 157.58472678314425 189
1757594539766 157.52568178982816 190
1757594539775 157.46665978637446 191
1757594539785 157.40766076377923 192
1757594539794 157.34868471304378 193
1757594539804 157.28973162517292 194
1757594539818 157.23080149117075 195
1757594539837 157.1718943020522 196
1757594539847 157.11301004882887 197
1757594539856 157.05414872252064 198
1757594539869 156.99531031414799 199
1757594539878 156.93649481473713 200
1757594539889 156.87770221531528 201
1757594539898 156.8189325069154 202
1757594539907 156.76018568057233 203
1757594539917 156.7014617273268 204
1757594539927 156.64276063821978 205
1757594539936 156.58408240429864 206
1757594539946 156.52542701661295 207
1757594539956 156.46679446621596 208
1757594539966 156.4081847441652 209
1757594539976 156.34959784151806 210
1757594539985 156.29103374934184 211
1757594539995 156.23249245870193 212
1757594540005 156.17397396066886 213
1757594540015 156.11547824631873 214
1757594540025 156.05700530672812 215
1757594540035 155.99855513297808 216
1757594540044 155.94012771615417 217
1757594540054 155.88172304734385 218
1757594540064 155.8233411176407 219
1757594540074 155.7649819181374 220
1757594540084 155.70664543993576 221
1757594540093 155.64833167413573 222
1757594540103 155.5900406118441 223
1757594540113 155.53177224416973 224
1757594540123 155.47352656222725 225
1757594540132 155.4153035571306 226
1757594540142 155.35710322000025 227
1757594540152 155.29892554196016 228
1757594540162 155.24077051413633 229
1757594540172 155.18263812765906 230
1757594540182 155.12452837366303 231
1757594540192 155.0664412432845 232
1757594540202 155.0083767276643 233
1757594540212 154.950334817947 234
1757594540222 154.89231550527919 235
1757594540233 154.8343187808137 236
1757594540242 154.7763446357037 237
1757594540252 154.71839306110803 238
1757594540263 154.66046404818684 239
1757594540273 154.60255758810706 240
1757594540283 154.5446736720368 241
1757594540293 154.48681229114672 242
1757594540302 154.42897343661426 243
1757594540312 154.37115709961668 244
1757594540322 154.3133632713368 245
1757594540332 154.25559194296065 246
1757594540342 154.1978431056771 247
1757594540352 154.1401167506799 248
1757594540362 154.08241286916365 249
1757594540372 154.0247314523292 250
1757594540382 153.96707249137947 251
1757594540392 153.90943597752084 252
1757594540402 153.8518219019635 253
1757594540412 153.7942302559198 254
1757594540422 153.73666103060904 255
1757594540432 153.6791142172496 256
1757594540442 153.62158980706607 257
1757594540452 153.56408779128526 258
1757594540462 153.5066081611387 259
1757594540472 153.4491509078601 260
1757594540482 153.39171602268678 261
1757594540492 153.3343034968608 262
1757594540502 153.2769133216249 263
1757594540512 153.2195454882277 264
1757594540522 153.16219998792133 265
1757594540533 153.10487681195997 266
1757594540542 153.04757595160308 267
1757594540552 152.9902973981103 268
1757594540563 152.93304114274778 269
1757594540573 152.87580717678395 270
1757594540583 152.81859549149138 271
1757594540593 152.76140607814452 272
1757594540603 152.704238928022 273
1757594540614 152.64709403240647 274
1757594540624 152.58997138258468 275
1757594540634 152.53287096984369 276
1757594540645 152.4757927854773 277
1757594540655 152.4187368207821 278
1757594540665 152.36170306705546 279
1757594540675 152.30469151560098 280
1757594540685 152.2477021577262 281
1757594540696 152.1907349847383 282
1757594540706 152.13378998795324 283
1757594540716 152.07686715868343 284
1757594540726 152.019966488253 285
1757594540736 151.96308796798223 286
1757594540746 151.90623158919894 287
1757594540756 151.84939734323322 288
1757594540767 151.79258522141782 289
1757594540777 151.73579521509066 290
1757594540787 151.67902731559053 291
1757594540798 151.62228151426368 292
1757594540808 151.5655578024538 293
1757594540818 151.50885617151295 294
1757594540828 151.4521766127963 295
1757594540839 151.39551911765858 296
1757594540849 151.33888367746232 297
1757594540859 151.28227028357063 298
1757594540869 151.22567892735165 299
1757594540879 151.16910960017583 300
1757594540890 151.11256229341697 301
1757594540900 151.05603699845327 302
1757594540910 150.9995337066655 303
1757594540921 150.9430524094375 304
1757594540931 150.88659309815836 305
1757594540941 150.83015576421838 306
1757594540951 150.7737403990123 307
1757594540962 150.71734699393687 308
1757594540972 150.66097554039553 309
1757594540983 150.604626029791 310
1757594540993 150.54829845353177 311
1757594541003 150.4919928030302 312
1757594541014 150.43570906969984 313
1757594541024 150.37944724496 314
1757594541035 150.32320732023152 315
1757594541045 150.26698928693918 316
1757594541055 150.21079313651094 317
1757594541066 150.15461886037951 318
1757594541076 150.09846644997893 319
1757594541087 150.0423358967482 320
1757594541097 149.9862271921285 321
1757594541107 149.9301403275647 322
1757594541117 149.8740752945071 323
1757594541128 149.8180320844046 324
1757594541138 149.76201068871373 325
1757594541148 149.70601109889375 326
1757594541159 149.65003330640633 327
1757594541169 149.5940773027153 328
1757594541179 149.5381430792901 329
1757594541190 149.4822306276034 330
1757594541200 149.42633993912824 331
1757594541211 149.37047100534636 332
1757594541221 149.31462381773687 333
1757594541231 149.25879836778645 334
1757594541242 149.20299464698445 335
1757594541252 149.14721264682183 336
1757594541263 149.09145235879407 337
1757594541273 149.03571377439872 338
1757594541284 148.97999688513949 339
1757594541294 148.9243016825219 340
1757594541305 148.8686281580537 341
1757594541316 148.8129763032474 342
1757594541327 148.75734610961692 343
1757594541338 148.70173756868363 344
1757594541348 148.64615067196726 345
1757594541359 148.59058541099336 346
1757594541369 148.53504177729127 347
1757594541380 148.4795197623934 348
1757594541391 148.4240193578346 349
1757594541401 148.36854055515323 350
1757594541412 148.3130833458915 351
1757594541422 148.2576477215944 352
1757594541433 148.20223367381192 353
1757594541443 148.14684119409458 354
1757594541454 148.09147027399771 355
1757594541464 148.03612090507968 356
1757594541475 147.9807930789037 357
1757594541485 147.9254867870338 358
1757594541496 147.87020202103898 359
1757594541507 147.8149387724906 360
1757594541517 147.7596970329638 361
1757594541528 147.7044767940381 362
1757594541539 147.64927804729484 363
1757594541549 147.59410078431833 364
1757594541560 147.5389449966968 365
1757594541570 147.48381067602216 366
1757594541581 147.42869781389015 367
1757594541592 147.37360640189843 368
1757594541602 147.31853643164914 369
1757594541613 147.26348789474642 370
1757594541624 147.20846078279806 371
1757594541634 147.15345508741655 372
1757594541645 147.0984708002167 373
1757594541656 147.043507912815 374
1757594541667 146.98856641683486 375
1757594541677 146.93364630389956 376
1757594541688 146.87874756563795 377
1757594541699 146.82387019367962 378
1757594541710 146.76901417966064 379
1757594541721 146.7141795152183 380
1757594541731 146.6593661919932 381
1757594541742 146.60457420163024 382
1757594541753 146.54980353577713 383
1757594541763 146.49505418608408 384
1757594541774 146.44032614420593 385
1757594541785 146.3856194018009 386
1757594541796 146.3309339505268 387
1757594541806 146.27626978205083 388
1757594541817 146.2216268880388 389
1757594541828 146.1670052601616 390
1757594541839 146.11240489009273 391
1757594541850 146.0578257695096 392
1757594541860 146.00326789009245 393
1757594541871 145.94873124352554 394
1757594541882 145.89421582149453 395
1757594541893 145.839721615691 396
1757594541904 145.78524861780699 397
1757594541914 145.73079681953953 398
1757594541925 145.67636621258913 399
1757594541936 145.62195678865842 400
1757594541947 145.5675685394549 401
1757594541958 145.5132014566874 402
1757594541968 145.4588555320687 403
1757594541979 145.40453075731546 404
1757594541990 145.3502271241473 405
1757594542001 145.29594462428722 406
1757594542012 145.24168324945975 407
1757594542023 145.18744299139647 408
1757594542035 145.1332238418278 409
1757594542046 145.0790257924905 410
1757594542058 145.0248488351227 411
1757594542070 144.9706929614678 412
1757594542082 144.9165581632699 413
1757594542093 144.862444432279 414
1757594542104 144.80835176024658 415
1757594542115 144.7542801389282 416
1757594542127 144.7002295600811 417
1757594542138 144.6462000154676 418
1757594542149 144.59219149685285 419
1757594542160 144.53820399600542 420
1757594542171 144.48423750469573 421
1757594542182 144.430292014699 422
1757594542193 144.3763675177927 423
1757594542204 144.3224640057578 424
1757594542215 144.26858147037845 425
1757594542227 144.2147199034434 426
1757594542238 144.16087929674208 427
1757594542249 144.1070596420689 428
1757594542261 144.05326093122025 429
1757594542272 143.99948315599778 430
1757594542283 143.9457263082043 431
1757594542294 143.89199037964715 432
1757594542305 143.83827536213687 433
1757594542316 143.7845812474856 434
1757594542328 143.7309080275095 435
1757594542339 143.6772556940298 436
1757594542350 143.62362423886796 437
1757594542361 143.57001365385207 438
1757594542373 143.5164239308094 439
1757594542384 143.46285506157298 440
1757594542395 143.40930703797906 441
1757594542406 143.35577985186734 442
1757594542417 143.30227349507786 443
1757594542428 143.2487879594579 444
1757594542439 143.19532323685468 445
1757594542450 143.14187931912113 446
1757594542462 143.0884561981119 447
1757594542473 143.03505386568486 448
1757594542487 142.98167231370135 449
1757594542498 142.92831153402554 450
1757594542510 142.87497151852645 451
1757594542521 142.82165225907343 452
1757594542532 142.76835374754245 453
1757594542543 142.7150759758103 454
1757594542554 142.66181893575575 455
1757594542566 142.60858261926396 456
1757594542578 142.555367018223 457
1757594542589 142.50217212452054 458
1757594542601 142.4489979300517 459
1757594542613 142.39584442671077 460
1757594542625 142.34271160639992 461
1757594542636 142.2895994610214 462
1757594542648 142.23650798247994 463
1757594542660 142.18343716268538 464
1757594542671 142.130386993551 465
1757594542682 142.07735746699058 466
1757594542694 142.0243485749236 467
1757594542705 141.97136030927288 468
1757594542716 141.91839266196283 469
1757594542728 141.86544562492097 470
1757594542739 141.81251919007804 471
1757594542752 141.75961334937097 472
1757594542764 141.7067280947362 473
1757594542780 141.65386341811475 474
1757594542793 141.60101931145036 475
1757594542805 141.54819576669124 476
1757594542816 141.49539277578634 477
1757594542828 141.4426103306905 478
1757594542840 141.38984842335876 479
1757594542851 141.33710704575245 480
1757594542863 141.28438618983537 481
1757594542874 141.23168584757124 482
1757594542886 141.17900601093098 483
1757594542897 141.1263466718873 484
1757594542909 141.07370782241478 485
1757594542920 141.02108945449265 486
1757594542932 140.96849156010282 487
1757594542943 140.91591413123075 488
1757594542954 140.863357159864 489
1757594542966 140.81082063799437 490
1757594542977 140.7583045576174 491
1757594542989 140.7058089107289 492
1757594543000 140.6533336893303 493
1757594543012 140.60087888542637 494
1757594543024 140.54844449102282 495
1757594543035 140.49603049813115 496
1757594543047 140.44363689876374 497
1757594543058 140.39126368493834 498
1757594543070 140.33891084867315 499
