1757595092153 0.027853933953249522 0
1757595092187 0.0641851690312641 1
1757595092220 0.009433966664226339 2
1757595092253 0.3961793149427358 3
1757595092286 0.008576316439648415 4
1757595092320 5.8735838107231896e-05 5
1757595092354 0.14502314511122286 6
1757595092388 1.967390102556135e-07 7
1757595092421 0.3836508825252557 8
1757595092454 0.0336791169762439 9
1757595092488 0.0175700798420293 10
1757595092521 0.01746544912328458 11
1757595092555 0.09978687079444437 12
1757595092588 0.020012817375226727 13
1757595092622 0.0006319867295451688 14
1757595092655 0.03337521765638016 15
1757595092688 0.006596048659846763 16
1757595092722 9.905179075935938e-05 17
1757595092755 0.0006337023921061371 18
1757595092789 0.12059749784707384 19
1757595092822 0.044364162717059785 20
1757595092856 0.12912714189232885 21
1757595092889 0.05348924375705816 22
1757595092923 0.020535426583058083 23
1757595092956 3.3348902118706785e-06 24
1757595092991 0.027735230760737563 25
1757595093024 0.02813134819818868 26
1757595093059 0.037381902781756855 27
1757595093092 0.11729554981872183 28
1757595093126 0.0003496976040201237 29
1757595093159 0.0316508952915841 30
1757595093192 0.14201231404953352 31
1757595093226 0.026086356933893124 32
1757595093259 0.11416438793615193 33
1757595093293 0.07851073768584199 34
1757595093326 0.1181591866746496 35
1757595093380 0.004623854494926584 36
1757595093414 0.05407499904037335 37
1757595093447 0.006432849054556989 38
1757595093481 0.019453582087276575 39
1757595093515 0.0020287165674708883 40
1757595093549 0.06660661965251079 41
1757595093582 0.0017540007042012688 42
1757595093615 0.09114134938885486 43
1757595093649 0.2080640340844904 44
1757595093684 0.31791539689441983 45
1757595093718 0.010328155221911564 46
1757595093752 0.2424315661023326 47
1757595093786 0.02547627212194669 48
1757595093819 0.0001391865173606834 49
1757595093855 0.061167640303682984 50
1757595093889 0.024419797314363414 51
1757595093923 0.0315719694151057 52
1757595093956 0.14242162541247447 53
1757595093990 0.013297707172433044 54
1757595094023 0.012414206464151466 55
1757595094057 0.04384797063109607 56
1757595094091 0.31469180936642344 57
1757595094124 0.06342791805739781 58
1757595094158 0.02003840096746534 59
1757595094191 0.23006238818345315 60
1757595094225 0.010681765671067548 61
1757595094259 0.0055971099055919385 62
1757595094293 0.13920701128372465 63
1757595094327 0.3644203307058854 64
1757595094360 0.0038917516440273576 65
1757595094393 0.1595360661720566 66
1757595094427 0.019794856062493222 67
1757595094460 0.009661337385230975 68
1757595094494 0.05419396709772203 69
1757595094528 0.0027496264423808522 70
1757595094562 0.03301846844768853 71
1757595094596 0.0016285609221340354 72
1757595094630 0.01739647402133947 73
1757595094664 0.040492489825332004 74
1757595094697 0.003071371013111345 75
1757595094731 0.015270139354413258 76
1757595094765 0.06921377315034252 77
1757595094800 0.006025326145964195 78
1757595094833 0.00013044320969974387 79
1757595094867 0.027885345877931296 80
1757595094901 0.01839187623304348 81
1757595094934 0.0019417731362421989 82
1757595094968 0.051941847401728164 83
1757595095002 0.17105794776346675 84
1757595095036 0.004723108242140051 85
1757595095070 0.05831673816683683 86
1757595095104 0.20772116696732204 87
1757595095138 0.08088786123747801 88
1757595095171 0.04979136859487365 89
1757595095205 0.7138521456905736 90
1757595095239 0.06993658055198713 91
1757595095273 0.0011956065120727185 92
1757595095310 0.053841418257498386 93
1757595095343 0.08703296553083999 94
1757595095378 0.16462123201087048 95
1757595095411 0.009204836005436711 96
1757595095445 0.014851898815985533 97
1757595095478 0.02706730920866852 98
1757595095512 0.0050157782000336 99
1757595095557 0.02512695772394295 100
1757595095591 0.06603749303578785 101
1757595095625 0.026817292920993736 102
1757595095659 0.4014122923883138 103
1757595095692 0.18568402576661266 104
1757595095726 0.0022619862663338405 105
1757595095760 0.03249652112672717 106
1757595095794 0.027223788836946927 107
1757595095829 0.0023400927411213993 108
1757595095862 0.0033139998827361955 109
1757595095896 0.008733176094676671 110
1757595095930 0.610174915928826 111
1757595095964 0.03119365951922838 112
1757595095998 0.0467265541796216 113
1757595096032 0.14157384402275675 114
1757595096066 0.03734075856166045 115
1757595096100 0.07920938940689404 116
1757595096133 0.010044423522072134 117
1757595096167 0.03535249507466728 118
1757595096201 0.03491992463181821 119
1757595096235 0.008869199245763964 120
1757595096269 0.05524089444468783 121
1757595096302 0.008332132645813917 122
1757595096336 0.014645355678557148 123
1757595096370 0.03273602163968642 124
1757595096403 0.0913451839480132 125
1757595096437 0.06858893055761839 126
1757595096471 0.0032229074718476557 127
1757595096505 0.15422776087975734 128
1757595096539 0.14312717616599013 129
1757595096573 0.06231286596751117 130
1757595096607 0.029883890507525223 131
1757595096640 0.7289421623682037 132
1757595096674 0.1278017180100116 133
1757595096708 0.20087908961649525 134
1757595096742 0.21209002716481282 135
1757595096776 0.00013606167285537562 136
1757595096810 0.0017403246464269967 137
1757595096845 0.0791045177139836 138
1757595096879 0.003972362361754783 139
1757595096913 0.10209110344009623 140
1757595096947 0.01342604556312178 141
1757595096981 0.03105484633596502 142
1757595097015 0.1442814509886409 143
1757595097049 0.05108187576904268 144
1757595097083 0.03382069676695474 145
1757595097117 0.017785319663485642 146
1757595097151 0.052679821104853246 147
1757595097185 0.1447488130128667 148
1757595097219 0.011744724210773227 149
1757595097253 0.10060531421125286 150
1757595097287 0.19320633961948736 151
1757595097321 0.038435549082916326 152
1757595097355 0.0067633463794783116 153
1757595097390 0.026125617255477993 154
1757595097424 0.0037848641319107807 155
1757595097458 0.19255401552808438 156
1757595097492 0.00464459412785809 157
1757595097526 0.06545820243088615 158
1757595097560 0.2015295487213247 159
1757595097594 0.1433784525223562 160
1757595097628 0.008062788655693405 161
1757595097662 0.032412788863017926 162
1757595097696 0.3259999073246523 163
1757595097730 0.0008249222419577832 164
1757595097764 0.24573127308238651 165
1757595097798 0.07175047993318937 166
1757595097831 0.15630826150774144 167
1757595097866 0.007719699784694647 168
1757595097900 0.16978336968722843 169
1757595097934 0.03964357177536192 170
1757595097968 1.0550577504864458 171
1757595098003 0.1081326658996019 172
1757595098038 0.03299165798753015 173
1757595098072 0.016603304168184736 174
1757595098107 0.0054150776914129286 175
1757595098141 0.0208118231794234 176
1757595098175 0.0005132512428941344 177
1757595098210 0.04263543401885598 178
1757595098244 0.08558940992077378 179
1757595098278 0.6275533680288065 180
1757595098312 0.0031419866229252125 181
1757595098347 0.06206808202932338 182
1757595098381 0.019288748008537856 183
1757595098416 0.3465292983532359 184
1757595098450 0.06536150389396675 185
1757595098484 0.05801505377725298 186
1757595098519 0.03759622620619617 187
1757595098553 0.021869651363248477 188
1757595098588 0.0053934403204922475 189
1757595098623 0.013909443930465322 190
1757595098658 0.0960516743224346 191
1757595098692 0.031815752232807665 192
1757595098726 0.041718286323113515 193
1757595098761 0.46552176753917984 194
1757595098795 0.01572525879119506 195
1757595098830 0.1302259762266064 196
1757595098864 0.0016991206340324853 197
1757595098901 0.2298833638516335 198
1757595098935 0.058134362148615726 199
1757595098970 0.2505568112380686 200
1757595099004 0.20749392995592217 201
1757595099038 0.5164578918868628 202
1757595099072 0.04987445342243725 203
1757595099106 0.108247052941387 204
1757595099140 0.0068296575069426695 205
1757595099174 0.04156389468813998 206
1757595099209 0.07701703651385859 207
1757595099243 0.0065606380020928395 208
1757595099277 0.03333222520077481 209
1757595099311 0.04041810479046944 210
1757595099345 0.004398232023938863 211
1757595099379 0.051073771360297934 212
1757595099414 0.40804183196692434 213
1757595099448 0.03480852467011638 214
1757595099482 0.02589691356310514 215
1757595099516 0.007318378908659965 216
1757595099550 0.010027163040640556 217
1757595099585 0.05764955592578584 218
1757595099619 0.0057925039401286625 219
1757595099653 0.06721391530573345 220
1757595099688 0.6501884298138887 221
1757595099722 0.026775637371613304 222
1757595099756 0.9874566839484235 223
1757595099790 0.01208485008510512 224
1757595099825 0.04844378974213643 225
1757595099859 0.0014678960190708024 226
1757595099894 0.0017496556188857837 227
1757595099929 0.0589139558952552 228
1757595099963 0.009804949634818783 229
1757595099997 0.06585270486173131 230
1757595100031 0.007833601230615425 231
1757595100066 0.034227556706065684 232
1757595100100 0.07856076625870384 233
1757595100136 0.021690144592779924 234
1757595100172 0.09062110073794452 235
1757595100207 0.039047021455295504 236
1757595100242 0.06149097521456376 237
1757595100277 0.017416032702019548 238
1757595100312 0.02570955138651127 239
1757595100346 0.0014354558320143545 240
1757595100381 0.0689714609603897 241
1757595100416 0.031229684197630583 242
1757595100451 0.026634669204073674 243
1757595100486 0.06539104757432611 244
1757595100521 0.13521746954796549 245
1757595100555 0.0013379898152084285 246
1757595100592 0.03536548196128394 247
1757595100626 0.032979814384311884 248
1757595100661 0.035150630645221365 249
1757595100697 0.004905079079254667 250
1757595100732 0.021259555277134586 251
1757595100767 0.015707657363200574 252
1757595100802 0.035663838292794056 253
1757595100837 0.23771413528325647 254
1757595100872 0.028408215442621627 255
1757595100907 0.1238148727523151 256
1757595100943 0.042942872178485345 257
1757595100977 0.011178177943704494 258
1757595101013 0.19050051156687697 259
1757595101048 0.025465832760447824 260
1757595101083 0.07865706692127374 261
1757595101118 0.2129858496587493 262
1757595101153 0.027203118833084343 263
1757595101188 0.10006200471993844 264
1757595101223 0.019387752771503525 265
1757595101257 0.010849471214246835 266
1757595101293 0.03406516256030505 267
1757595101328 0.10308932095816603 268
1757595101363 0.2237513880458054 269
1757595101398 0.03412767025032335 270
1757595101433 0.021222181802869635 271
1757595101468 0.0007348211911785809 272
1757595101504 0.0042679681909199236 273
1757595101539 0.019595966679753878 274
1757595101574 0.009973570974788442 275
1757595101608 0.015618341552353178 276
1757595101644 0.054893492483394146 277
1757595101679 0.003801752973697265 278
1757595101714 0.00042924834560367504 279
1757595101750 0.002603837261661482 280
1757595101784 0.005040233398989218 281
1757595101820 0.09352012165975832 282
1757595101855 0.148369240653232 283
1757595101890 0.06922935928052047 284
1757595101925 0.003205198142256292 285
1757595101961 0.01726802316462056 286
1757595101996 0.11527608433428008 287
1757595102031 0.14293164387069648 288
1757595102067 0.08722458896610495 289
1757595102102 0.027958801739591598 290
1757595102137 0.01989623020643043 291
1757595102172 0.0006310561137357957 292
1757595102208 0.014431990700132704 293
1757595102243 0.00016297499429135607 294
1757595102278 0.15532465104490345 295
1757595102314 0.18878202804979913 296
1757595102350 0.3533812350104108 297
1757595102385 0.1209260997184028 298
1757595102420 0.08984969965216179 299
1757595102455 0.04247727401824329 300
1757595102491 0.1387921345867679 301
1757595102526 0.3407777028473317 302
1757595102562 0.16597265808770148 303
1757595102597 6.052172769933772e-05 304
1757595102632 0.017107725950064014 305
1757595102667 0.0018658472437618728 306
1757595102702 0.09136154401739274 307
1757595102737 0.007015568316368218 308
1757595102773 0.09638399657194023 309
1757595102808 0.2637052285650314 310
1757595102843 0.004732474142024192 311
1757595102878 0.00015050933563661497 312
1757595102913 0.06072448050721887 313
1757595102948 0.1393429142472404 314
1757595102986 0.016234786934406175 315
1757595103022 0.0097477181806818 316
1757595103058 0.036408939983150465 317
1757595103093 0.039064096484295305 318
1757595103129 0.017284285291614323 319
1757595103164 0.07599886983082961 320
1757595103199 0.027294389924706522 321
1757595103234 0.07469458112269696 322
1757595103270 0.0015923764362999594 323
1757595103307 0.06423528698981615 324
1757595103346 0.001859305286539384 325
1757595103382 0.001244695038792987 326
1757595103418 0.028244054717920672 327
1757595103454 0.0811002552510448 328
1757595103489 0.001111520561935036 329
1757595103525 0.1788323773371503 330
1757595103561 0.0012601656744461766 331
1757595103596 0.1615209478307914 332
1757595103631 0.013520674442764613 333
1757595103667 0.06992134995522581 334
1757595103701 0.0868150873442746 335
1757595103737 0.0034989342251481943 336
1757595103772 0.35282098887608415 337
1757595103808 0.3647948068677501 338
1757595103843 0.055764961329049074 339
1757595103878 0.000244516275431441 340
1757595103913 0.049059151854300764 341
1757595103949 0.0023711516740096933 342
1757595103987 0.0165359639553631 343
1757595104023 1.5439955097472233 344
1757595104059 0.01973320853160164 345
1757595104094 0.1151361987379711 346
1757595104130 0.11634429727847274 347
1757595104166 0.0040965630990728715 348
1757595104201 0.029163228124897966 349
1757595104238 0.007500115676273116 350
1757595104289 0.002001206882136597 351
1757595104327 0.1346050947168667 352
1757595104366 0.007625741777680214 353
1757595104405 0.017482262888303533 354
1757595104441 0.004526539052950415 355
1757595104478 0.20220526919436302 356
1757595104514 0.014586773846063278 357
1757595104551 0.012868300425352922 358
1757595104589 0.0074953455884710935 359
1757595104625 0.1052300105089957 360
1757595104661 0.013447349491745813 361
1757595104696 0.18022298776820095 362
1757595104732 0.022920719605295584 363
1757595104768 0.04923273381660573 364
1757595104803 0.12985973799286635 365
1757595104839 0.1206576834746601 366
1757595104875 0.028685017362836702 367
1757595104910 0.06454475646766213 368
1757595104946 0.00027629258960037805 369
1757595104982 0.012819691511060211 370
1757595105019 0.04544071423483312 371
1757595105055 0.030298199816626153 372
1757595105091 0.006814886017084457 373
1757595105126 0.052115989684093915 374
1757595105162 0.08598076705839613 375
1757595105197 0.0008911451574240015 376
1757595105233 0.00037912631743445435 377
1757595105269 0.0002070972460171502 378
1757595105305 0.006657725591135812 379
1757595105340 0.04723997008720643 380
1757595105375 0.07143729397322852 381
1757595105411 0.14117745072200977 382
1757595105447 0.13806560502355936 383
1757595105481 0.07143137059181646 384
1757595105519 0.009152539698085655 385
1757595105604 0.12333684446125853 386
1757595105642 0.01980476428148313 387
1757595105679 0.20758109837923 388
1757595105715 0.000693245125655308 389
1757595105752 0.15063015652045209 390
1757595105790 0.00862621011284405 391
1757595105826 0.14872539056498313 392
1757595105862 0.04854716058622861 393
1757595105898 0.2919932918271514 394
1757595105933 0.0061242106767516544 395
1757595105969 0.030129845028214378 396
1757595106005 0.0846113350234166 397
1757595106041 0.13646183666334916 398
1757595106077 0.06391946846834332 399
1757595106113 0.0026216114427698102 400
1757595106149 0.050360742911966634 401
1757595106185 0.34899737140651077 402
1757595106223 0.027875391350085994 403
1757595106259 0.13816399403491736 404
1757595106295 0.1289761845087885 405
1757595106331 0.09214099067057176 406
1757595106367 0.00040168636405211344 407
1757595106402 0.08019650158372078 408
1757595106438 0.0009273024759573729 409
1757595106474 0.029464203756635127 410
1757595106510 0.2898806629887599 411
1757595106546 0.049139977706836736 412
1757595106582 0.027083103399117972 413
1757595106620 0.002509224902541763 414
1757595106656 9.008580877244683e-07 415
1757595106692 2.4447917700503414e-07 416
1757595106730 0.0610625880641188 417
1757595106767 0.0010340595388283404 418
1757595106804 0.11968560587938146 419
1757595106839 0.0045604080717796276 420
1757595106875 0.013664889816402681 421
1757595106911 0.002812047395417703 422
1757595106947 0.03126412245698463 423
1757595106982 0.26288152397235515 424
1757595107018 0.08039981082227876 425
1757595107054 0.7065055788588861 426
1757595107090 0.06849663985167355 427
1757595107125 0.011293357128139912 428
1757595107162 0.043412903807196195 429
1757595107197 0.00018356594064017703 430
1757595107233 0.08418795679534301 431
1757595107269 0.020563465617204832 432
1757595107305 0.06259956267412974 433
1757595107341 0.051958046897183786 434
1757595107377 0.006094410287596034 435
1757595107413 0.006745357883092803 436
1757595107449 0.10438586230901813 437
1757595107486 0.002465706166933212 438
1757595107522 0.05791957813799415 439
1757595107558 0.0928800675079344 440
1757595107594 0.20159129555557911 441
1757595107630 0.01225393544837445 442
1757595107666 0.04429389713370233 443
1757595107709 0.016011246047584797 444
1757595107746 0.09136059128837634 445
1757595107782 0.15003147970010663 446
1757595107818 0.06574141522683595 447
1757595107855 0.05271863012649133 448
1757595107891 2.151522809106448e-05 449
1757595107927 4.0251187381635224e-05 450
1757595107964 0.23923745036213728 451
1757595108001 0.0019319502378137038 452
1757595108037 0.15718400144184352 453
1757595108073 0.04484860710432667 454
1757595108109 0.1158505457843291 455
1757595108145 0.012705513645695563 456
1757595108182 0.007957801350455663 457
1757595108218 0.21064882131148344 458
1757595108255 0.015231923653318971 459
1757595108291 0.0101185326622654 460
1757595108327 0.07309593854752366 461
1757595108364 0.0007557055226760164 462
1757595108400 0.1369260470632488 463
1757595108436 0.11660170378874242 464
1757595108473 0.03990309982314243 465
1757595108509 0.0014347211395257322 466
1757595108545 0.0038561433623792727 467
1757595108582 0.03358280171805702 468
1757595108618 0.08903471581742738 469
1757595108655 8.63673889482164e-05 470
1757595108691 0.08551067809992029 471
1757595108727 0.0016603095018135044 472
1757595108763 0.010954974725067193 473
1757595108799 0.09714993394625147 474
1757595108835 0.010706966527681935 475
1757595108871 0.15200226114355814 476
1757595108908 0.01647916562848262 477
1757595108946 0.024125656647631052 478
1757595108982 0.0014188722834861179 479
1757595109019 0.023641773307097463 480
1757595109056 0.026009925848938884 481
1757595109092 0.13291461748434405 482
1757595109128 0.15076048376601753 483
1757595109164 0.011016013709185648 484
1757595109200 0.03451309159408398 485
1757595109237 0.10088310684489264 486
1757595109273 0.9756947852697446 487
1757595109309 0.0039540579647220925 488
1757595109346 0.019333949900652146 489
1757595109382 0.01961180550508865 490
1757595109419 0.5008336921591187 491
1757595109455 0.014100872588988875 492
1757595109491 0.001325421884329574 493
1757595109528 0.0050439362452328025 494
1757595109564 0.07844473080611492 495
1757595109601 0.007675724097731545 496
1757595109637 0.013253073589034261 497
1757595109673 0.04200985071700322 498
1757595109710 0.003263549884494089 499
