1757518628474 24.725152091905453 0
1757518628508 3.2219969277199874 1
1757518628541 1.4506291920856578 2
1757518628575 0.640349808359202 3
1757518628608 19.9117150231195 4
1757518628642 0.4344891620895629 5
1757518628676 0.27195089880681567 6
1757518628710 0.20253418742729132 7
1757518628743 0.005468991449066082 8
1757518628776 0.5250302122587213 9
1757518628810 0.995839858085293 10
1757518628843 0.28859505154760007 11
1757518628877 0.16783923276833243 12
1757518628911 0.016658311078892228 13
1757518628945 0.00032282578923380185 14
1757518628978 0.6894613202816684 15
1757518629012 0.5048572595205979 16
1757518629045 0.18263112891784475 17
1757518629079 0.004827032714816213 18
1757518629112 0.07553018604149986 19
1757518629146 0.4595518646318302 20
1757518629180 0.05703041030529031 21
1757518629213 0.08603097894961571 22
1757518629248 0.5080867643927174 23
1757518629282 6.451171499576367 24
1757518629316 0.3770836240437601 25
1757518629350 0.1114054755991996 26
1757518629383 0.7288247538187566 27
1757518629417 8.497557618928429 28
1757518629450 5.703493645609007 29
1757518629484 0.011437863631703545 30
1757518629519 1.0346283553983038 31
1757518629552 0.057306969131176916 32
1757518629586 0.14719585377438346 33
1757518629619 0.34631643890015257 34
1757518629652 2.085959634962683 35
1757518629703 0.022336730376974413 36
1757518629737 0.16644324547653894 37
1757518629770 0.7708602098857945 38
1757518629804 0.035586105786664254 39
1757518629837 4.93824252327122 40
1757518629871 0.01636265902455559 41
1757518629904 0.02531601159775264 42
1757518629938 0.11791296759530698 43
1757518629972 0.3123189072126341 44
1757518630005 0.004093369165798363 45
1757518630039 0.0027907422485540594 46
1757518630072 1.248150071344856 47
1757518630106 0.014112285251863838 48
1757518630140 0.12783103016843797 49
1757518630174 0.21986885080560675 50
1757518630207 0.0033134421016704795 51
1757518630241 0.11140826491768087 52
1757518630275 0.0012393222854774975 53
1757518630309 7.610293503567375e-05 54
1757518630342 0.07908158308503571 55
1757518630376 2.547481882320795 56
1757518630410 0.12590285592344472 57
1757518630444 0.0005696752191941057 58
1757518630477 0.07860670978839945 59
1757518630511 0.4326555245654438 60
1757518630544 0.04089686691415884 61
1757518630578 0.033142812602935424 62
1757518630612 0.5109253542444596 63
1757518630646 0.004236915138005048 64
1757518630680 0.4109354331687384 65
1757518630713 0.005521770783271084 66
1757518630747 0.0621284615751715 67
1757518630781 0.2327662251601694 68
1757518630815 0.12392966768027815 69
1757518630849 0.301923571688201 70
1757518630883 0.006910881446698307 71
1757518630917 0.5369963053388096 72
1757518630951 0.12391380234021213 73
1757518630985 0.04740986279556866 74
1757518631019 0.027919344236063973 75
1757518631053 0.1563295007992826 76
1757518631086 0.014984561175258178 77
1757518631120 0.03227583738345654 78
1757518631154 0.0002510271628318976 79
1757518631189 0.22212221895843692 80
1757518631224 0.06984584530998933 81
1757518631258 0.20343478929200198 82
1757518631292 0.2031501660069394 83
1757518631327 0.15580957583228824 84
1757518631361 3.1902873202978212 85
1757518631395 0.03512835296358532 86
1757518631429 0.0010912910417644464 87
1757518631463 0.005792346331531234 88
1757518631497 0.013978256440561821 89
1757518631530 0.04990698357874436 90
1757518631564 0.043908937196418855 91
1757518631598 0.04494151294050879 92
1757518631632 0.09621499593722886 93
1757518631666 0.0006154364424572388 94
1757518631700 0.001290596637736671 95
1757518631734 0.02873532877719443 96
1757518631768 0.025108910604102776 97
1757518631802 0.06430537033878414 98
1757518631836 1.0515686156111015 99
1757518631869 0.001100891176408222 100
1757518631903 0.021066643915495682 101
1757518631937 0.03468116230140843 102
1757518631971 0.06249166989340051 103
1757518632005 0.11807894691295268 104
1757518632038 0.001432323577870078 105
1757518632072 0.029003624247047412 106
1757518632106 0.0722790005805217 107
1757518632140 0.331025618109738 108
1757518632174 0.0841366947840153 109
1757518632208 0.07136910591967023 110
1757518632242 0.893589978156498 111
1757518632275 0.004866292811469759 112
1757518632309 0.074459379457784 113
1757518632343 0.0006749932332013823 114
1757518632377 0.2439952948495748 115
1757518632411 0.01813905723925835 116
1757518632445 0.5059113192416806 117
1757518632479 0.19432363160223803 118
1757518632513 0.0006602501869288623 119
1757518632546 0.2699757336613696 120
1757518632580 0.04011340552674331 121
1757518632614 0.09637987179871484 122
1757518632648 0.0003545581314324082 123
1757518632682 0.323596568003318 124
1757518632715 0.04151022879971749 125
1757518632749 0.08850523340763924 126
1757518632783 0.06859342219988789 127
1757518632817 0.010468142245931629 128
1757518632851 0.0005246005186110304 129
1757518632885 0.3957222503741178 130
1757518632919 0.0008095110660267139 131
1757518632953 0.034546974707884814 132
1757518632987 0.004725645423385057 133
1757518633021 0.001750846279468852 134
1757518633055 0.12592823176465745 135
1757518633088 0.12518049525990793 136
1757518633122 0.009336596620619095 137
1757518633156 0.005617036796093524 138
1757518633190 0.022843340589093077 139
1757518633224 0.19831838896821952 140
1757518633258 0.00032449717778856526 141
1757518633292 0.013845988219221539 142
1757518633326 0.028763040474498437 143
1757518633363 0.05481736070902573 144
1757518633404 0.008377665789736335 145
1757518633440 0.005424742319582317 146
1757518633474 0.00065529336331117 147
1757518633508 0.005961757699135113 148
1757518633543 0.013480936594894775 149
1757518633578 0.10441842055999857 150
1757518633612 0.001321015762201704 151
1757518633646 0.006921891949321593 152
1757518633680 0.0008555005892575066 153
1757518633714 0.0005829185016071053 154
1757518633749 0.01649359093573003 155
1757518633783 0.031446201837467866 156
1757518633817 0.07288318276203405 157
1757518633851 0.09026970554825697 158
1757518633885 0.21147257456118365 159
1757518633920 0.05306186763609872 160
1757518633953 0.03232845953632681 161
1757518633987 0.038230326351217904 162
1757518634021 1.3693610798292155 163
1757518634056 5.954896338673881e-05 164
1757518634089 0.019995080751848193 165
1757518634123 0.1210613359450334 166
1757518634158 1.8229490229793396e-05 167
1757518634192 0.19495918348467664 168
1757518634227 0.0192229785550267 169
1757518634261 0.10554217105078541 170
1757518634295 0.0062222472129013695 171
1757518634330 0.016777700268843072 172
1757518634363 0.022502582052683174 173
1757518634398 7.3940413837947834e-06 174
1757518634432 0.017677458209870357 175
1757518634467 0.11026571195815263 176
1757518634501 0.5429147684586628 177
1757518634535 0.0927175434684637 178
1757518634569 0.008705801210146559 179
1757518634603 0.043621611521815915 180
1757518634638 0.01742032254343787 181
1757518634672 0.0037740465656219916 182
1757518634706 0.2057590598396445 183
1757518634740 0.107234484339975 184
1757518634775 0.010137989460347899 185
1757518634809 0.0462185624892839 186
1757518634845 0.0565290144113964 187
1757518634882 0.2668018567075224 188
1757518634917 0.09437134744134422 189
1757518634951 0.002445520183301425 190
1757518634986 0.15853431681692587 191
1757518635020 0.3185357137272865 192
1757518635055 0.7708715415760263 193
1757518635089 0.013800230079332995 194
1757518635123 0.05385482238203911 195
1757518635157 0.004024980297305253 196
1757518635192 0.09941903772216718 197
1757518635226 0.040814471672062626 198
1757518635261 0.07014334136388554 199
1757518635295 0.055931248716836746 200
1757518635330 0.007754549127880319 201
1757518635364 0.10470760549565557 202
1757518635399 1.430077053034364 203
1757518635433 0.00022905350188642085 204
1757518635469 0.028004053862467265 205
1757518635507 0.008718156409762133 206
1757518635541 0.0014828323739732724 207
1757518635576 0.09439840166335514 208
1757518635610 0.039965490298279505 209
1757518635645 0.2112830368811089 210
1757518635680 0.02105681578254558 211
1757518635714 0.11865002579026965 212
1757518635748 0.019658521448931307 213
1757518635783 0.03499354270474678 214
1757518635817 0.0030464638010846853 215
1757518635852 0.0034791514353291384 216
1757518635887 0.014578237759429274 217
1757518635929 0.020622747230920616 218
1757518635968 0.1785561462851319 219
1757518636003 0.014894452475033881 220
1757518636037 0.004247878371039795 221
1757518636071 4.337693554828797e-06 222
1757518636106 0.8725003795688494 223
1757518636140 0.4360881407091178 224
1757518636176 0.20806723004530622 225
1757518636211 0.005143442275257817 226
1757518636246 0.017258958071161474 227
1757518636281 4.7031654142124e-05 228
1757518636318 0.014464673253626813 229
1757518636353 7.619626233648694e-05 230
1757518636388 0.14795798981204344 231
1757518636423 0.008693997245613119 232
1757518636458 0.07874647193888024 233
1757518636493 0.0422894837382835 234
1757518636528 0.00283854098618967 235
1757518636563 0.013257174988251717 236
1757518636598 0.08403541894385892 237
1757518636632 0.010998984288593416 238
1757518636667 0.48094375399664646 239
1757518636702 1.0884189069137868e-05 240
1757518636737 0.11190070562187514 241
1757518636771 0.11084095484597527 242
1757518636806 0.030404967972705487 243
1757518636840 0.2471185345089053 244
1757518636875 0.07142172181049877 245
1757518636909 0.00933179206479605 246
1757518636944 0.037589548639697844 247
1757518636979 0.0005703183428880578 248
1757518637014 0.04328687118154901 249
1757518637049 0.012011895202380371 250
1757518637084 0.042213422839171684 251
1757518637119 0.20342421638736827 252
1757518637155 0.02600208112267491 253
1757518637190 0.04100512327895326 254
1757518637226 0.47593845750116964 255
1757518637262 7.544409124956971e-05 256
1757518637298 0.01243946840078324 257
1757518637334 0.005956784220351076 258
1757518637370 0.08046877662076068 259
1757518637406 0.2792492159326855 260
1757518637441 0.02909015864139825 261
1757518637477 1.0605000418122008 262
1757518637512 0.07062245763574604 263
1757518637548 0.18487606524997408 264
1757518637583 0.007865324949530182 265
1757518637619 0.2111978953947558 266
1757518637655 0.013807539141595456 267
1757518637691 0.02563376949469386 268
1757518637727 5.107413564944681e-06 269
1757518637762 0.3261711475015959 270
1757518637797 0.012112362381372038 271
1757518637833 0.05052132793858196 272
1757518637869 0.11003788655073098 273
1757518637904 0.019636465468824485 274
1757518637939 0.019639066387162295 275
1757518637975 0.05982233576824362 276
1757518638010 0.003762179615125426 277
1757518638046 0.12383216751418226 278
1757518638084 0.04156495010879414 279
1757518638120 0.0029547823438758466 280
1757518638155 0.030730622331340118 281
1757518638190 0.1853031205185865 282
1757518638225 0.4273143551343227 283
1757518638261 0.23117712985714783 284
1757518638296 0.039153912303641285 285
1757518638331 0.05073609448884997 286
1757518638366 0.06067101861665987 287
1757518638401 0.39791422400515014 288
1757518638436 0.013010178407982178 289
1757518638471 0.002967551218118897 290
1757518638506 0.2823921866139877 291
1757518638541 0.028064141761323092 292
1757518638575 0.01366953551014275 293
1757518638610 0.06911383579426737 294
1757518638645 0.025305048357288487 295
1757518638679 0.11300298543418458 296
1757518638714 0.012257593241440214 297
1757518638749 0.09249191061411179 298
1757518638784 0.05243903946220153 299
1757518638819 0.04045038543888804 300
1757518638854 0.10995984616955261 301
1757518638889 0.018715652172363293 302
1757518638924 0.15110698656201557 303
1757518638959 0.162441649682945 304
