1757517875106 162.67469960369374 0
1757517875115 156.64189479246497 1
1757517875123 145.61877677535983 2
1757517875132 130.8720648513799 3
1757517875140 113.75085293498908 4
1757517875148 95.56613134001459 5
1757517875157 77.49653555455448 6
1757517875166 60.52230449033208 7
1757517875174 45.386956368934186 8
1757517875183 32.584221612321656 9
1757517875191 22.366360282293428 10
1757517875200 14.76913673765702 11
1757517875209 9.648384515119417 12
1757517875217 6.723197589727584 13
1757517875226 5.621238312428199 14
1757517875234 5.922356784937255 15
1757517875243 7.197570921601083 16
1757517875251 9.041368494374877 17
1757517875260 11.096182860585566 18
1757517875269 13.06870031971579 19
1757517875277 14.738334821683498 20
1757517875286 15.958728803600774 21
1757517875294 16.65349760781454 22
1757517875303 16.80763373475034 23
1757517875312 16.456041740388542 24
1757517875322 15.670608366285759 25
1757517875331 14.547053538431175 26
1757517875340 13.192585842782767 27
1757517875349 11.715129705961658 28
1757517875358 10.214626598593608 29
1757517875366 8.776660664628448 30
1757517875375 7.468436702081094 31
1757517875383 6.336956465694028 32
1757517875392 5.4091037525845485 33
1757517875401 4.693260967267261 34
1757517875409 4.182037303572217 35
1757517875418 3.855685874632435 36
1757517875427 3.685816667423054 37
1757517875436 3.639065675576814 38
1757517875445 3.680449362921278 39
1757517875454 3.776209613603624 40
1757517875463 3.8960304262959333 41
1757517875471 4.014578055562021 42
1757517875480 4.1123768658829585 43
1757517875489 4.176081169572792 44
1757517875497 4.198237553442729 45
1757517875506 4.176652716116164 46
1757517875515 4.113489717719259 47
1757517875524 4.014212612393212 48
1757517875533 3.8864879841358126 49
1757517875541 3.739134434645718 50
1757517875550 3.581190051789043 51
1757517875559 3.42114558744087 52
1757517875568 3.2663694249492825 53
1757517875577 3.122730931985553 54
1757517875586 2.994412534006457 55
1757517875594 2.8838884206443387 56
1757517875603 2.792039418404249 57
1757517875612 2.7183690893365866 58
1757517875621 2.661285139404162 59
1757517875630 2.6184121480054987 60
1757517875638 2.58690576138416 61
1757517875647 2.5637440943372187 62
1757517875656 2.545978452376415 63
1757517875665 2.530931992419069 64
1757517875674 2.5163410656670067 65
1757517875683 2.5004393407199954 66
1757517875692 2.481989130179116 67
1757517875701 2.460267509064148 68
1757517875710 2.4350168000415158 69
1757517875719 2.406369883073923 70
1757517875728 2.3747607093258414 71
1757517875736 2.3408295499095875 72
1757517875745 2.3053311005985733 73
1757517875754 2.269051807353557 74
1757517875763 2.2327408733680136 75
1757517875772 2.197057528596256 76
1757517875781 2.162535424984544 77
1757517875790 2.129563564035999 78
1757517875799 2.0983820284257466 79
1757517875807 2.069090000819022 80
1757517875816 2.0416631046128737 81
1757517875826 2.015976962264001 82
1757517875835 1.9918339888730476 83
1757517875844 1.968990762911466 84
1757517875853 1.9471837794402085 85
1757517875862 1.9261519323650171 86
1757517875871 1.9056546355037989 87
1757517875880 1.885485030730726 88
1757517875889 1.8654782091994975 89
1757517875898 1.8455147640581304 90
1757517875907 1.8255202866994782 91
1757517875916 1.8054616100180692 92
1757517875926 1.7853406963158043 93
1757517875935 1.7651870757808894 94
1757517875944 1.7450496795554926 95
1757517875953 1.7249887973288525 96
1757517875962 1.705068741691396 97
1757517875972 1.6853516377221596 98
1757517875981 1.665892591902257 99
1757517875990 1.6467363420055119 100
1757517875999 1.627915358385194 101
1757517876008 1.6094492629585881 102
1757517876017 1.5913453579233843 103
1757517876026 1.5736000117809121 104
1757517876036 1.5562006333020362 105
1757517876045 1.5391279707186372 106
1757517876055 1.5223584986834668 107
1757517876064 1.5058666939777898 108
1757517876073 1.489627047156701 109
1757517876082 1.4736157063398803 110
1757517876091 1.4578116969426336 111
1757517876101 1.4421977039719236 112
1757517876110 1.426760439247136 113
1757517876119 1.411490643185977 114
1757517876128 1.3963827891610407 115
1757517876138 1.3814345681789857 116
1757517876147 1.3666462336560485 117
1757517876156 1.3520198816677633 118
1757517876166 1.337558732782805 119
1757517876175 1.3232664690705644 120
1757517876184 1.3091466656605737 121
1757517876193 1.2952023417207585 122
1757517876203 1.2814356420635682 123
1757517876212 1.2678476486543524 124
1757517876221 1.2544383116600373 125
1757517876231 1.2412064826330507 126
1757517876240 1.2281500280165492 127
1757517876250 1.2152659992197414 128
1757517876260 1.2025508357261174 129
1757517876269 1.1900005796416586 130
1757517876279 1.1776110832924531 131
1757517876288 1.1653781954638192 132
1757517876297 1.1532979161891217 133
1757517876307 1.1413665142590619 134
1757517876317 1.1295806055204622 135
1757517876329 1.1179371933435538 136
1757517876339 1.1064336752201773 137
1757517876348 1.0950678212553178 138
1757517876358 1.0838377313429657 139
1757517876367 1.0727417781431172 140
1757517876376 1.0617785427070965 141
1757517876386 1.0509467488664146 142
1757517876395 1.0402452014475112 143
1757517876404 1.0296727321408665 144
1757517876414 1.0192281555644493 145
1757517876432 1.0089102368254568 146
1757517876448 0.998717670783231 147
1757517876458 0.9886490723074097 148
1757517876468 0.9787029761404207 149
1757517876477 0.9688778445215694 150
1757517876487 0.9591720805008093 151
1757517876497 0.9495840448391242 152
1757517876506 0.9401120745241979 153
1757517876516 0.9307545011838688 154
1757517876525 0.9215096680140958 155
1757517876535 0.9123759442119178 156
1757517876545 0.9033517362828402 157
1757517876555 0.8944354959454055 158
1757517876566 0.885625724663484 159
1757517876577 0.8769209750831616 160
1757517876587 0.8683198498305802 161
1757517876598 0.859820998237719 162
1757517876609 0.8514231116106927 163
1757517876620 0.8431249176476687 164
1757517876630 0.8349251745618527 165
1757517876641 0.8268226653816964 166
1757517876652 0.8188161927978533 167
1757517876663 0.8109045748153987 168
1757517876674 0.8030866413608524 169
1757517876685 0.7953612318939849 170
1757517876696 0.7877271939901376 171
1757517876707 0.7801833827931961 172
1757517876718 0.7727286611936113 173
1757517876728 0.7653619005599147 174
1757517876739 0.7580819818439928 175
1757517876750 0.7508877968870746 176
1757517876760 0.7437782497720492 177
1757517876771 0.7367522580940485 178
1757517876780 0.7298087540524822 179
1757517876790 0.7229466852998506 180
1757517876800 0.7161650155138598 181
1757517876810 0.7094627246867997 182
1757517876820 0.7028388091489244 183
1757517876831 0.69629228135974 184
1757517876841 0.6898221695122465 185
1757517876850 0.6834275170010525 186
1757517876860 0.6771073818059096 187
1757517876870 0.670860835839029 188
1757517876880 0.6646869642982907 189
1757517876889 0.6585848650600666 190
1757517876899 0.6525536481362766 191
1757517876909 0.646592435210926 192
1757517876919 0.6407003592626158 193
1757517876929 0.6348765642721675 194
1757517876938 0.6291202050082283 195
1757517876948 0.6234304468796563 196
1757517876958 0.6178064658405974 197
1757517876968 0.6122474483332284 198
1757517876978 0.6067525912532747 199
1757517876988 0.6013211019248011 200
1757517876998 0.5959521980728055 201
1757517877008 0.5906451077847586 202
1757517877017 0.58539906945486 203
1757517877027 0.5802133317075273 204
1757517877037 0.5750871532990643 205
1757517877047 0.5700198029983894 206
1757517877056 0.565010559449412 207
1757517877066 0.5600587110186165 208
1757517877076 0.5551635556320464 209
1757517877086 0.5503244006060815 210
1757517877095 0.5455405624761117 211
1757517877105 0.5408113668268403 212
1757517877115 0.5361361481271645 213
1757517877125 0.5315142495719206 214
1757517877135 0.5269450229319059 215
1757517877145 0.5224278284128588 216
1757517877155 0.5179620345234437 217
1757517877165 0.513547017951651 218
1757517877176 0.5091821634487957 219
1757517877189 0.5048668637198024 220
1757517877199 0.5006005193185655 221
1757517877209 0.4963825385470363 222
1757517877219 0.4922123373568384 223
1757517877229 0.48808933925235154 224
1757517877239 0.48401297519442726 225
1757517877249 0.47998268350417705 226
1757517877259 0.4759979097663914 227
1757517877268 0.4720581067324794 228
1757517877279 0.46816273422297633 229
1757517877289 0.46431125902968623 230
1757517877298 0.4605031548178756 231
1757517877308 0.4567379020287126 232
1757517877318 0.45301498778238813 233
1757517877328 0.4493339057822388 234
1757517877338 0.44569415622016234 235
1757517877348 0.44209524568357816 236
1757517877358 0.4385366870641572 237
1757517877368 0.43501799946838243 238
1757517877378 0.4315387081300149 239
1757517877388 0.4280983443244882 240
1757517877398 0.42469644528513817 241
1757517877407 0.42133255412117454 242
1757517877417 0.41800621973732266 243
1757517877427 0.4147169967549454 244
1757517877438 0.41146444543455624 245
1757517877448 0.4082481315996157 246
1757517877458 0.405067626561429 247
1757517877468 0.4019225070451377 248
1757517877478 0.39881235511667157 249
1757517877489 0.39573675811064996 250
1757517877498 0.3926953085591765 251
1757517877509 0.3896876041215128 252
1757517877519 0.3867132475146399 253
1757517877529 0.3837718464447196 254
1757517877539 0.3808630135394376 255
1757517877549 0.3779863662812845 256
1757517877559 0.3751415269417606 257
1757517877569 0.3723281225165376 258
1757517877580 0.369545784661577 259
1757517877590 0.3667941496302004 260
1757517877600 0.3640728582111414 261
1757517877610 0.36138155566752717 262
1757517877620 0.3587198916768176 263
1757517877630 0.3560875202716516 264
1757517877640 0.35348409978163253 265
1757517877651 0.3509092927759464 266
1757517877661 0.34836276600687777 267
1757517877671 0.345844190354159 268
1757517877681 0.3433532407701137 269
1757517877691 0.3408895962256167 270
1757517877701 0.3384529396568165 271
1757517877711 0.3360429579126181 272
1757517877721 0.3336593417029087 273
1757517877731 0.33130178554751283 274
1757517877742 0.32896998772586206 275
1757517877752 0.32666365022737487 276
1757517877762 0.3243824787025321 277
1757517877772 0.3221261824146372 278
1757517877783 0.31989447419226613 279
1757517877793 0.31768707038238947 280
1757517877803 0.31550369080414575 281
1757517877813 0.313344058703293 282
1757517877824 0.3112079007072897 283
1757517877834 0.30909494678103827 284
1757517877844 0.30700493018323116 285
1757517877855 0.3049375874233437 286
1757517877865 0.3028926582192259 287
1757517877875 0.3008698854552954 288
1757517877885 0.298869015141338 289
1757517877896 0.29688979637186497 290
1757517877906 0.2949319812860698 291
1757517877916 0.2929953250283288 292
1757517877926 0.29107958570926207 293
1757517877937 0.28918452436735037 294
1757517877947 0.28730990493105923 295
1757517877957 0.28545549418152627 296
1757517877968 0.2836210617157364 297
1757517877978 0.2818063799102295 298
1757517877988 0.28001122388530175 299
1757517877998 0.2782353714697021 300
1757517878009 0.27647860316583023 301
1757517878019 0.27474070211539314 302
1757517878029 0.27302145406556233 303
1757517878040 0.2713206473355773 304
1757517878050 0.26963807278382684 305
1757517878061 0.26797352377537026 306
1757517878071 0.2663267961499126 307
1757517878082 0.26469768819022965 308
1757517878092 0.2630860005910063 309
1757517878102 0.26149153642812256 310
1757517878113 0.2599141011283526 311
1757517878123 0.25835350243947625 312
1757517878133 0.25680955040080683 313
1757517878144 0.25528205731411563 314
1757517878154 0.25377083771495557 315
1757517878164 0.2522757083443773 316
1757517878175 0.25079648812102673 317
1757517878185 0.24933299811362458 318
1757517878195 0.247885061513815 319
1757517878206 0.24645250360939205 320
1757517878216 0.24503515175787752 321
1757517878226 0.24363283536046162 322
1757517878237 0.2422453858363024 323
1757517878247 0.24087263659715236 324
1757517878258 0.2395144230223503 325
1757517878269 0.2381705824341363 326
1757517878280 0.23684095407330352 327
1757517878291 0.23552537907516816 328
1757517878301 0.23422370044588325 329
1757517878312 0.2329357630390448 330
1757517878322 0.2316614135326254 331
1757517878333 0.23040050040622218 332
1757517878344 0.22915287391858863 333
1757517878354 0.22791838608548598 334
1757517878365 0.2266968906578232 335
1757517878375 0.22548824310008223 336
1757517878386 0.224292300569042 337
1757517878396 0.22310892189277362 338
1757517878407 0.22193796754992184 339
1757517878418 0.22077929964926124 340
1757517878428 0.21963278190952135 341
1757517878439 0.21849827963947235 342
1757517878449 0.21737565971829007 343
1757517878460 0.21626479057616027 344
1757517878471 0.21516554217516082 345
1757517878482 0.21407778599037344 346
1757517878492 0.21300139499126208 347
1757517878503 0.2119362436232861 348
1757517878514 0.2108822077897586 349
1757517878524 0.20983916483393944 350
1757517878535 0.20880699352137122 351
1757517878546 0.20778557402243525 352
1757517878557 0.20677478789514842 353
1757517878568 0.2057745180681691 354
1757517878578 0.2047846488240408 355
1757517878589 0.2038050657826466 356
1757517878599 0.20283565588487712 357
1757517878610 0.20187630737651796 358
1757517878620 0.20092690979233765 359
1757517878632 0.19998735394039213 360
1757517878642 0.19905753188652733 361
1757517878653 0.19813733693908314 362
1757517878664 0.1972266636337916 363
1757517878675 0.19632540771888285 364
1757517878686 0.19543346614036813 365
1757517878696 0.19455073702752718 366
1757517878707 0.19367711967856757 367
1757517878718 0.19281251454648407 368
1757517878728 0.19195682322509253 369
1757517878739 0.19110994843524237 370
1757517878750 0.19027179401120534 371
1757517878761 0.18944226488724644 372
1757517878772 0.18862126708436086 373
1757517878783 0.1878087076971845 374
1757517878794 0.18700449488106113 375
1757517878805 0.18620853783929778 376
1757517878816 0.18542074681055554 377
1757517878826 0.18464103305642482 378
1757517878837 0.18386930884914265 379
1757517878848 0.18310548745947686 380
1757517878859 0.1823494831447564 381
1757517878870 0.18160121113706393 382
1757517878881 0.1808605876315662 383
1757517878892 0.1801275297750036 384
1757517878903 0.17940195565431832 385
1757517878914 0.17868378428543227 386
1757517878925 0.17797293560215957 387
1757517878935 0.17726933044526996 388
1757517878946 0.17657289055167885 389
1757517878957 0.17588353854378166 390
1757517878968 0.17520119791892053 391
1757517878979 0.17452579303898297 392
1757517878990 0.17385724912013692 393
1757517879001 0.1731954922226784 394
1757517879012 0.17254044924103387 395
1757517879023 0.1718920478938623 396
1757517879034 0.17125021671429416 397
1757517879045 0.17061488504029404 398
1757517879056 0.16998598300513834 399
1757517879067 0.1693634415280123 400
1757517879078 0.16874719230473295 401
1757517879089 0.16813716779857577 402
1757517879100 0.16753330123122498 403
1757517879111 0.16693552657383254 404
1757517879122 0.1663437785381922 405
1757517879133 0.1657579925680168 406
1757517879144 0.16517810483033293 407
1757517879155 0.1646040522069727 408
1757517879166 0.16403577228618102 409
1757517879177 0.16347320335432391 410
1757517879189 0.16291628438768868 411
1757517879200 0.16236495504440746 412
1757517879210 0.16181915565646 413
1757517879221 0.16127882722178816 414
1757517879233 0.16074391139650007 415
1757517879244 0.16021435048717794 416
1757517879255 0.15969008744327579 417
1757517879266 0.15917106584960736 418
1757517879277 0.1586572299189416 419
1757517879288 0.15814852448466785 420
1757517879300 0.1576448949935688 421
1757517879311 0.15714628749867793 422
1757517879322 0.15665264865221323 423
1757517879333 0.15616392569861878 424
1757517879344 0.15568006646767 425
1757517879356 0.15520101936767922 426
1757517879368 0.1547267333787786 427
1757517879379 0.15425715804627918 428
1757517879390 0.15379224347412726 429
1757517879401 0.1533319403184181 430
1757517879413 0.1528761997810111 431
1757517879424 0.15242497360321022 432
1757517879435 0.15197821405952205 433
1757517879446 0.1515358739514938 434
1757517879458 0.1510979066016232 435
1757517879469 0.15066426584734538 436
1757517879480 0.15023490603509274 437
1757517879491 0.14980978201441808 438
1757517879502 0.14938884913220496 439
1757517879513 0.1489720632269349 440
1757517879524 0.1485593806230288 441
1757517879535 0.1481507581252588 442
1757517879547 0.14774615301322408 443
1757517879558 0.14734552303589557 444
1757517879569 0.14694882640622464 445
1757517879580 0.14655602179582294 446
1757517879592 0.14616706832969395 447
1757517879603 0.1457819255810436 448
1757517879614 0.14540055356614123 449
1757517879625 0.14502291273924736 450
1757517879636 0.14464896398760257 451
1757517879648 0.1442786686264751 452
1757517879660 0.14391198839427014 453
1757517879671 0.14354888544769534 454
1757517879683 0.1431893223569842 455
1757517879695 0.1428332621011798 456
1757517879706 0.14248066806347304 457
1757517879717 0.14213150402659505 458
1757517879729 0.14178573416826795 459
1757517879740 0.14144332305670745 460
1757517879751 0.14110423564618063 461
1757517879763 0.14076843727261576 462
1757517879774 0.14043589364926493 463
1757517879786 0.1401065708624193 464
1757517879797 0.13978043536717155 465
1757517879809 0.13945745398323675 466
1757517879820 0.13913759389081243 467
1757517879831 0.13882082262649634 468
1757517879843 0.1385071080792492 469
1757517879857 0.13819641848640515 470
1757517879869 0.13788872242973096 471
1757517879880 0.137583988831531 472
1757517879892 0.13728218695079736 473
1757517879904 0.13698328637940768 474
1757517879915 0.13668725703836815 475
1757517879926 0.1363940691740969 476
1757517879938 0.13610369335475792 477
1757517879949 0.13581610046662906 478
1757517879961 0.13553126171052646 479
1757517879972 0.13524914859825354 480
1757517879984 0.13496973294910913 481
1757517879995 0.13469298688642425 482
1757517880006 0.13441888283414782 483
1757517880018 0.13414739351346502 484
1757517880029 0.13387849193946427 485
1757517880041 0.13361215141783253 486
1757517880052 0.13334834554160227 487
1757517880064 0.13308704818792416 488
1757517880076 0.13282823351488524 489
1757517880089 0.13257187595836345 490
1757517880102 0.1323179502289146 491
1757517880117 0.13206643130870427 492
1757517880130 0.1318172944484651 493
1757517880143 0.13157051516449736 494
1757517880155 0.131326069235702 495
1757517880169 0.13108393270064903 496
1757517880184 0.1308440818546775 497
1757517880198 0.1306064932470336 498
1757517880212 0.13037114367803865 499
