1757594407837 169.08220123107438 0
1757594407846 168.44799356156614 1
1757594407854 167.24764555688066 2
1757594407862 165.54620258602662 3
1757594407870 163.4052081425398 4
1757594407879 160.88239809163682 5
1757594407887 158.03153259088072 6
1757594407895 154.90233567181537 7
1757594407904 151.5405178788664 8
1757594407912 147.98786187573873 9
1757594407920 144.28235468980387 10
1757594407928 140.4583533914008 11
1757594407936 136.54677359884806 12
1757594407945 132.57529234666254 13
1757594407953 128.56855862649846 14
1757594407961 124.54840636844423 15
1757594407970 120.53406582613007 16
1757594407978 116.54237030587143 17
1757594407986 112.58795597441353 18
1757594407995 108.68345312231153 19
1757594408003 104.83966777657385 20
1757594408011 101.06575296845801 21
1757594408019 97.36936928843875 22
1757594408028 93.756834615648 23
1757594408036 90.2332631061561 24
1757594408045 86.80269367402366 25
1757594408053 83.46820830990563 26
1757594408061 80.2320406615764 27
1757594408069 77.09567535508471 28
1757594408077 74.05993856951595 29
1757594408086 71.12508039664978 30
1757594408094 68.29084952262552 31
1757594408102 65.5565607649091 32
1757594408111 62.92115598668553 33
1757594408119 60.383258894192544 34
1757594408127 57.94122420194929 35
1757594408136 55.59318162760872 36
1757594408144 53.33707515319741 37
1757594408152 51.170697963610245 38
1757594408161 49.09172344702923 39
1757594408169 47.09773261585284 40
1757594408178 45.1862382811938 41
1757594408186 43.35470628921377 42
1757594408195 41.60057410379157 43
1757594408203 39.92126699732578 44
1757594408211 38.31421208999992 45
1757594408220 36.77685045759466 46
1757594408228 35.30664750896347 47
1757594408237 33.901101816575576 48
1757594408245 32.55775256705068 49
1757594408253 31.27418578333704 50
1757594408262 30.048039456065858 51
1757594408270 28.877007708591954 52
1757594408279 27.758844108262934 53
1757594408287 26.69136422547148 54
1757594408296 25.67244753198194 55
1757594408304 24.700038720832687 56
1757594408313 23.772148521719576 57
1757594408321 22.886854078129467 58
1757594408329 22.042298945541315 59
1757594408338 21.236692763702962 60
1757594408347 20.468310650272876 61
1757594408355 19.73549235793119 62
1757594408364 19.03664123238893 63
1757594408372 18.370223004485993 64
1757594408380 17.734764445763407 65
1757594408389 17.128851913452667 66
1757594408397 16.551129807742498 67
1757594408406 16.000298961400162 68
1757594408415 15.475114979343202 69
1757594408424 14.974386543517607 70
1757594408432 14.496973696448437 71
1757594408441 14.041786115042093 72
1757594408450 13.607781384629961 73
1757594408459 13.193963281822384 74
1757594408467 12.799380073484217 75
1757594408476 12.423122838021133 76
1757594408484 12.064323814172841 77
1757594408492 11.72215478163325 78
1757594408501 11.395825477038679 79
1757594408509 11.084582048186222 80
1757594408517 10.787705548738657 81
1757594408526 10.504510475150315 82
1757594408535 10.234343347085828 83
1757594408544 9.976581332202148 84
1757594408552 9.730630915818677 85
1757594408561 9.495926615695865 86
1757594408570 9.271929741886701 87
1757594408578 9.058127201401247 88
1757594408587 8.854030347237765 89
1757594408596 8.659173871172705 90
1757594408604 8.473114739569846 91
1757594408613 8.295431171357116 92
1757594408622 8.125721657230942 93
1757594408631 7.9636040190731245 94
1757594408640 7.808714508510919 95
1757594408648 7.660706943504525 96
1757594408657 7.519251881818511 97
1757594408666 7.384035830208513 98
1757594408674 7.2547604881458 99
1757594408683 7.131142024895849 100
1757594408692 7.012910388769882 101
1757594408701 6.899808647376665 102
1757594408710 6.791592357713683 103
1757594408718 6.688028964954808 104
1757594408727 6.588897228809996 105
1757594408736 6.493986676357441 106
1757594408745 6.40309708027253 107
1757594408754 6.316037961405355 108
1757594408763 6.232628114687053 109
1757594408771 6.152695157374914 110
1757594408780 6.076075098675984 111
1757594408789 6.002611929820324 112
1757594408798 5.932157233685504 113
1757594408806 5.864569813105266 114
1757594408815 5.799715337027254 115
1757594408824 5.7374660037128855 116
1757594408833 5.677700220206108 117
1757594408841 5.620302297325739 118
1757594408850 5.565162159465126 119
1757594408859 5.512175068513576 120
1757594408868 5.4612413612400434 121
1757594408877 5.412266199508348 122
1757594408886 5.365159332718768 123
1757594408895 5.319834871897576 124
1757594408904 5.276211074880362 125
1757594408913 5.234210142059902 126
1757594408922 5.193758022191708 127
1757594408931 5.154784227774219 128
1757594408941 5.117221659541313 129
1757594408950 5.081006439626155 130
1757594408959 5.046077752975651 131
1757594408968 5.012377696614113 132
1757594408977 4.979851136372625 133
1757594408985 4.948445570720069 134
1757594408994 4.9181110013465865 135
1757594409003 4.888799810169106 136
1757594409012 4.86046664244202 137
1757594409021 4.8330682956728035 138
1757594409030 4.806563614055601 139
1757594409039 4.780913388150453 140
1757594409049 4.756080259548066 141
1757594409058 4.732028630273136 142
1757594409068 4.708724576691292 143
1757594409077 4.68613576769554 144
1757594409086 4.664231386959726 145
1757594409095 4.642982059056363 146
1757594409105 4.622359779246444 147
1757594409114 4.602337846757959 148
1757594409123 4.582890801379458 149
1757594409133 4.563994363202553 150
1757594409142 4.545625375356859 151
1757594409151 4.527761749587068 152
1757594409160 4.51038241453052 153
1757594409170 4.493467266560089 154
1757594409179 4.476997123064037 155
1757594409188 4.460953678040763 156
1757594409197 4.445319459892869 157
1757594409206 4.430077791310083 158
1757594409216 4.415212751136583 159
1757594409225 4.400709138123641 160
1757594409234 4.386552436472587 161
1757594409243 4.372728783078965 162
1757594409252 4.359224936392638 163
1757594409262 4.346028246812277 164
1757594409271 4.333126628538651 165
1757594409281 4.320508532812447 166
1757594409290 4.30816292246801 167
1757594409299 4.296079247737289 168
1757594409308 4.284247423240662 169
1757594409317 4.2726578061063645 170
1757594409326 4.2613011751612095 171
1757594409336 4.250168711139552 172
1757594409345 4.239251977859409 173
1757594409355 4.228542904317712 174
1757594409364 4.218033767658335 175
1757594409373 4.2077171769700294 176
1757594409383 4.197586057872252 177
1757594409392 4.187633637850135 178
1757594409401 4.177853432300789 179
1757594409411 4.168239231256042 180
1757594409420 4.158785086747627 181
1757594409429 4.149485300783098 182
1757594409439 4.140334413901758 183
1757594409448 4.131327194282476 184
1757594409457 4.122458627375288 185
1757594409466 4.113723906031354 186
1757594409476 4.105118421106233 187
1757594409485 4.096637752513458 188
1757594409494 4.088277660705636 189
1757594409504 4.08003407856239 190
1757594409513 4.071903103664912 191
1757594409523 4.0638809909378235 192
1757594409532 4.055964145640852 193
1757594409541 4.048149116692433 194
1757594409550 4.040432590309316 195
1757594409560 4.032811383946503 196
1757594409569 4.025282440522989 197
1757594409579 4.017842822919001 198
1757594409588 4.010489708731674 199
1757594409597 4.003220385276358 200
1757594409607 3.9960322448218024 201
1757594409616 3.9889227800475235 202
1757594409627 3.981889579712699 203
1757594409636 3.9749303245262984 204
1757594409646 3.968042783208632 205
1757594409655 3.961224808735009 206
1757594409665 3.9544743347526725 207
1757594409674 3.9477893721627386 208
1757594409684 3.941168005859066 209
1757594409693 3.9346083916163566 210
1757594409703 3.9281087531207413 211
1757594409712 3.9216673791354086 212
1757594409721 3.915282620795132 213
1757594409731 3.908952889023637 214
1757594409741 3.902676652067544 215
1757594409750 3.8964524331415697 216
1757594409760 3.8902788081796627 217
1757594409769 3.8841544036870164 218
1757594409779 3.8780778946879724 219
1757594409788 3.872048002765615 220
1757594409798 3.866063494188405 221
1757594409807 3.8601231781198346 222
1757594409817 3.8542259049073024 223
1757594409827 3.8483705644462107 224
1757594409836 3.8425560846161093 225
1757594409846 3.83678142978501 226
1757594409855 3.83104559937934 227
1757594409868 3.825347626515829 228
1757594409881 3.8196865766926833 229
1757594409890 3.8140615465374963 230
1757594409900 3.8084716626090134 231
1757594409909 3.8029160802501853 232
1757594409919 3.7973939824904477 233
1757594409928 3.791904578994665 234
1757594409938 3.7864471050567334 235
1757594409948 3.7810208206358222 236
1757594409958 3.775625009433122 237
1757594409967 3.770258978007446 238
1757594409979 3.7649220549279416 239
1757594409989 3.7596135899617575 240
1757594409999 3.75433295329596 241
1757594410009 3.7490795347912123 242
1757594410018 3.7438527432663244 243
1757594410028 3.738652005812367 244
1757594410037 3.7334767671345075 245
1757594410047 3.728326488920821 246
1757594410057 3.7232006492366683 247
1757594410066 3.718098741943564 248
1757594410076 3.71302027614137 249
1757594410086 3.7079647756327474 250
1757594410095 3.70293177840914 251
1757594410105 3.697920836157173 252
1757594410115 3.692931513784248 253
1757594410127 3.687963388963265 254
1757594410137 3.683016051694872 255
1757594410147 3.6780891038869616 256
1757594410157 3.6731821589504063 257
1757594410167 3.668294841410504 258
1757594410176 3.663426786533433 259
1757594410187 3.6585776399668015 260
1757594410197 3.65374705739429 261
1757594410206 3.6489347042030436 262
1757594410216 3.6441402551638857 263
1757594410226 3.6393633941234844 264
1757594410236 3.634603813708123 265
1757594410246 3.6298612150383143 266
1757594410256 3.625135307454387 267
1757594410266 3.620425808251849 268
1757594410276 3.6157324424266433 269
1757594410285 3.611054942429815 270
1757594410296 3.606393047930947 271
1757594410305 3.6017465055903113 272
1757594410315 3.5971150688391496 273
1757594410325 3.592498497667981 274
1757594410335 3.587896558422298 275
1757594410344 3.5833090236057137 276
1757594410355 3.5787356716899783 277
1757594410364 3.5741762869317535 278
1757594410374 3.5696306591957137 279
1757594410384 3.5650985837839673 280
1757594410394 3.56057986127136 281
1757594410404 3.556074297346342 282
1757594410414 3.5515817026575967 283
1757594410424 3.547101892665601 284
1757594410433 3.542634687499511 285
1757594410444 3.538179911818797 286
1757594410454 3.533737394679445 287
1757594410463 3.529306969404935 288
1757594410473 3.5248884734612997 289
1757594410483 3.5204817483363975 290
1757594410493 3.516086639423269 291
1757594410503 3.511702995907213 292
1757594410513 3.507330670656793 293
1757594410523 3.502969520118054 294
1757594410533 3.4986194042125964 295
1757594410543 3.494280186238654 296
1757594410553 3.489951732775412 297
1757594410564 3.4856339135905725 298
1757594410574 3.4813266015506046 299
1757594410584 3.47702967253415 300
1757594410594 3.472743005347821 301
1757594410604 3.468466481645004 302
1757594410614 3.46419998584705 303
1757594410624 3.459943405066808 304
1757594410634 3.455696629034818 305
1757594410644 3.4514595500275194 306
1757594410654 3.4472320627978807 307
1757594410664 3.4430140645080494 308
1757594410674 3.4388054546640285 309
1757594410684 3.4346061350524995 310
1757594410694 3.4304160096793974 311
1757594410704 3.4262349847104727 312
1757594410714 3.4220629684135067 313
1757594410724 3.4178998711023776 314
1757594410734 3.413745605082709 315
1757594410744 3.409600084599246 316
1757594410755 3.405463225784654 317
1757594410767 3.4013349466099347 318
1757594410777 3.3972151668362236 319
1757594410788 3.393103807968044 320
1757594410798 3.3890007932079147 321
1757594410808 3.384906047412247 322
1757594410818 3.3808194970486216 323
1757594410828 3.3767410701541 324
1757594410838 3.372670696294971 325
1757594410849 3.368608306527389 326
1757594410859 3.3645538333594596 327
1757594410869 3.360507210714028 328
1757594410879 3.3564683738928616 329
1757594410890 3.3524372595416154 330
1757594410900 3.3484138056158397 331
1757594410910 3.344397951348022 332
1757594410920 3.340389637215492 333
1757594410930 3.3363888049091344 334
1757594410940 3.3323953973030926 335
1757594410951 3.3284093584253283 336
1757594410961 3.324430633428838 337
1757594410971 3.320459168563809 338
1757594410981 3.3164949111504516 339
1757594410991 3.312537809552639 340
1757594411002 3.308587813152199 341
1757594411012 3.304644872323976 342
1757594411022 3.3007089384114416 343
1757594411033 3.296779963703133 344
1757594411043 3.292857901409636 345
1757594411053 3.2889427056411145 346
1757594411064 3.28503433138562 347
1757594411074 3.281132734487719 348
1757594411085 3.2772378716280355 349
1757594411095 3.2733497003030116 350
1757594411106 3.2694681788053517 351
1757594411116 3.265593266205055 352
1757594411127 3.26172492233071 353
1757594411137 3.2578631077515467 354
1757594411147 3.2540077837597963 355
1757594411157 3.250158912353598 356
1757594411168 3.246316456220215 357
1757594411178 3.2424803787198413 358
1757594411188 3.238650643869791 359
1757594411198 3.2348272163289966 360
1757594411209 3.2310100613830484 361
1757594411220 3.2271991449295023 362
1757594411230 3.223394433463654 363
1757594411241 3.219595894064582 364
1757594411252 3.2158034943816496 365
1757594411263 3.2120172026213005 366
1757594411274 3.2082369875341206 367
1757594411284 3.2044628184024466 368
1757594411295 3.2006946650279575 369
1757594411305 3.196932497719879 370
1757594411316 3.1931762872833835 371
1757594411326 3.189426005008133 372
1757594411337 3.185681622657459 373
1757594411347 3.1819431124573567 374
1757594411358 3.178210447086177 375
1757594411369 3.1744835996642755 376
1757594411380 3.1707625437441256 377
1757594411390 3.167047253300545 378
1757594411401 3.1633377027212037 379
1757594411411 3.1596338667973636 380
1757594411421 3.155935720714888 381
1757594411432 3.1522432400454186 382
1757594411442 3.148556400737742 383
1757594411453 3.1448751791095377 384
1757594411463 3.141199551839043 385
1757594411474 3.1375294959572706 386
1757594411485 3.133864988840034 387
1757594411495 3.1302060082005148 388
1757594411506 3.1265525320817638 389
1757594411517 3.1229045388495575 390
1757594411527 3.119262007185261 391
1757594411538 3.115624916079066 392
1757594411549 3.1119932448231427 393
1757594411559 3.1083669730051775 394
1757594411570 3.1047460805020144 395
1757594411580 3.1011305474733297 396
1757594411591 3.0975203543555665 397
1757594411601 3.0939154818560186 398
1757594411612 3.0903159109470053 399
1757594411623 3.086721622860234 400
1757594411633 3.0831325990812704 401
1757594411644 3.0795488213440936 402
1757594411655 3.075970271625887 403
1757594411665 3.072396932141876 404
1757594411676 3.0688287853402794 405
1757594411686 3.06526581389745 406
1757594411697 3.0617080007130624 407
1757594411708 3.0581553289054524 408
1757594411718 3.054607781806974 409
1757594411728 3.051065342959742 410
1757594411739 3.047527996110985 411
1757594411750 3.0439957252091028 412
1757594411761 3.040468514399265 413
1757594411771 3.0369463480195233 414
1757594411782 3.033429210596756 415
1757594411793 3.0299170868428345 416
1757594411803 3.026409961650784 417
1757594411814 3.0229078200912585 418
1757594411825 3.01941064740873 419
1757594411835 3.015918429018111 420
1757594411846 3.0124311505012265 421
1757594411857 3.0089487976035105 422
1757594411868 3.005471356230674 423
1757594411878 3.0019988124455614 424
1757594411889 2.998531152464918 425
1757594411900 2.9950683626564367 426
1757594411910 2.99161042953566 427
1757594411921 2.988157339763113 428
1757594411932 2.984709080141467 429
1757594411943 2.9812656376126907 430
1757594411953 2.9778269992553135 431
1757594411964 2.9743931522818534 432
1757594411975 2.9709640840360483 433
1757594411986 2.967539781990497 434
1757594411997 2.964120233743975 435
1757594412008 2.9607054270191773 436
1757594412019 2.9572953496602206 437
1757594412029 2.9538899896303117 438
1757594412040 2.950489335009586 439
1757594412051 2.9470933739927436 440
1757594412062 2.943702094886981 441
1757594412073 2.940315486109786 442
1757594412084 2.936933536186943 443
1757594412094 2.933556233750408 444
1757594412105 2.930183567536409 445
1757594412116 2.9268155263834323 446
1757594412126 2.9234520992303814 447
1757594412137 2.920093275114658 448
1757594412148 2.9167390431704185 449
1757594412159 2.913389392626701 450
1757594412169 2.910044312805808 451
1757594412180 2.9067037931214785 452
1757594412191 2.9033678230773505 453
1757594412202 2.900036392265242 454
1757594412213 2.8967094903635786 455
1757594412224 2.8933871071358683 456
1757594412235 2.8900692324291692 457
1757594412247 2.8867558561726088 458
1757594412258 2.8834469683758703 459
1757594412269 2.8801425591278247 460
1757594412280 2.8768426185951648 461
1757594412291 2.8735471370209584 462
1757594412302 2.8702561047233313 463
1757594412313 2.8669695120942627 464
1757594412324 2.863687349598177 465
1757594412335 2.8604096077707397 466
1757594412345 2.8571362772176974 467
1757594412356 2.853867348613526 468
1757594412367 2.850602812700463 469
1757594412378 2.8473426602871776 470
1757594412389 2.8440868822477894 471
1757594412400 2.8408354695206417 472
1757594412411 2.8375884131073073 473
1757594412422 2.834345704071546 474
1757594412433 2.831107333538259 475
1757594412444 2.827873292692376 476
1757594412455 2.824643572778041 477
1757594412466 2.821418165097579 478
1757594412487 2.818197061010426 479
1757594412504 2.8149802519324187 480
1757594412515 2.8117677293347403 481
1757594412526 2.808559484743074 482
1757594412537 2.805355509736671 483
1757594412549 2.802155795947659 484
1757594412560 2.798960335060013 485
1757594412571 2.795769118808881 486
1757594412582 2.7925821389797085 487
1757594412593 2.7893993874074727 488
1757594412607 2.78622085597595 489
1757594412618 2.783046536616879 490
1757594412629 2.7798764213093397 491
1757594412640 2.7767105020789375 492
1757594412651 2.7735487709970994 493
1757594412662 2.7703912201804504 494
1757594412673 2.7672378417900743 495
1757594412685 2.764088628030894 496
1757594412696 2.760943571150955 497
1757594412707 2.7578026634408634 498
1757594412718 2.754665897233065 499
