1757518434150 0.18010361381882564 0
1757518434184 0.3534671960060946 1
1757518434218 0.00043990766419494716 2
1757518434251 0.12578008403957 3
1757518434284 0.04448349494501608 4
1757518434318 0.036746045280147965 5
1757518434353 0.5298468115531718 6
1757518434386 0.0012449776037032317 7
1757518434419 0.01069382358779635 8
1757518434453 0.0032268389313464905 9
1757518434486 0.036764656398475114 10
1757518434519 0.022108101858729606 11
1757518434553 0.008518179818314072 12
1757518434586 0.00012937388528415323 13
1757518434619 0.2322626757969936 14
1757518434654 0.06332454810346565 15
1757518434687 0.034644933365655474 16
1757518434721 0.06882419991616208 17
1757518434754 0.0026669246735352217 18
1757518434787 0.015854025262094753 19
1757518434820 0.08261306089131856 20
1757518434853 0.09648155528122195 21
1757518434887 0.17153119927794766 22
1757518434920 0.0449920752617615 23
1757518434954 0.05001862031519316 24
1757518434987 0.08023486866897124 25
1757518435021 0.13258821405464558 26
1757518435054 0.0029812952894796773 27
1757518435087 0.0008231263657540173 28
1757518435121 0.024930832086329336 29
1757518435154 5.906710790119554e-06 30
1757518435187 0.056145495688765416 31
1757518435221 0.11886270139519543 32
1757518435254 0.04229854511022226 33
1757518435287 0.08412914501269501 34
1757518435320 0.006136763464452346 35
1757518435368 0.14345174634191046 36
1757518435402 0.0266528585828678 37
1757518435436 0.2504779842933555 38
1757518435470 0.0019088920602588133 39
1757518435504 0.4331630215234233 40
1757518435538 0.003705348541917281 41
1757518435572 0.11855577549649605 42
1757518435605 0.44294342056959113 43
1757518435639 0.006325633846445562 44
1757518435672 0.036403238174654476 45
1757518435707 0.03897055649459617 46
1757518435741 0.00021087666965699148 47
1757518435775 0.022674747817439094 48
1757518435809 0.06103615355588345 49
1757518435842 0.11048909088731661 50
1757518435884 0.010420118487009994 51
1757518435919 0.037397742457757475 52
1757518435953 0.002027905817209721 53
1757518435987 0.1358571823759517 54
1757518436021 1.040379697526933e-06 55
1757518436055 0.0007961389983813118 56
1757518436089 0.2187544425704841 57
1757518436124 0.0010782218751660274 58
1757518436158 0.2250446534513609 59
1757518436192 0.11537136729280913 60
1757518436225 0.05018824914097629 61
1757518436259 0.03208711011035403 62
1757518436292 0.15264463544697543 63
1757518436326 0.05318430127389845 64
1757518436359 0.040572323429963135 65
1757518436393 0.038767900517120174 66
1757518436427 0.022020965606453176 67
1757518436460 0.11533102367315277 68
1757518436494 0.024532061755675814 69
1757518436528 0.08721482111245066 70
1757518436561 0.009179339397836106 71
1757518436595 0.04498163051768326 72
1757518436628 1.6464436140159309 73
1757518436662 0.15600566364872828 74
1757518436696 0.03210838682350543 75
1757518436730 0.001446028047338818 76
1757518436764 0.5555528507162097 77
1757518436798 0.03018570769357902 78
1757518436832 6.20215169082062e-05 79
1757518436865 0.2329727485060441 80
1757518436899 0.02811556032483143 81
1757518436932 0.25307392639940524 82
1757518436966 0.016854418768618738 83
1757518437000 0.06854854804088446 84
1757518437034 0.21787409125630158 85
1757518437067 0.0006948066265521321 86
1757518437101 0.0049358691877054725 87
1757518437135 0.0029234904205905523 88
1757518437168 0.06508431682700988 89
1757518437201 0.30706217690447685 90
1757518437235 0.10525634206469975 91
1757518437269 0.07648529162659295 92
1757518437303 0.10263295748364877 93
1757518437337 0.19644029929825474 94
1757518437370 0.1022479323899287 95
1757518437404 0.034237744325917294 96
1757518437438 0.050212839633521224 97
1757518437471 0.2060922656839235 98
1757518437505 0.16350448163708725 99
1757518437539 0.05290663647450709 100
1757518437573 0.06906750137179078 101
1757518437607 0.019775285059160427 102
1757518437641 0.038970937064626204 103
1757518437674 0.015456120396731377 104
1757518437708 0.024225598845792246 105
1757518437742 0.003390237380639498 106
1757518437776 0.048690799543013016 107
1757518437810 0.01576818201968485 108
1757518437845 0.0023405565594042006 109
1757518437882 0.0013054554886647285 110
1757518437916 0.11587435353245615 111
1757518437951 0.03520055871992645 112
1757518437985 0.05688465447874546 113
1757518438019 0.12066645830069844 114
1757518438053 0.05452482019970794 115
1757518438087 0.0870220956443278 116
1757518438121 0.006981669559397869 117
1757518438155 0.0264473246463803 118
1757518438188 0.11108714825313534 119
1757518438222 0.02255927440255343 120
1757518438256 0.01050264399173632 121
1757518438290 0.09253343126380399 122
1757518438327 0.005091162654300328 123
1757518438361 0.087482706951854 124
1757518438395 0.08728245480273816 125
1757518438430 0.18797631449480617 126
1757518438464 0.16140413248981106 127
1757518438498 0.15854718128691542 128
1757518438532 0.026574317471133115 129
1757518438566 0.05617091423982374 130
1757518438601 0.15638919748235303 131
1757518438635 0.0951106001052928 132
1757518438670 0.041851763257612015 133
1757518438704 0.01419060880366994 134
1757518438739 0.00029717040319219033 135
1757518438772 0.06318566466531683 136
1757518438806 0.05902323933079751 137
1757518438840 0.36451775486186083 138
1757518438874 3.169450687897971 139
1757518438908 0.008324535326644303 140
1757518438942 0.06623429740704707 141
1757518438976 0.004257953333421011 142
1757518439011 0.003883923936077239 143
1757518439045 0.06430299708640283 144
1757518439080 0.010862497134544779 145
1757518439115 0.015322618995822471 146
1757518439149 0.009075464938758888 147
1757518439184 0.0005365925555170254 148
1757518439218 0.03319098806729938 149
1757518439252 0.03216284298593801 150
1757518439286 4.00044726856524e-05 151
1757518439321 0.005580060777102322 152
1757518439355 0.020249799197207697 153
1757518439389 0.004973588624695003 154
1757518439423 0.008508290958946098 155
1757518439457 0.042148435564113046 156
1757518439491 0.10327067353890156 157
1757518439526 0.006621048983524503 158
1757518439560 0.12624299339891742 159
1757518439594 0.0033813207096284985 160
1757518439629 0.046298881137106965 161
1757518439663 0.0007246706413873388 162
1757518439697 0.022793697251268966 163
1757518439731 0.01654138128695479 164
1757518439766 0.1602058342242144 165
1757518439800 0.008264224202994996 166
1757518439834 0.06737537215549787 167
1757518439869 0.023922145086679673 168
1757518439904 0.005444205839094288 169
1757518439938 0.2637167660369186 170
1757518439973 0.045894138940682304 171
1757518440007 0.1719808144162958 172
1757518440043 0.026596030946405294 173
1757518440078 0.17294502727387231 174
1757518440113 0.0958708817659144 175
1757518440147 0.011405840061051232 176
1757518440182 0.009989774544524106 177
1757518440216 0.14957456576725706 178
1757518440251 0.13745868554950152 179
1757518440285 0.07103615500280404 180
1757518440320 0.15209426962461703 181
1757518440354 0.0021178395704017313 182
1757518440388 0.010156592711847264 183
1757518440423 0.03234824719038371 184
1757518440458 0.03478615746014271 185
1757518440492 0.04949730908399747 186
1757518440527 0.037142392688039025 187
1757518440562 0.09929409114211163 188
1757518440597 0.3561768117476121 189
1757518440631 0.006039353111652297 190
1757518440666 0.019800213266263543 191
1757518440701 0.042997843985906704 192
1757518440736 0.0004042343002569877 193
1757518440770 0.024420712402361603 194
1757518440805 0.022836963505379778 195
1757518440840 0.012189343784026429 196
1757518440874 0.050389251164267776 197
1757518440909 0.04359276400741817 198
1757518440944 0.009586305527681721 199
1757518440979 5.6412132770320755e-06 200
1757518441013 0.0011501504955241048 201
1757518441048 0.011041818456704683 202
1757518441087 0.021167708861980123 203
1757518441121 0.02411605106756204 204
1757518441156 0.0032076142222163726 205
1757518441190 0.0631294577546469 206
1757518441225 0.0008319172430608389 207
1757518441260 0.0199925971059105 208
1757518441295 0.005273875955550347 209
1757518441329 0.002215433444834764 210
1757518441364 0.19915132155485696 211
1757518441399 0.03334324071973876 212
1757518441433 0.014940355467899112 213
1757518441468 0.13747917633328965 214
1757518441503 0.003440452983506397 215
1757518441537 0.16924104532383316 216
1757518441572 0.044257782791556406 217
1757518441606 0.0030824377341148873 218
1757518441641 0.1434475145039813 219
1757518441676 0.008644394933354777 220
1757518441711 0.01710689968773401 221
1757518441746 0.14815282005247254 222
1757518441781 0.09918930373272071 223
1757518441815 0.03797255670724887 224
1757518441850 0.03587856586748298 225
1757518441885 0.026949922650051875 226
1757518441920 0.01924631701575048 227
1757518441955 0.05114414528757313 228
1757518441990 0.33225405414199544 229
1757518442025 0.001594882254202354 230
1757518442059 0.7296684391815631 231
1757518442094 0.05120489413053213 232
1757518442129 0.0502658026820147 233
1757518442164 0.08924193906286897 234
1757518442199 0.00034303427960721486 235
1757518442234 6.24666873225709e-05 236
1757518442271 0.14646876935646788 237
1757518442306 0.34790464484169215 238
1757518442341 0.07637651568116918 239
1757518442375 0.006077898843059533 240
1757518442411 0.17640033069518277 241
1757518442446 0.003874804690527003 242
1757518442480 0.06830660339540896 243
1757518442515 0.04962807959885592 244
1757518442550 0.05041692983240182 245
1757518442584 0.015569924151389976 246
1757518442619 0.0007673415606961196 247
1757518442654 0.1320642841568451 248
1757518442690 0.04256590234063808 249
1757518442724 0.0014221459433140403 250
1757518442760 0.0946195595836374 251
1757518442795 0.06256646308252746 252
1757518442829 0.0009288097655504821 253
1757518442864 0.227453511095922 254
1757518442899 0.1640870512492352 255
1757518442935 0.05651718635252751 256
1757518442970 0.06682671000427766 257
1757518443005 0.014712186242288794 258
1757518443040 0.034859931862829714 259
1757518443075 0.01760104032358084 260
1757518443109 0.03082943158421385 261
1757518443144 0.009951531725410856 262
1757518443179 0.021587673433570785 263
1757518443214 0.1529545358732957 264
1757518443249 0.16754113348954028 265
1757518443284 0.011444150610513308 266
1757518443320 0.00899181961196687 267
1757518443362 0.029045408017897834 268
1757518443397 0.01005682759518649 269
1757518443433 0.010062334711855402 270
1757518443469 0.08408192670565393 271
1757518443504 0.1605182548451981 272
1757518443539 0.15662483723317425 273
1757518443574 0.16620544189968897 274
1757518443610 0.04989142340604643 275
1757518443645 0.0060771457009874295 276
1757518443680 0.016620816260058926 277
1757518443715 0.0009157335534782429 278
1757518443750 0.17890164853676413 279
1757518443785 0.0316410355517609 280
1757518443821 0.09418710953779558 281
1757518443856 0.015934866159343114 282
1757518443891 0.008087523553861588 283
1757518443927 0.22642536900259072 284
1757518443961 0.20950123983491728 285
1757518443997 7.16646320193937e-07 286
1757518444032 0.029350379763108007 287
1757518444067 0.03944187301615577 288
1757518444103 0.1843820957899742 289
1757518444138 0.015644250668453378 290
1757518444173 0.00010039988936316131 291
1757518444208 0.023134205469443087 292
1757518444244 0.007182050579501696 293
1757518444279 0.009782597628156722 294
1757518444315 0.006766569710082054 295
1757518444352 0.003643099262147666 296
1757518444390 0.03499958006283734 297
1757518444426 0.010341194677023657 298
1757518444461 0.04517320451076453 299
1757518444497 0.2205442956988849 300
1757518444532 0.004632750385835064 301
1757518444567 0.19428653354772132 302
1757518444602 0.008745622585063133 303
1757518444638 0.0513743138205379 304
1757518444673 0.3280311555938734 305
1757518444710 0.04415597532315052 306
1757518444745 0.16698666177640772 307
1757518444782 0.006301925172302884 308
1757518444819 0.004776092105783404 309
1757518444855 0.05618718776870517 310
1757518444904 0.43707225136672584 311
1757518444940 0.03299718391924336 312
1757518444976 0.03396078825324097 313
1757518445012 1.747377816000415e-05 314
1757518445047 0.004572298442948789 315
1757518445083 0.029134749562107508 316
1757518445118 0.06051412381245418 317
1757518445153 0.02157549373592081 318
1757518445189 0.036128557217717995 319
1757518445224 0.3317488065432759 320
1757518445259 0.01015415992930817 321
1757518445295 2.7895912145594655 322
1757518445330 0.0875619426089917 323
1757518445365 0.010019375059082165 324
1757518445401 0.000288374029699172 325
1757518445437 0.19188912460708102 326
1757518445472 0.1404261920644886 327
1757518445507 0.023504219210959434 328
1757518445544 0.01362200579724587 329
1757518445580 0.32230040576674807 330
1757518445615 0.08626858955930392 331
1757518445651 0.00027904768065879564 332
1757518445686 0.0315443704308952 333
1757518445722 0.0466285244840519 334
1757518445758 0.010107474993535533 335
1757518445794 0.05623466433028409 336
1757518445831 0.0056183468089545914 337
1757518445867 0.00031130277483750835 338
1757518445903 0.0643889479189895 339
1757518445938 0.004231551083675619 340
1757518445974 0.13104974176736434 341
1757518446010 0.5363808034841782 342
1757518446045 0.008059318589692839 343
1757518446080 0.08080560993829557 344
1757518446115 0.02208607188059077 345
1757518446151 0.08998421013505503 346
1757518446186 0.19255601373453937 347
1757518446222 0.022449836392564683 348
1757518446257 0.042655461705299456 349
1757518446293 0.43117340540718296 350
1757518446329 0.19503306980230842 351
1757518446366 0.025003631834449997 352
1757518446402 0.05377365776077814 353
1757518446438 0.10335906836628453 354
1757518446474 0.019081646809451836 355
1757518446510 0.001831139822860976 356
1757518446546 0.010499609739218714 357
1757518446583 0.006266512544752579 358
1757518446622 0.045855663487986364 359
1757518446658 0.0014323721495218603 360
1757518446694 0.029794329165661236 361
1757518446730 0.039588467108808985 362
1757518446766 0.01586804284084385 363
1757518446802 0.024777549494290486 364
1757518446838 0.03891389368997928 365
1757518446874 0.030215411147025504 366
1757518446911 0.017688988461305316 367
1757518446947 6.88581036132767e-05 368
1757518446982 0.008224202508475425 369
1757518447018 0.07109466092131132 370
1757518447054 0.01954242197564272 371
1757518447090 0.0014483625428964308 372
1757518447128 0.38330910086540537 373
1757518447164 0.012222061686503569 374
1757518447200 0.03721779428687176 375
1757518447238 0.016270683116670265 376
1757518447273 0.07214915969482912 377
1757518447309 0.11880184381362542 378
1757518447345 0.0019162376843267488 379
1757518447380 0.0530199072358313 380
1757518447417 0.23842335583573565 381
1757518447452 0.05075944095443721 382
1757518447488 0.07377942769771906 383
1757518447524 0.026497605714191786 384
1757518447559 0.007562653387806318 385
1757518447595 0.0007423693970160291 386
1757518447631 0.14670589443422002 387
1757518447667 0.04857580259142621 388
1757518447702 0.14181925288365232 389
1757518447738 0.05378400731699739 390
1757518447774 0.06125312833311386 391
1757518447810 0.026765344439525916 392
1757518447846 0.0861910612878484 393
1757518447882 0.19692727693890477 394
1757518447918 0.000971318219351855 395
1757518447953 0.014299489566727408 396
1757518447989 0.1205696875390446 397
1757518448025 0.04642000416296612 398
1757518448061 0.24924450632347234 399
1757518448097 0.02058615058302861 400
1757518448133 0.0036457937655305396 401
1757518448170 0.03644387424699259 402
1757518448207 0.0005545510931603477 403
1757518448244 0.005630955932789799 404
1757518448280 0.04483490877744138 405
1757518448316 0.07344424246601527 406
1757518448352 0.38894602726213134 407
1757518448388 0.023215462816846142 408
1757518448424 0.00017988227899133307 409
1757518448461 0.050079812528533316 410
1757518448496 0.036529077389539776 411
1757518448532 0.003448330957811939 412
1757518448568 0.20380574491860154 413
1757518448604 0.013827847885745833 414
1757518448640 0.021898693778277516 415
1757518448676 0.029460375929899276 416
1757518448712 0.018536509782591807 417
1757518448750 0.2042111622243571 418
1757518448787 0.0008802555218885178 419
1757518448824 0.003060721353580363 420
1757518448860 0.0483613211134866 421
1757518448897 0.06558655000557106 422
1757518448933 0.04891702501974788 423
1757518448969 0.19617029143977877 424
1757518449005 0.17573973689843744 425
1757518449041 0.16889512243116167 426
1757518449078 0.06835410598007723 427
1757518449114 1.361988903911468 428
1757518449150 0.0381573167350901 429
1757518449186 0.0006613482754686813 430
1757518449222 0.01550800652026177 431
1757518449258 0.036020956389824346 432
1757518449293 0.009262162879054873 433
1757518449330 0.005808327493982466 434
1757518449365 0.02508185938152915 435
1757518449402 0.0011042857182083372 436
1757518449439 0.004884678127361799 437
1757518449475 0.02592639589948249 438
1757518449512 0.057137574986862394 439
1757518449548 0.0011550157855022276 440
1757518449586 0.003729813144377841 441
1757518449623 0.004101436134914493 442
1757518449659 0.037438986278040515 443
1757518449695 0.0051743343935013045 444
1757518449732 0.06402318542962239 445
1757518449768 0.06230185536188849 446
1757518449803 0.1151407428343535 447
1757518449840 0.0020515162064052134 448
1757518449876 0.21844951485242878 449
1757518449912 0.15423600331008586 450
1757518449948 0.06511783938252913 451
1757518449984 0.00036431120426389045 452
1757518450020 0.0522004368609417 453
1757518450057 0.0022096538638898735 454
1757518450093 0.03273882199019348 455
1757518450129 0.004124500995330438 456
1757518450165 0.0001298657197668306 457
1757518450201 0.025715027403603846 458
1757518450238 0.054702839262625876 459
1757518450273 0.033442887160343264 460
1757518450309 0.06443032165600819 461
1757518450345 0.7684584269057892 462
1757518450382 0.09274042679027981 463
1757518450418 0.11665734951048164 464
1757518450454 0.12507289667261232 465
1757518450490 0.20510800867849555 466
1757518450526 0.8288631083897172 467
1757518450562 0.0795678199291672 468
1757518450598 0.003761619525321422 469
1757518450634 0.0018845315372050073 470
1757518450670 0.033701200950189976 471
1757518450706 0.013314185038038651 472
1757518450742 0.14304823663130584 473
1757518450779 0.1765979177306312 474
1757518450815 0.20658315468396643 475
1757518450852 0.06834054601663735 476
1757518450889 0.06250983119184478 477
1757518450926 0.08061138895185452 478
1757518450962 0.0007229651192220322 479
1757518450998 0.07006404147605351 480
1757518451035 0.00011591498615838537 481
1757518451071 0.00970339160310704 482
1757518451107 0.017534570837554667 483
1757518451143 0.7447244309403609 484
1757518451180 0.001535216981835196 485
1757518451215 0.04636177968914459 486
1757518451252 0.00018464072618992874 487
1757518451288 0.005468532638852998 488
1757518451324 0.10005807886992539 489
1757518451360 0.022442422246361147 490
1757518451396 0.30063193960631845 491
1757518451432 0.3511606328431083 492
1757518451469 0.04998600348292463 493
1757518451506 0.11302012397658733 494
1757518451542 0.0012272022196361833 495
1757518451578 0.017870018633313025 496
1757518451614 8.246750906285033e-05 497
1757518451650 0.015665780421236588 498
1757518451686 0.02238245098542328 499
