1757518130381 0.24545975222204058 0
1757518130419 0.08843510138233074 1
1757518130458 6.605142696689783e-06 2
1757518130496 1.0767815944890262 3
1757518130534 0.15706080080151685 4
1757518130574 0.01603278420594122 5
1757518130612 0.21558741465080813 6
1757518130650 0.013469897492181866 7
1757518130689 0.226324746755671 8
1757518130728 0.013082279431986404 9
1757518130766 0.1369454390430928 10
1757518130804 2.9513571860367143e-08 11
1757518130842 0.0170261736033634 12
1757518130881 0.17675184582445627 13
1757518130919 0.006680346343367324 14
1757518130956 0.004003424668347223 15
1757518130995 0.5071143590100382 16
1757518131033 0.026025362604707142 17
1757518131071 0.036619459972019396 18
1757518131109 0.008809363790440446 19
1757518131148 0.0003589663755842237 20
1757518131186 0.06405733547383904 21
1757518131224 0.14332084432575684 22
1757518131262 0.012774819612538072 23
1757518131300 0.5097507370899755 24
1757518131339 0.294565414697013 25
1757518131384 0.0008185200105177026 26
1757518131425 0.06264022566229528 27
1757518131465 0.016353976906124227 28
1757518131504 0.2076758911620128 29
1757518131543 0.018308477489544683 30
1757518131582 0.16136626156395847 31
1757518131622 0.03222804250769222 32
1757518131660 0.03470354105610153 33
1757518131699 0.0044511222291659614 34
1757518131737 0.022918808278118447 35
1757518131776 1.5038229581938372 36
1757518131816 0.00040999831009010416 37
1757518131868 0.01581936143860728 38
1757518131907 0.1882448651307834 39
1757518131945 0.00015145364640500747 40
1757518131983 0.12372311958478845 41
1757518132022 0.00015428400749655858 42
1757518132060 0.11790847429029049 43
1757518132099 0.07349270526624233 44
1757518132137 0.16571648563740551 45
1757518132176 0.0003707284355392958 46
1757518132214 0.0029510135620938833 47
1757518132253 0.003016212151881701 48
1757518132292 0.016188602603161777 49
1757518132331 0.4513116165713674 50
1757518132370 0.6157934033474067 51
1757518132409 0.06988487501345923 52
1757518132449 0.022512976527207827 53
1757518132488 0.0022305817946100225 54
1757518132527 0.3281254343319759 55
1757518132565 0.01265990390472486 56
1757518132604 0.03881828933627504 57
1757518132643 0.009589916350113999 58
1757518132682 0.08553272240876766 59
1757518132723 0.0036138423917433165 60
1757518132764 0.0760444818045645 61
1757518132803 0.01611657379802796 62
1757518132842 0.014592548012240742 63
1757518132881 0.025158394829813923 64
1757518132920 0.09591052795604679 65
1757518132959 0.12161790545198742 66
1757518132998 0.08416688341369366 67
1757518133038 0.019819920522630673 68
1757518133077 0.9986458644802564 69
1757518133118 0.021979642842651092 70
1757518133157 0.2902672432760897 71
1757518133198 0.028886399691566485 72
1757518133245 0.004596646586527272 73
1757518133284 0.021506315767219328 74
1757518133323 0.3593821993309136 75
1757518133362 0.1859206697731917 76
1757518133401 0.007534278567195414 77
1757518133440 0.15064157274516854 78
1757518133479 0.16414291943223316 79
1757518133517 0.004798733988432857 80
1757518133556 0.025226742373273416 81
1757518133594 0.22234810215548328 82
1757518133632 0.011345233484725648 83
1757518133671 0.0004476701100760883 84
1757518133710 0.000545338387291766 85
1757518133749 0.03121738400596458 86
1757518133787 0.005957203918393402 87
1757518133826 9.561393026605698e-05 88
1757518133867 0.0017003074162244903 89
1757518133906 1.4225202753778134 90
1757518133945 0.0019053368784569076 91
1757518133985 0.07486151433471469 92
1757518134024 0.05906795022076507 93
1757518134063 0.14013154879409823 94
1757518134102 0.0007270930385906769 95
1757518134141 9.94479372071843e-06 96
1757518134180 0.08499996378661424 97
1757518134218 1.7866208414844407e-06 98
1757518134257 0.01179516010148372 99
1757518134307 1.0886687938691073 100
1757518134350 0.055892156582257976 101
1757518134389 0.04133362903903593 102
1757518134429 0.000349821051054514 103
1757518134467 0.13309861446135818 104
1757518134506 0.005239924258487006 105
1757518134546 0.0904504432230885 106
1757518134585 0.0005861251962976994 107
1757518134624 0.030830773140698264 108
1757518134664 0.190542501254539 109
1757518134703 0.04684101494383529 110
1757518134741 0.02345118271217988 111
1757518134791 0.039088316987600985 112
1757518134831 0.28677049841498875 113
1757518134870 0.06520308386999801 114
1757518134909 0.042552185122196225 115
1757518134947 3.370720947080145 116
1757518134986 0.11975227025682995 117
1757518135025 0.038486002596225234 118
1757518135064 0.0011659247885040956 119
1757518135103 0.0008902840903663837 120
1757518135141 0.003276069158042586 121
1757518135180 0.1014806608817866 122
1757518135219 0.08061620562147777 123
1757518135258 0.04338874546124549 124
1757518135296 0.11221027916575037 125
1757518135335 0.051149158279481965 126
1757518135374 0.030175377605862475 127
1757518135413 0.8825224426419492 128
1757518135452 0.07657202050591815 129
1757518135490 0.07450484451510679 130
1757518135529 0.00035014286902631186 131
1757518135567 0.10609696925475542 132
1757518135606 0.03689364771472473 133
1757518135645 0.07510306875517635 134
1757518135683 0.01207240395796234 135
1757518135721 0.5435529231238789 136
1757518135760 0.08486951563713646 137
1757518135798 0.011304370959626275 138
1757518135836 0.03184721158689321 139
1757518135875 0.12061689887607902 140
1757518135915 0.231056749166915 141
1757518135954 0.5494772697201549 142
1757518135993 0.29087318873343226 143
1757518136032 0.0719188604297348 144
1757518136071 0.005113719139680974 145
1757518136110 0.27468210922622466 146
1757518136149 0.0031886947597837612 147
1757518136188 1.2902695904335704 148
1757518136227 0.027229288628853376 149
1757518136266 0.0021623319944448077 150
1757518136308 0.05837981197258215 151
1757518136346 0.29175733987773206 152
1757518136385 0.20383473721141934 153
1757518136424 0.2840142819320236 154
1757518136463 0.0013697417809135626 155
1757518136502 0.025143940707896904 156
1757518136541 0.5078059365978309 157
1757518136580 0.014189909310196576 158
1757518136619 0.006760519488123168 159
1757518136658 0.21602387882803303 160
1757518136697 0.005129948139715839 161
1757518136737 0.09963372874404647 162
1757518136777 0.10488708728586808 163
1757518136816 0.028267065622882358 164
1757518136855 0.0011630135609764004 165
1757518136895 0.33666374232606583 166
1757518136934 0.0017237300703145547 167
1757518136973 0.13252058069125533 168
1757518137012 0.028267862534173068 169
1757518137051 0.00034238341818171265 170
1757518137090 0.009348312728439265 171
1757518137129 0.04356014846706588 172
1757518137168 0.061379755221511935 173
1757518137207 0.07345181419179762 174
1757518137246 0.3193582169186586 175
1757518137285 0.002885644781360113 176
1757518137324 0.44856635851576065 177
1757518137363 0.22130475930113117 178
1757518137403 0.2581824925672777 179
1757518137442 1.9529299569565128 180
1757518137481 0.0006160184300609602 181
1757518137520 0.14300150993571087 182
1757518137559 7.587919438788446e-05 183
1757518137598 0.21845751641318537 184
1757518137637 0.016813208872281025 185
1757518137676 0.027094195549490465 186
1757518137715 0.016019813413368906 187
1757518137754 0.08606608780849355 188
1757518137793 0.058298878423641794 189
1757518137833 0.019182907560224866 190
1757518137872 0.35183065892709675 191
1757518137911 0.006471458642647125 192
1757518137951 0.15739584391127143 193
1757518137990 0.003902795567860323 194
1757518138029 0.007126093272929461 195
1757518138069 0.04240033942226283 196
1757518138108 0.006261679654647675 197
1757518138148 0.013647295860619304 198
1757518138187 0.05077267966533967 199
1757518138226 0.00753252320242018 200
1757518138265 0.0014150231255819854 201
1757518138305 0.25496321731498 202
1757518138345 0.8243688197328252 203
1757518138385 0.048121162543726496 204
1757518138427 0.15100000781022754 205
1757518138466 0.30880187296531597 206
1757518138506 0.0002066599184950815 207
1757518138545 0.052616903706103675 208
1757518138584 0.8132824676365473 209
1757518138624 0.06513954412381308 210
1757518138664 0.026847665668959245 211
1757518138703 0.3620030595066228 212
1757518138743 0.0011482102350146481 213
1757518138783 0.4638946356490688 214
1757518138822 0.06498807828430812 215
1757518138862 0.0012400916206125854 216
1757518138904 0.057857915503698676 217
1757518138944 0.24002008704331892 218
1757518138983 0.03125104298820721 219
1757518139024 0.16982930190260992 220
1757518139063 0.4054805609374811 221
1757518139102 0.016101395295249774 222
1757518139142 0.03817859314202892 223
1757518139181 0.001083246448025052 224
1757518139221 0.07270841544903867 225
1757518139261 0.001576707653539565 226
1757518139300 0.004412561422680996 227
1757518139340 0.1286489329793584 228
1757518139380 1.571307289643581 229
1757518139419 0.0002584461970682358 230
1757518139458 0.05797704207194161 231
1757518139497 0.08966161206405569 232
1757518139537 0.017077806449183094 233
1757518139577 0.06415595152270978 234
1757518139616 0.01394171671682939 235
1757518139656 0.013160249056659806 236
1757518139695 0.26741684662496235 237
1757518139734 0.18036370759625275 238
1757518139774 0.026242249920554718 239
1757518139814 0.08033328250102534 240
1757518139854 0.011906526144895272 241
1757518139893 0.28620620782789585 242
1757518139933 0.2960654345223083 243
1757518139973 0.0003090847236798149 244
1757518140013 0.2740690584441478 245
1757518140052 0.06464983237736079 246
1757518140092 0.00032597799813648 247
1757518140131 0.1871990058021312 248
1757518140172 0.003411912598395328 249
1757518140211 0.0038932165752655896 250
1757518140251 0.0026193511413092336 251
1757518140291 0.032361175807274385 252
1757518140332 0.00013122799714591923 253
1757518140372 0.010893643777687716 254
1757518140412 0.35979923805439873 255
1757518140452 2.006377143772062 256
1757518140493 0.002080007806844926 257
1757518140532 0.0034951757447252113 258
1757518140572 0.5720542290928506 259
1757518140614 0.07288103788833405 260
1757518140655 0.041809732065277196 261
1757518140695 0.06562629306050585 262
1757518140735 0.23640845016106227 263
1757518140776 0.045040287153173715 264
1757518140816 0.026205646303949216 265
1757518140856 0.15921911437895586 266
1757518140896 0.004717582932542018 267
1757518140936 7.206554116870269e-05 268
1757518140976 0.06676713817958 269
1757518141016 0.007303398011628885 270
1757518141057 0.01610529108656569 271
1757518141099 0.0009948241725196594 272
1757518141140 0.7511745661475677 273
1757518141180 0.007950736395490975 274
1757518141221 0.3838171994206382 275
1757518141260 0.07716035588559705 276
1757518141300 0.06196100781987426 277
1757518141340 0.25167982424316543 278
1757518141380 0.2325827943102802 279
1757518141420 0.002559123508485181 280
1757518141460 0.012338142722979404 281
1757518141500 0.13247255725899357 282
1757518141559 0.027700015654406964 283
1757518141601 0.03763054762148128 284
1757518141644 0.025571499310099687 285
1757518141685 0.1615517005341814 286
1757518141725 0.003969945746889892 287
1757518141766 0.000893652086405827 288
1757518141806 0.2818038775220063 289
1757518141846 1.3847781343377275 290
1757518141887 0.15297405756728366 291
1757518141927 0.06729830356260644 292
1757518141966 0.17444574787111763 293
1757518142006 0.0074667235701374275 294
1757518142046 0.46700749064942165 295
1757518142089 0.0034523544797864514 296
1757518142132 0.17188478343399752 297
1757518142175 0.022017520224939222 298
1757518142218 0.0027928577234032155 299
1757518142258 0.21131004247740753 300
1757518142299 1.6362300187430047e-06 301
1757518142339 0.006242742418139761 302
1757518142380 0.26691126726949155 303
1757518142421 0.014205127533675761 304
1757518142461 0.009075697423962775 305
1757518142502 0.07711655272790695 306
1757518142542 0.026574779606499968 307
1757518142583 0.7944108518062826 308
1757518142624 0.19708593038940647 309
1757518142665 0.019826471937459872 310
1757518142705 0.18804331022318105 311
1757518142745 0.24663089945154734 312
1757518142786 0.3413687699687627 313
1757518142825 0.0006870549942474332 314
1757518142866 0.15204985452793401 315
1757518142906 0.04448014860458293 316
1757518142946 0.5089690207136492 317
1757518142987 0.05210441120473769 318
1757518143027 0.007966367039445026 319
1757518143068 0.2094749033457513 320
1757518143110 0.07861396009443908 321
1757518143152 0.05381147605696875 322
1757518143193 0.08037858159451991 323
1757518143243 3.829788843889235e-05 324
1757518143285 0.1802045024912107 325
1757518143326 0.5422190446156662 326
1757518143375 0.19508438170455358 327
1757518143418 0.45555716690177145 328
1757518143462 0.0401449947646277 329
1757518143517 0.3084539916056377 330
1757518143562 0.03134601948430146 331
1757518143604 0.28686839796334385 332
1757518143645 0.005933744606854357 333
1757518143688 0.22211300132764752 334
1757518143729 0.011246989283861945 335
1757518143770 0.012209071290021542 336
1757518143811 0.05829984205919451 337
1757518143855 0.1572350949322273 338
1757518143902 0.00020849345130572155 339
1757518143943 0.3273212584265863 340
1757518143984 0.059910137856884295 341
1757518144025 0.011125284594620834 342
1757518144065 0.06048337546620185 343
1757518144106 0.10592754976122586 344
1757518144147 0.038975640413875974 345
1757518144188 0.0886011086042486 346
1757518144229 0.04713961233614805 347
1757518144270 0.03250570343424249 348
1757518144310 0.0316726145193332 349
1757518144352 0.06432117767351697 350
1757518144393 0.31898863123646815 351
1757518144434 0.17143939834510233 352
1757518144475 0.11576808385182516 353
1757518144516 0.00029875591028826897 354
1757518144556 0.02444822250636074 355
1757518144597 0.04294446173778456 356
1757518144638 0.01568459599875109 357
1757518144679 0.026920966598972376 358
1757518144719 0.05656981391952595 359
1757518144769 0.29856612863326143 360
1757518144812 0.1375668274129797 361
1757518144853 0.10958958520324376 362
1757518144894 0.09037415094031698 363
1757518144934 2.516472818682179e-05 364
1757518144976 0.07414766874983013 365
1757518145015 0.1409041595636867 366
1757518145056 0.13316625133549737 367
1757518145097 0.020025103441046015 368
1757518145138 0.4706094499835765 369
1757518145179 0.4573528373170129 370
1757518145219 9.02494684310455e-05 371
1757518145260 0.2773676164139516 372
1757518145301 1.602545880982863e-05 373
1757518145342 0.032906282306948836 374
1757518145383 0.12308723792996978 375
1757518145424 8.946355083102522e-05 376
1757518145465 0.12717725526649645 377
1757518145510 0.24102861895869443 378
1757518145552 0.06562397176067909 379
1757518145594 0.1410306852411291 380
1757518145634 0.003100310525313584 381
1757518145676 0.06472067228067185 382
1757518145718 0.010540158058630641 383
1757518145760 0.0014924673492560016 384
1757518145800 0.09152247388651402 385
1757518145841 0.11936035504850726 386
1757518145883 0.18107020060532705 387
1757518145923 0.020530692876073977 388
1757518145964 0.05743297118552387 389
1757518146005 0.013591813665338993 390
1757518146046 0.036634471422155215 391
1757518146086 0.0072274476312047765 392
1757518146127 0.005040312947526056 393
1757518146167 0.10292653267437393 394
1757518146208 0.08708126110426924 395
1757518146248 0.28815031090909066 396
1757518146288 0.013546124818494376 397
1757518146329 0.08494621531869333 398
1757518146370 3.2212048001850896e-05 399
1757518146412 0.0008221954933433368 400
1757518146452 0.003710754863369755 401
1757518146493 0.2346016890904938 402
1757518146534 0.0008978512738913851 403
1757518146575 0.17043745200686752 404
1757518146616 0.5335407351668271 405
1757518146656 0.005265627460310377 406
1757518146697 0.03895757599525067 407
1757518146739 0.18597553127469582 408
1757518146779 0.19673942340334633 409
1757518146820 0.033091611880677906 410
1757518146861 0.06632783413185667 411
1757518146902 0.19988554160371952 412
1757518146943 0.25436563512333155 413
1757518146983 0.014259768318376612 414
1757518147025 0.006876546730535049 415
1757518147066 0.06276320464033909 416
1757518147107 0.001974247787600247 417
1757518147148 0.4389093737319138 418
1757518147189 0.12389902060130419 419
1757518147230 0.18039538740924446 420
1757518147270 0.359345302625521 421
1757518147312 0.008890237638995161 422
1757518147353 0.12069954253912463 423
1757518147393 0.1473799267582064 424
1757518147434 0.023758047642774772 425
1757518147475 0.027542254157050597 426
1757518147516 0.10516897192561574 427
1757518147557 0.5632872417722591 428
1757518147598 0.05437236353182712 429
1757518147639 0.0012311768711360301 430
1757518147681 0.013322321130080281 431
1757518147723 0.0007402028102370347 432
1757518147764 0.05365292502958507 433
1757518147804 0.05644863887268342 434
1757518147845 1.094202585578115 435
1757518147886 0.017868575044441115 436
1757518147928 0.13958597087506336 437
1757518147969 0.3985322384119618 438
1757518148010 0.17484641863187284 439
1757518148050 2.060852491989046 440
1757518148092 0.055591097369333764 441
1757518148133 0.6271218341862225 442
1757518148174 0.00032320232567137027 443
1757518148215 0.6070608255778703 444
1757518148256 0.05374925674217345 445
1757518148297 0.5428717725882956 446
1757518148338 0.38779472192560127 447
1757518148380 7.150280351051983e-05 448
1757518148422 0.013592793806504437 449
1757518148464 0.9647322512174933 450
1757518148505 0.034142255069139316 451
1757518148547 0.10124373192206679 452
1757518148588 0.10582088479620275 453
1757518148630 0.005918504552546998 454
1757518148671 6.11674731454873e-05 455
1757518148712 0.04211651432675268 456
1757518148754 0.0067906916811994456 457
1757518148795 0.9603952064115642 458
1757518148836 0.029489585192700785 459
1757518148878 0.1787298600111566 460
1757518148919 0.07123081091916737 461
1757518148960 0.05340881126224475 462
1757518149001 0.10793789176506625 463
1757518149042 0.023633944503928226 464
1757518149084 0.1659116705754873 465
1757518149125 0.0415072504308453 466
1757518149166 0.021738459788355605 467
1757518149207 0.1617551218553014 468
1757518149248 0.7772808963030419 469
1757518149289 0.3655718519355107 470
1757518149331 0.43478412034265895 471
1757518149372 0.2759655934075425 472
1757518149413 0.01061872832449691 473
1757518149454 0.007888110525327946 474
1757518149496 0.23280279453581362 475
1757518149537 0.3931416533476337 476
1757518149579 0.032769799817313094 477
1757518149620 0.2531857733906598 478
1757518149662 0.06758650747955364 479
1757518149703 0.07717710414091919 480
1757518149745 0.006084747805568111 481
1757518149787 0.010833178679053741 482
1757518149829 0.01825381678140895 483
1757518149871 0.004502893880067258 484
1757518149912 0.03471524483625181 485
1757518149953 0.2091134431606211 486
1757518149994 0.06319774242601651 487
1757518150035 0.010962162006313293 488
1757518150077 0.06598876747429348 489
1757518150118 0.1590096321563825 490
1757518150160 0.44121857820558463 491
1757518150201 0.05859325084727458 492
1757518150243 0.7070386286557603 493
1757518150284 0.047993808892401 494
1757518150326 0.02898083881876771 495
1757518150368 0.14840878616065353 496
1757518150410 0.0001953474824349755 497
1757518150451 0.25876669364442645 498
1757518150493 0.007988729503748947 499
