1757518341166 0.007624415480895496 0
1757518341204 1.3198777033566689 1
1757518341243 5.48891033907039 2
1757518341283 0.01156427401699179 3
1757518341322 0.051348145143907814 4
1757518341360 0.0850979910275373 5
1757518341400 0.04566494718996292 6
1757518341439 4.077653687449426e-05 7
1757518341478 0.06788343516756008 8
1757518341517 0.8824017888318152 9
1757518341556 0.1542381949550554 10
1757518341594 4.736111418440937 11
1757518341633 0.07573737587706057 12
1757518341672 0.1591802533677286 13
1757518341711 0.0026455995225195253 14
1757518341749 0.00031540301334154387 15
1757518341788 0.04714333333966048 16
1757518341827 0.2508983473026808 17
1757518341866 0.05192044577079208 18
1757518341905 0.3798653610359101 19
1757518341945 0.06579377287696095 20
1757518341984 6.649883853069577e-05 21
1757518342023 0.04034627572703524 22
1757518342062 0.07244854581783905 23
1757518342102 0.13469483160077428 24
1757518342144 0.024047832592443107 25
1757518342184 0.25300174566223016 26
1757518342224 0.09983293895168206 27
1757518342264 0.03882718660271233 28
1757518342303 0.05920773091057406 29
1757518342342 0.12691389008470452 30
1757518342407 0.012867970726920046 31
1757518342452 0.10342869254675724 32
1757518342491 0.044161650239475166 33
1757518342530 0.026408889334771563 34
1757518342569 0.03623562720473845 35
1757518342608 0.04753466674190206 36
1757518342647 0.06742238276357429 37
1757518342686 0.09156906150261719 38
1757518342725 0.05604501893252134 39
1757518342764 0.007086548132277329 40
1757518342805 0.09177105943589621 41
1757518342844 0.003856600920723253 42
1757518342883 0.036826266220300406 43
1757518342922 0.01170430437750422 44
1757518342961 0.013628527584301423 45
