1757594767078 0.0180471184184485 0
1757594767111 0.0032515966507736436 1
1757594767145 0.03552238682071022 2
1757594767179 0.1189877851362789 3
1757594767213 0.02388117941377542 4
1757594767248 0.003722058438097421 5
1757594767284 0.06438757225437615 6
1757594767319 0.03228241884972089 7
1757594767354 0.008672888181481932 8
1757594767390 0.10210398514468935 9
1757594767425 0.024921277040057387 10
1757594767458 0.06741952288475635 11
1757594767491 0.0009582217780049412 12
1757594767526 0.13242556798852656 13
1757594767559 0.16933506845192953 14
1757594767593 0.4718488741137727 15
1757594767626 0.04226494676490994 16
1757594767660 0.1367972261492417 17
1757594767694 0.11934198201613753 18
1757594767727 0.21124106576266255 19
1757594767760 0.14746792529449887 20
1757594767794 0.14540439713447156 21
1757594767827 0.0041036023532406325 22
1757594767860 0.14786386296907061 23
1757594767894 0.08450557334702423 24
1757594767927 0.006239761708756287 25
1757594767960 0.03570487599514111 26
1757594767994 0.13674514164846216 27
1757594768028 0.00011206978983000548 28
1757594768061 0.11320580348011987 29
1757594768095 0.004290603158423034 30
1757594768128 0.36564857824182095 31
1757594768162 0.03946532849418707 32
1757594768196 0.00013825171950949966 33
1757594768229 0.05656309125623092 34
1757594768263 0.016463230113243226 35
1757594768323 0.021669718408989094 36
1757594768357 0.025814160189110633 37
1757594768390 0.2499953309700699 38
1757594768424 0.09580386732065647 39
1757594768457 0.1151314205617254 40
1757594768491 0.0031363885686086375 41
1757594768524 0.10520971125779906 42
1757594768557 0.15409659738958406 43
1757594768590 0.21186905149496485 44
1757594768624 0.08717030423208012 45
1757594768657 0.005899279135596144 46
1757594768691 0.027609289326542153 47
1757594768724 0.20450466217508684 48
1757594768758 0.00012575662716523395 49
1757594768792 0.01977361843623386 50
1757594768825 0.2256570435756066 51
1757594768858 0.05284229999587125 52
1757594768892 0.0013766701148144168 53
1757594768926 0.04900463895638257 54
1757594768960 0.010598517841039106 55
1757594768994 0.13737522900413385 56
1757594769027 0.04741771009583302 57
1757594769061 0.0029847183095405953 58
1757594769094 0.03152529794210783 59
1757594769129 0.04922398226466344 60
1757594769164 0.10673767174572305 61
1757594769198 0.0030534178473066056 62
1757594769233 0.1490942460244609 63
1757594769268 0.4724419759250867 64
1757594769303 0.04397326911553424 65
1757594769337 0.2996176336623898 66
1757594769371 0.001532483319262621 67
1757594769407 0.02124041778657627 68
1757594769442 0.11254707504738244 69
1757594769476 0.02847379310183937 70
1757594769511 0.009174758037285272 71
1757594769545 0.3213188519428102 72
1757594769579 0.005701348040325278 73
1757594769613 0.03308075120503399 74
1757594769648 0.0019107752529725888 75
1757594769682 0.012375226439666084 76
1757594769715 0.0001773714679750374 77
1757594769749 0.009132212791866375 78
1757594769782 0.025941652029409883 79
1757594769816 0.5019589080268717 80
1757594769851 0.1724177960940066 81
1757594769886 0.042158513749236355 82
1757594769921 2.017065468280922 83
1757594769957 0.00179899328541405 84
1757594769992 0.21903746640860472 85
1757594770027 0.0006772686438617746 86
1757594770062 0.03675766965358258 87
1757594770097 0.05209799696627119 88
1757594770132 0.3712807382941784 89
1757594770166 0.015721365882230748 90
1757594770201 0.04791127186161555 91
1757594770235 0.26076084355074336 92
1757594770270 0.15916521405779635 93
1757594770305 0.07211177356807136 94
1757594770340 0.03827509955603258 95
1757594770375 0.18520748770097886 96
1757594770410 0.05121998357442385 97
1757594770445 0.10983907922265398 98
1757594770480 0.33658958744141704 99
1757594770514 0.14726845785029416 100
1757594770548 0.34110926106923406 101
1757594770582 3.6110553421166626e-05 102
1757594770616 0.10475693688745384 103
1757594770651 0.0360734605589643 104
1757594770684 0.01093224499221457 105
1757594770719 0.11559969041542377 106
1757594770754 0.03582372803191063 107
1757594770788 0.08026332808584219 108
1757594770823 0.028367162850764426 109
1757594770857 0.1368547438309332 110
1757594770891 0.2996095035157958 111
1757594770925 0.008024235694249579 112
1757594770959 0.05600725150916766 113
1757594770992 0.02628732236778042 114
1757594771027 0.0371938109074758 115
1757594771061 0.21045930117187542 116
1757594771096 0.19831797230982723 117
1757594771130 0.026171632566772237 118
1757594771164 0.29753821673412084 119
1757594771197 0.0693167149420209 120
1757594771232 0.003460616054656548 121
1757594771266 5.1208527269634165e-05 122
1757594771299 0.001190014266204842 123
1757594771333 0.10598353086024072 124
1757594771367 0.0262996806893285 125
1757594771401 0.013167671585354486 126
1757594771435 0.08679218410098456 127
1757594771469 0.13844582529645066 128
1757594771503 0.08052888798909354 129
1757594771537 0.05508427745148837 130
1757594771571 0.0020476429660888085 131
1757594771605 0.10544742510612044 132
1757594771639 0.09302286520658505 133
1757594771673 0.06747606417759003 134
1757594771707 0.0001867149812886117 135
1757594771741 0.0004683294863111846 136
1757594771775 0.3434421243945663 137
1757594771809 0.029176711690864603 138
1757594771843 0.016650094046154525 139
1757594771877 0.00034562890040138497 140
1757594771911 0.002974699757013256 141
1757594771945 0.06094324756611757 142
1757594771979 0.000440709791957226 143
1757594772013 0.09349111195834875 144
1757594772047 0.004852165729644937 145
1757594772081 0.0013692103566967917 146
1757594772115 0.2317426357190667 147
1757594772149 0.0347775274412141 148
1757594772183 0.09613114141945946 149
1757594772217 0.01398428979017548 150
1757594772251 0.04656828002794901 151
1757594772285 0.07073062204940157 152
1757594772320 0.09197586579088264 153
1757594772354 0.0025130103216755443 154
1757594772388 0.017302448605260718 155
1757594772421 0.0205055757869505 156
1757594772455 2.4185016660113796e-06 157
1757594772490 0.36704371688581966 158
1757594772524 0.013927190763699387 159
1757594772558 5.306125665161154e-05 160
1757594772592 0.2268029884031239 161
1757594772625 0.02595443559737386 162
1757594772659 0.1366544137992358 163
1757594772693 0.007287058975681939 164
1757594772726 0.07866356004556567 165
1757594772760 0.06690413776186589 166
1757594772794 0.052947429840595396 167
1757594772828 0.05058656376928918 168
1757594772863 0.35183826209417013 169
1757594772898 0.00015579700469111512 170
1757594772933 0.07502542680743896 171
1757594772967 0.0010020205218794183 172
1757594773001 0.24219498212420243 173
1757594773037 0.012859158287930009 174
1757594773072 0.11183444698095638 175
1757594773106 0.0529962274958218 176
1757594773140 0.004963366652763834 177
1757594773174 0.10663403916861842 178
1757594773210 0.04022697384158653 179
1757594773244 0.3296876846284049 180
1757594773279 0.06030130511993856 181
1757594773313 0.18839154544239037 182
1757594773347 0.04999505152530788 183
1757594773381 0.004220848767834387 184
1757594773416 0.025548516312866806 185
1757594773450 0.21654072047746542 186
1757594773484 0.005834522700386376 187
1757594773518 0.09775310817368986 188
1757594773553 0.005374502830070732 189
1757594773587 0.0468687092909743 190
1757594773622 0.0038803373719268367 191
1757594773657 0.03825258683854516 192
1757594773692 0.009706527694974628 193
1757594773727 0.035849802090453256 194
1757594773762 0.009449171174293836 195
1757594773797 0.46160430151320475 196
1757594773831 0.11778814280999182 197
1757594773866 0.24998620308555744 198
1757594773901 0.07407284475989571 199
1757594773935 0.008858581901610178 200
1757594773970 0.3438405476217679 201
1757594774004 0.04565552439470441 202
1757594774038 0.0001410749519307137 203
1757594774074 0.3517879250634964 204
1757594774109 9.490381948152094e-05 205
1757594774144 0.10003523460241971 206
1757594774182 0.0040000048005255084 207
1757594774217 0.16816713063170335 208
1757594774252 0.15699691378061992 209
1757594774287 0.061120649165130256 210
1757594774321 0.012680011344835766 211
1757594774356 0.08398813451306499 212
1757594774391 0.045807406110148316 213
1757594774425 0.06885663461250231 214
1757594774460 0.01866994805305433 215
1757594774495 0.04598605064942223 216
1757594774530 0.027802582452638367 217
1757594774565 0.02276623557241943 218
1757594774599 0.09787203301809644 219
1757594774634 0.15639036599039807 220
1757594774669 0.0004914340702096891 221
1757594774704 0.0745773856808893 222
1757594774738 0.06686482981266963 223
1757594774773 0.044644224371531906 224
1757594774808 0.0036846914646475764 225
1757594774843 0.0012027103335069992 226
1757594774878 0.022425804062983133 227
1757594774914 0.005790613713073154 228
1757594774949 0.34627179220133225 229
1757594774984 0.056426782653450164 230
1757594775019 0.002969849387337704 231
1757594775055 0.019654325176209717 232
1757594775094 0.006686968577190569 233
1757594775134 0.05771062878438173 234
1757594775171 0.018031325855917855 235
1757594775206 0.08127731512688476 236
1757594775242 0.5820939936150799 237
1757594775277 0.0756370794445211 238
1757594775311 0.1533386390748613 239
1757594775345 0.03322382135152462 240
1757594775380 9.954928099011382e-05 241
1757594775426 0.009868889877830616 242
1757594775463 0.006807025325400856 243
1757594775499 0.2530889777894547 244
1757594775535 0.20331984383457027 245
1757594775571 0.048913093189053486 246
1757594775606 0.013693347866575573 247
1757594775642 0.04511704356067033 248
1757594775677 0.0358328746510179 249
1757594775713 0.009484811479727443 250
1757594775748 0.03659708793505147 251
1757594775782 0.2502668347353616 252
1757594775817 0.0013312165074511357 253
1757594775853 0.002968534927870211 254
1757594775887 3.911340251772574e-05 255
1757594775923 0.057250548784335456 256
1757594775958 0.05585310628330558 257
1757594775993 0.778279369278144 258
1757594776029 8.749060944870756e-05 259
1757594776065 0.0011093847284207553 260
1757594776101 0.0020574928759539133 261
1757594776135 0.082295936926976 262
1757594776170 0.21091786908235263 263
1757594776205 0.1079654874888295 264
1757594776240 0.16262342636325508 265
1757594776275 0.14201485221752636 266
1757594776310 0.28985572998084064 267
1757594776344 0.013707969864568025 268
1757594776379 0.2802935276669932 269
1757594776413 0.07933979682705589 270
1757594776448 0.00246937974839326 271
1757594776482 0.0003199126238453231 272
1757594776517 0.011075645798863528 273
1757594776552 0.09788624187899518 274
1757594776587 0.017561537063410723 275
1757594776622 0.0010573646560228449 276
1757594776657 0.12513295997317014 277
1757594776694 0.0018523418056005582 278
1757594776731 0.20747337438832275 279
1757594776766 0.047146469420144395 280
1757594776802 0.034153742285726214 281
1757594776837 0.015375043564914806 282
1757594776872 4.457206036263526e-05 283
1757594776907 0.011138299900567477 284
1757594776942 0.013122030969710902 285
1757594776978 0.0022012821298772844 286
1757594777014 0.03309702446033223 287
1757594777048 0.15413494619433898 288
1757594777083 0.01973998549292547 289
1757594777118 0.07873011854156457 290
1757594777153 0.0004062729373374428 291
1757594777188 0.26795429486240624 292
1757594777224 0.09627729545456871 293
1757594777260 0.024423944516237184 294
1757594777295 0.06291743297012628 295
1757594777331 0.037439140912096026 296
1757594777366 0.19526326373298786 297
1757594777401 0.030450565436603884 298
1757594777437 0.9022248173614906 299
1757594777474 0.007700133593002456 300
1757594777510 2.581770405732271 301
1757594777545 0.03937185725415367 302
1757594777581 0.2764406991438824 303
1757594777616 1.2420229294119271e-06 304
1757594777652 0.043690904997222946 305
1757594777688 0.11882890571402206 306
1757594777722 0.3822835301830262 307
1757594777758 0.0003489342280733345 308
1757594777793 0.0463297035404451 309
1757594777829 0.021730748615003695 310
1757594777864 0.016633859600519895 311
1757594777899 0.004990174231830124 312
1757594777934 0.04004495778566964 313
1757594777970 0.061458694789860976 314
1757594778005 0.4882856597070738 315
1757594778040 1.202850854448681 316
1757594778075 0.5472394757676506 317
1757594778111 0.020591314013202154 318
1757594778146 0.014419030361912501 319
1757594778181 0.021564667787534575 320
1757594778218 0.1945345199370996 321
1757594778254 0.07638210615470141 322
1757594778291 0.00036293535786597746 323
1757594778327 0.0034294962254589447 324
1757594778363 0.03447744968623229 325
1757594778399 0.09369585969872182 326
1757594778435 0.02275406471508103 327
1757594778470 0.08670852063521733 328
1757594778505 0.009194093838809462 329
1757594778542 0.07106394662148578 330
1757594778577 0.0010555853168518544 331
1757594778612 0.019462015126535608 332
1757594778648 0.002959994802107688 333
1757594778684 0.1520086535255253 334
1757594778720 0.002193495053702275 335
1757594778755 0.011945775637680409 336
1757594778791 0.033388766329129266 337
1757594778826 0.10286430249866417 338
1757594778861 0.00737027389117763 339
1757594778896 0.08967797562063758 340
1757594778931 0.004714433074537339 341
1757594778967 0.01259798636044381 342
1757594779002 0.0018944522014915494 343
1757594779038 0.0037296680324660123 344
1757594779073 0.11068759708473436 345
1757594779108 0.08607718260213132 346
1757594779144 0.01869383011527125 347
1757594779179 5.6102847360151554e-05 348
1757594779215 0.0013902457738995519 349
1757594779251 0.07619572263046537 350
1757594779287 0.0002579080407614366 351
1757594779323 0.0010332593519420887 352
1757594779358 0.017433260021704863 353
1757594779394 0.0008369433700516876 354
1757594779429 0.01614184066002186 355
1757594779466 0.03432547251932952 356
1757594779501 0.20713598291150107 357
1757594779537 0.20233393176015285 358
1757594779573 0.4238621123654751 359
1757594779610 0.09426727936383918 360
1757594779646 0.11384331637264991 361
1757594779682 0.11739471068904048 362
1757594779718 0.028472415460758765 363
1757594779754 0.009580285663214767 364
1757594779789 0.007133342177356583 365
1757594779825 0.32399668787706465 366
1757594779860 0.0525933528714595 367
1757594779896 0.026381615225914805 368
1757594779932 1.3400099151149512e-05 369
1757594779969 0.0008491414901392623 370
1757594780006 0.007114330324207828 371
1757594780043 0.7309809398454532 372
1757594780079 0.00044967695103454103 373
1757594780114 0.059207534562664255 374
1757594780150 0.0015452490028855124 375
1757594780187 0.010552402580036436 376
1757594780224 0.11348489934937248 377
1757594780263 0.11977082797739462 378
1757594780301 0.0756166182805052 379
1757594780339 0.021743710280714788 380
1757594780376 0.005821181325952888 381
1757594780412 0.0843852072896518 382
1757594780448 0.053171575585735105 383
1757594780484 0.05859559766957781 384
1757594780519 0.1028973192413066 385
1757594780555 0.006123834132259143 386
1757594780591 0.011132613454409114 387
1757594780627 0.16435723366112254 388
1757594780662 0.10594626121648623 389
1757594780698 0.16611198220402074 390
1757594780733 0.0034386761531023783 391
1757594780770 0.08064995685188969 392
1757594780806 0.0004596556721960675 393
1757594780842 0.006237106008895068 394
1757594780877 0.009562654162701172 395
1757594780913 0.04968799049111669 396
1757594780949 0.0003024806202091005 397
1757594780985 0.16988371024795332 398
1757594781021 0.001025728798325521 399
1757594781057 0.01687478951678953 400
1757594781097 0.05679030396628622 401
1757594781133 6.193343172791181e-08 402
1757594781168 0.055964399958033074 403
1757594781204 0.23280756586951773 404
1757594781239 0.14430687632429096 405
1757594781275 0.04133098759253446 406
1757594781311 0.037704423110586534 407
1757594781347 0.029896353886896296 408
1757594781382 0.05922087135393995 409
1757594781418 7.712373499339523e-05 410
1757594781453 0.035394352830841136 411
1757594781490 0.057849388201437674 412
1757594781525 1.857693701982991e-05 413
1757594781561 0.014351880676123148 414
1757594781597 0.009825722757448155 415
1757594781633 0.13037176592188224 416
1757594781670 0.019630686878671904 417
1757594781706 0.0022247675666517384 418
1757594781742 0.603093055416711 419
1757594781778 0.13355948255468056 420
1757594781814 0.026045225845659565 421
1757594781850 0.04613498654613078 422
1757594781886 0.35382812281226456 423
1757594781921 0.0014107277650767954 424
1757594781956 0.15450988659525006 425
1757594781992 0.03643056990000486 426
1757594782027 0.02103915143366062 427
1757594782065 0.13474673702298254 428
1757594782104 0.08638986460763581 429
1757594782144 0.009265902440156387 430
1757594782181 0.019414086677669896 431
1757594782218 0.1999042718266102 432
1757594782254 0.18544958093440883 433
1757594782290 0.05618344964455151 434
1757594782327 0.021200554869182726 435
1757594782362 0.0006221381322171418 436
1757594782399 0.15059527055816196 437
1757594782434 0.003649099398498106 438
1757594782469 0.0041474483092905565 439
1757594782505 0.10569806486974856 440
1757594782541 0.00010247237647308538 441
1757594782577 0.12075702667848852 442
1757594782613 0.1302050494386724 443
1757594782648 0.016427327144821174 444
1757594782684 0.3315375425846507 445
1757594782720 0.05832224604867121 446
1757594782756 7.927282582228922e-05 447
1757594782791 0.0020292203457619013 448
1757594782828 0.19199842671071066 449
1757594782865 0.23278559718291175 450
1757594782903 0.11884274260081444 451
1757594782939 0.011950021146028627 452
1757594782976 0.11044519281952875 453
1757594783012 0.6095417192163168 454
1757594783048 0.08242086010733085 455
1757594783084 2.677133291917896e-06 456
1757594783123 5.5478172737948084e-05 457
1757594783159 0.022916633500783875 458
1757594783195 0.08685920105200061 459
1757594783231 0.10091596481436374 460
1757594783267 0.2485576969788056 461
1757594783302 0.04952112577304333 462
1757594783338 0.0009192408473682554 463
1757594783373 0.19351962362651046 464
1757594783410 0.055555814262486056 465
1757594783446 0.0117558471584848 466
1757594783482 0.262631464965532 467
1757594783518 0.34110391650268757 468
1757594783554 0.10971453729022439 469
1757594783590 0.0004135772334002921 470
1757594783626 0.036362942917806874 471
1757594783663 0.771265729532639 472
1757594783699 0.19397486871558955 473
1757594783735 0.03144892631889982 474
1757594783771 0.0023516234740376903 475
1757594783806 0.3302014352966816 476
1757594783842 0.007497349653494941 477
1757594783880 0.00042444377231268954 478
1757594783916 0.009273580176072585 479
1757594783952 0.02776652564076837 480
1757594783988 0.04643543700134105 481
1757594784024 0.0030320823390530896 482
1757594784061 0.038507177318936436 483
1757594784096 0.0003052047559878993 484
1757594784133 0.00015696841539220022 485
1757594784169 0.7554568515996033 486
1757594784206 0.05766881953139433 487
1757594784242 0.21195880305946055 488
1757594784278 0.05615176602013613 489
1757594784314 0.03481286098583259 490
1757594784351 0.1571577739054445 491
1757594784387 0.03867494084807023 492
1757594784423 0.014323307396964899 493
1757594784459 0.005589723278995603 494
1757594784495 0.03618898709514678 495
1757594784531 0.008748549546554582 496
1757594784568 0.07152738630257552 497
1757594784603 0.1339626383545943 498
1757594784640 0.003482570319834598 499
