1757594632148 3.0057400797891956 0
1757594632157 0.912207310740648 1
1757594632166 0.5700657069348195 2
1757594632175 0.34748691138502785 3
1757594632184 0.11815432423278224 4
1757594632194 0.10660610758997176 5
1757594632203 0.08267755526438518 6
1757594632212 0.07279787183309776 7
1757594632222 0.08297963575034306 8
1757594632231 0.11540012460418714 9
1757594632240 0.1013956211464476 10
1757594632250 0.08307034353459328 11
1757594632259 0.04969392523346148 12
1757594632268 0.1816055721607542 13
1757594632277 0.09786955932412766 14
1757594632286 0.10495721024591935 15
1757594632295 0.08688109007221603 16
1757594632305 0.13662819611218002 17
1757594632314 0.06739321300358837 18
1757594632323 0.07454297100802779 19
1757594632332 0.1365354879300917 20
1757594632342 0.12882217326588563 21
1757594632351 0.07307054359771807 22
1757594632361 0.09038408375928213 23
1757594632371 0.179615769864051 24
1757594632380 0.05873531217827766 25
1757594632390 0.09866700366913081 26
1757594632399 0.08413695983030911 27
1757594632408 0.07595993135335465 28
1757594632418 0.12130054378713791 29
1757594632427 0.07186995422213512 30
1757594632437 0.1261786740092235 31
1757594632446 0.10080974253720507 32
1757594632456 0.06368540743341874 33
1757594632465 0.11284609581347468 34
1757594632475 0.12502431169073652 35
1757594632484 0.06965974693994323 36
1757594632494 0.0929153431983418 37
1757594632504 0.09526225217901542 38
1757594632513 0.08025848545559176 39
1757594632522 0.13927876989123908 40
1757594632532 0.13376521062156033 41
1757594632541 0.11911706326328325 42
1757594632551 0.1534824234459471 43
1757594632560 0.07402255660761171 44
1757594632570 0.11310418188503966 45
1757594632579 0.10248409547794282 46
1757594632589 0.08265174685799054 47
1757594632598 0.04592574428100443 48
1757594632608 0.051513795608345084 49
1757594632618 0.05218784156331972 50
1757594632627 0.10962311214609537 51
1757594632636 0.06882633262606154 52
1757594632646 0.09357242404120032 53
1757594632655 0.10053856282090626 54
1757594632664 0.06354843053966412 55
1757594632674 0.07431714966971602 56
1757594632683 0.11498454004360745 57
1757594632693 0.1405495053044761 58
1757594632703 0.0684279238885322 59
1757594632712 0.06477015872242026 60
1757594632722 0.12884575020366631 61
1757594632732 0.15029454281188845 62
1757594632742 0.06505499723887355 63
1757594632751 0.06823910696242995 64
1757594632761 0.06316759081218253 65
1757594632771 0.0919180458966981 66
1757594632780 0.05467769496430481 67
1757594632790 0.13657787406109084 68
1757594632799 0.0847067464344265 69
1757594632810 0.08271290154277312 70
1757594632822 0.1093147031071516 71
1757594632832 0.09192430256993249 72
1757594632842 0.05951108927753843 73
1757594632851 0.04304858143567881 74
1757594632861 0.0792263298123016 75
1757594632870 0.0805259043796109 76
1757594632880 0.054828033121243826 77
1757594632890 0.0836657139368669 78
1757594632900 0.05641229138357999 79
1757594632909 0.09743635320162652 80
1757594632919 0.08634405088237293 81
1757594632929 0.09064226735581014 82
1757594632939 0.16801979269654832 83
1757594632949 0.11329491731110482 84
1757594632959 0.06935196029086392 85
1757594632969 0.1367200551349111 86
1757594632978 0.0546345867705689 87
1757594632988 0.10287961920733368 88
1757594632998 0.13340991480813108 89
1757594633008 0.054594253811783934 90
1757594633018 0.09446707380288724 91
1757594633028 0.10190827725418589 92
1757594633037 0.0771777860123781 93
1757594633047 0.12150041899697063 94
1757594633057 0.0893659814245439 95
1757594633066 0.12643204703641878 96
1757594633076 0.056704410745704405 97
1757594633086 0.17504726394415251 98
1757594633096 0.06607540899208016 99
1757594633106 0.1445552392600023 100
1757594633116 0.059409959718752216 101
1757594633126 0.134866222808023 102
1757594633136 0.12209067580023629 103
1757594633146 0.08977365252517576 104
1757594633156 0.05748859527712764 105
1757594633166 0.09980497605887365 106
1757594633177 0.10278315691116545 107
1757594633186 0.08035499122771923 108
1757594633196 0.07408492434500402 109
1757594633206 0.05033556283401937 110
1757594633216 0.07313935992617451 111
1757594633226 0.08990942033399178 112
1757594633236 0.11776476957594165 113
1757594633246 0.08889969251412981 114
1757594633256 0.07347341555935796 115
1757594633266 0.07959018948342537 116
1757594633276 0.050525340990930735 117
1757594633286 0.06716006612691913 118
1757594633295 0.07937238804240627 119
1757594633305 0.11554848795421607 120
1757594633315 0.17995106144698156 121
1757594633325 0.05157259077792184 122
1757594633335 0.1784206009804887 123
1757594633345 0.09300685822585691 124
1757594633355 0.1986652662610496 125
1757594633365 0.15590009388508994 126
1757594633377 0.05734864200856595 127
1757594633387 0.1332187713911266 128
1757594633397 0.05889048374255384 129
1757594633406 0.08822852767755988 130
1757594633417 0.07655859751027425 131
1757594633427 0.10922342974007529 132
1757594633437 0.08051092645858347 133
1757594633447 0.09298991806142097 134
1757594633457 0.0673749288657863 135
1757594633466 0.06720753326578514 136
1757594633476 0.10099111604291282 137
1757594633486 0.07672586876192908 138
1757594633497 0.08576950931122884 139
1757594633507 0.058226184253982155 140
1757594633517 0.04934998960728045 141
1757594633527 0.1260253323501678 142
1757594633537 0.06410350560368122 143
1757594633547 0.0659777728631243 144
1757594633557 0.07562453488399615 145
1757594633567 0.14356064363849474 146
1757594633577 0.07720219119978676 147
1757594633587 0.15160869367223384 148
1757594633597 0.05626530001749779 149
1757594633607 0.07042187402834986 150
1757594633617 0.1079969346655252 151
1757594633628 0.05313899545261699 152
1757594633637 0.07884069812595176 153
1757594633647 0.1189196641269866 154
1757594633658 0.056414982565451514 155
1757594633668 0.07962340591476075 156
1757594633678 0.09437116305312128 157
1757594633688 0.13721535959160372 158
1757594633698 0.1409476430758471 159
1757594633708 0.050108516138110855 160
1757594633718 0.08672245883037413 161
1757594633728 0.05794510377572642 162
1757594633738 0.09539898656466698 163
1757594633748 0.07254132766959856 164
1757594633758 0.07755366137117209 165
1757594633768 0.12399270205417141 166
1757594633779 0.07415679504575973 167
1757594633789 0.12853041472961496 168
1757594633799 0.0778666522039654 169
1757594633809 0.052932932628657295 170
1757594633819 0.08677920166019434 171
1757594633830 0.07166498091499708 172
1757594633840 0.11306264211519197 173
1757594633850 0.12156217168538326 174
1757594633860 0.07281848870072562 175
1757594633870 0.11501032869089357 176
1757594633880 0.08235446741756752 177
1757594633891 0.08367550928369592 178
1757594633901 0.10671556749940594 179
1757594633912 0.1233140736310499 180
1757594633922 0.1210890612013858 181
1757594633932 0.053303218279012396 182
1757594633942 0.1283723643135319 183
1757594633953 0.06452509780667913 184
1757594633963 0.13885598730762963 185
1757594633973 0.08759781122205643 186
1757594633984 0.13111710408558852 187
1757594633994 0.09175133260758238 188
1757594634004 0.11156865593488303 189
1757594634015 0.236627478492177 190
1757594634025 0.0888700582620387 191
1757594634035 0.10748113741948541 192
1757594634046 0.13178369998254902 193
1757594634056 0.13013825614393823 194
1757594634067 0.12430725213016122 195
1757594634077 0.12450768124508592 196
1757594634087 0.11423783875364767 197
1757594634098 0.06407590513179971 198
1757594634108 0.12764303749942235 199
1757594634119 0.12040923758151217 200
1757594634129 0.0730280981085958 201
1757594634140 0.07323403611624495 202
1757594634150 0.12612981989457503 203
1757594634160 0.11301581841046061 204
1757594634171 0.14906772382597097 205
1757594634181 0.06813723281828309 206
1757594634192 0.09580717907630293 207
1757594634202 0.03667553893423401 208
1757594634212 0.07708481360859552 209
1757594634223 0.05602427001214878 210
1757594634233 0.08610991446983667 211
1757594634244 0.1254884791137079 212
1757594634254 0.12007645123994928 213
1757594634265 0.09080323097046683 214
1757594634275 0.08443805450133758 215
1757594634286 0.16879778816593255 216
1757594634296 0.08795040953096772 217
1757594634307 0.0725487290092784 218
1757594634317 0.08415727951518374 219
1757594634328 0.07257007063115845 220
1757594634338 0.11608550402300076 221
1757594634350 0.0629261220729743 222
1757594634363 0.08833731932685543 223
1757594634374 0.08194881879427351 224
1757594634385 0.06988711888910866 225
1757594634395 0.09884733591932285 226
1757594634406 0.06565594113832125 227
1757594634416 0.09570166743594676 228
1757594634427 0.07031922703158305 229
1757594634438 0.051136568806668954 230
1757594634448 0.11092704702538475 231
1757594634459 0.15810721480611611 232
1757594634470 0.09618074055380407 233
1757594634480 0.07157899326269107 234
1757594634491 0.08937856603580545 235
1757594634501 0.08121137661015149 236
1757594634512 0.060310483563463683 237
1757594634522 0.10712898736249579 238
1757594634533 0.08692592433151994 239
1757594634543 0.05980887692010124 240
1757594634554 0.06751938743407158 241
1757594634565 0.13759583812070592 242
1757594634575 0.08636224518319292 243
1757594634586 0.10478344458719141 244
1757594634596 0.08202455769750423 245
1757594634607 0.08031914352124764 246
1757594634618 0.1129941353215062 247
1757594634631 0.10758054674923667 248
1757594634642 0.19818261895637923 249
1757594634652 0.08382246821364563 250
1757594634663 0.10680852860038142 251
1757594634674 0.12354503134025817 252
1757594634684 0.15759108599855784 253
1757594634695 0.07384304316378629 254
1757594634705 0.10585310436885628 255
1757594634716 0.07776758889599032 256
1757594634726 0.09312331589605513 257
1757594634737 0.125866420264537 258
1757594634748 0.07652908175532579 259
1757594634758 0.08930988429039832 260
1757594634769 0.08247892060666615 261
1757594634780 0.24923164539119497 262
1757594634790 0.07589275619989386 263
1757594634801 0.1592177264147677 264
1757594634812 0.12160424710155338 265
1757594634822 0.05921983207382843 266
1757594634833 0.048274293941033934 267
1757594634844 0.13143746728407266 268
1757594634855 0.0726279966410839 269
1757594634866 0.10384197437921652 270
1757594634877 0.07749582505015747 271
1757594634888 0.08277353823086075 272
1757594634898 0.05934104148625348 273
1757594634909 0.11014707355063473 274
1757594634920 0.08831994382060417 275
1757594634931 0.07020812873371554 276
1757594634942 0.07011723464260365 277
1757594634954 0.10369186166369623 278
1757594634965 0.08314491860478027 279
1757594634976 0.1283795525960383 280
1757594634986 0.09188133053254606 281
1757594634997 0.09609045498904868 282
1757594635008 0.07407312353674778 283
1757594635019 0.06910886782081954 284
1757594635031 0.14215130905242765 285
1757594635042 0.08548282985882666 286
1757594635053 0.12105207046832524 287
1757594635063 0.05818280435474416 288
1757594635074 0.08445869104857359 289
1757594635085 0.09134036409698416 290
1757594635096 0.13791287536545496 291
1757594635107 0.09062209897614319 292
1757594635118 0.09485267142270308 293
1757594635129 0.07917431894953358 294
1757594635140 0.07119035987298161 295
1757594635151 0.1849754398670864 296
1757594635162 0.093481859711975 297
1757594635173 0.06209834139792917 298
1757594635184 0.07348445497177053 299
1757594635195 0.08650282168087427 300
1757594635206 0.09081415585431703 301
1757594635217 0.09680421469986486 302
1757594635228 0.10413308242154123 303
1757594635239 0.05267120098813304 304
1757594635250 0.09078633993572476 305
1757594635261 0.05542612743895386 306
1757594635272 0.07952686926254154 307
1757594635283 0.06239242741594432 308
1757594635294 0.07953130678888505 309
1757594635305 0.10056738616474079 310
1757594635316 0.09615062605027125 311
1757594635327 0.1123597377200034 312
1757594635339 0.0895070034372818 313
1757594635350 0.12128515102968185 314
1757594635361 0.11711719260434642 315
1757594635378 0.03245488220339945 316
1757594635396 0.07499344222934305 317
1757594635409 0.11201166683153417 318
1757594635420 0.10754918002354898 319
1757594635431 0.1265102594395107 320
1757594635442 0.08587612371701497 321
1757594635454 0.0825899670475934 322
1757594635465 0.10315708158986209 323
1757594635477 0.14721108372362274 324
1757594635488 0.13202911758559027 325
1757594635499 0.0569642562380837 326
1757594635511 0.12396394499465282 327
1757594635522 0.07930305282376435 328
1757594635533 0.1021519603873264 329
1757594635545 0.11264090352919118 330
1757594635556 0.20406027493233453 331
1757594635567 0.21812443251754374 332
1757594635579 0.09418711164878872 333
1757594635590 0.06426078096221209 334
1757594635601 0.0612083559337457 335
1757594635612 0.07504420620913103 336
1757594635624 0.08158742684058998 337
1757594635635 0.17773631498492662 338
1757594635646 0.09341386594815862 339
1757594635658 0.08968988754991118 340
1757594635669 0.15492188381910327 341
1757594635680 0.06824610923639327 342
1757594635691 0.0893334501850672 343
1757594635702 0.11345299308501683 344
1757594635714 0.09224825894747873 345
1757594635725 0.058153985351428995 346
1757594635736 0.08770052433051077 347
1757594635748 0.08536777292420344 348
1757594635761 0.07569046981362032 349
1757594635773 0.11645281538508832 350
1757594635784 0.06295114885635578 351
1757594635795 0.1035874873986563 352
1757594635806 0.045699061790150555 353
1757594635818 0.13280767291452714 354
1757594635829 0.05849688438136102 355
1757594635840 0.11450563124402514 356
1757594635852 0.0471050650469745 357
1757594635863 0.11999658809950535 358
1757594635875 0.08639040534989595 359
1757594635886 0.0509760623088148 360
1757594635898 0.09508952773790628 361
1757594635909 0.07797353151541145 362
1757594635921 0.060114547735104 363
1757594635932 0.10729610247376414 364
1757594635944 0.10825791990573734 365
1757594635955 0.14318707912754963 366
1757594635966 0.05988747354232905 367
1757594635978 0.14715106885531218 368
1757594635989 0.11782627591410133 369
1757594636000 0.08831587872308312 370
1757594636012 0.12820649927093541 371
1757594636023 0.23210241614760957 372
1757594636035 0.049057824653152816 373
1757594636046 0.05275308878640679 374
1757594636058 0.11518014757496034 375
1757594636070 0.068297612402324 376
1757594636081 0.11686356530217591 377
1757594636093 0.06516072700217587 378
1757594636104 0.05588039721766829 379
1757594636116 0.09346632634067875 380
1757594636127 0.05046263477261603 381
1757594636139 0.06520868003476547 382
1757594636150 0.10459928290802414 383
1757594636162 0.06024285656951223 384
1757594636174 0.09495048951450873 385
1757594636185 0.1771854767113784 386
1757594636197 0.15460506136117977 387
1757594636208 0.07952124600165626 388
1757594636219 0.08787879866160021 389
1757594636231 0.07763482389464466 390
1757594636242 0.082460945818591 391
1757594636254 0.0592370777665973 392
1757594636265 0.04750782986321559 393
1757594636277 0.10621654754463643 394
1757594636288 0.057539736438822 395
1757594636300 0.09554187528061775 396
1757594636312 0.130045319135682 397
1757594636323 0.09557164540643125 398
1757594636335 0.059821238544595375 399
1757594636347 0.16554093463436417 400
1757594636359 0.1189198071425925 401
1757594636371 0.1260378944654627 402
1757594636382 0.09603831752475404 403
1757594636394 0.0806821780550744 404
1757594636406 0.08122819156911205 405
1757594636417 0.09885332980306265 406
1757594636429 0.05627100017277232 407
1757594636441 0.16234024921146956 408
1757594636453 0.11217452310790932 409
1757594636464 0.6255626966375787 410
1757594636476 0.08993893651799124 411
1757594636488 0.05790235068585524 412
1757594636499 0.10311228810704685 413
1757594636511 0.16550430557666196 414
1757594636523 0.11315266358952583 415
1757594636535 0.10862808789377786 416
1757594636546 0.07735662609309162 417
1757594636558 0.08650671959002074 418
1757594636570 0.5934351890901359 419
1757594636582 0.07856369600806594 420
1757594636594 0.07793042107571753 421
1757594636605 0.09144511530527975 422
1757594636617 0.22218049337451995 423
1757594636629 0.0893404242552956 424
1757594636641 0.11168520592122978 425
1757594636653 0.10661953613666915 426
1757594636664 0.12870792893860744 427
1757594636676 0.05924607263442823 428
1757594636688 0.0869512070575844 429
1757594636700 0.08502583431764785 430
1757594636712 0.08754451779250438 431
1757594636724 0.1687411724163789 432
1757594636736 0.07431556842787648 433
1757594636748 0.07793693958706052 434
1757594636760 0.054281533582010516 435
1757594636772 0.14779515673496935 436
1757594636784 0.1002951126067314 437
1757594636796 0.06399925114499533 438
1757594636808 0.06102116676158617 439
1757594636819 0.0672151817458171 440
1757594636832 0.1428684284292921 441
1757594636844 0.0805632829966605 442
1757594636856 0.0954779999966032 443
1757594636868 0.121978492766548 444
1757594636880 0.08500508077152585 445
1757594636892 0.0766460512301149 446
1757594636903 0.14490396549039716 447
1757594636915 0.16577436312671645 448
1757594636927 0.11309674263865194 449
1757594636939 0.07433587152820921 450
1757594636951 0.0563330151115725 451
1757594636964 0.0842720654451678 452
1757594636976 0.10093401335036134 453
1757594636988 0.08007881673531922 454
1757594637000 0.13026493533450598 455
1757594637012 0.07648625302894167 456
1757594637024 0.10968895527678627 457
1757594637036 0.08835825866659433 458
1757594637049 0.10181833336178035 459
1757594637061 0.07970838804991077 460
1757594637073 0.1237026597143806 461
1757594637085 0.08880791211737628 462
1757594637097 0.06879621989753351 463
1757594637109 0.08856305659769179 464
1757594637121 0.12940245822531526 465
1757594637133 0.11120491779841007 466
1757594637145 0.06142507091111966 467
1757594637157 0.06922822413924347 468
1757594637169 0.061016498945079316 469
1757594637181 0.07090109706674759 470
1757594637193 0.06426919048220382 471
1757594637205 0.06799133104271099 472
1757594637217 0.08683708427534303 473
1757594637229 0.11439470948125235 474
1757594637241 0.08712296038900175 475
1757594637253 0.09440787502195129 476
1757594637265 0.14725018005821108 477
1757594637278 0.07247729721004864 478
1757594637291 0.0626760627417627 479
1757594637303 0.09862865939639671 480
1757594637315 0.07035256787265784 481
1757594637327 0.08505861293194028 482
1757594637339 0.09607522353553653 483
1757594637351 0.05091520610037605 484
1757594637364 0.054455295960416414 485
1757594637376 0.11908173236853237 486
1757594637388 0.07483296966050554 487
1757594637400 0.09404666819931308 488
1757594637412 0.10386998080138862 489
1757594637425 0.09076610443267963 490
1757594637437 0.09254927643904248 491
1757594637449 0.1500800224894646 492
1757594637462 0.11685889386532121 493
1757594637474 0.09598021011516542 494
1757594637486 0.15178285083792195 495
1757594637499 0.06380315290831241 496
1757594637511 0.07842637952133187 497
1757594637526 0.10600970537843522 498
1757594637539 0.11930139170959307 499
