1757518048620 9.535082529056783 0
1757518048630 3.907221545743912 1
1757518048639 1.7813284173360566 2
1757518048649 5.009006909046001 3
1757518048658 3.9468804634860564 4
1757518048669 3.0125142300796783 5
1757518048679 3.1840367223837593 6
1757518048688 2.640416950691872 7
1757518048698 2.640749321103237 8
1757518048707 2.15664840331005 9
1757518048717 1.4701159793788299 10
1757518048726 0.8718750111338238 11
1757518048735 0.8107806235816319 12
1757518048744 1.0130586325218371 13
1757518048754 0.8798037021599886 14
1757518048763 0.5059434529676529 15
1757518048773 0.9567447285464585 16
1757518048782 1.3046436523999214 17
1757518048791 1.05196242114461 18
1757518048800 0.506405325797621 19
1757518048810 0.6133739091811066 20
1757518048819 1.6139694311249353 21
1757518048829 0.4277027499144289 22
1757518048839 0.5836975306948946 23
1757518048848 0.3108803016349152 24
1757518048857 0.6429425860403175 25
1757518048867 0.4593662398334195 26
1757518048876 0.6711308328025992 27
1757518048886 0.33583881036269586 28
1757518048895 0.4700532229373599 29
1757518048905 0.6677180329097681 30
1757518048914 0.255475827052606 31
1757518048923 0.3187735340771195 32
1757518048932 0.2765282339399017 33
1757518048942 0.22826483495542998 34
1757518048951 0.1729702264099104 35
1757518048960 0.3000571305165445 36
1757518048969 0.48977389556715856 37
1757518048979 0.2330606858832286 38
1757518048988 0.18778815230915777 39
1757518048998 0.22665630833533504 40
1757518049008 0.2962453826547192 41
1757518049017 0.14947857794217068 42
1757518049027 0.19776858074563333 43
1757518049036 0.391331188667871 44
1757518049045 0.22004407752036764 45
1757518049055 0.15250277725955827 46
1757518049064 0.13290560183688405 47
1757518049074 0.10099825651138888 48
1757518049083 0.07103221228884839 49
1757518049092 0.28340253143480587 50
1757518049102 0.2081211753801821 51
1757518049111 0.08763692710295057 52
1757518049120 0.14842121584979737 53
1757518049130 0.14732481510215303 54
1757518049139 0.10320541158121668 55
1757518049149 0.10908793837132932 56
1757518049158 0.15036188972774592 57
1757518049168 0.1106737411271844 58
1757518049177 0.10502269652583332 59
1757518049187 0.13068378343757867 60
1757518049196 0.2501771561878436 61
1757518049206 0.06933199720493233 62
1757518049215 0.09695453482282669 63
1757518049225 0.087179171381655 64
1757518049234 0.06628678100092145 65
1757518049244 0.09028801627865757 66
1757518049253 0.09457140826949757 67
1757518049263 0.17434214649396168 68
1757518049273 0.22515828554587264 69
1757518049282 0.12953966408051115 70
1757518049292 0.06483690410546189 71
1757518049301 0.36304911523365446 72
1757518049311 0.11135397872215291 73
1757518049320 0.12949211885300727 74
1757518049330 0.10092482521541377 75
1757518049339 0.06848865875100488 76
1757518049349 0.1227580554825167 77
1757518049359 0.14334807053547322 78
1757518049368 0.14807913246267007 79
1757518049378 0.0719273093849193 80
1757518049387 0.16198682084227342 81
1757518049397 0.1237969889878494 82
1757518049406 0.09593134827357969 83
1757518049416 0.14128719890020844 84
1757518049426 0.09761730005151283 85
1757518049435 0.10754405183468414 86
1757518049445 0.11270382277228724 87
1757518049454 0.6812882538457751 88
1757518049464 0.10603813367858612 89
1757518049474 0.09892416597620877 90
1757518049483 0.14860234262943312 91
1757518049493 0.13485512840156896 92
1757518049503 0.13401512258506673 93
1757518049512 0.10412700905253551 94
1757518049522 0.25817372205439126 95
1757518049532 0.09782493474120076 96
1757518049542 0.06940978525406905 97
1757518049552 0.07254908954471397 98
1757518049561 0.12886524043038494 99
1757518049571 0.09880898922901801 100
1757518049581 0.10007774587091617 101
1757518049591 0.12236137081908442 102
1757518049601 0.1048189552717394 103
1757518049611 0.10290011784902246 104
1757518049621 0.08858775656156749 105
1757518049631 0.0891926671631048 106
1757518049641 0.04708346137019337 107
1757518049651 0.09096737432697605 108
1757518049660 0.09816968089664967 109
1757518049670 0.07831019263409822 110
1757518049681 0.1276993914319459 111
1757518049691 0.07045708793078466 112
1757518049701 0.14524322333593384 113
1757518049711 0.15623228639961215 114
1757518049721 0.15961120322834293 115
1757518049731 0.1345111409496903 116
1757518049741 0.18326884635670154 117
