1757595237433 169.3239456503905 0
1757595237442 163.02950045850784 1
1757595237451 156.97763022621737 2
1757595237461 151.1589307221782 3
1757595237470 145.56436342881773 4
1757595237478 140.18524129340202 5
1757595237487 135.01321503494182 6
1757595237496 130.0402599852393 7
1757595237506 125.2586634432222 8
1757595237515 120.66101252251724 9
1757595237524 116.2401824730285 10
1757595237533 111.98932545799568 11
1757595237542 107.90185976876782 12
1757595237551 103.97145946019779 13
1757595237560 100.19204439024166 14
1757595237568 96.5577706479849 15
1757595237578 93.06302135493884 16
1757595237590 89.70239782502931 17
1757595237601 86.47071106928595 18
1757595237611 83.36297363177412 19
1757595237620 80.3743917438452 20
1757595237630 77.50035778427608 21
1757595237640 74.73644303336894 22
1757595237649 72.07839070953052 23
1757595237658 69.52210927731598 24
1757595237667 67.06366601633302 25
1757595237676 64.69928084084104 26
1757595237688 62.42532036024969 27
