1757518673475 0.002153123206958661 0
1757518673509 2.008892320601547 1
1757518673543 4.563692861118878 2
1757518673576 5.812501077330138 3
1757518673609 0.3497406763896185 4
1757518673643 0.0024570385361823897 5
1757518673677 0.1391234213337761 6
1757518673710 0.3682464150767878 7
1757518673743 0.3661963180427309 8
1757518673777 0.4293174294676443 9
1757518673810 0.003823134604724812 10
1757518673844 0.055240323764978054 11
1757518673877 0.00816641446173008 12
1757518673911 0.04120814982056293 13
1757518673944 0.003187015174360185 14
1757518673978 0.05777282962380247 15
1757518674011 0.1850680603880159 16
1757518674044 0.019119373724992665 17
1757518674078 0.2307932639153337 18
1757518674111 0.2223188162628971 19
1757518674144 0.0623086453773162 20
1757518674179 0.020272832719617342 21
1757518674213 0.09992159056228586 22
1757518674246 0.09914820197946106 23
1757518674280 0.047474338262704495 24
1757518674313 0.10643516207559074 25
1757518674347 0.5295983030878133 26
1757518674380 0.018419971400437874 27
1757518674413 0.002431562772535869 28
1757518674447 0.00907017181581157 29
1757518674481 8.808093069177903e-05 30
1757518674515 0.004882784428909209 31
1757518674549 0.1101302513324711 32
1757518674582 0.0844575082474327 33
1757518674616 0.03133258668256803 34
1757518674649 0.14993153940114137 35
1757518674683 0.06928401356531098 36
1757518674717 0.002046373959532517 37
1757518674750 0.2741832673919793 38
1757518674784 0.0672243590780937 39
1757518674818 0.01720846047268105 40
1757518674853 0.03869873509291546 41
1757518674886 0.14270196693581214 42
1757518674929 0.06258234034466871 43
1757518674965 0.04009614781742136 44
1757518674999 0.00035840912950601644 45
1757518675033 0.11028907996729223 46
1757518675067 0.15931669162812268 47
1757518675100 0.010407388830328613 48
1757518675134 0.013153684262110162 49
1757518675167 0.10421874300530087 50
1757518675200 0.01175970419218067 51
1757518675236 0.03134334653200949 52
1757518675270 0.043984888728277306 53
1757518675304 0.09247240616051675 54
1757518675337 0.06648438927678132 55
1757518675371 0.001279187522182802 56
1757518675405 0.3115662736798528 57
1757518675439 0.05496865383473309 58
1757518675473 0.0366289335994537 59
1757518675506 0.09107827391576277 60
1757518675540 0.12360165123703105 61
1757518675573 0.00045099221539608323 62
1757518675607 0.20804324235036237 63
1757518675641 0.009273638149559539 64
1757518675674 0.02803093267181374 65
1757518675708 0.015341261662816404 66
1757518675741 0.02843772701032913 67
1757518675774 0.012194379182005671 68
1757518675818 0.17168490594828853 69
1757518675857 0.20130848013960617 70
1757518675891 0.06724433806161133 71
1757518675924 0.0007470870870701754 72
1757518675958 0.0705117141237685 73
1757518675992 0.13345610432763697 74
1757518676026 0.19939569543766203 75
1757518676059 0.008116853564110942 76
1757518676093 0.034832403324329055 77
1757518676126 8.815386033835533e-06 78
1757518676160 0.01561939267884885 79
1757518676194 0.0028773649815963223 80
1757518676227 0.007633781310188897 81
1757518676261 0.021764563555498613 82
1757518676295 0.000896810873804143 83
1757518676328 0.00021937999046860122 84
1757518676363 0.3942065224458301 85
1757518676398 0.0005426492247692399 86
1757518676433 4.97829106720123e-05 87
1757518676467 0.07028854240894081 88
1757518676502 8.557813829360863e-05 89
1757518676535 0.80245255475618 90
1757518676569 0.45551690938593076 91
1757518676603 0.08793629717043502 92
1757518676637 0.008756185656141797 93
1757518676671 0.0021981851571601556 94
1757518676704 0.04074953144886268 95
1757518676738 0.0327648849678638 96
1757518676772 0.025198449896493138 97
1757518676805 0.013878270784534852 98
1757518676839 0.025141530202357487 99
1757518676873 0.5927699985828404 100
1757518676907 0.005160115527821979 101
1757518676940 0.002310010844351365 102
1757518676974 0.03441099795946331 103
1757518677008 0.030592026602165204 104
1757518677042 0.009320762507196741 105
1757518677075 0.021335096931797443 106
1757518677109 0.15026540477273037 107
1757518677143 0.015938265485134374 108
1757518677177 0.06427820664193093 109
1757518677210 0.02009443736190397 110
1757518677244 0.0006096472379688818 111
1757518677278 0.00045459860341891294 112
1757518677312 3.3432092068332434e-07 113
1757518677346 0.15299996641004832 114
1757518677380 0.06042573571418058 115
1757518677414 0.0015139159486973258 116
1757518677447 0.03966495827102255 117
1757518677481 0.05473811354435298 118
1757518677515 0.04038586746544263 119
1757518677549 0.007034252803245934 120
1757518677583 0.010944284733522394 121
1757518677617 0.01970078526117753 122
1757518677651 0.0007362223635925983 123
1757518677684 2.095542262632689 124
1757518677718 0.11556814145735189 125
1757518677751 0.04043919218233951 126
1757518677785 0.22717934520244007 127
1757518677819 0.055369930819857104 128
1757518677853 0.09525944185294023 129
1757518677886 0.01703147349936665 130
1757518677920 0.0014152735214797024 131
1757518677954 0.07547591596997498 132
1757518677988 0.009178031015160975 133
1757518678022 0.026738036960341414 134
1757518678056 0.015975966712570875 135
1757518678090 0.010848616512756239 136
1757518678124 0.009103582956615121 137
1757518678158 0.04338088365813534 138
1757518678192 0.03694787961700886 139
1757518678226 0.03772576254353401 140
1757518678260 0.3804925844079446 141
1757518678294 0.0024537948556045456 142
1757518678327 0.16125002336391875 143
1757518678362 0.08951509349858848 144
1757518678396 0.5682376415267469 145
1757518678430 0.03473514005539521 146
1757518678465 0.021922218223501436 147
1757518678499 0.9853934630484338 148
1757518678533 0.02191155692084757 149
1757518678569 0.06369753183179333 150
1757518678603 0.011591729293382836 151
1757518678637 0.007579619523303273 152
1757518678671 0.05348121926787168 153
1757518678705 0.04834290388100977 154
1757518678740 0.002627246213025331 155
1757518678773 0.009614016884822517 156
1757518678807 0.019031518756415594 157
1757518678841 0.04355324776381902 158
1757518678875 0.0017300382156349892 159
1757518678909 0.0019150993367271503 160
1757518678943 0.11825692853321405 161
1757518678977 0.00020082799830971793 162
1757518679011 0.036103058783777335 163
1757518679045 0.013818487206405343 164
1757518679079 0.0018529259016342532 165
1757518679114 0.018846303005501348 166
1757518679148 0.01725743136193646 167
1757518679182 0.002049548797183558 168
1757518679216 0.006201897012313226 169
1757518679250 0.009769493662484342 170
1757518679284 0.3826922670506223 171
1757518679318 0.1467700475163913 172
1757518679353 0.025156635408346367 173
1757518679387 0.06466337567855071 174
1757518679421 0.0009334875855582323 175
1757518679455 0.2001892601421625 176
1757518679490 0.0022028382579951486 177
1757518679524 0.006373863428040265 178
1757518679558 0.10184189820993184 179
1757518679595 0.01439735482011993 180
1757518679630 0.01896533413798901 181
1757518679664 0.08489906456267303 182
1757518679701 0.1437902103492941 183
1757518679736 0.03558583654837092 184
1757518679770 0.07688749770893472 185
1757518679805 0.17347205529660067 186
1757518679840 4.464980278981102e-06 187
1757518679874 0.012149674834852554 188
1757518679909 0.0019417841207982351 189
1757518679943 0.0821425956833391 190
1757518679977 0.1012998080124757 191
1757518680012 0.07434791055143565 192
1757518680046 0.09671316017813311 193
1757518680080 0.024873165323190883 194
1757518680114 0.019695940353751367 195
1757518680149 0.4180976275892147 196
1757518680184 0.04127922741468542 197
1757518680218 0.0045454197712974966 198
1757518680252 0.14334796253697996 199
1757518680286 0.11028197236204898 200
1757518680321 0.4096052792812671 201
1757518680355 0.11501893682381989 202
1757518680389 0.0012794745648112302 203
1757518680424 0.0037604768149764557 204
1757518680458 0.18373711477455373 205
1757518680493 0.04767142180925697 206
1757518680528 0.02716113731908232 207
1757518680563 0.1466074007783683 208
1757518680597 0.03093071872297532 209
1757518680631 0.006005164066155881 210
1757518680666 0.2558902249757413 211
1757518680700 5.555088519517851e-06 212
1757518680735 0.0683195478939559 213
1757518680770 0.11470712916215525 214
1757518680805 0.01659011586062891 215
1757518680840 0.046513016854485785 216
1757518680875 0.015944205093354622 217
1757518680909 0.16083325639918797 218
1757518680944 0.0008102518715636197 219
1757518680979 0.06859615337538992 220
1757518681014 0.07012935872518115 221
1757518681048 0.0029978120465339957 222
1757518681084 0.01387831271187413 223
1757518681119 0.0013855019875281807 224
1757518681154 0.054115092168361495 225
1757518681189 0.0008703734713226605 226
1757518681223 0.03824622674534673 227
1757518681258 0.03245407865361413 228
1757518681292 0.00574555814769953 229
1757518681327 0.2211386427451636 230
1757518681361 0.016378284535981075 231
1757518681396 0.12799381327085052 232
1757518681430 0.05991114362096664 233
1757518681465 0.020265889928766906 234
1757518681501 0.04293362880909277 235
1757518681535 0.008175181926845555 236
1757518681569 0.026351608199444918 237
1757518681604 1.465368527212778e-07 238
1757518681638 0.23774021421989755 239
1757518681673 0.2107104328799489 240
1757518681708 0.051451644517948335 241
1757518681742 0.007886698241160341 242
1757518681777 0.4695566371493336 243
1757518681811 0.005875662333519263 244
1757518681846 0.05886074744172211 245
1757518681880 0.20271939325181085 246
1757518681915 0.012246733324176305 247
1757518681950 0.01740209474739515 248
1757518681985 0.5167787458472395 249
1757518682019 0.3079473003841447 250
1757518682054 0.00046304953001026093 251
1757518682088 0.004151292855663482 252
1757518682124 0.006810628541807396 253
1757518682158 0.008871727936900695 254
1757518682193 0.004822262005580198 255
1757518682228 0.012168724012816151 256
1757518682263 0.0013968669258309413 257
1757518682297 0.0010863635287344485 258
1757518682331 0.03973483855615273 259
1757518682366 0.14489303873747966 260
1757518682401 0.04518652376325288 261
1757518682438 0.001982123234823816 262
1757518682474 0.0012710623785103482 263
1757518682509 0.3829532484164773 264
1757518682544 0.05275186224824657 265
1757518682579 0.05505589808963537 266
1757518682615 0.16163911140694465 267
1757518682649 0.01719020705657603 268
1757518682684 0.06150068909871176 269
1757518682719 0.15497034988707853 270
1757518682754 0.01805781053359059 271
1757518682789 0.20796993775057823 272
1757518682824 0.015541694171826707 273
1757518682860 0.016320618825139365 274
1757518682896 0.02247764517277187 275
1757518682931 0.033067280199346905 276
1757518682966 0.0005317158259915697 277
1757518683001 0.0008270585394135968 278
1757518683036 0.10592822757553028 279
1757518683070 0.0067232196431351275 280
1757518683105 0.01655868985356479 281
1757518683140 0.014939964317803242 282
1757518683175 0.004407684602442832 283
1757518683210 0.23985174511218715 284
1757518683245 0.010489472919638239 285
1757518683279 0.2821816644056897 286
1757518683314 0.04757094487848333 287
1757518683349 0.00010378898123511728 288
1757518683386 0.16662402983096533 289
1757518683426 0.08975334957674726 290
1757518683461 0.12528092608607977 291
1757518683496 0.19011952852403535 292
1757518683531 0.025066260112976264 293
1757518683567 0.0007246290507318078 294
1757518683602 0.19152274725728743 295
1757518683637 0.003437773502270059 296
1757518683672 0.005208907862618842 297
1757518683706 0.08644931505304822 298
1757518683741 0.003259097586944242 299
1757518683776 0.025271392823576287 300
1757518683811 0.00572579808161776 301
1757518683846 0.001999999214515963 302
1757518683881 0.3500418937820648 303
1757518683916 0.03873325194829611 304
1757518683951 0.009569435891571249 305
1757518683986 0.0024962320806918826 306
1757518684021 0.03813836969853493 307
1757518684056 0.05470119842261215 308
1757518684091 0.00157709890183191 309
1757518684126 0.002548246914616781 310
1757518684161 0.037075543068056285 311
1757518684196 0.04427121956455304 312
1757518684231 0.059644513261917116 313
1757518684266 0.069888257917806 314
1757518684301 0.08056851301455284 315
1757518684336 0.044331544130459824 316
1757518684371 0.01871903076089192 317
1757518684406 0.010942077533316068 318
1757518684442 0.05916662418857501 319
1757518684477 0.22821862554019168 320
1757518684513 0.06258351731905577 321
1757518684549 0.04417524812563131 322
1757518684584 0.02191084024814725 323
1757518684620 0.5095717427591339 324
1757518684655 0.0007031717465730802 325
1757518684690 0.002954372012352787 326
1757518684725 0.021834709090185384 327
1757518684760 0.13409946691734315 328
1757518684795 0.01618755599545486 329
1757518684831 0.03898985614512337 330
1757518684866 0.1442856806713308 331
1757518684901 0.0723311373583254 332
1757518684944 0.005997754548018036 333
1757518684982 0.04680452351168933 334
1757518685018 0.02266829385554007 335
1757518685054 0.11652669217819578 336
1757518685090 0.0026716138421993448 337
1757518685126 0.021311779128740358 338
1757518685161 0.5224743603233621 339
1757518685197 0.0034858352689847885 340
1757518685232 0.003956080456796628 341
1757518685268 0.09033658730442591 342
1757518685303 0.12175654842443656 343
1757518685337 0.06999380315286913 344
1757518685373 0.07302322028999106 345
1757518685408 0.23180401506848025 346
1757518685444 8.588919532735027e-05 347
1757518685479 0.11327414711698275 348
1757518685515 0.03955658377088685 349
1757518685550 0.1026553727465702 350
1757518685585 0.11661134289688085 351
1757518685620 0.13593022077878325 352
1757518685655 0.015730261285358732 353
1757518685691 0.18393575780599505 354
1757518685726 0.029231005338411838 355
1757518685761 0.02164970031760147 356
1757518685796 0.7938630160675859 357
1757518685831 0.1087949667836778 358
1757518685867 0.02128719750997121 359
1757518685902 0.026751866233963053 360
1757518685938 0.0352295103921117 361
1757518685974 0.017170358272651894 362
1757518686009 0.09506514235727 363
1757518686044 0.0004083364606383898 364
1757518686079 0.12447381384052796 365
1757518686115 0.021525560376100417 366
1757518686150 0.3323525854095628 367
1757518686185 0.020412289544882323 368
1757518686220 0.09543829432064707 369
1757518686256 0.0418639910390935 370
1757518686291 0.3146077725092257 371
1757518686326 0.01256244556820444 372
1757518686362 0.047076859231324146 373
1757518686397 0.1650014080616297 374
1757518686433 0.0185880181614709 375
1757518686468 0.01736449989080742 376
1757518686503 0.08037665028277144 377
1757518686539 0.06581091591958348 378
1757518686574 0.05085671018768988 379
1757518686610 0.21926119923101545 380
1757518686646 0.011886726676214899 381
1757518686681 0.11017587742127477 382
1757518686717 0.013409326852306606 383
1757518686753 0.09945902953801926 384
1757518686789 0.07372364549664087 385
1757518686824 0.062041042074614736 386
1757518686860 0.010837783482082742 387
1757518686895 0.0063918378749392305 388
1757518686931 0.08492544671497683 389
1757518686967 0.004508754151718723 390
1757518687002 0.0010178754747298116 391
1757518687038 0.008671233061860859 392
1757518687074 0.021031141280532798 393
1757518687110 0.19123982372964332 394
1757518687145 0.631977847683121 395
1757518687181 0.036946494679399845 396
1757518687216 0.05221857103724795 397
1757518687254 0.016895890842195376 398
1757518687290 0.03004560448814974 399
1757518687326 0.00985933413329599 400
1757518687361 0.12331806137405049 401
1757518687397 0.4279797336368466 402
1757518687433 0.00021126978501947218 403
1757518687469 0.007849928617737771 404
1757518687506 0.007568082787324115 405
1757518687542 0.10285347964039017 406
1757518687579 0.020887870670909074 407
1757518687614 0.029715881865502943 408
1757518687650 0.32115140775665885 409
1757518687686 0.0009144940593417521 410
1757518687721 0.17665492518664763 411
1757518687757 0.10831672473938807 412
1757518687793 0.024618297161291085 413
1757518687829 0.06290895269227746 414
1757518687864 0.11823063799783114 415
1757518687900 0.004255917859754182 416
1757518687936 0.0005695041610344993 417
1757518687972 1.6725669204801978 418
1757518688007 0.1585681736996084 419
1757518688043 0.3020290237431187 420
1757518688079 0.048168657383248395 421
1757518688115 0.04025273798981992 422
1757518688150 0.02125991573042457 423
1757518688186 0.27760827538700256 424
1757518688222 0.13393036952684736 425
1757518688258 0.1404635075532287 426
1757518688294 0.2903217511278027 427
1757518688330 0.0016057578251009194 428
1757518688366 0.07898690966227924 429
1757518688405 0.10486364335043491 430
1757518688441 0.0497068579259425 431
1757518688477 0.04068675270015408 432
1757518688513 0.000551803328710648 433
1757518688550 0.13108710209787386 434
1757518688587 0.04347657016770071 435
1757518688622 0.05083509319551843 436
1757518688659 0.0839246029235364 437
1757518688695 0.004409101751013769 438
1757518688731 0.0021342080719879484 439
1757518688767 0.038624130166262226 440
1757518688803 0.06540176721746697 441
1757518688839 0.009031380716834628 442
1757518688875 0.1042078617027459 443
1757518688911 0.15353141837823003 444
1757518688947 0.037687225101927235 445
1757518688983 0.00015411996498180928 446
1757518689019 0.0005128375666916562 447
1757518689055 7.68347202661302e-05 448
1757518689091 0.24533194170916223 449
1757518689127 0.022944722368125073 450
1757518689163 0.06746146579556399 451
1757518689198 0.19921351485001296 452
1757518689234 0.0005799299087372039 453
1757518689270 0.13347814460039653 454
1757518689306 0.30508117473056995 455
1757518689343 0.010848050739081768 456
1757518689378 0.017823544898450415 457
1757518689415 0.1624578239129855 458
1757518689452 0.000611585174804582 459
1757518689490 0.49119174345286504 460
1757518689526 0.022544978929591536 461
1757518689562 0.043379780348298085 462
1757518689598 0.06727520274501117 463
1757518689634 0.0006923300431517271 464
1757518689670 0.06007407829632213 465
1757518689706 0.19717121037952076 466
1757518689742 0.006965228381540654 467
1757518689778 0.613808811591914 468
1757518689814 0.030993853231847886 469
1757518689850 0.02475832421031114 470
1757518689886 0.18643514052657675 471
1757518689922 0.04623925674782568 472
1757518689958 0.10390967954177525 473
1757518689993 0.0556313534657885 474
1757518690029 0.2504946695015553 475
1757518690065 0.03244757237479962 476
1757518690101 0.793163396568187 477
1757518690137 0.00015412838286058382 478
1757518690173 0.02345835792831355 479
1757518690209 0.04800665005236019 480
1757518690245 0.0032637529486354098 481
1757518690281 0.07197465740371672 482
1757518690317 0.00042868677434647627 483
1757518690354 0.11918482503504788 484
1757518690389 0.012441255157680672 485
1757518690426 0.06637716311538665 486
1757518690461 1.9955068172779036 487
1757518690498 0.018695967471354526 488
1757518690534 0.08699086279027998 489
1757518690570 0.022902210193918086 490
1757518690607 0.12973462086089155 491
1757518690643 0.26026050108767923 492
1757518690679 0.04743324961451588 493
1757518690715 0.007658416255585186 494
1757518690750 0.27637656724458004 495
1757518690786 0.005908089700819276 496
1757518690822 0.032273133139695896 497
1757518690858 0.32043890383197177 498
1757518690895 0.0027409861800314363 499
