1757594642972 9.478305775372617 0
1757594642982 3.718748255064657 1
1757594642991 3.0726446940819554 2
1757594643001 4.783036718317636 3
1757594643011 3.057656988634494 4
1757594643020 2.2559927980598484 5
1757594643030 2.9606680452787644 6
1757594643039 2.565127543828099 7
1757594643050 1.1886789897996768 8
1757594643061 2.920462580942137 9
1757594643072 1.685553824953267 10
1757594643082 2.319822645987287 11
1757594643093 1.7926545984071067 12
1757594643103 1.8062428693207218 13
1757594643113 1.83945314593498 14
1757594643122 0.8203807782913937 15
1757594643132 1.2835253618458144 16
1757594643141 0.6100151441347973 17
1757594643150 0.6495941543273506 18
1757594643160 0.7202413218035499 19
1757594643170 0.6806256524576778 20
1757594643180 0.28903385477645566 21
1757594643189 0.35975336577922573 22
1757594643198 0.8113988847795724 23
1757594643208 0.8850638642736786 24
1757594643217 0.22831223092134548 25
1757594643227 0.36895660700540134 26
1757594643236 0.47849948505639756 27
1757594643246 0.24754792515289858 28
1757594643255 0.45103196936082995 29
1757594643264 0.3553226677089311 30
1757594643273 0.30067683889908825 31
1757594643282 0.3271202263302396 32
1757594643292 0.17458429656885782 33
1757594643301 0.17948303139677202 34
1757594643310 0.3311972074484715 35
1757594643319 0.5547760660058102 36
1757594643329 0.17715511368733175 37
1757594643338 0.28607672785475524 38
1757594643348 0.2788571861290356 39
1757594643357 0.20401085493669202 40
1757594643366 0.13170333964527725 41
1757594643376 0.25076064643172097 42
1757594643385 0.12825202593734292 43
1757594643395 0.14129146835548714 44
1757594643404 0.13825684143562308 45
1757594643413 0.14127996146416447 46
1757594643423 0.2391878717882039 47
1757594643432 0.13234510431841276 48
1757594643441 0.25336569315251867 49
1757594643450 0.09933418021794946 50
1757594643460 0.18562730195039506 51
1757594643469 0.122691610532587 52
1757594643479 0.1632586963682478 53
1757594643488 0.10967240026691262 54
1757594643498 0.08251554319746701 55
1757594643507 0.22029520594784124 56
1757594643516 0.16116882956702744 57
1757594643526 0.08890658407099895 58
1757594643535 0.11198912042706181 59
1757594643544 0.18736291643000955 60
1757594643554 0.08960116728707276 61
1757594643563 0.1508894433003593 62
1757594643573 0.238290521411346 63
1757594643582 0.06799695489083028 64
1757594643592 0.2358918990417474 65
1757594643602 0.1840530672644098 66
1757594643611 0.10655814374108628 67
1757594643620 0.09429996737635177 68
1757594643630 0.05179930945209746 69
1757594643639 0.12636570659350077 70
1757594643649 0.06932924909334462 71
1757594643658 0.11058469471420578 72
1757594643668 0.09402485316041582 73
1757594643678 0.13341137349729976 74
1757594643687 0.0698570746337048 75
1757594643697 0.13413399753874308 76
1757594643706 0.17054996323167457 77
1757594643716 0.04674682664221446 78
1757594643725 0.0607050813919839 79
1757594643735 0.16258625834075016 80
1757594643744 0.055789157546717545 81
1757594643754 0.12932693072981366 82
1757594643763 0.08595404293292622 83
1757594643773 0.07037488001373483 84
1757594643782 0.1409354492302466 85
1757594643792 0.0736761339625351 86
1757594643801 0.10094561729627835 87
1757594643811 0.1344549142848813 88
1757594643821 0.14886989644656676 89
1757594643831 0.06056668489398984 90
1757594643840 0.10441013731706868 91
1757594643850 0.13672299958458553 92
1757594643860 0.16503830002405856 93
1757594643869 0.06067874720408271 94
1757594643879 0.18435261820326226 95
1757594643888 0.1412467183297776 96
1757594643898 0.05849677370109618 97
1757594643908 0.13025455530404487 98
1757594643918 0.08733199735725033 99
1757594643928 0.23516855098910236 100
1757594643938 0.04904910430325537 101
1757594643947 0.11144427846317911 102
1757594643957 0.08457072349950483 103
1757594643967 0.10108629089589201 104
1757594643977 0.11161253503328021 105
1757594643987 0.11192558426137642 106
1757594643996 0.100001205821166 107
1757594644006 0.14864863612565862 108
1757594644015 0.04990494754264418 109
1757594644025 0.20284750410262087 110
1757594644035 0.1026765728851455 111
1757594644045 0.056374949671798326 112
1757594644055 0.08518938803468266 113
1757594644065 0.12119801128851249 114
1757594644074 0.05009774993004048 115
1757594644085 0.2392339926740335 116
1757594644094 0.09946760585561731 117
1757594644104 0.09276721179683099 118
1757594644114 0.14584772376504931 119
1757594644124 0.07677502807715382 120
1757594644134 0.10417566061534952 121
1757594644145 0.07929138209590778 122
1757594644155 0.1067210133007435 123
1757594644165 0.6377818596907013 124
1757594644176 0.23676242696990502 125
1757594644187 0.10856117153184622 126
1757594644197 0.07547217544967819 127
1757594644207 0.14018261654225905 128
1757594644217 0.12425746585146635 129
1757594644233 0.18586877296435972 130
1757594644258 0.19554703164334142 131
1757594644268 0.19000301784220056 132
1757594644278 0.12786161984874517 133
1757594644288 0.11223535470952116 134
1757594644298 0.10399313629680865 135
1757594644308 0.10795185886193578 136
1757594644318 0.09222391592884499 137
1757594644328 0.06619291207746084 138
1757594644338 0.11679333267837702 139
1757594644348 0.08349808830559682 140
1757594644358 0.08010120453860396 141
1757594644373 0.059823155770638514 142
1757594644388 0.056652424516346854 143
1757594644400 0.18718992196016487 144
1757594644411 0.11183543165724942 145
1757594644421 0.11485443438155025 146
1757594644431 0.052189902686514716 147
1757594644441 0.06848271960761625 148
1757594644451 0.09741400436104038 149
1757594644461 0.07088134312353347 150
1757594644471 0.22523735493267227 151
1757594644481 0.11215198062186196 152
1757594644492 0.16125502569972966 153
1757594644502 0.06864354495338691 154
1757594644512 0.09569992791179263 155
1757594644523 0.07499727181739534 156
1757594644533 0.17006003992917632 157
1757594644543 0.10043702967355106 158
1757594644553 0.1098722566691737 159
1757594644563 0.08766473377757208 160
1757594644573 0.09127385506326202 161
1757594644583 0.10070778239498596 162
1757594644593 0.05838504676708102 163
1757594644603 0.13230302992282206 164
1757594644613 0.13895194541690414 165
1757594644623 0.06548283210105425 166
1757594644634 0.14015467253294941 167
1757594644644 0.06764999891730027 168
1757594644654 0.13170882926521493 169
1757594644664 0.12011301807429717 170
1757594644675 0.10463767633032589 171
1757594644685 0.12847369487398558 172
1757594644695 0.12114592907336955 173
1757594644705 0.14900246593545086 174
1757594644715 0.06283208767817648 175
1757594644726 0.0514510449570892 176
1757594644736 0.05478570312509202 177
1757594644747 0.0804094171440765 178
1757594644760 0.1214445752112586 179
1757594644771 0.15761077578942267 180
1757594644781 0.1578544433518635 181
1757594644792 0.09910476288786249 182
1757594644802 0.06460727437055606 183
1757594644813 0.1299410178239156 184
1757594644823 0.15994077569662504 185
1757594644833 0.06688700120638504 186
