1757594726449 0.036682666555366165 0
1757594726488 0.04264180934485101 1
1757594726526 0.3375076670502616 2
1757594726565 0.011120182169564147 3
1757594726603 0.0017445918582959573 4
1757594726647 0.006423557023531653 5
1757594726687 0.09825707525860336 6
1757594726726 0.042645862169897894 7
1757594726766 0.11862063031898379 8
1757594726805 1.6185671228000909 9
1757594726845 0.3134540449040012 10
1757594726884 0.1176975693437374 11
1757594726924 0.23052752684815947 12
1757594726963 0.04773065703635483 13
1757594727003 0.08190252220604947 14
1757594727043 0.09949063955031577 15
1757594727083 0.47433224312715805 16
1757594727122 0.28197729891789547 17
1757594727162 0.718552134797988 18
1757594727201 0.09430069637088255 19
1757594727240 0.0008084604962701086 20
1757594727281 0.0015141624673948775 21
1757594727320 0.6255228852013693 22
1757594727360 0.15052081813430715 23
1757594727399 0.0856143673571321 24
1757594727438 0.022805698780656115 25
1757594727477 0.01636180636297262 26
1757594727515 0.10278242161733273 27
1757594727554 0.09828620275993812 28
1757594727593 0.3865733607714134 29
1757594727633 0.0012379728593632721 30
1757594727672 0.005011446049651598 31
1757594727712 0.12226170343950912 32
1757594727752 0.1265901272201766 33
1757594727806 0.6602293091009136 34
1757594727845 0.008122267039535173 35
1757594727884 0.20946891115839084 36
1757594727924 0.015394465153817389 37
1757594727963 0.1581281245776407 38
1757594728002 0.023728574262709325 39
1757594728041 0.009628164526090272 40
1757594728081 0.030783211833534406 41
1757594728122 0.04865828464485047 42
1757594728161 0.04854622563008428 43
1757594728200 0.0017048974290200301 44
1757594728239 0.09860747653922877 45
1757594728278 0.03453902937774077 46
1757594728316 0.1415105951682174 47
1757594728355 0.25785870442677583 48
1757594728395 0.11860077535496005 49
1757594728448 0.009256280517752067 50
1757594728490 0.05398646872061363 51
1757594728530 0.16969266340910114 52
1757594728569 0.005359069776294858 53
1757594728609 0.03323061943024352 54
1757594728649 0.1281456163977911 55
1757594728688 0.1490524512620717 56
1757594728727 0.4694683007799461 57
1757594728768 0.09379555428676463 58
1757594728807 0.19802784051832575 59
1757594728846 0.10071504342649991 60
1757594728884 0.06597365419482289 61
1757594728923 0.008408853363506108 62
1757594728963 0.032435223143910785 63
1757594729002 0.1508170396860445 64
1757594729040 0.09180445308318241 65
1757594729080 0.23159726199134203 66
1757594729119 0.5443094730785861 67
1757594729157 0.23500094843629696 68
1757594729197 1.7177448750279891 69
1757594729237 0.38523140726171534 70
1757594729275 0.09043427966913443 71
1757594729315 0.5196167400686216 72
1757594729354 0.025889619903695062 73
1757594729393 0.011055056731503256 74
1757594729432 0.40891629387141615 75
1757594729471 0.13483014702582327 76
1757594729510 0.7450504562342196 77
1757594729549 0.06224251093160819 78
1757594729588 0.008254376274161116 79
1757594729627 0.1909515531088565 80
1757594729665 0.01805270480669645 81
1757594729709 0.8909135146645467 82
1757594729750 0.1754790748059602 83
1757594729789 0.033204137358361564 84
1757594729829 0.4404815929096841 85
1757594729869 0.17091760846051224 86
1757594729909 0.5528923711135136 87
1757594729949 0.030325377604605817 88
1757594729989 0.6696861869174375 89
1757594730029 0.06950051489502104 90
1757594730072 0.5504152586279519 91
1757594730117 2.005558111243657e-06 92
1757594730162 0.33292241988502647 93
1757594730206 0.00036223172992772197 94
1757594730249 0.06047128213583874 95
1757594730292 0.08126141264519811 96
1757594730337 0.16557290757286353 97
1757594730380 0.27119470242072347 98
1757594730423 0.29892713135492505 99
1757594730464 0.018395844979729705 100
1757594730504 0.19542128998621497 101
1757594730545 0.0006300735595429953 102
1757594730586 0.007663138682639254 103
1757594730627 0.022916209286802165 104
1757594730667 0.07776971791517655 105
1757594730707 0.06626722304641983 106
1757594730747 0.21222032462335108 107
1757594730786 0.06271540945910867 108
1757594730826 0.04076009851912555 109
1757594730866 0.04725624820635138 110
1757594730906 0.01598136914688207 111
1757594730946 0.00041668695470309847 112
1757594730986 0.009710373971194905 113
1757594731045 0.04853828264160292 114
1757594731085 0.6555625419734907 115
1757594731124 0.02202974170250346 116
1757594731165 0.024685658532385326 117
1757594731204 0.1211393657083972 118
1757594731244 0.026914454405650275 119
1757594731284 0.06061128218384242 120
1757594731324 0.014626612645468117 121
1757594731364 0.05439353883849474 122
1757594731403 0.2656333288490352 123
1757594731443 0.03581114138070735 124
1757594731482 0.05436614127373585 125
1757594731522 0.04871047687135622 126
1757594731561 0.0019279154093805883 127
1757594731600 0.009447839949089426 128
1757594731640 0.7500455771894154 129
1757594731680 0.09589257734292982 130
1757594731721 0.5982335924949695 131
1757594731766 0.010143754491785234 132
1757594731806 0.2653688785762142 133
1757594731847 0.0016556047171838778 134
1757594731887 0.002231903257890553 135
1757594731927 0.2065877101967323 136
1757594731966 0.04088101294739491 137
1757594732006 0.0008596317438579473 138
1757594732046 0.0028260961944514625 139
1757594732086 0.5998443929470973 140
1757594732125 0.011553894862723041 141
1757594732165 0.025058600206935323 142
1757594732204 0.48392455059328876 143
1757594732243 0.16255772663307577 144
1757594732283 0.16430776101492628 145
1757594732322 0.03382309449572588 146
1757594732362 0.004690607531267253 147
1757594732401 0.738368722363017 148
1757594732440 0.017178618475825125 149
1757594732481 0.031583067477887874 150
1757594732522 0.0002670121650259754 151
1757594732561 0.5371917826710157 152
1757594732601 0.04403309386478316 153
1757594732641 0.25034926080881736 154
1757594732682 0.015183044304604893 155
1757594732722 0.04743642243214246 156
1757594732763 0.13820172688305457 157
1757594732804 0.0013389577384048121 158
1757594732846 21.8527801013481 159
1757594732887 0.06423223794811965 160
1757594732928 0.3970073755808212 161
1757594732968 0.004417504553347384 162
1757594733007 0.007464272352749028 163
1757594733047 0.04094136348518452 164
1757594733086 0.393057285203438 165
1757594733126 0.03081526807992787 166
1757594733166 0.010574314437548096 167
1757594733205 0.40282012493525043 168
1757594733245 0.006075522571576948 169
1757594733284 0.015293461376159046 170
1757594733323 0.4946100863275011 171
1757594733362 0.377348921576479 172
1757594733402 0.8062646909946907 173
1757594733441 0.0007643500710915422 174
1757594733482 0.0857531962613464 175
1757594733527 0.15975070014732104 176
1757594733568 0.013487619859371672 177
1757594733608 0.15853219142803318 178
1757594733648 0.13461138411697054 179
1757594733688 0.2385577140438011 180
1757594733728 1.3453516563160675 181
1757594733770 0.058301920727111135 182
1757594733811 0.004963551057017195 183
1757594733851 0.17101848479375104 184
1757594733892 0.031891259750385155 185
1757594733933 0.22872057366091933 186
1757594733974 0.015361531359750926 187
1757594734016 0.02611308072653434 188
1757594734059 0.002731054602983591 189
1757594734103 0.15685171464053665 190
1757594734148 0.00033137852462140167 191
1757594734192 0.025761562405463158 192
1757594734235 0.026480575459016154 193
1757594734278 0.5467303695404558 194
1757594734323 0.960998064365078 195
1757594734372 0.3018735285644043 196
1757594734414 0.040844682414292274 197
1757594734455 0.009234271382188755 198
1757594734496 0.04296184611146161 199
1757594734536 0.5306326522378171 200
1757594734576 0.0466616313280202 201
1757594734618 0.1033747615602193 202
1757594734659 0.16825788384024506 203
1757594734700 0.03046991454103569 204
1757594734740 0.03420131882056148 205
1757594734782 0.08530521356200066 206
1757594734828 0.1280315590081849 207
1757594734872 0.19945384280672313 208
1757594734917 0.01018730441851411 209
1757594734964 0.006456143001109896 210
1757594735005 0.1335591681921888 211
1757594735048 0.057453929793151885 212
1757594735091 0.004229865166052236 213
1757594735157 0.026225328931133173 214
1757594735199 0.0013007511945168151 215
1757594735239 0.05086997532931128 216
1757594735280 0.8649856792695358 217
1757594735320 0.711899703500353 218
1757594735361 0.08183551157860779 219
1757594735411 0.7604434492866389 220
1757594735452 0.0933365661935961 221
1757594735493 0.009703294995741164 222
1757594735533 0.3951258724803079 223
1757594735573 0.1190092424177942 224
1757594735613 0.03215431753994218 225
1757594735653 0.009425572582665244 226
1757594735693 0.01729726316149571 227
1757594735733 0.0030032179620071153 228
1757594735775 0.25542630129682153 229
1757594735817 0.003949710533856279 230
1757594735859 0.00837031353467891 231
1757594735901 0.022974500735765103 232
1757594735942 0.35883457393235396 233
1757594735983 0.059948491869672826 234
1757594736025 0.13504891637546065 235
1757594736065 0.014325808424824373 236
1757594736107 0.3253127334142106 237
1757594736148 0.00022971483120981642 238
1757594736189 0.22416342157338467 239
1757594736229 0.024039303480686277 240
1757594736270 0.23808207708420825 241
1757594736311 0.00011196511813368558 242
1757594736352 0.009211438134913137 243
1757594736392 0.07360235151648531 244
1757594736432 0.18311716360850566 245
1757594736474 0.05117084441034597 246
1757594736516 0.16898835522844435 247
1757594736557 0.519104584922656 248
1757594736598 0.06553397737030751 249
1757594736639 0.059599281439893584 250
1757594736679 0.019959348208970995 251
1757594736720 0.0065397590549918505 252
1757594736760 1.057134943841298 253
1757594736803 0.13720579106216627 254
1757594736845 0.4375986294978459 255
1757594736885 0.0011866899689954755 256
1757594736926 0.1599802106524565 257
1757594736966 0.01879137645254861 258
1757594737007 0.0006399471405089569 259
1757594737048 0.11727916847863033 260
1757594737088 0.07139444213510349 261
1757594737129 0.13334413571808174 262
1757594737169 0.1623994590098661 263
1757594737209 0.008684620579063893 264
1757594737250 0.03168271002869723 265
1757594737290 0.013114547532390206 266
1757594737331 0.08913695850780248 267
1757594737372 0.004871078803660307 268
1757594737413 0.00441905434775577 269
1757594737453 0.0018618196808454664 270
1757594737494 0.6070442640777264 271
1757594737534 0.4679932667108249 272
1757594737575 0.044149761510595784 273
1757594737615 0.13565808402912355 274
1757594737655 0.07299796472243889 275
1757594737695 0.02599071632443276 276
1757594737736 0.02609172975527868 277
1757594737777 0.015560066465398186 278
1757594737818 0.024289478370085403 279
1757594737860 0.02981629793300899 280
1757594737902 0.0003617434354046366 281
1757594737943 0.01319361694299431 282
1757594737984 0.44568621537008324 283
1757594738025 0.07046425633267725 284
1757594738066 0.012258747447511466 285
1757594738106 0.003894117262674312 286
1757594738146 0.7765385917309623 287
1757594738187 0.0010169956149727233 288
1757594738227 0.06571603625380777 289
1757594738267 0.012653048157231901 290
1757594738307 0.45733862673480613 291
1757594738347 0.022540803290691223 292
1757594738387 0.8460265070370486 293
1757594738428 0.23353957115301252 294
1757594738468 0.25417069309254253 295
1757594738508 0.07650456769638835 296
1757594738549 0.0647871299001656 297
1757594738590 0.13415256575760506 298
1757594738630 0.03220543966466166 299
1757594738670 0.014455368643628707 300
1757594738710 0.012429635023059327 301
1757594738751 0.07228140132058981 302
1757594738791 0.011639107283075226 303
1757594738832 0.5921260955723247 304
1757594738876 0.002090725573288915 305
1757594738919 0.018638614497156418 306
1757594738961 0.25593023600536435 307
1757594739001 0.0003137156696283965 308
1757594739043 6.651505180221251e-05 309
1757594739083 0.7347327855051224 310
1757594739123 0.02887778336847967 311
1757594739163 1.0499686222729547e-06 312
1757594739204 0.22335758783325085 313
1757594739244 0.009655677891957636 314
1757594739285 0.011509790765957756 315
1757594739325 0.038612624333144455 316
1757594739365 0.001970039436099899 317
1757594739406 0.0007047809411866808 318
1757594739446 0.025592878865091994 319
1757594739486 0.39547775527503176 320
1757594739527 0.007046940523160547 321
1757594739567 0.418048871289879 322
1757594739607 0.07106381450809492 323
1757594739648 0.11279778594864873 324
1757594739689 0.26663213864660307 325
1757594739730 0.09584586855799891 326
1757594739771 0.029138498748476016 327
1757594739812 0.3125295182916815 328
1757594739853 0.07335785284173253 329
1757594739893 0.004426555764114779 330
1757594739934 0.007582630728173422 331
1757594739974 0.3137035052962193 332
1757594740015 0.06552076516517809 333
1757594740055 0.14383810349523718 334
1757594740096 0.027405444809164632 335
1757594740136 0.21036359872340146 336
1757594740177 8.686678217660254e-05 337
1757594740217 0.04808345450261907 338
1757594740258 0.004027441776437858 339
1757594740299 0.0024496105626953305 340
1757594740340 0.06257861830481154 341
1757594740381 0.011495028194979625 342
1757594740422 0.10563655055766541 343
1757594740462 0.10111346699695108 344
1757594740503 0.22555432510023438 345
1757594740543 0.013912621241395098 346
1757594740584 0.017311184269505595 347
1757594740625 0.8861531836862115 348
1757594740666 0.08857499442382083 349
1757594740707 0.03008531430088816 350
1757594740748 0.028567668113476267 351
1757594740789 0.22008460393547502 352
1757594740830 0.6492524998751039 353
1757594740870 0.07498771179618377 354
1757594740911 0.20522272663838073 355
1757594740951 0.5519891083088533 356
1757594740992 0.028045250974223706 357
1757594741034 0.025268570504364568 358
1757594741075 0.07315736452053347 359
1757594741117 0.07886253730411522 360
1757594741157 0.6140823742555703 361
1757594741198 0.08934634371494873 362
1757594741239 0.014408342129734028 363
1757594741280 0.027228846649982888 364
1757594741321 0.13937847807550507 365
1757594741362 0.28331303710270095 366
1757594741403 0.02047238858914701 367
1757594741443 0.02347301668959051 368
1757594741484 0.016607764336255194 369
1757594741525 0.028960827461664285 370
1757594741566 0.0038977214610077713 371
1757594741607 0.08267314824910721 372
1757594741648 0.0006061972091108577 373
1757594741688 0.05558362630052416 374
1757594741730 0.05417781260420775 375
1757594741771 0.0004256482938298104 376
1757594741812 0.04803200881293818 377
1757594741854 0.023297900549538276 378
1757594741894 0.01800450060078184 379
1757594741936 0.32724518032030625 380
1757594741977 0.47964646966306584 381
1757594742018 0.019617082871717813 382
1757594742058 0.10545139933075848 383
1757594742099 1.265921967946043 384
1757594742140 0.10198144163060612 385
1757594742182 0.008785319692768212 386
1757594742223 0.003289292060028599 387
1757594742264 0.04211818609048511 388
1757594742305 0.0580943934202361 389
1757594742346 1.2299590838826198 390
1757594742387 0.22928415722391104 391
1757594742428 0.027628185617395922 392
1757594742470 0.009594343261659104 393
1757594742511 0.04162726495264863 394
1757594742551 0.09128462709849496 395
1757594742592 0.11966431558741522 396
1757594742633 0.0011927238134566177 397
1757594742675 0.0349768683586079 398
1757594742716 0.3081803081219245 399
1757594742757 0.21980954580983816 400
1757594742799 0.12563616325387866 401
1757594742841 0.013357566079318518 402
1757594742884 0.0005371943900759238 403
1757594742926 0.017380286513606298 404
1757594742967 0.1108052640175561 405
1757594743008 0.13524134151206862 406
1757594743049 0.06805149080305493 407
1757594743090 3.242193866136529e-05 408
1757594743131 0.07413130383725068 409
1757594743173 2.686397231397135 410
1757594743215 0.1686511124444904 411
1757594743257 1.341353316040355 412
1757594743298 0.09702414934817925 413
1757594743339 0.6059235028919449 414
1757594743380 0.06567560504757546 415
1757594743420 0.05528732942952388 416
1757594743461 0.0774607562488846 417
1757594743502 0.05271373653781591 418
1757594743545 0.05722042913483506 419
1757594743586 0.039833144792222656 420
1757594743627 0.06621057917186399 421
1757594743668 0.23275033295852227 422
1757594743709 0.23116416843412493 423
1757594743751 0.000252338586024763 424
1757594743792 0.3485592667922214 425
1757594743833 0.31606513959485777 426
1757594743875 0.13977089681037608 427
1757594743915 0.004222832519218035 428
1757594743957 1.0712677920158418 429
1757594743998 0.00029134903895655645 430
1757594744039 0.1023304378681515 431
1757594744080 0.004592662478464061 432
1757594744121 0.005025878255893312 433
1757594744163 0.04460778350867357 434
1757594744204 0.008333527061843524 435
1757594744245 0.028919245967997328 436
1757594744285 0.021597901891418168 437
1757594744327 0.015283874632908413 438
1757594744368 0.002651690498342571 439
1757594744410 0.22379770833199547 440
1757594744451 0.034552864180948335 441
1757594744492 0.037572095298167574 442
1757594744533 0.2414909105929585 443
1757594744575 0.003530575029954325 444
1757594744616 0.14657464169958204 445
1757594744658 0.03229935821964802 446
1757594744700 0.014605385362628204 447
1757594744741 0.09841625762276045 448
1757594744782 0.017149662718873734 449
1757594744824 0.02154656187348227 450
1757594744865 0.08326006159065422 451
1757594744906 0.05106969718563807 452
1757594744948 0.00027973331871406295 453
1757594744990 0.02502322379944469 454
1757594745031 0.011370335456919 455
1757594745072 0.006671718277402312 456
1757594745114 0.07969038720930742 457
1757594745155 0.013557171560543473 458
1757594745197 0.0013074236151441303 459
1757594745241 0.0072236197004279445 460
1757594745283 0.795451022594143 461
1757594745324 0.04811749257323519 462
1757594745367 0.2952570363034928 463
1757594745418 0.08628604914981824 464
1757594745462 0.016398352125999497 465
1757594745504 0.014556503019428088 466
1757594745546 0.11465459756224253 467
1757594745588 0.17692844784755948 468
1757594745629 0.019233921904184225 469
1757594745671 0.08186446452067522 470
1757594745712 0.25569103133115595 471
1757594745754 0.015768165988069474 472
1757594745795 1.126056066688251 473
1757594745838 0.08542539772875596 474
1757594745880 0.0015799334226430843 475
1757594745922 0.1646021500332673 476
1757594745964 0.5628591363124972 477
1757594746005 0.019453761637640954 478
1757594746046 0.07037045457005109 479
1757594746087 0.1931775626109989 480
1757594746129 0.054225454440352205 481
1757594746170 0.004427473256798694 482
1757594746211 0.03373050642541452 483
1757594746253 0.11148012267059913 484
1757594746294 1.0160919886291285e-06 485
1757594746335 0.048323625185744915 486
1757594746377 0.012642763616232185 487
1757594746418 0.3505420561611836 488
1757594746460 0.01239011534028425 489
1757594746501 0.00718484309436213 490
1757594746543 0.02831664744325751 491
1757594746584 0.08832753570734661 492
1757594746625 0.051069104482775025 493
1757594746667 0.019911026428747224 494
1757594746708 0.06397165161242754 495
1757594746749 0.036550722858006986 496
1757594746791 0.19079563488471335 497
1757594746832 0.0017562392095678088 498
1757594746873 0.3773333474943768 499
