1757518041218 4.267151058854252 0
1757518041227 1.0974275748496347 1
1757518041237 0.4282609301722598 2
1757518041246 0.22640459803712518 3
1757518041255 0.22973890986353102 4
1757518041265 0.06780321934508415 5
1757518041274 0.08469161767616921 6
1757518041284 0.09655012444874625 7
1757518041293 0.15183784740525197 8
1757518041302 0.15308294287030078 9
1757518041312 0.08196313802489477 10
1757518041321 0.12061758989838937 11
1757518041330 0.14576258110278886 12
1757518041340 0.08361555277506955 13
1757518041349 0.0887679338040526 14
1757518041359 0.23854051087765119 15
1757518041368 0.18113198403414077 16
1757518041378 0.14122209854571638 17
1757518041387 0.1579174142640871 18
1757518041397 0.2141425871942294 19
1757518041406 0.08982377937464751 20
1757518041416 0.04585464560374894 21
1757518041426 0.05418207685914411 22
1757518041436 0.09680337528106146 23
1757518041445 0.09613502939124642 24
1757518041455 0.06328139573823266 25
1757518041465 0.09878708570653147 26
1757518041474 0.05711109973477983 27
1757518041484 0.06114561077995938 28
1757518041493 0.06501776894631466 29
1757518041503 0.08529178358697083 30
1757518041512 0.06122044665074635 31
1757518041522 0.09184582159470832 32
1757518041532 0.081023131824393 33
1757518041542 0.21127522939572868 34
1757518041551 0.0786424032974942 35
1757518041561 0.08812046158307557 36
1757518041571 0.10228035761026112 37
1757518041580 0.0811551810441978 38
1757518041589 0.08678558392231406 39
1757518041599 0.10209986745016032 40
1757518041609 0.11338120912235991 41
1757518041619 0.0821223589401839 42
1757518041628 0.07200145625882935 43
1757518041638 0.08405712216545717 44
1757518041647 0.06937073697311048 45
1757518041657 0.0844490116358752 46
1757518041666 0.12091410689233596 47
1757518041676 0.061363129684375926 48
1757518041686 0.07807681889292459 49
1757518041695 0.08135607243770424 50
1757518041705 0.17156616140643824 51
1757518041715 0.10336477633398226 52
1757518041724 0.0944736238185788 53
1757518041734 0.14250436477841505 54
1757518041743 0.1813505993264638 55
1757518041753 0.17701680716922483 56
1757518041763 0.08609348092683243 57
1757518041773 0.1362088421786903 58
1757518041783 0.0977833974761719 59
1757518041793 0.1235094216503759 60
1757518041803 0.06074597351649656 61
1757518041813 0.06999759625571693 62
1757518041822 0.09001109556916996 63
1757518041833 0.07172955706394868 64
1757518041843 0.08241478217254757 65
1757518041853 0.0802687547290741 66
1757518041863 0.10214797066710662 67
1757518041873 0.086274547962671 68
1757518041882 0.07526608594310118 69
1757518041892 0.14335097935658012 70
1757518041902 0.10234461422567119 71
1757518041912 0.07904005468373909 72
1757518041922 0.09791854009683224 73
1757518041932 0.08629071247277786 74
1757518041942 0.08664037736453473 75
1757518041951 0.08607547856078504 76
1757518041961 0.09861575177631056 77
1757518041971 0.09419066379984116 78
1757518041981 0.053284465318608386 79
1757518041990 0.09615738895216445 80
1757518042000 0.09032226113602274 81
1757518042010 0.09140195563888051 82
1757518042020 0.16333758323092026 83
1757518042030 0.08540388360756342 84
1757518042039 0.08609385607731404 85
1757518042049 0.10858427915974109 86
1757518042059 0.17259407546687136 87
1757518042069 0.14198268926768146 88
1757518042079 0.13341990369373272 89
1757518042089 0.06899039910418137 90
1757518042098 0.05244378806327665 91
1757518042108 0.09474511108554706 92
1757518042118 0.1377134764180912 93
1757518042128 0.1017837229890556 94
1757518042138 0.0499253817168266 95
1757518042148 0.08194964887986203 96
1757518042158 0.07871394022994602 97
1757518042168 0.08278351160472781 98
1757518042178 0.07736320215344555 99
1757518042188 0.11034139206209279 100
1757518042198 0.2555340464417031 101
1757518042208 0.07374054691287088 102
1757518042217 0.06004993409827098 103
1757518042227 0.06489929064237969 104
1757518042237 0.14559583990216096 105
1757518042247 0.11425842246526792 106
1757518042257 0.09307582706484584 107
1757518042267 0.08152422074953689 108
1757518042278 0.11392031583450542 109
1757518042288 0.10802243520841091 110
1757518042298 0.0719371630872264 111
1757518042308 0.06102490997338463 112
1757518042318 0.055882230377827954 113
1757518042328 0.08367934027756666 114
1757518042338 0.12317323519318286 115
1757518042348 0.10260671494581423 116
1757518042358 0.13151021866263823 117
1757518042368 0.07396377670952047 118
1757518042378 0.08698554098263814 119
1757518042388 0.14323534684973874 120
1757518042398 0.08644057742279698 121
1757518042408 0.06571437679921548 122
1757518042418 0.07071521113507512 123
1757518042429 0.1714344219355629 124
1757518042443 0.09289076205690212 125
1757518042453 0.058723255397295226 126
1757518042464 0.05985599108678895 127
1757518042474 0.11888845418663271 128
1757518042484 0.05752313360470768 129
1757518042494 0.08369884436623798 130
1757518042504 0.0852644934493618 131
1757518042514 0.0692985427544975 132
1757518042524 0.07118276684405073 133
1757518042534 0.06943727372164137 134
1757518042544 0.14792817059932073 135
1757518042554 0.10255290410324691 136
1757518042564 0.07368919660530286 137
1757518042574 0.10119234434325423 138
1757518042584 0.15791682867051607 139
1757518042595 0.10428449321209449 140
1757518042620 0.06721769727036876 141
1757518042630 0.10811084254408546 142
1757518042640 0.09076808279649108 143
1757518042651 0.21942084532366266 144
1757518042661 0.10636243916963402 145
1757518042671 0.09706959980742777 146
1757518042681 0.07645243528656159 147
1757518042692 0.10138537272952775 148
1757518042702 0.09082220173261958 149
1757518042713 0.07683150032516539 150
1757518042723 0.051856745243054406 151
1757518042733 0.1165106206212127 152
1757518042743 0.06707067815152058 153
1757518042753 0.11143415715442026 154
1757518042764 0.06315296136219181 155
1757518042774 0.0638032397679451 156
1757518042784 0.07355913369429529 157
1757518042794 0.09087639620285204 158
1757518042805 0.07440059834786204 159
1757518042815 0.04803615705192702 160
1757518042825 0.09879603119017483 161
1757518042836 0.10598368706620712 162
1757518042846 0.0626095883770706 163
1757518042857 0.09925319739679109 164
1757518042867 0.061951391635353285 165
1757518042878 0.12471882611007545 166
1757518042888 0.07804587153124232 167
1757518042898 0.16168660675201965 168
1757518042909 0.13330138795316784 169
1757518042919 0.1547362286118979 170
1757518042929 0.0693191310261934 171
1757518042940 0.11514256604103043 172
1757518042950 0.0919545309466026 173
1757518042960 0.09586556843669772 174
1757518042970 0.12198602361401967 175
1757518042981 0.0694160345577326 176
1757518042991 0.11754928078562017 177
1757518043002 0.10922945437485346 178
1757518043012 0.10155578235862488 179
1757518043023 0.05877134853207416 180
1757518043033 0.11732101476233146 181
1757518043044 0.08126768023762633 182
1757518043054 0.09543747407492575 183
1757518043065 0.12118786704318261 184
1757518043075 0.10526531555294621 185
1757518043086 0.15432746168955547 186
1757518043096 0.12023684615336913 187
1757518043107 0.11734607943147249 188
1757518043117 0.08133176842452522 189
1757518043128 0.08564815465610488 190
1757518043138 0.09077014950651274 191
1757518043148 0.0667398266268514 192
1757518043159 0.12452821271585136 193
1757518043171 0.1312067221735882 194
1757518043183 0.07641081798182356 195
1757518043199 0.09899052215942052 196
1757518043210 0.13177433618701143 197
1757518043221 0.05189303912759623 198
1757518043232 0.06180086452097708 199
1757518043243 0.09950162062396947 200
1757518043253 0.07579044937789246 201
1757518043264 0.12012809721867453 202
1757518043274 0.10498703976943911 203
1757518043285 0.06450443318231311 204
1757518043295 0.08518049253695995 205
1757518043306 0.08810013604325717 206
1757518043317 0.10146641525054009 207
1757518043328 0.08311860129435561 208
1757518043338 0.09070179744676055 209
1757518043349 0.10385846217932064 210
1757518043359 0.06021874333777989 211
1757518043370 0.10664531666656805 212
1757518043381 0.09591270062388965 213
1757518043391 0.05536495632496775 214
1757518043402 0.16835492165428675 215
1757518043412 0.09853902653537419 216
1757518043423 0.05888397043535264 217
1757518043434 0.09327042276295518 218
1757518043445 0.07621793493172888 219
1757518043455 0.08558947914761784 220
1757518043466 0.09869910265328984 221
1757518043477 0.06339167061775092 222
1757518043487 0.12871585425850823 223
1757518043498 0.09179297872115147 224
1757518043509 0.1427446424223982 225
1757518043520 0.06278080796054863 226
1757518043531 0.06649618447152841 227
1757518043542 0.04940038427208736 228
1757518043554 0.05258757478311595 229
1757518043565 0.10131243238522365 230
1757518043576 0.09237286348973864 231
1757518043586 0.10856345955081666 232
1757518043597 0.13282733551325146 233
1757518043608 0.04842488238379974 234
1757518043619 0.12328458553141629 235
1757518043630 0.12702655942946378 236
1757518043641 0.11492181870222971 237
1757518043651 0.06327810028863302 238
1757518043662 0.09495400144437605 239
1757518043673 0.08709106216661809 240
1757518043683 0.06373215924892453 241
1757518043694 0.10881033264416794 242
1757518043705 0.08051303484318938 243
1757518043716 0.06385294482426587 244
1757518043727 0.0859920381986942 245
1757518043738 0.1696102463446868 246
1757518043749 0.08224204366532992 247
1757518043760 0.09149979259542891 248
1757518043770 0.08723721190363133 249
1757518043782 0.08185085976415593 250
1757518043792 0.06367314257651631 251
1757518043803 0.06689111503745122 252
1757518043814 0.041080702980263915 253
1757518043825 0.11412178601783357 254
1757518043836 0.040338585352064256 255
1757518043847 0.06835926356987884 256
1757518043858 0.07265149922623008 257
1757518043869 0.07667624083545783 258
1757518043880 0.15909356198148927 259
1757518043891 0.06212997538536241 260
1757518043902 0.0792837625491118 261
1757518043912 0.1359017179015335 262
1757518043923 0.1272493323856834 263
1757518043934 0.0866363970263347 264
1757518043946 0.08869785906411581 265
1757518043957 0.08901307915432893 266
1757518043968 0.11417080625890653 267
1757518043979 0.05983683228662958 268
1757518043990 0.07446911557180234 269
1757518044000 0.09764966993156456 270
1757518044011 0.06663052909818584 271
1757518044023 0.06153071739443016 272
1757518044033 0.15253368551567847 273
1757518044044 0.05986198144617448 274
1757518044055 0.17541492716819254 275
1757518044067 0.08646989512937209 276
1757518044078 0.07762754931116808 277
1757518044089 0.09001102629393899 278
1757518044100 0.06423022700928586 279
1757518044111 0.09701423594436603 280
1757518044122 0.08748270262771604 281
1757518044133 0.07818365962724813 282
1757518044144 0.1656982416027509 283
1757518044155 0.11700885136772839 284
1757518044167 0.054813061805124734 285
1757518044179 0.0644664208166031 286
1757518044190 0.1215383013315286 287
1757518044202 0.10504377382723923 288
1757518044213 0.07031847026169807 289
1757518044225 0.09369270408120431 290
1757518044236 0.06526935019394607 291
1757518044247 0.08519436322640832 292
1757518044258 0.11155009825562355 293
1757518044269 0.09702905991812237 294
1757518044280 0.08447380720183359 295
1757518044290 0.08746356077281865 296
1757518044301 0.09427905487105655 297
1757518044312 0.07515654199801736 298
1757518044324 0.1384813196820638 299
1757518044335 0.04515960725686455 300
1757518044346 0.09262246921281501 301
1757518044357 0.09230108735424172 302
1757518044368 0.19404892698287926 303
1757518044380 0.06922051902525587 304
1757518044391 0.06118641917927713 305
1757518044402 0.04374728327158431 306
1757518044413 0.09088695633607971 307
1757518044424 0.06699151056081341 308
1757518044436 0.10594331376458357 309
1757518044447 0.07911717199187253 310
1757518044458 0.061954117919023284 311
1757518044469 0.0717176782664765 312
1757518044480 0.06887276679497212 313
1757518044491 0.092789436889164 314
1757518044502 0.10122202489092763 315
1757518044514 0.10425901600458126 316
1757518044525 0.12984260090472816 317
1757518044536 0.13595884356222837 318
1757518044547 0.1077144483822842 319
1757518044558 0.09136668125898079 320
1757518044569 0.09345961721675039 321
1757518044581 0.09526664060658012 322
1757518044592 0.06326772022121271 323
1757518044603 0.05280518576122213 324
1757518044614 0.09181441621301804 325
1757518044625 0.08937879143718921 326
1757518044637 0.06531087022003151 327
1757518044648 0.10315986528030135 328
1757518044659 0.07044319808369444 329
1757518044670 0.10259117279387685 330
1757518044682 0.07924727518135406 331
1757518044693 0.10490924674302271 332
1757518044704 0.10107599161993001 333
1757518044715 0.0997260054182358 334
1757518044735 0.08539756856965229 335
1757518044750 0.07039902268581846 336
1757518044762 0.08558415151254291 337
1757518044774 0.13812933415456452 338
1757518044785 0.08249332156862867 339
1757518044797 0.07561274028554615 340
1757518044808 0.07008787511912061 341
1757518044820 0.08068546055294679 342
1757518044831 0.06279739359842926 343
1757518044843 0.05549613353765115 344
1757518044854 0.06287829394329261 345
1757518044865 0.10300614584746753 346
1757518044877 0.08385919876486811 347
1757518044888 0.07630617604236076 348
1757518044900 0.10178382591250316 349
1757518044911 0.08605441502394522 350
1757518044923 0.07284185555751255 351
1757518044934 0.0670240336720267 352
1757518044945 0.07081773640980114 353
1757518044957 0.06775533608378656 354
1757518044969 0.07709271782760815 355
1757518044980 0.0968431276217554 356
1757518044991 0.07674459290492247 357
1757518045003 0.07656688088461083 358
1757518045014 0.14168502243759568 359
1757518045026 0.09115044344897551 360
1757518045038 0.098387834011495 361
1757518045049 0.10122822316369315 362
1757518045060 0.1185209918752736 363
1757518045072 0.08733179891631436 364
1757518045083 0.13284931447507264 365
1757518045095 0.06452847693900168 366
1757518045107 0.06002276185572492 367
1757518045118 0.07293562472040174 368
1757518045130 0.08902358475051654 369
1757518045142 0.09492925228272142 370
1757518045153 0.09632618817626282 371
1757518045165 0.15282518817382257 372
1757518045176 0.1749492810840864 373
1757518045188 0.14621812212201146 374
1757518045204 0.0375769385702971 375
1757518045216 0.058248598096008936 376
1757518045227 0.08524488722882512 377
1757518045239 0.07910415278635592 378
1757518045251 0.0799842774301335 379
1757518045263 0.07149490292332815 380
1757518045275 0.10689270056205738 381
1757518045286 0.12041548145703011 382
1757518045298 0.07667047607669411 383
1757518045309 0.09921713229814891 384
1757518045321 0.07015969625829464 385
1757518045333 0.16958347342876276 386
1757518045345 0.05819227569599267 387
1757518045357 0.09045728935892566 388
1757518045368 0.09696433745431562 389
1757518045380 0.12080523634240227 390
1757518045391 0.1460438481134505 391
1757518045403 0.07049753997254152 392
1757518045415 0.11624716581309094 393
1757518045427 0.11877108796751205 394
1757518045439 0.07760176559673666 395
1757518045451 0.10199941500193291 396
1757518045463 0.07677387386422709 397
1757518045474 0.06619026469341253 398
1757518045486 0.07559064894573297 399
1757518045498 0.08449228133783356 400
1757518045509 0.08930248481585072 401
1757518045521 0.07051914128453489 402
1757518045533 0.12133432717020214 403
1757518045545 0.049672305939592175 404
1757518045557 0.1151342080820677 405
1757518045569 0.06295990095928752 406
1757518045581 0.08335964703686527 407
1757518045593 0.056314353495024276 408
1757518045605 0.1438838356691212 409
1757518045617 0.0597267330285608 410
1757518045628 0.0755105811111626 411
1757518045641 0.0997769844789944 412
1757518045652 0.07092726136015684 413
1757518045665 0.0911487208475146 414
1757518045677 0.06677502983657098 415
1757518045688 0.08696669295678079 416
1757518045700 0.1174061164461967 417
1757518045713 0.11048025838005418 418
1757518045725 0.11322583976511856 419
1757518045737 0.13185089622020044 420
1757518045749 0.09922072368716722 421
1757518045761 0.060006375365188755 422
1757518045773 0.09213331526413855 423
1757518045785 0.09625430669832644 424
1757518045797 0.1119608669356045 425
1757518045809 0.04665571877112354 426
1757518045821 0.15351109509588987 427
1757518045832 0.08562785439533772 428
1757518045844 0.07213200449201682 429
1757518045856 0.09688591571658936 430
1757518045868 0.06395531848665917 431
1757518045880 0.13232672214494326 432
1757518045892 0.08393733279576593 433
1757518045904 0.09202545873356294 434
1757518045916 0.09407558174357696 435
1757518045928 0.0652972764848816 436
1757518045940 0.10708823244289732 437
1757518045953 0.12917428922368332 438
1757518045965 0.08479729112462056 439
1757518045977 0.07678689803623476 440
1757518045989 0.04848391710562036 441
1757518046001 0.11278404343434435 442
1757518046013 0.04934810804242357 443
1757518046025 0.09949505840284507 444
1757518046037 0.10354758884973085 445
1757518046049 0.06897972309938333 446
1757518046061 0.06143024900528533 447
1757518046073 0.1264426013810967 448
1757518046085 0.09052579541629835 449
1757518046097 0.12608197820754255 450
1757518046109 0.06793162209017621 451
1757518046121 0.07397469112225344 452
1757518046133 0.1858301078555273 453
1757518046145 0.10339033688248125 454
1757518046157 0.11656961813796499 455
1757518046169 0.1010911925336312 456
1757518046181 0.10641144725432915 457
1757518046193 0.10667024091875142 458
1757518046205 0.09674136311994477 459
1757518046217 0.11190343140175675 460
1757518046229 0.07978462129616386 461
1757518046242 0.07641090519704215 462
1757518046254 0.0824250259359247 463
1757518046266 0.05117968625692524 464
1757518046278 0.06404622165623676 465
1757518046291 0.07347964373449824 466
1757518046303 0.19383615187138067 467
1757518046315 0.08701267663064462 468
1757518046328 0.08659534908302578 469
1757518046340 0.07083230647809267 470
1757518046352 0.11910064685483124 471
1757518046364 0.06101329763014296 472
1757518046376 0.10361654760354187 473
1757518046388 0.052365526421491504 474
1757518046401 0.10711966229653809 475
1757518046413 0.09275007022607931 476
1757518046425 0.10777855769663973 477
1757518046437 0.13231123378110862 478
1757518046450 0.08204474012110409 479
1757518046462 0.07870305753758824 480
1757518046474 0.0952743475699603 481
1757518046486 0.06800132409140533 482
1757518046499 0.07887970712837372 483
1757518046511 0.04667601283673661 484
1757518046524 0.08473584994963793 485
1757518046536 0.07503780265043625 486
1757518046548 0.0720909236596561 487
1757518046560 0.12466982264615309 488
1757518046572 0.16735122240809622 489
1757518046585 0.04261343732045293 490
1757518046597 0.08827313440881498 491
1757518046609 0.16607690494096847 492
1757518046621 0.11592322790236574 493
1757518046634 0.10697986460620505 494
1757518046646 0.04157921502994013 495
1757518046658 0.1683359385851176 496
1757518046671 0.09780170935387629 497
1757518046683 0.05206076001959651 498
1757518046695 0.12053751437140581 499
