1757518561581 0.9105865097734827 0
1757518561615 1.0463731842927137e-05 1
1757518561649 7.688773117894302 2
1757518561682 0.0353643575382347 3
1757518561716 0.13477807669439149 4
1757518561751 0.007001303994349966 5
1757518561785 1.0707119629391992 6
1757518561819 0.0030505712419901503 7
1757518561853 0.11789901933305756 8
1757518561886 1.1229528264008806 9
1757518561919 0.4217887304287584 10
1757518561953 0.008164304728002229 11
1757518561987 0.38208616351338 12
1757518562020 0.3188161456345674 13
1757518562053 0.09817218065701466 14
1757518562087 0.05960785349691916 15
1757518562120 0.22556053296104472 16
1757518562154 0.11482940198958577 17
1757518562188 0.1997171227868504 18
1757518562221 0.0031351965757649798 19
1757518562255 0.04136090424943208 20
1757518562289 0.13732400558460325 21
1757518562322 0.06116717188812602 22
1757518562356 0.08281402286348027 23
1757518562389 0.010927848142662951 24
1757518562423 0.021662541998402843 25
1757518562457 8.41270943895845e-05 26
1757518562491 0.016612474101332188 27
1757518562525 0.05699957181229987 28
1757518562558 0.0553660718213588 29
1757518562592 0.6566739749197357 30
1757518562625 0.16027992686237302 31
1757518562659 0.011287946295993756 32
1757518562693 0.10471512423832105 33
1757518562726 0.001541121417777255 34
1757518562760 0.02545060413853271 35
1757518562794 0.06278401643237216 36
1757518562828 0.17490699958831726 37
1757518562862 0.0006300194257793176 38
1757518562903 0.1349441805257179 39
1757518562948 0.11291373008218025 40
1757518562982 0.05370772475349775 41
1757518563016 0.08165622502625115 42
1757518563050 0.002920041986629273 43
1757518563084 0.22410795005436068 44
1757518563118 0.03877257906199705 45
1757518563151 0.28892343173525326 46
1757518563185 0.4063570638301249 47
1757518563219 0.00016817771733548296 48
1757518563253 0.27419623613220323 49
1757518563287 0.00021392593817461057 50
1757518563321 0.0016648210474228846 51
1757518563357 0.005338239634600161 52
1757518563394 0.12976606791834713 53
1757518563429 7.876403224648306e-07 54
1757518563463 0.11297739834032758 55
1757518563497 0.0761606430114606 56
1757518563532 0.5303332177122992 57
1757518563566 0.018425817459860085 58
1757518563600 0.0654577659101127 59
1757518563634 0.006120412166204203 60
1757518563669 0.023094047321584706 61
1757518563703 0.13831958255804977 62
1757518563737 0.03995234137761758 63
1757518563771 0.0016804399602297776 64
1757518563805 0.018265452088899216 65
1757518563838 0.003106219529340484 66
1757518563871 0.026831660609305044 67
1757518563905 0.02653322939988444 68
1757518563940 0.006710314313429139 69
1757518563974 0.022600904438320593 70
1757518564009 0.03565216771041022 71
1757518564043 0.02947884029155825 72
1757518564077 0.06649974634065761 73
1757518564110 0.13082070792381464 74
1757518564144 0.02302692201991739 75
1757518564179 0.0006859240349528783 76
1757518564212 1.1959454625337091 77
1757518564246 0.0023147036872884575 78
1757518564280 0.09897954959469295 79
1757518564314 0.029811554079213168 80
1757518564348 0.0010507997512893366 81
1757518564382 0.1218804710270286 82
1757518564416 0.10842790523503734 83
1757518564450 0.025640569427116598 84
1757518564484 0.0007143491534481631 85
1757518564518 0.024403810977258775 86
1757518564552 0.07864297657028577 87
1757518564586 0.023341380863668163 88
1757518564620 0.04039734250977486 89
1757518564654 0.018371347948159453 90
1757518564688 0.18646868576333905 91
1757518564722 0.17309121304137137 92
1757518564756 0.1325282618226257 93
1757518564790 0.0467023308350092 94
1757518564824 0.0033148446822857456 95
1757518564859 0.06277958549940461 96
1757518564893 0.033347532353204534 97
1757518564940 0.007873799896278596 98
1757518564974 0.038961413065329444 99
1757518565008 0.04415314193329794 100
1757518565043 0.029617774927950688 101
1757518565077 0.014797927295316982 102
1757518565112 0.02392658815248096 103
1757518565146 0.03159164070029066 104
1757518565180 0.020529808150043568 105
1757518565214 0.046802265034769155 106
1757518565248 0.10539947356198316 107
1757518565283 0.01689183295295627 108
1757518565317 5.899470716974605e-07 109
1757518565351 0.0058341468009627945 110
1757518565385 0.001001585146058963 111
1757518565420 0.04901290507343456 112
1757518565454 0.03028216881251864 113
1757518565488 0.110142570477587 114
1757518565522 0.10439840008089647 115
1757518565556 0.0560860561602506 116
1757518565590 0.0016128753973190832 117
1757518565625 0.06460253735591537 118
1757518565659 0.002182512063169529 119
1757518565694 0.04754427567863324 120
1757518565728 0.054019796312066326 121
1757518565762 0.038480369320971486 122
1757518565796 0.06713307366946727 123
1757518565830 0.37833651894792325 124
1757518565864 0.004914379188580813 125
1757518565899 0.10958967355620367 126
1757518565933 0.0014961900334168057 127
1757518565967 0.018645775455958392 128
1757518566001 0.05406586390527416 129
1757518566036 0.044684050024868235 130
1757518566070 0.02660762703866479 131
1757518566105 0.002434210343803369 132
1757518566140 0.019447640177572365 133
1757518566175 0.009915696925129199 134
1757518566210 0.008026540326646323 135
1757518566245 0.1596548164610511 136
1757518566279 0.08559445759215895 137
1757518566313 0.04670298035138844 138
1757518566348 0.06008920395986226 139
1757518566382 0.38353888271824477 140
1757518566417 0.33262278140893276 141
1757518566451 0.004955793077121317 142
1757518566486 0.05074840166241007 143
1757518566521 0.12901783234932093 144
1757518566555 0.011606637872012333 145
1757518566589 0.009538090209767165 146
1757518566624 0.011341770881901614 147
1757518566659 0.14460039324421023 148
1757518566693 0.006637955809633115 149
1757518566727 0.9653481872563187 150
1757518566762 0.26739749137237556 151
1757518566796 0.16118580124100187 152
1757518566831 0.03537647692037278 153
1757518566865 0.036973341413596275 154
1757518566900 0.0016159441577754247 155
1757518566934 0.15940383252784293 156
1757518566968 0.0015658037868496268 157
1757518567002 0.013077104730108346 158
1757518567037 0.03466535734661645 159
1757518567071 0.0014047663814345187 160
1757518567105 0.33066671420804805 161
1757518567140 0.00613744809627243 162
1757518567174 0.0021950392553089617 163
1757518567209 0.2744641267232811 164
1757518567243 0.016090849686186036 165
1757518567277 0.02419002087050512 166
1757518567312 0.0010053432069273979 167
1757518567346 0.15640538161651155 168
1757518567381 0.005115588839456857 169
1757518567415 0.5166847765291315 170
1757518567449 0.20107635467246088 171
1757518567483 0.06707597475045067 172
1757518567518 0.04894591274273269 173
1757518567552 0.14777616713418246 174
1757518567587 0.05502221376894265 175
1757518567621 0.045008211177063336 176
1757518567656 0.031398158663131344 177
1757518567690 0.03696083039250429 178
1757518567725 0.08642363192990074 179
1757518567760 0.010149804310613143 180
1757518567795 0.007626648024458857 181
1757518567830 0.000395214999721296 182
1757518567864 0.08217111396946472 183
1757518567899 0.38841820391157544 184
1757518567934 0.0020627316330214616 185
1757518567968 0.0016180729568630303 186
1757518568003 0.1640887635741961 187
1757518568038 0.09728669074235018 188
1757518568072 0.06019873098414279 189
1757518568107 0.02495505779592021 190
1757518568141 0.012832476335300436 191
1757518568176 0.048997044927060154 192
1757518568211 0.003204082412840646 193
1757518568246 0.041715044935143344 194
1757518568281 0.12899774252619364 195
1757518568317 0.3120991738272443 196
1757518568353 0.0016735310074537694 197
1757518568388 0.003272797236897695 198
1757518568423 0.1749298577283966 199
1757518568458 0.09243532591684546 200
1757518568492 0.04126080318877719 201
1757518568527 0.012096877206791045 202
1757518568562 0.07593150399715132 203
1757518568596 0.07051181535204543 204
1757518568631 0.090678372588151 205
1757518568666 0.0510599152718907 206
1757518568701 0.07698041836263415 207
1757518568735 0.11432936846815202 208
1757518568770 0.0570683920610024 209
1757518568805 0.04103325886542623 210
1757518568840 0.12238361262431575 211
1757518568875 0.04030953162958903 212
1757518568916 0.0009424741822054271 213
1757518568951 0.015800455741728617 214
1757518568985 0.08363633334420184 215
1757518569020 0.29750592938659404 216
1757518569055 0.07394818620424178 217
1757518569089 0.004476574718641183 218
1757518569124 0.08110778508308907 219
1757518569159 0.13892270464213777 220
1757518569193 0.15183578837060105 221
1757518569228 0.04154539396641362 222
1757518569263 0.3149084003793617 223
1757518569298 0.0007573718449031515 224
1757518569333 0.05065715098957186 225
1757518569368 0.0013858029110868824 226
1757518569403 0.014247350820118484 227
1757518569439 0.11783025013159593 228
1757518569474 0.02584542951927461 229
1757518569509 0.0025277658948297077 230
1757518569544 0.010601909811900267 231
1757518569579 0.045066494723453115 232
1757518569614 0.09586815200818923 233
1757518569649 0.00662627510474061 234
1757518569685 0.04406735225540057 235
1757518569720 0.3122360687936829 236
1757518569755 0.02573742811725848 237
1757518569790 0.17705713117300767 238
1757518569825 0.11214922971455295 239
1757518569860 0.15895749147822527 240
1757518569895 0.0013011630896619928 241
1757518569930 0.007170065017310366 242
1757518569965 0.04480412906265999 243
1757518570000 0.04096706090113972 244
1757518570035 0.0009132299824709671 245
1757518570070 0.004117128319421633 246
1757518570104 0.13558742133277635 247
1757518570139 0.05024933143346795 248
1757518570173 0.02370083018339808 249
1757518570207 0.02171680031930711 250
1757518570242 0.45047465527275204 251
1757518570277 2.8438256637994514e-05 252
1757518570312 0.20073275690313935 253
1757518570347 0.013653105700611153 254
1757518570382 0.027097447921552043 255
1757518570416 0.10900645142762667 256
1757518570451 0.09399197417981378 257
1757518570486 0.01691460155070965 258
1757518570523 0.21909821208071045 259
1757518570558 0.024326718459709948 260
1757518570593 0.010942660353670084 261
1757518570628 0.05172646412704614 262
1757518570663 0.007244018468739744 263
1757518570698 9.73469770218163e-08 264
1757518570733 0.049250985285085695 265
1757518570768 0.00556594209922719 266
1757518570803 0.9943327242930282 267
1757518570838 1.062388606903523 268
1757518570873 0.035971089545010194 269
1757518570908 0.3506883054048655 270
1757518570943 6.1958383825778405e-06 271
1757518570977 0.013950405192695506 272
1757518571013 0.03879515598369252 273
1757518571049 0.008569008135822937 274
1757518571084 0.022206261248119297 275
1757518571119 0.04592560282023397 276
1757518571155 0.041160345290556066 277
1757518571190 0.0006411590368920131 278
1757518571225 0.12991740269915572 279
1757518571260 0.09913324252797745 280
1757518571296 0.04101859463949711 281
1757518571332 0.014569909482204746 282
1757518571367 6.050921982872677e-05 283
1757518571402 0.04128609993418107 284
1757518571438 0.07398895624740506 285
1757518571473 0.047994637637170885 286
1757518571508 0.3350589688918605 287
1757518571543 0.045002438733571196 288
1757518571579 0.011020616117411421 289
1757518571614 0.006709586556859084 290
1757518571649 0.015568535855579983 291
1757518571685 0.10783104179587424 292
1757518571721 0.08285335694688589 293
1757518571757 1.787391485070167 294
1757518571793 2.0830202789994183e-06 295
1757518571828 0.016239882262277995 296
1757518571864 0.12238471356283177 297
1757518571900 0.03496997816738603 298
1757518571935 0.009804076897352678 299
1757518571971 0.06420680656447297 300
1757518572007 0.7349455009533521 301
1757518572042 0.0015467287027100065 302
1757518572078 0.11269511746698355 303
1757518572114 0.08842552202161796 304
1757518572149 0.21796343273118216 305
1757518572185 0.12444290107700874 306
1757518572221 0.024287879604955168 307
1757518572256 0.30981576974073044 308
1757518572292 0.0916685863007597 309
1757518572328 0.05075395216051676 310
1757518572364 0.02257142710155594 311
1757518572399 0.013311269549050358 312
1757518572435 0.003508586556905698 313
1757518572471 0.11427893190809646 314
1757518572506 0.010175852230740658 315
1757518572542 0.032318211691292405 316
1757518572577 0.06416997193963159 317
1757518572613 0.14289369297735338 318
1757518572649 0.17671608086514265 319
1757518572685 0.010842771825329427 320
1757518572722 0.011677595265588247 321
1757518572758 0.04081731331309275 322
1757518572793 0.16173631210126824 323
1757518572829 0.09322424247174439 324
1757518572865 0.24307571889217008 325
1757518572900 0.10658952621074336 326
1757518572936 0.1347800157907741 327
1757518572971 0.006067327814066921 328
1757518573007 0.14449509760137177 329
1757518573042 0.018860222782094233 330
1757518573078 0.26532938204368794 331
1757518573113 0.024905269529097596 332
1757518573149 0.012844856455176674 333
1757518573184 0.02309128422929368 334
1757518573220 0.027022666467396768 335
1757518573256 0.030162866175570707 336
1757518573292 8.889033544002698e-05 337
1757518573328 0.054018408850392545 338
1757518573369 0.06071676873710495 339
1757518573406 0.057533971921892524 340
1757518573442 0.22529418364310688 341
1757518573478 0.004332685461136763 342
1757518573514 0.0417862503320906 343
1757518573549 0.00013263813540839023 344
1757518573585 0.17195878906520468 345
1757518573621 0.21966362635794479 346
1757518573657 0.16412044299321396 347
1757518573693 0.003774487983510692 348
1757518573729 0.061186002239217836 349
1757518573765 0.006273615758842082 350
1757518573801 0.1515025850949556 351
1757518573837 0.4441149242311103 352
1757518573872 0.16937549260521428 353
1757518573908 0.3097096251809995 354
1757518573944 0.025594879819039355 355
1757518573980 0.019903977735141194 356
1757518574016 0.1263471338414254 357
1757518574052 0.08405298119770799 358
1757518574088 0.09292946080091939 359
1757518574123 0.06151139948406972 360
1757518574159 0.02947178010059121 361
1757518574195 0.024587839185225824 362
1757518574231 0.39843212790318827 363
1757518574267 0.05721232193970923 364
1757518574302 0.05685781786460922 365
1757518574338 0.0010962929449080906 366
1757518574373 0.2176688788115291 367
1757518574409 0.07753156967597279 368
1757518574445 0.27456911632016817 369
1757518574481 0.05618855670865991 370
1757518574516 0.005946446664881953 371
1757518574551 0.0007285867211106726 372
1757518574587 0.04308964169239108 373
1757518574623 0.1520390247203759 374
1757518574659 0.2572970257890138 375
1757518574695 0.007508594838673663 376
1757518574732 0.14341430535580021 377
1757518574768 0.006533262940958669 378
1757518574804 0.14000134544833245 379
1757518574842 0.004888895779706445 380
1757518574885 0.05176112547094749 381
1757518574932 0.014388772295105014 382
1757518574969 0.4258378180498454 383
1757518575005 0.17754756943767094 384
1757518575041 0.04211000591469219 385
1757518575077 0.13615975173572561 386
1757518575113 0.1393396012773258 387
1757518575149 0.10876556949874916 388
1757518575185 0.010386994677416557 389
1757518575222 0.04944071187694586 390
1757518575258 0.02171845238104882 391
1757518575293 0.012196442003170426 392
1757518575329 0.025793213255640036 393
1757518575364 0.2720954871805087 394
1757518575400 1.1090698963854718e-05 395
1757518575436 0.0015757057507099703 396
1757518575472 0.10802216186976911 397
1757518575508 0.0010204622451438089 398
1757518575544 0.42555552669697183 399
1757518575580 0.04092927102237889 400
1757518575616 0.06033743212332186 401
1757518575652 0.0033252173939379297 402
1757518575688 0.005207294108913108 403
1757518575724 0.0030067989054393864 404
1757518575761 0.005184751343412613 405
1757518575797 0.153252062339352 406
1757518575833 0.005784106488321363 407
1757518575869 0.0020077634710363368 408
1757518575906 0.00016477423563783072 409
1757518575942 0.08935126080999894 410
1757518575978 0.04941310192961341 411
1757518576015 0.046020605293051686 412
1757518576051 0.006805204713039566 413
1757518576087 0.017565511620543893 414
1757518576124 0.013690991644911065 415
1757518576160 0.06859763468810404 416
1757518576196 0.02023512016278197 417
1757518576233 0.04222242012696733 418
1757518576269 0.014701742808384936 419
1757518576305 0.0011135832136784233 420
1757518576342 0.03646609152840757 421
1757518576378 0.06496993273676416 422
1757518576414 1.3213029995499008 423
1757518576450 0.38659040408832424 424
1757518576486 0.005807634690588233 425
1757518576523 0.1379669794243662 426
1757518576559 0.00023832052580131187 427
1757518576595 0.0177831471527147 428
1757518576632 0.1550000903162426 429
1757518576668 0.15389850013504838 430
1757518576704 0.007657408814206451 431
1757518576741 0.1841373756210525 432
1757518576777 0.011206364975620659 433
1757518576813 0.030092052005409098 434
1757518576850 0.014847174124535383 435
1757518576886 0.00871153580142826 436
1757518576923 0.1603706904460874 437
1757518576960 0.005832919008666183 438
1757518576998 0.0647046869356257 439
1757518577035 0.014508162371917023 440
1757518577071 0.01950149203165475 441
1757518577108 0.0384696115398089 442
1757518577144 0.26022348337622214 443
1757518577181 0.001341505923866971 444
1757518577217 0.021284838127427395 445
1757518577253 0.016086697476528772 446
1757518577289 0.03279126224394012 447
1757518577326 0.07685618985913557 448
1757518577362 0.023599476907383662 449
1757518577398 0.20869819460690667 450
1757518577435 0.00705840515206425 451
1757518577471 0.007468960840706356 452
1757518577508 0.030189241730122846 453
1757518577544 0.018391107881383727 454
1757518577581 0.000903739366572696 455
1757518577617 0.10210324425335363 456
1757518577654 0.13629436597096667 457
1757518577690 0.10352469564221271 458
1757518577727 0.05067752542871925 459
1757518577764 0.023453941352512813 460
1757518577800 0.08404067383615638 461
1757518577837 0.01663285206451559 462
1757518577876 0.026829304203463963 463
1757518577913 0.004969754638476839 464
1757518577950 0.052897831571135825 465
1757518577986 0.08794998950024747 466
1757518578023 0.02861087623169087 467
1757518578060 0.012583149851661476 468
1757518578097 0.036634478342995186 469
1757518578133 0.005087460448377163 470
1757518578170 0.01772938675952277 471
1757518578207 0.01313294401930686 472
1757518578243 0.0204162460520206 473
1757518578280 0.0771619515546606 474
1757518578316 0.10639819414479579 475
1757518578353 0.12260066324674616 476
1757518578389 0.006180702800477496 477
1757518578426 0.18006505305396808 478
1757518578463 0.0343082173945154 479
1757518578500 0.07488634395834813 480
1757518578536 0.1177820589303684 481
1757518578573 0.18827256999838607 482
1757518578609 0.17833416331195454 483
1757518578646 0.08526684630464147 484
1757518578682 0.025458045665838844 485
1757518578719 0.0352169213852007 486
1757518578755 0.0011274640911424763 487
1757518578791 0.053519942945658934 488
1757518578827 0.12653573275594487 489
1757518578864 0.55717125301726 490
1757518578900 0.09589237633035029 491
1757518578937 0.013222472180089043 492
1757518578974 0.19706151261929883 493
1757518579010 0.022272482459353492 494
1757518579047 0.006010939706854145 495
1757518579083 0.3671579935859299 496
1757518579120 0.006498914203591225 497
1757518579157 0.04225177619188098 498
1757518579195 0.07943034755576611 499
