1757513164622 167.61159173040247 0
1757513164631 164.6762762988193 1
1757513164641 164.41385511538527 2
1757513164652 164.12781194332803 3
1757513164661 163.84256705156525 4
1757513164671 163.55789018280868 5
1757513164681 163.27378238113158 6
1757513164691 162.99024245235992 7
1757513164701 162.70726922726575 8
1757513164711 162.42486153887054 9
1757513164721 162.1430182226786 10
1757513164731 161.8617381166668 11
1757513164741 161.58102006128019 12
1757513164751 161.30086289942767 13
1757513164761 161.02126547647345 14
1757513164770 160.74222664023526 15
1757513164780 160.4637452409745 16
1757513164790 160.18582013139905 17
1757513164800 159.90845016664682 18
1757513164810 159.63163420428998 19
1757513164821 159.3553711043237 20
1757513164834 159.07965972916261 21
1757513164844 158.80449894363906 22
1757513164855 158.52988761499023 23
1757513164865 158.25582461286075 24
1757513164875 157.98230880929088 25
1757513164886 157.7093390787169 26
1757513164896 157.43691429796112 27
1757513164906 157.16503334623042 28
1757513164917 156.8936951051062 29
1757513164928 156.62289845854718 30
1757513164938 156.35264229287498 31
1757513164949 156.08292549677597 32
1757513164960 155.813746961291 33
1757513164971 155.54510557981536 34
1757513164982 155.27700024808792 35
1757513164993 155.0094298641916 36
1757513165004 154.74239332854413 37
1757513165014 154.47588954389443 38
1757513165025 154.20991741531842 39
1757513165035 153.94447585021106 40
1757513165046 153.67956375828578 41
1757513165057 153.41518005156396 42
1757513165067 153.15132364437557 43
1757513165078 152.88799345334883 44
1757513165088 152.6251883974092 45
1757513165098 152.3629073977722 46
1757513165109 152.1011493779387 47
1757513165118 151.83991326369113 48
1757513165130 151.5791979830854 49
1757513165140 151.3190024664506 50
1757513165151 151.0593256463796 51
1757513165161 150.80016645772787 52
1757513165171 150.54152383760436 53
1757513165181 150.28339672536995 54
1757513165191 150.02578406263257 55
1757513165201 149.76868479323912 56
1757513165211 149.51209786327354 57
1757513165222 149.256022221051 58
1757513165232 149.00045681711293 59
1757513165243 148.74540060422137 60
1757513165253 148.49085253735632 61
1757513165263 148.23681157370967 62
1757513165273 147.98327667267793 63
1757513165283 147.73024679586138 64
1757513165294 147.47772090705814 65
1757513165304 147.22569797225702 66
1757513165314 146.97417695963577 67
1757513165324 146.7231568395546 68
1757513165334 146.47263658455313 69
1757513165345 146.22261516934137 70
1757513165355 145.97309157080042 71
1757513165365 145.7240647679747 72
1757513165376 145.47553374206635 73
1757513165387 145.22749747643402 74
1757513165397 144.97995495658665 75
1757513165407 144.73290517017406 76
1757513165417 144.48634710699116 77
1757513165428 144.24027975896433 78
1757513165457 143.9947021201547 79
1757513165474 143.74961318674661 80
1757513165485 143.50501195704842 81
1757513165495 143.26089743148594 82
1757513165505 143.0172686125932 83
1757513165516 142.77412450501689 84
1757513165526 142.53146411550318 85
1757513165537 142.28928645290137 86
1757513165548 142.04759052815007 87
1757513165559 141.80637535428053 88
1757513165569 141.56563994640734 89
1757513165580 141.32538332172547 90
1757513165590 141.08560449950716 91
1757513165601 140.8463025010936 92
1757513165611 140.60747634989568 93
1757513165621 140.36912507138382 94
1757513165631 140.13124769308794 95
1757513165642 139.89384324459084 96
1757513165653 139.65691075752332 97
1757513165665 139.42044926556153 98
1757513165676 139.18445780442178 99
1757513165686 138.9489354118545 100
1757513165696 138.71388112764154 101
1757513165707 138.47929399359262 102
1757513165718 138.24517305353723 103
1757513165728 138.01151735332525 104
1757513165739 137.77832594081818 105
1757513165750 137.54559786588635 106
1757513165760 137.3133321804053 107
1757513165771 137.08152793825127 108
1757513165781 136.85018419529607 109
1757513165792 136.6193000094025 110
1757513165802 136.38887444041964 111
1757513165813 136.1589065501808 112
1757513165823 135.92939540249853 113
1757513165836 135.70034006315774 114
1757513165848 135.47173959991454 115
1757513165859 135.24359308248924 116
1757513165870 135.0158995825658 117
1757513165881 134.78865817378178 118
1757513165892 134.56186793173248 119
1757513165902 134.3355279339562 120
1757513165913 134.1096372599398 121
1757513165924 133.884194991108 122
1757513165935 133.6592002108216 123
1757513165946 133.43465200437493 124
1757513165957 133.2105494589869 125
1757513165968 132.98689166380117 126
1757513165979 132.7636777098808 127
1757513165989 132.54090669020206 128
1757513166000 132.31857769965492 129
1757513166011 132.09668983503258 130
1757513166022 131.8752421950329 131
1757513166032 131.6542338802509 132
1757513166043 131.4336639931761 133
1757513166054 131.21353163818745 134
1757513166065 130.99383592155215 135
1757513166075 130.7745759514158 136
1757513166087 130.55575083780334 137
1757513166098 130.33735969261394 138
1757513166109 130.11940162961554 139
1757513166121 129.90187576444222 140
1757513166131 129.68478121458796 141
1757513166142 129.46811709940584 142
1757513166154 129.2518825401015 143
1757513166165 129.03607665973067 144
1757513166176 128.82069858319275 145
1757513166187 128.60574743723018 146
1757513166197 128.39122235042134 147
1757513166208 128.17712245317983 148
1757513166219 127.96344687774548 149
1757513166230 127.7501947581857 150
1757513166241 127.53736523039046 151
1757513166253 127.32495743206425 152
1757513166265 127.1129705027259 153
1757513166277 126.90140358370468 154
1757513166288 126.69025581813561 155
1757513166298 126.47952635095398 156
1757513166309 126.26921432889375 157
1757513166321 126.05931890048265 158
1757513166332 125.84983921603904 159
1757513166343 125.64077442766649 160
1757513166355 125.43212368924972 161
1757513166366 125.22388615645438 162
1757513166377 125.01606098671968 163
1757513166388 124.80864733925405 164
1757513166399 124.60164437503398 165
1757513166410 124.39505125679922 166
1757513166421 124.18886714904816 167
1757513166432 123.98309121803402 168
1757513166443 123.77772263176175 169
1757513166454 123.57276055998436 170
1757513166465 123.36820417420005 171
1757513166476 123.16405264764356 172
1757513166486 122.9603051552903 173
1757513166497 122.75696087384512 174
1757513166508 122.55401898174222 175
1757513166520 122.35147865914307 176
1757513166532 122.14933908792707 177
1757513166542 121.94759945169483 178
1757513166554 121.74625893575754 179
1757513166565 121.54531672713927 180
1757513166576 121.34477201456824 181
1757513166586 121.14462398847743 182
1757513166598 120.94487184099837 183
1757513166609 120.74551476595681 184
1757513166620 120.54655195887118 185
1757513166631 120.34798261694881 186
1757513166643 120.14980593907983 187
1757513166655 119.9520211258363 188
1757513166666 119.75462737946629 189
1757513166677 119.55762390389262 190
1757513166691 119.36100990470716 191
1757513166708 119.16478458916798 192
1757513166728 118.96894716619602 193
1757513166753 118.7734968463715 194
1757513166772 118.57843284193 195
1757513166788 118.38375436675877 196
1757513166803 118.18946063639305 197
1757513166818 117.99555086801323 198
1757513166835 117.80202428044018 199
1757513166851 117.60888009413466 200
1757513166866 117.4161175311876 201
1757513166882 117.22373581532354 202
1757513166895 117.03173417189353 203
1757513166907 116.8401118278712 204
1757513166919 116.6488680118504 205
1757513166930 116.45800195404247 206
1757513166942 116.26751288626967 207
1757513166955 116.07740004196634 208
1757513166967 115.88766265616967 209
1757513166979 115.69829996552205 210
1757513166990 115.50931120826452 211
1757513167002 115.32069562423105 212
1757513167013 115.13245245485224 213
1757513167024 114.94458094314405 214
1757513167035 114.75708033370809 215
1757513167047 114.56994987272891 216
1757513167060 114.3831888079684 217
1757513167072 114.19679638876464 218
1757513167084 114.01077186602679 219
1757513167096 113.8251144922311 220
1757513167107 113.63982352142027 221
1757513167119 113.45489820919717 222
1757513167131 113.27033781272488 223
1757513167143 113.08614159071695 224
1757513167156 112.9023088034428 225
1757513167169 112.71883871271767 226
1757513167181 112.53573058190202 227
1757513167194 112.35298367589624 228
1757513167206 112.17059726114017 229
1757513167219 111.98857060560847 230
1757513167231 111.80690297880577 231
1757513167244 111.62559365176632 232
1757513167256 111.4446418970468 233
1757513167269 111.264046988729 234
1757513167281 111.08380820240943 235
1757513167293 110.90392481520018 236
1757513167304 110.72439610572657 237
1757513167316 110.54522135412034 238
1757513167329 110.3663998420195 239
1757513167341 110.18793085256372 240
1757513167353 110.00981367039086 241
1757513167365 109.83204758163461 242
1757513167377 109.65463187392041 243
1757513167389 109.47756583636284 244
1757513167401 109.30084875956223 245
1757513167414 109.1244799356006 246
1757513167427 108.94845865804082 247
1757513167439 108.77278422192101 248
1757513167451 108.5974559237524 249
1757513167464 108.42247306151526 250
1757513167476 108.24783493465695 251
1757513167488 108.07354084408838 252
1757513167500 107.89959009218137 253
1757513167513 107.72598198276283 254
1757513167525 107.55271582111592 255
1757513167537 107.37979091397362 256
1757513167549 107.20720656951721 257
1757513167562 107.0349620973708 258
1757513167574 106.86305680860166 259
1757513167586 106.69149001571492 260
1757513167597 106.52026103265145 261
1757513167609 106.34936917478375 262
1757513167620 106.1788137589134 263
1757513167632 106.00859410326916 264
1757513167643 105.83870952749983 265
1757513167655 105.66915935267778 266
1757513167667 105.49994290128966 267
1757513167681 105.33105949723661 268
1757513167693 105.1625084658307 269
1757513167704 104.99428913379141 270
1757513167716 104.8264008292439 271
1757513167728 104.65884288171256 272
1757513167739 104.49161462212292 273
1757513167751 104.3247153827953 274
1757513167764 104.15814449744123 275
1757513167776 103.99190130116446 276
1757513167788 103.8259851304536 277
1757513167800 103.66039532317997 278
1757513167812 103.49513121859782 279
1757513167823 103.33019215733859 280
1757513167835 103.16557748140723 281
1757513167848 103.00128653418057 282
1757513167861 102.83731866040569 283
1757513167874 102.67367320619476 284
1757513167886 102.5103495190221 285
1757513167898 102.34734694772222 286
1757513167910 102.18466484248859 287
1757513167923 102.02230255486587 288
1757513167935 101.86025943775248 289
1757513167947 101.69853484539377 290
1757513167959 101.53712813338083 291
1757513167971 101.3760386586475 292
1757513167983 101.21526577946726 293
1757513167995 101.05480885544958 294
1757513168008 100.89466724753973 295
1757513168019 100.73484031801155 296
1757513168031 100.5753274304687 297
1757513168043 100.41612794983975 298
1757513168055 100.25724124237591 299
1757513168067 100.09866667564727 300
1757513168079 99.94040361854184 301
1757513168091 99.78245144126076 302
1757513168103 99.62480951531616 303
1757513168115 99.46747721352938 304
1757513168127 99.31045391002696 305
1757513168139 99.15373898023797 306
1757513168151 98.99733180089044 307
1757513168165 98.84123175001083 308
1757513168177 98.6854382069207 309
1757513168190 98.52995055223074 310
1757513168202 98.37476816784238 311
1757513168215 98.21989043694205 312
1757513168227 98.06531674400003 313
1757513168240 97.9110464747665 314
1757513168253 97.75707901627017 315
1757513168265 97.6034137568144 316
1757513168278 97.45005008597438 317
1757513168290 97.29698739459515 318
1757513168302 97.14422507478912 319
1757513168314 96.99176251993164 320
1757513168325 96.83959912466096 321
1757513168338 96.68773428487277 322
1757513168350 96.53616739771873 323
1757513168362 96.38489786160403 324
1757513168375 96.23392507618647 325
1757513168387 96.08324844236756 326
1757513168399 95.93286736229776 327
1757513168411 95.78278123936845 328
1757513168423 95.63298947821097 329
1757513168435 95.48349148469389 330
1757513168447 95.33428666592177 331
1757513168459 95.18537443022885 332
1757513168472 95.03675418718038 333
1757513168484 94.88842534756726 334
1757513168497 94.74038732340554 335
1757513168509 94.5926395279311 336
1757513168521 94.44518137560013 337
1757513168533 94.29801228208508 338
1757513168545 94.1511316642698 339
1757513168557 94.00453894025146 340
1757513168570 93.85823352933517 341
1757513168582 93.71221485203071 342
1757513168594 93.56648233005183 343
1757513168606 93.42103538631352 344
1757513168619 93.27587344492855 345
1757513168631 93.13099593120354 346
1757513168643 92.9864022716406 347
1757513168655 92.8420918939303 348
1757513168668 92.69806422695218 349
1757513168680 92.55431870077018 350
1757513168693 92.41085474663183 351
1757513168705 92.26767179696422 352
1757513168717 92.12476928537299 353
1757513168729 91.98214664663821 354
1757513168741 91.83980331671248 355
1757513168754 91.69773873271939 356
1757513168766 91.55595233294909 357
1757513168779 91.41444355685793 358
1757513168792 91.27321184506376 359
1757513168804 91.13225663934632 360
1757513168816 90.99157738264101 361
1757513168828 90.8511735190403 362
1757513168840 90.71104449378794 363
1757513168852 90.57118975327853 364
1757513168864 90.43160874505473 365
1757513168878 90.29230091780396 366
1757513168890 90.15326572135757 367
1757513168903 90.01450260668624 368
1757513168915 89.87601102589913 369
1757513168927 89.73779043224152 370
1757513168940 89.59984028009082 371
1757513168952 89.46216002495576 372
1757513168964 89.324749123473 373
1757513168977 89.187607033406 374
1757513168989 89.05073321364118 375
1757513169002 88.91412712418605 376
1757513169014 88.77778822616662 377
1757513169026 88.64171598182557 378
1757513169039 88.50590985451956 379
1757513169051 88.37036930871612 380
1757513169063 88.23509380999316 381
1757513169076 88.10008282503439 382
1757513169089 87.96533582162802 383
1757513169101 87.8308522686651 384
1757513169113 87.69663163613568 385
1757513169168 87.56267339512766 386
1757513169192 87.42897701782347 387
1757513169213 87.29554197749837 388
1757513169228 87.1623677485192 389
1757513169240 87.02945380633885 390
1757513169253 86.89679962749655 391
1757513169266 86.76440468961609 392
1757513169279 86.63226847140163 393
1757513169292 86.50039045263587 394
1757513169304 86.36877011417712 395
1757513169317 86.23740693796056 396
1757513169329 86.10630040699014 397
1757513169342 85.97545000534116 398
1757513169355 85.84485521815664 399
1757513169367 85.71451553164303 400
1757513169381 85.58443043307129 401
1757513169394 85.45459941077132 402
1757513169406 85.32502195413208 403
1757513169419 85.19569755359935 404
1757513169431 85.06662570067061 405
1757513169444 84.93780588789615 406
1757513169456 84.80923760887536 407
1757513169469 84.680920358255 408
1757513169481 84.55285363172615 409
1757513169495 84.42503692602116 410
1757513169507 84.2974697389153 411
1757513169519 84.17015156922037 412
1757513169532 84.04308191678376 413
1757513169546 83.91626028248764 414
1757513169558 83.78968616824531 415
1757513169570 83.66335907699893 416
1757513169584 83.53727851271806 417
1757513169597 83.4114439803967 418
1757513169610 83.28585498605162 419
1757513169623 83.16051103672189 420
1757513169636 83.03541164046221 421
1757513169648 82.91055630634557 422
1757513169661 82.78594454445805 423
1757513169674 82.66157586589703 424
1757513169687 82.53744978277129 425
1757513169701 82.41356580819593 426
1757513169715 82.28992345629095 427
1757513169727 82.16652224218187 428
1757513169740 82.04336168199283 429
1757513169752 81.92044129284892 430
1757513169765 81.79776059287039 431
1757513169779 81.67531910117347 432
1757513169792 81.55311633786721 433
1757513169805 81.43115182404942 434
1757513169833 81.3094250818086 435
1757513169866 81.18793563421832 436
1757513169886 81.06668300533697 437
1757513169899 80.94566672020399 438
1757513169912 80.8248863048399 439
1757513169925 80.70434128624325 440
1757513169939 80.58403119238699 441
1757513169952 80.46395555221979 442
1757513169965 80.34411389566132 443
1757513169978 80.22450575359984 444
1757513169992 80.10513065789345 445
1757513170005 79.98598814136372 446
1757513170018 79.86707773779631 447
1757513170031 79.74839898193864 448
1757513170044 79.62995140949698 449
1757513170057 79.51173455713658 450
1757513170070 79.39374796247508 451
1757513170086 79.27599116408659 452
1757513170099 79.15846370149384 453
1757513170113 79.04116511517059 454
1757513170126 78.92409494653668 455
1757513170139 78.8072527379586 456
1757513170152 78.69063803274358 457
1757513170165 78.57425037514219 458
1757513170178 78.4580893103443 459
1757513170191 78.34215438447535 460
1757513170205 78.2264451445966 461
1757513170218 78.11096113870379 462
1757513170231 77.99570191572244 463
1757513170244 77.88066702550724 464
1757513170257 77.76585601884133 465
1757513170271 77.65126844743295 466
1757513170284 77.53690386391241 467
1757513170297 77.42276182183272 468
1757513170310 77.308841875666 469
1757513170323 77.19514358080148 470
1757513170337 77.08166649354446 471
1757513170350 76.96841017111358 472
1757513170363 76.85537417163886 473
1757513170376 76.74255805416068 474
1757513170391 76.6299613786269 475
1757513170405 76.5175837058907 476
1757513170419 76.40542459771004 477
1757513170433 76.2934836167445 478
1757513170447 76.18176032655377 479
1757513170460 76.0702542915959 480
1757513170473 75.95896507722534 481
1757513170487 75.84789224969047 482
1757513170500 75.73703537613213 483
1757513170513 75.62639402458211 484
1757513170527 75.51596776396143 485
1757513170541 75.40575616407634 486
1757513170554 75.29575879562044 487
1757513170567 75.18597523016749 488
1757513170580 75.07640504017523 489
1757513170594 74.96704779897871 490
1757513170607 74.85790308079142 491
1757513170620 74.74897046070237 492
1757513170633 74.64024951467407 493
1757513170646 74.531739819541 494
1757513170660 74.42344095300798 495
1757513170673 74.31535249364677 496
1757513170686 74.20747402089796 497
1757513170700 74.09980511506444 498
1757513170713 73.99234535731276 499
