1757517844377 168.97338417662607 0
1757517844386 168.90999825915583 1
1757517844395 168.78961142078194 2
1757517844403 168.6180082678734 3
1757517844413 168.40042575171785 4
1757517844421 168.14160199487057 5
1757517844430 167.84582134473897 6
1757517844439 167.5169558244142 7
1757517844447 167.15850317246696 8
1757517844456 166.7736216757067 9
1757517844465 166.36516200415946 10
1757517844473 165.93569625733997 11
1757517844482 165.48754442698228 12
1757517844490 165.02279847460832 13
1757517844499 164.5433442136933 14
1757517844508 164.05088117629305 15
1757517844516 163.5469406334599 16
1757517844525 163.03290192781154 17
1757517844534 162.5100072657341 18
1757517844542 161.9793751058838 19
1757517844551 161.442012270263 20
1757517844559 160.8988248941444 21
1757517844568 160.35062832160867 22
1757517844577 159.7981560445701 23
1757517844587 159.24206777475072 24
1757517844596 158.68295673029934 25
1757517844605 158.1213562115106 26
1757517844614 157.55774553340768 27
1757517844623 156.99255537680807 28
1757517844631 156.42617261382907 29
1757517844640 155.8589446586041 30
1757517844649 155.29118338923004 31
1757517844657 154.72316868265256 32
1757517844666 154.15515160022665 33
1757517844683 153.58735725810877 34
1757517844694 153.01998741335944 35
1757517844705 152.45322279367284 36
1757517844715 151.88722519594728 37
1757517844724 151.3221393764687 38
1757517844732 150.75809475327458 39
1757517844741 150.19520693925043 40
1757517844750 149.6335791227003 41
1757517844759 149.07330331050338 42
1757517844768 148.5144614474574 43
1757517844776 147.95712642411883 44
1757517844785 147.40136298418113 45
1757517844794 146.84722854139852 46
1757517844803 146.2947739150242 47
1757517844812 145.74404399188566 48
1757517844821 145.19507832238878 49
1757517844830 144.64791165703298 50
1757517844839 144.1025744293642 51
1757517844848 143.5590931906959 52
1757517844857 143.01749100141816 53
1757517844866 142.47778778321327 54
1757517844875 141.94000063607714 55
1757517844884 141.4041441236685 56
1757517844893 140.8702305301355 57
1757517844902 140.33827009126472 58
1757517844911 139.8082712025326 59
1757517844919 139.28024060634476 60
1757517844928 138.7541835605542 61
1757517844937 138.23010399012585 62
1757517844946 137.70800462363022 63
1757517844955 137.1878871160778 64
1757517844964 136.66975215946655 65
1757517844973 136.1535995822685 66
1757517844982 135.6394284389477 67
1757517844991 135.12723709053148 68
1757517845000 134.61702327710225 69
1757517845009 134.1087841830344 70
1757517845018 133.60251649569656 71
1757517845027 133.09821645827148 72
1757517845036 132.59587991728262 73
1757517845045 132.09550236535685 74
1757517845054 131.5970789796966 75
1757517845063 131.1006046566966 76
1757517845072 130.6060740430847 77
1757517845081 130.1134815639391 78
1757517845091 129.622821447887 79
1757517845100 129.13408774977623 80
1757517845109 128.64727437106686 81
1757517845118 128.16237507816916 82
1757517845127 127.67938351893861 83
1757517845136 127.19829323750866 84
1757517845145 126.71909768762495 85
1757517845155 126.24179024464136 86
1757517845164 125.76636421630002 87
1757517845173 125.292812852419 88
1757517845182 124.82112935360509 89
1757517845190 124.35130687908122 90
1757517845200 123.88333855371826 91
1757517845209 123.41721747435247 92
1757517845218 122.95293671546243 93
1757517845227 122.49048933426202 94
1757517845236 122.02986837527644 95
1757517845245 121.57106687444946 96
1757517845254 121.1140778628206 97
1757517845263 120.65889436983772 98
1757517845271 120.20550942631532 99
1757517845281 119.75391606708467 100
1757517845290 119.30410733338049 101
1757517845299 118.85607627496385 102
1757517845308 118.40981595202845 103
1757517845317 117.96531943690484 104
1757517845326 117.52257981558243 105
1757517845335 117.08159018906777 106
1757517845345 116.64234367459584 107
1757517845354 116.2048334067109 108
1757517845363 115.76905253822638 109
1757517845372 115.33499424108156 110
1757517845381 114.90265170709486 111
1757517845390 114.47201814863891 112
1757517845399 114.04308679923295 113
1757517845409 113.61585091406684 114
1757517845418 113.19030377045887 115
1757517845427 112.76643866826214 116
1757517845436 112.34424893021914 117
1757517845445 111.92372790226298 118
1757517845454 111.50486895379049 119
1757517845463 111.08766547788566 120
1757517845473 110.6721108915185 121
1757517845482 110.25819863570986 122
1757517845491 109.84592217567045 123
1757517845500 109.43527500091557 124
1757517845509 109.02625062535753 125
1757517845519 108.61884258738165 126
1757517845528 108.21304444990058 127
1757517845537 107.8088498003948 128
1757517845547 107.40625225093812 129
1757517845556 107.00524543821558 130
1757517845565 106.60582302352121 131
1757517845574 106.20797869275258 132
1757517845584 105.81170615639385 133
1757517845594 105.41699914948948 134
1757517845604 105.02385143161504 135
1757517845614 104.63225678683398 136
1757517845623 104.24220902365785 137
1757517845633 103.85370197499212 138
1757517845642 103.46672949808423 139
1757517845651 103.0812854744655 140
1757517845660 102.6973638098855 141
1757517845670 102.31495843424966 142
1757517845679 101.93406330155001 143
1757517845688 101.55467238979327 144
1757517845698 101.17677970092781 145
1757517845718 100.80037926076693 146
1757517845730 100.4254651189155 147
1757517845740 100.05203134868702 148
1757517845749 99.68007204702427 149
1757517845759 99.30958133441987 150
1757517845768 98.9405533548312 151
1757517845777 98.57298227560048 152
1757517845787 98.20686228736672 153
1757517845796 97.84218760398439 154
1757517845806 97.47895246243544 155
1757517845815 97.11715112274568 156
1757517845825 96.75677786789626 157
1757517845835 96.39782700374012 158
1757517845844 96.04029285891285 159
1757517845854 95.68416978474663 160
1757517845863 95.32945215518396 161
1757517845873 94.97613436668891 162
1757517845882 94.62421083816163 163
1757517845891 94.27367601084978 164
1757517845901 93.92452434826228 165
1757517845911 93.576750336083 166
1757517845920 93.23034848208195 167
1757517845929 92.88531331603039 168
1757517845939 92.54163938961231 169
1757517845948 92.19932127633984 170
1757517845957 91.85835357146415 171
1757517845967 91.51873089189432 172
1757517845977 91.18044787610532 173
1757517845986 90.84349918405631 174
1757517845996 90.50787949710518 175
1757517846006 90.17358351791944 176
1757517846015 89.84060597039833 177
1757517846025 89.50894159957997 178
1757517846035 89.17858517156334 179
1757517846045 88.8495314734213 180
1757517846055 88.52177531311655 181
1757517846064 88.19531151941919 182
1757517846074 87.87013494182266 183
1757517846083 87.54624045046111 184
1757517846093 87.22362293602704 185
1757517846103 86.90227730968803 186
1757517846113 86.58219850300479 187
1757517846122 86.26338146785099 188
1757517846132 85.94582117632865 189
1757517846142 85.6295126206898 190
1757517846151 85.31445081325506 191
1757517846161 85.00063078633193 192
1757517846170 84.68804759213532 193
1757517846180 84.37669630270761 194
1757517846189 84.0665720098392 195
1757517846199 83.75766982498786 196
1757517846209 83.44998487920252 197
1757517846218 83.14351232304111 198
1757517846228 82.83824732649542 199
1757517846237 82.53418507890893 200
1757517846247 82.23132078890463 201
1757517846256 81.92964968430269 202
1757517846266 81.6291670120445 203
1757517846276 81.32986803811852 204
1757517846285 81.03174804747955 205
1757517846295 80.73480234397547 206
1757517846305 80.4390262502699 207
1757517846315 80.14441510776665 208
1757517846324 79.85096427653613 209
1757517846334 79.55866913523732 210
1757517846344 79.2675250810449 211
1757517846354 78.97752752957543 212
1757517846364 78.68867191481107 213
1757517846373 78.40095368902696 214
1757517846383 78.11436832271845 215
1757517846393 77.82891130452704 216
1757517846403 77.54457814116628 217
1757517846412 77.26136435735125 218
1757517846422 76.97926549572453 219
1757517846432 76.69827711678491 220
1757517846442 76.41839479881598 221
1757517846452 76.13961413781279 222
1757517846462 75.8619307474125 223
1757517846472 75.58534025882383 224
1757517846482 75.30983832075349 225
1757517846492 75.03542059933956 226
1757517846501 74.76208277807835 227
1757517846511 74.48982055775554 228
1757517846521 74.21862965637902 229
1757517846531 73.948505809105 230
1757517846541 73.67944476817334 231
1757517846551 73.41144230283666 232
1757517846561 73.14449419929181 233
1757517846571 72.87859626061358 234
1757517846583 72.61374430668455 235
1757517846593 72.34993417412952 236
1757517846604 72.08716171624602 237
1757517846614 71.82542280293961 238
1757517846624 71.56471332065586 239
1757517846634 71.30502917231307 240
1757517846645 71.04636627723796 241
1757517846655 70.78872057109864 242
1757517846665 70.53208800583877 243
1757517846675 70.2764645496116 244
1757517846685 70.02184618671745 245
1757517846695 69.76822891753463 246
1757517846705 69.51560875845864 247
1757517846715 69.26398174183525 248
1757517846725 69.01334391589764 249
1757517846735 68.76369134470265 250
1757517846745 68.51502010806655 251
1757517846756 68.26732630150129 252
1757517846765 68.02060603615239 253
1757517846775 67.77485543873588 254
1757517846786 67.530070651475 255
1757517846796 67.28624783203853 256
1757517846806 67.04338315347898 257
1757517846816 66.80147280417023 258
1757517846826 66.56051298774538 259
1757517846836 66.32049992303578 260
1757517846846 66.08142984401223 261
1757517846856 65.84329899971941 262
1757517846867 65.60610365422095 263
1757517846877 65.36984008653282 264
1757517846887 65.13450459056955 265
1757517846897 64.90009347507866 266
1757517846907 64.66660306358573 267
1757517846917 64.43402969433194 268
1757517846928 64.20236972021611 269
1757517846938 63.97161950873571 270
1757517846948 63.74177544192821 271
1757517846958 63.51283391631186 272
1757517846969 63.28479134282882 273
1757517846980 63.057644146786856 274
1757517846990 62.83138876780025 275
1757517847000 62.60602165973346 276
1757517847010 62.38153929064469 277
1757517847020 62.15793814272667 278
1757517847031 61.935214712252005 279
1757517847041 61.713365509514944 280
1757517847051 61.49238705877606 281
1757517847061 61.27227589820554 282
1757517847072 61.05302857982763 283
1757517847082 60.8346416694653 284
1757517847092 60.61711174668331 285
1757517847102 60.40043540473468 286
1757517847112 60.184609250505765 287
1757517847123 59.96962990445924 288
1757517847133 59.75549400058183 289
1757517847143 59.54219818632901 290
1757517847154 59.329739122571105 291
1757517847164 59.11811348353943 292
1757517847174 58.90731795677223 293
1757517847185 58.69734924306177 294
1757517847195 58.48820405640004 295
1757517847205 58.27987912392836 296
1757517847215 58.072371185879774 297
1757517847226 57.86567699553176 298
1757517847236 57.65979331915008 299
1757517847246 57.454716935938514 300
1757517847256 57.25044463798609 301
1757517847267 57.046973230214725 302
1757517847277 56.84429953032979 303
1757517847287 56.642420368766665 304
1757517847298 56.441332588639675 305
1757517847308 56.24103304569244 306
1757517847318 56.04151860824709 307
1757517847329 55.84278615715199 308
1757517847339 55.64483258573268 309
1757517847349 55.44765479974216 310
1757517847360 55.251249717309996 311
1757517847370 55.05561426889386 312
1757517847381 54.86074539722726 313
1757517847391 54.66664005727426 314
1757517847401 54.47329521617664 315
1757517847412 54.28070785320743 316
1757517847422 54.08887495972074 317
1757517847433 53.89779353910408 318
1757517847443 53.70746060672963 319
1757517847454 53.51787318990637 320
1757517847464 53.32902832783213 321
1757517847475 53.14092307154461 322
1757517847485 52.95355448387596 323
1757517847496 52.766919639403255 324
1757517847506 52.58101562440332 325
1757517847516 52.39583953680473 326
1757517847527 52.21138848614088 327
1757517847537 52.02765959350293 328
1757517847548 51.84464999149462 329
1757517847558 51.6623568241854 330
1757517847568 51.480777247064225 331
1757517847579 51.29990842699373 332
1757517847589 51.1197475421655 333
1757517847600 50.940291782052604 334
1757517847610 50.76153834736544 335
1757517847621 50.583484450008015 336
1757517847631 50.406127313030105 337
1757517847642 50.22946417058445 338
1757517847652 50.05349226788171 339
1757517847663 49.87820886114607 340
1757517847673 49.703611217570106 341
1757517847684 49.5296966152733 342
1757517847694 49.35646234325452 343
1757517847704 49.18390570135204 344
1757517847715 49.01202400019652 345
1757517847726 48.84081456117057 346
1757517847736 48.6702747163636 347
1757517847747 48.50040180853011 348
1757517847757 48.33119319104619 349
1757517847768 48.16264622786711 350
1757517847778 47.99475829348431 351
1757517847789 47.827526772883886 352
1757517847800 47.660949061504134 353
1757517847810 47.49502256519347 354
1757517847821 47.32974470016847 355
1757517847832 47.165112892973134 356
1757517847842 47.00112458043572 357
1757517847853 46.83777720962918 358
1757517847864 46.67506823782945 359
1757517847874 46.51299513247413 360
1757517847885 46.3515553711215 361
1757517847896 46.190746441410795 362
1757517847906 46.03056584102173 363
1757517847917 45.871011077632105 364
1757517847928 45.71207966888112 365
1757517847939 45.55376914232634 366
1757517847949 45.39607703540516 367
1757517847960 45.239000895395776 368
1757517847971 45.082538279375626 369
1757517847981 44.92668675418504 370
1757517847992 44.771443896384795 371
1757517848003 44.61680729221929 372
1757517848014 44.462774537577715 373
1757517848025 44.309343237953506 374
1757517848036 44.15651100840749 375
1757517848047 44.004275473529184 376
1757517848058 43.852634267397576 377
1757517848069 43.701585033545065 378
1757517848080 43.55112542491668 379
1757517848091 43.401253103834414 380
1757517848102 43.251965741959 381
1757517848112 43.10326102025301 382
1757517848124 42.955136628942014 383
1757517848135 42.80759026747876 384
1757517848146 42.66061964450551 385
1757517848157 42.514222477817796 386
1757517848167 42.36839649432623 387
1757517848178 42.2231394300216 388
1757517848189 42.07844902993826 389
1757517848200 41.93432304811601 390
1757517848211 41.79075924756621 391
1757517848222 41.64775540023453 392
1757517848232 41.505309286965215 393
1757517848243 41.363418697465754 394
1757517848254 41.22208143027131 395
1757517848265 41.081295292708376 396
1757517848276 40.9410581008603 397
1757517848287 40.80136767953296 398
1757517848298 40.6622218622178 399
1757517848308 40.5236184910581 400
1757517848319 40.38555541681477 401
1757517848330 40.24803049883074 402
1757517848341 40.11104160499665 403
1757517848352 39.97458661171765 404
1757517848363 39.83866340387746 405
1757517848374 39.70326987480605 406
1757517848385 39.568403926244336 407
1757517848396 39.434063468312125 408
1757517848407 39.30024641947227 409
1757517848418 39.1669507064989 410
1757517848429 39.034174264444104 411
1757517848440 38.901915036603 412
1757517848451 38.77017097448272 413
1757517848462 38.638940037768606 414
1757517848474 38.508220194290836 415
1757517848485 38.37800941999233 416
1757517848496 38.248305698896594 417
1757517848507 38.119107023074484 418
1757517848518 37.990411392612515 419
1757517848529 37.86221681557999 420
1757517848540 37.73452130799825 421
1757517848551 37.60732289380721 422
1757517848562 37.48061960483463 423
1757517848574 37.35440948076439 424
1757517848585 37.22869056910458 425
1757517848596 37.10346092515645 426
1757517848607 36.97871861198262 427
1757517848618 36.85446170037675 428
1757517848629 36.73068826883211 429
1757517848640 36.60739640351027 430
1757517848651 36.484584198211344 431
1757517848662 36.36224975434225 432
1757517848673 36.240391180887045 433
1757517848684 36.11900659437621 434
1757517848696 35.99809411885582 435
1757517848707 35.87765188585888 436
1757517848718 35.757678034373285 437
1757517848729 35.638170710814066 438
1757517848742 35.51912806899173 439
1757517848753 35.400548270083874 440
1757517848765 35.28242948260482 441
1757517848776 35.16476988237659 442
1757517848787 35.04756765249969 443
1757517848799 34.930820983323834 444
1757517848811 34.81452807241853 445
1757517848822 34.698687124544435 446
1757517848833 34.58329635162442 447
1757517848845 34.468353972715605 448
1757517848856 34.35385821397872 449
1757517848868 34.23980730865205 450
1757517848879 34.126199497021446 451
1757517848890 34.013033026392634 452
1757517848901 33.90030615106332 453
1757517848913 33.78801713229409 454
1757517848924 33.67616423828164 455
1757517848935 33.564745744130796 456
1757517848946 33.45375993182611 457
1757517848958 33.34320509020482 458
1757517848969 33.233079514929514 459
1757517848980 33.12338150846037 460
1757517848991 33.014109380027655 461
1757517849003 32.90526144560544 462
1757517849015 32.79683602788407 463
1757517849026 32.688831456242916 464
1757517849038 32.58124606672443 465
1757517849049 32.4740782020062 466
1757517849061 32.367326211375584 467
1757517849072 32.26098845070249 468
1757517849084 32.15506328241306 469
1757517849095 32.049549075463595 470
1757517849107 31.944444205314372 471
1757517849118 31.83974705390292 472
1757517849130 31.735456009619355 473
1757517849141 31.631569467279043 474
1757517849153 31.52808582809827 475
1757517849164 31.425003499666953 476
1757517849176 31.32232089592467 477
1757517849187 31.220036437134752 478
1757517849201 31.118148549857533 479
1757517849213 31.016655666927335 480
1757517849224 30.915556227426304 481
1757517849236 30.814848676658606 482
1757517849247 30.71453146612662 483
1757517849258 30.614603053505803 484
1757517849270 30.51506190261937 485
1757517849281 30.415906483414837 486
1757517849293 30.317135271937772 487
1757517849304 30.21874675030917 488
1757517849316 30.120739406699542 489
1757517849327 30.023111735306298 490
1757517849339 29.925862236327703 491
1757517849350 29.828989415940264 492
1757517849362 29.73249178627422 493
1757517849373 29.63636786538989 494
1757517849385 29.54061617725349 495
1757517849396 29.4452352517141 496
1757517849408 29.35022362447941 497
1757517849420 29.255579837092743 498
1757517849431 29.16130243690929 499
