1757594666454 117.10194379525338 0
1757594666463 82.88018905391374 1
1757594666472 60.82778298513721 2
1757594666481 48.84864529426779 3
1757594666490 38.233449761795384 4
1757594666499 32.47154656843242 5
1757594666508 20.006770250509298 6
1757594666517 20.247636516132765 7
1757594666526 12.258188397387167 8
1757594666535 12.085008259992227 9
1757594666544 9.687930620950558 10
1757594666553 9.843433309825395 11
1757594666562 7.437255001314052 12
1757594666572 5.919987796073745 13
1757594666581 7.134813184894247 14
1757594666590 4.250085610457672 15
1757594666599 3.0300428475154844 16
1757594666608 5.477291118470469 17
1757594666617 3.685618749487272 18
1757594666626 4.557683704746209 19
1757594666636 5.548405203223855 20
1757594666645 5.50855945096893 21
1757594666654 3.8722362631568954 22
1757594666664 4.485234155793491 23
1757594666673 4.021066783738153 24
1757594666683 3.3838580166550014 25
1757594666692 3.0249754485391667 26
1757594666701 4.115540620612508 27
1757594666710 2.6558359205342645 28
1757594666720 4.486821898663814 29
1757594666729 3.3207184481517804 30
1757594666738 2.0061794577970145 31
1757594666747 2.987699308446831 32
1757594666757 2.0718831193034335 33
1757594666766 2.4290109454840736 34
1757594666775 2.491740139572119 35
1757594666785 3.6708168197486133 36
1757594666794 1.033771068768054 37
1757594666804 2.076388429376908 38
1757594666813 3.4003508973298557 39
1757594666823 2.8558604415301487 40
1757594666832 2.218118914456175 41
1757594666841 4.353463466797133 42
1757594666851 3.3385616841248407 43
1757594666860 3.1377505220203696 44
1757594666869 3.748594049450975 45
1757594666878 2.5812380115795963 46
1757594666888 2.9742859908836397 47
1757594666897 0.9860967568427349 48
1757594666907 2.360857769302072 49
1757594666917 2.821304165702289 50
1757594666926 4.823491702585178 51
1757594666936 3.415192652858504 52
1757594666945 1.473090424435361 53
1757594666955 3.3727502437562342 54
1757594666964 2.1624253520104357 55
1757594666973 2.45734075533494 56
1757594666982 2.711952007594904 57
1757594666992 1.8590671095942155 58
1757594667002 2.0140856868784955 59
1757594667011 2.5169500828642 60
1757594667020 3.8467473451187364 61
1757594667030 3.2235289607504622 62
1757594667039 2.5849453198991057 63
1757594667049 2.264384386405964 64
1757594667058 2.6348927138649647 65
1757594667068 1.3659716890850155 66
1757594667077 2.981170571913436 67
1757594667086 2.5320123788919093 68
1757594667096 3.5537212682210977 69
1757594667105 1.962055072197323 70
1757594667115 2.5221178938169877 71
1757594667124 1.3307972286739391 72
1757594667133 1.3446615609316164 73
1757594667143 2.0326096415005135 74
1757594667153 2.4700212594417557 75
1757594667162 1.3470488349450955 76
1757594667172 2.3430934445254916 77
1757594667181 2.4635598036811226 78
1757594667191 2.911115754392238 79
1757594667201 1.622621369436102 80
1757594667211 2.8067770580925036 81
1757594667220 1.7310907698819815 82
1757594667230 1.0679942973574348 83
1757594667239 3.1036606936356197 84
1757594667249 1.9032353275007654 85
1757594667259 1.53686025616819 86
1757594667269 1.3940213715575487 87
1757594667278 1.1792778557126773 88
1757594667288 2.840750537915449 89
1757594667298 1.5761084902752045 90
1757594667307 1.0390488951902221 91
1757594667317 2.4212708297864944 92
1757594667327 1.5233651826710077 93
1757594667336 2.1916990954631657 94
1757594667346 2.631693805107126 95
1757594667356 2.334005689130223 96
1757594667365 1.2851497906569498 97
1757594667375 2.1082756190741185 98
1757594667385 3.2032099334664568 99
1757594667394 2.2368796276392158 100
1757594667404 1.521498078528598 101
1757594667413 1.7180571836190994 102
1757594667423 1.1766431872417618 103
1757594667434 1.0914470071315858 104
1757594667443 1.4358014485777368 105
1757594667453 1.4806789366047937 106
1757594667463 1.0104006652015975 107
1757594667472 1.5864068243596685 108
1757594667482 1.8520330720415357 109
1757594667492 1.5981038087670347 110
1757594667502 1.3636689468671643 111
1757594667512 1.5139392196454777 112
1757594667521 1.2527580953323587 113
1757594667531 1.549856061294544 114
1757594667541 0.9787602127787487 115
1757594667551 1.8566081258891156 116
1757594667560 1.5162081909303953 117
1757594667570 2.299178630038121 118
1757594667580 1.3975000168919183 119
1757594667590 0.9242790752142034 120
1757594667600 1.7380662946058445 121
1757594667610 0.6784419214357156 122
1757594667620 1.7731344316229374 123
1757594667629 1.4989858665066305 124
1757594667639 1.9803642674666269 125
1757594667649 1.9919817439351228 126
1757594667659 0.8379772960145287 127
1757594667669 2.675115165572482 128
1757594667690 0.714417888941861 129
1757594667710 1.1554126209636923 130
1757594667720 1.4362743646119471 131
1757594667730 1.201793633659783 132
1757594667740 1.7905281128657813 133
1757594667750 0.488587826768795 134
1757594667760 1.1735603903576974 135
1757594667770 1.456121507890956 136
1757594667781 1.653710969133451 137
1757594667791 1.8537626926294286 138
1757594667801 2.049289508521407 139
1757594667811 0.5568971889858356 140
1757594667822 1.2347875392520582 141
1757594667831 1.8332780997436666 142
1757594667841 0.563544830317376 143
1757594667851 1.016078034382258 144
1757594667861 1.1074841007640654 145
1757594667871 1.0055810034788208 146
1757594667881 1.955016819577922 147
1757594667891 1.2887851210019896 148
1757594667900 0.7900080921236091 149
1757594667910 0.7071709368905714 150
1757594667920 1.3902227398997817 151
1757594667930 1.413728855401944 152
1757594667941 1.2834211515355265 153
1757594667951 1.183625866864076 154
1757594667961 1.4127614094189878 155
1757594667971 0.6560741214935374 156
1757594667981 1.4250442115839097 157
1757594667991 1.4910854701813543 158
1757594668001 1.0835765303598786 159
1757594668011 0.9696760207163209 160
1757594668022 0.9276529014691832 161
1757594668032 1.139125074018999 162
1757594668042 0.3602062941661028 163
1757594668052 0.9476737270725333 164
1757594668062 0.39998176636173444 165
1757594668072 1.2699079262967856 166
1757594668082 1.0758608857029521 167
1757594668092 0.9536439329114654 168
1757594668102 1.2700413886718565 169
1757594668112 0.8701976096478851 170
1757594668123 0.6591100551377953 171
1757594668133 1.0735992654325266 172
1757594668143 0.4743126342769266 173
1757594668153 0.6759319450140878 174
1757594668164 0.5674255823409428 175
1757594668174 1.0490841823545054 176
1757594668184 1.0752930159362628 177
1757594668194 1.09728349845112 178
1757594668204 1.0269801769708666 179
1757594668214 0.9854175310498867 180
1757594668225 0.3375549327397552 181
1757594668235 0.9640492747155183 182
1757594668245 1.0798608384906703 183
1757594668256 0.9858932262969435 184
1757594668266 0.5858316028682113 185
1757594668276 0.969292007775793 186
1757594668286 0.7469862433670224 187
1757594668296 1.2299204580040555 188
1757594668307 0.7218817482961054 189
1757594668317 0.8675298930159223 190
1757594668327 0.614198627409436 191
1757594668338 0.7275098440441465 192
1757594668348 1.6977024914778405 193
1757594668358 0.452751080003003 194
1757594668368 0.7686820573052291 195
1757594668379 0.8435129655721182 196
1757594668389 1.018384992426099 197
1757594668399 0.31901915744729303 198
1757594668409 0.44594014908306145 199
1757594668420 0.8646202815002699 200
1757594668430 1.0064572030142698 201
1757594668441 1.0776148096241511 202
1757594668451 0.1974742823629628 203
1757594668461 0.6192962543669013 204
1757594668472 1.2848795301578875 205
1757594668482 1.025287274970058 206
1757594668492 0.9055806757334802 207
1757594668503 1.0277925072009735 208
1757594668513 0.7895931737164772 209
1757594668524 1.284149463031972 210
1757594668534 0.528411469051779 211
1757594668545 1.3597445372715686 212
1757594668555 0.6932007201420675 213
1757594668565 0.25871322411592934 214
1757594668576 0.9025922863374319 215
1757594668586 0.8075318281205373 216
1757594668597 0.7282418574585131 217
1757594668607 0.9812970767078647 218
1757594668618 1.2236631349035543 219
1757594668628 0.7119372714572129 220
1757594668639 0.8072652136919037 221
1757594668649 0.5162270433683427 222
1757594668659 0.41204931675921885 223
1757594668674 0.8322961050039092 224
1757594668685 0.6148432038839203 225
1757594668695 0.5449689746367078 226
1757594668706 1.1451280250028026 227
1757594668717 0.4672337029429123 228
1757594668727 0.3547252410357796 229
1757594668738 0.45586266212553306 230
1757594668748 0.7723880194972265 231
1757594668759 0.5291622217319242 232
1757594668769 0.5842948682948049 233
1757594668780 0.570735164650274 234
1757594668790 0.2941625803304202 235
1757594668801 0.3627916404991652 236
1757594668811 0.6955187120560492 237
1757594668822 0.34417574719775607 238
1757594668832 0.6459454383207563 239
1757594668843 0.5462603022697448 240
1757594668853 0.35103854510383753 241
1757594668864 0.19829605508305612 242
1757594668874 0.7850355449999162 243
1757594668884 0.46502631307548353 244
1757594668895 0.19013934968235577 245
1757594668906 0.41325744290270955 246
1757594668917 0.5585637397894389 247
1757594668928 0.3208227522232204 248
1757594668938 0.46111210108353096 249
1757594668949 0.7648532976319753 250
1757594668959 0.3801504367051273 251
1757594668970 0.9140448373962342 252
1757594668980 0.6014949352908106 253
1757594668991 0.2980215907414629 254
1757594669001 0.5040694506020041 255
1757594669012 0.47335045361083483 256
1757594669023 0.4207597565289715 257
1757594669034 0.4636277114350976 258
1757594669044 0.36313055859755694 259
1757594669055 0.6432873927068277 260
1757594669066 0.5227945813716004 261
1757594669078 0.7257391764078768 262
1757594669095 0.37945141246716935 263
1757594669108 0.4587426580659651 264
1757594669121 0.4129972011105541 265
1757594669138 0.26558551307426176 266
1757594669149 0.6447389318390371 267
1757594669159 0.2230242483118419 268
1757594669170 0.3734649778326031 269
1757594669181 0.3377189279438012 270
1757594669191 0.24553738896864571 271
1757594669203 0.6545549214177733 272
1757594669215 0.2813034540168835 273
1757594669226 0.34453727669641193 274
1757594669237 0.39774055704789785 275
1757594669247 0.5327751135688169 276
1757594669258 0.7456243646836008 277
1757594669269 0.40965441968163463 278
1757594669280 0.46427772716808224 279
1757594669291 0.4191954941432508 280
1757594669301 0.7978713522331567 281
1757594669313 0.26090388795009484 282
1757594669323 0.2878814253633006 283
1757594669334 0.26782429519311757 284
1757594669345 0.3466758313211006 285
1757594669356 0.7945293182159326 286
1757594669367 0.5273693871504672 287
1757594669378 0.1740881759250724 288
1757594669388 0.35801872296414683 289
1757594669399 0.5012807656047901 290
1757594669410 0.40814922865402653 291
1757594669421 0.7501179779448608 292
1757594669432 0.6205739847202828 293
1757594669443 0.31787302168604886 294
1757594669454 0.41910752433417897 295
1757594669465 0.30334056091084993 296
1757594669476 0.2988973677649045 297
1757594669487 0.2677897077952526 298
1757594669498 0.6666639147073995 299
1757594669509 0.6089325869077136 300
1757594669520 0.4057765641830524 301
1757594669530 0.33911290536014455 302
1757594669542 0.24260432988941363 303
1757594669553 0.38363110491012226 304
1757594669564 0.1496224961905274 305
1757594669575 0.2088985610338483 306
1757594669586 0.6229712775945354 307
1757594669597 0.23228575068063448 308
1757594669608 0.25859961571637824 309
1757594669619 0.20855541844943706 310
1757594669630 0.20092041933695237 311
1757594669641 0.2709114100070983 312
1757594669652 0.19696258531078356 313
1757594669663 0.5706726497971899 314
1757594669674 0.3901084337460022 315
1757594669685 0.3019871228877069 316
1757594669696 0.28574212031061313 317
1757594669707 0.48429941078298433 318
1757594669718 0.3634810015700127 319
1757594669729 0.2586122058152856 320
1757594669740 0.32491113555450973 321
1757594669751 0.26544879945159106 322
1757594669762 0.25038459273623204 323
1757594669773 0.3954920105705665 324
1757594669784 0.2580924041066654 325
1757594669795 0.46504963856230036 326
1757594669806 0.3474587001786446 327
1757594669817 0.38288916959553576 328
1757594669829 0.41885749111398585 329
1757594669840 0.20146384542034226 330
1757594669850 0.33005843286571807 331
1757594669861 0.3233576647796842 332
1757594669873 0.5853120344741685 333
1757594669884 0.3071031231450765 334
1757594669895 0.39075052773203584 335
1757594669906 0.4034802536347396 336
1757594669918 0.342765501116041 337
1757594669930 0.3472712242732447 338
1757594669942 0.1671928530026007 339
1757594669953 0.2001683900045881 340
1757594669965 0.4393663734038353 341
1757594669976 0.3227720893418936 342
1757594669987 0.0997671215351158 343
1757594669998 0.24491480679343672 344
1757594670010 0.1908798060287944 345
1757594670021 0.36601131135814813 346
1757594670032 0.07832881339562107 347
1757594670043 0.42231852631535755 348
1757594670054 0.2769434019064802 349
1757594670066 0.3358989058537566 350
1757594670077 0.27824498349655163 351
1757594670089 0.3311650697226975 352
1757594670100 0.3150046273978114 353
1757594670112 0.22849267850952418 354
1757594670123 0.31679611259730545 355
1757594670135 0.2879802772225996 356
1757594670146 0.2937603640566462 357
1757594670157 0.3067861962780803 358
1757594670169 0.6284524157971147 359
1757594670180 0.19422964817972493 360
1757594670191 0.2211998209682878 361
1757594670203 0.2722614427293318 362
1757594670214 0.2510092836760755 363
1757594670226 0.12917355703005756 364
1757594670237 0.3086955703729219 365
1757594670248 0.11993638412473429 366
1757594670259 0.14658267519201806 367
1757594670271 0.24794405594132407 368
1757594670282 0.18580498004166693 369
1757594670293 0.12966723678679018 370
1757594670304 0.18563806842347416 371
1757594670316 0.21960141799082597 372
1757594670327 0.415419023596498 373
1757594670339 0.1254197152330309 374
1757594670350 0.22651876672290874 375
1757594670361 0.16900119956312906 376
1757594670373 0.25856567867363156 377
1757594670384 0.22231666782648535 378
1757594670396 0.15954727093592494 379
1757594670407 0.20309213700172155 380
1757594670419 0.135640105893468 381
1757594670430 0.3074672685402454 382
1757594670442 0.18167256181243818 383
1757594670453 0.1857660130578553 384
1757594670465 0.1498176362868241 385
1757594670476 0.19911784744073416 386
1757594670488 0.2524373938996426 387
1757594670499 0.27472452066612585 388
1757594670510 0.31950804291996143 389
1757594670522 0.26164457142539993 390
1757594670533 0.2476642203479431 391
1757594670544 0.19111864106726986 392
1757594670555 0.40741349480970646 393
1757594670567 0.23207664263434524 394
1757594670578 0.1758291907697853 395
1757594670589 0.27795587068919986 396
1757594670601 0.22985443292118865 397
1757594670612 0.23048815942210193 398
1757594670624 0.11844751507375771 399
1757594670636 0.2401515742009159 400
1757594670647 0.22736618279405493 401
1757594670659 0.3833501802062188 402
1757594670670 0.22865323690656728 403
1757594670682 0.19168551495688668 404
1757594670694 0.1832507192057124 405
1757594670705 0.2743504592768173 406
1757594670717 0.16949930276020694 407
1757594670730 0.3572752742514817 408
1757594670741 0.2766605890419292 409
1757594670753 0.13611236949043548 410
1757594670764 0.3368508486683403 411
1757594670776 0.16478746610223102 412
1757594670788 0.18262275482658089 413
1757594670799 0.20180714759383372 414
1757594670811 0.18358908245722705 415
1757594670823 0.19043140569447342 416
1757594670834 0.1739272436956494 417
1757594670846 0.34703355235176025 418
1757594670857 0.31874617422358487 419
1757594670869 0.1248228062058179 420
1757594670881 0.27068885522009856 421
1757594670893 0.24602807372173227 422
1757594670905 0.12747275737791713 423
1757594670916 0.18467871935301686 424
1757594670928 0.3049257523534947 425
1757594670939 0.24382604843401595 426
1757594670951 0.11027947527946509 427
1757594670963 0.32970642544553985 428
1757594670974 0.15922063207904913 429
1757594670986 0.188947705398727 430
1757594670998 0.13708699022527066 431
1757594671010 0.2920189104345056 432
1757594671022 0.18489265199961236 433
1757594671034 0.2026854787602761 434
1757594671045 0.1715203416692426 435
1757594671058 0.20232381967889518 436
1757594671069 0.2124261695053753 437
1757594671081 0.21689129344450292 438
1757594671093 0.21519163704665834 439
1757594671105 0.13279099646691186 440
1757594671117 0.20839653213530598 441
1757594671128 0.10569568728060352 442
1757594671140 0.12271592596084378 443
1757594671152 0.23604952338429183 444
1757594671164 0.2588357121836215 445
1757594671176 0.3643214822844756 446
1757594671188 0.20019088328887039 447
1757594671200 0.31302123425945594 448
1757594671212 0.16556458509018282 449
1757594671224 0.20868926083331896 450
1757594671236 0.18100730582690708 451
1757594671248 0.29814834604770146 452
1757594671261 0.12366817783181079 453
1757594671272 0.0745422705497755 454
1757594671284 0.21068821971997445 455
1757594671296 0.21285179187863798 456
1757594671308 0.16315222760384326 457
1757594671320 0.45554769676963064 458
1757594671332 0.10760875160355474 459
1757594671344 0.24169476659851144 460
1757594671356 0.21649479341950456 461
1757594671368 0.13080994331707013 462
1757594671380 0.3008467606765346 463
1757594671392 0.18299918540214835 464
1757594671404 0.21458696187538706 465
1757594671416 0.09829900013861054 466
1757594671428 0.22744733843008624 467
1757594671440 0.11190572806820553 468
1757594671452 0.2925240446758812 469
1757594671464 0.32940834710433964 470
1757594671476 0.12583720037445173 471
1757594671488 0.20472053608158183 472
1757594671500 0.16424469519457013 473
1757594671515 0.11770669399476738 474
1757594671528 0.22069833405458317 475
1757594671540 0.15319137051250029 476
1757594671552 0.19204371940376846 477
1757594671564 0.13775272220515677 478
1757594671576 0.16514743198402293 479
1757594671588 0.19136918439184644 480
1757594671601 0.23481690550010653 481
1757594671613 0.26137862256201944 482
1757594671625 0.3892600072792153 483
1757594671637 0.18544897146712133 484
1757594671650 0.14583119289315752 485
1757594671662 0.1931177594512726 486
1757594671674 0.11652934912547808 487
1757594671686 0.20849831248593256 488
1757594671698 0.17997072005255668 489
1757594671710 0.14825903301664997 490
1757594671722 0.12779619429892258 491
1757594671735 0.19203833069820705 492
1757594671747 0.14546222357505256 493
1757594671759 0.19039799384527717 494
1757594671772 0.08115168943424672 495
1757594671784 0.10893691285891485 496
1757594671796 0.14327987188170352 497
1757594671809 0.1119508910423711 498
1757594671821 0.2554457054752922 499
