1757595131358 0.13399923661459504 0
1757595131398 0.038097869492657276 1
1757595131437 0.036054368601018356 2
1757595131476 0.24122091861092015 3
1757595131515 0.022463035896939102 4
1757595131555 0.12467042188284738 5
1757595131595 0.04878088296297904 6
1757595131634 0.022272655667524115 7
1757595131673 0.053053440565752355 8
1757595131711 0.28015152229916024 9
1757595131751 0.033070321711713334 10
1757595131790 0.3589761922541227 11
1757595131828 0.09527473030546746 12
1757595131867 0.11170900654222594 13
1757595131906 0.02187914761349934 14
1757595131945 0.03202767771673314 15
1757595131984 0.05216513317098409 16
1757595132027 0.09142878160604684 17
1757595132066 0.7046104681217767 18
1757595132105 0.03124949154166641 19
1757595132144 0.05002280209368166 20
1757595132183 0.013233703463999276 21
1757595132221 0.0013098939050654775 22
1757595132260 0.2348160881250535 23
1757595132299 0.007959888171265564 24
1757595132337 0.11690135625496215 25
1757595132375 0.042773482777515005 26
1757595132414 0.0036461992601796696 27
1757595132452 0.02046085121287654 28
1757595132499 0.004453412958778852 29
1757595132539 0.42269286302807363 30
1757595132596 0.13062743547172914 31
1757595132635 0.0034737783110259466 32
1757595132674 0.01055279541166463 33
1757595132714 0.016141778148903177 34
1757595132753 0.002045120377179088 35
1757595132793 0.02661595629050412 36
1757595132833 0.03312879879993692 37
1757595132872 0.004452565845741573 38
1757595132910 0.018026495129750894 39
1757595132951 0.07241738666774457 40
1757595132996 0.6936338340983424 41
1757595133035 0.05640235629366595 42
1757595133074 0.03569326811981239 43
1757595133113 0.001981320817316737 44
1757595133152 0.0030914578096208683 45
1757595133191 0.05136681912112387 46
1757595133230 0.007816074726202509 47
1757595133269 0.08669482357526329 48
1757595133308 0.2428555937773532 49
1757595133347 0.3189542007035529 50
1757595133389 0.0002843167846628538 51
1757595133429 0.06387996517511164 52
1757595133468 0.58121479580718 53
1757595133507 0.0001829054899263976 54
1757595133546 0.0007017910032484414 55
1757595133588 0.021996358756487915 56
1757595133641 0.01197687474484037 57
1757595133683 0.003501050476090984 58
1757595133724 1.2157990485887148e-07 59
1757595133782 0.015016001828996308 60
1757595133829 0.06703737513510138 61
1757595133870 0.20501009201893927 62
1757595133912 0.006665797724596275 63
1757595133956 0.007132344205371382 64
1757595134001 0.050149004987069784 65
1757595134042 0.17112801799822283 66
1757595134082 0.0366365745633612 67
1757595134123 0.10963219702983945 68
1757595134163 0.003786910902982525 69
1757595134203 0.10802916740914888 70
1757595134244 0.014396675655633863 71
1757595134285 0.12289699752082123 72
1757595134325 0.07701401118093691 73
1757595134364 0.1414885495416314 74
1757595134409 0.019360104495635095 75
1757595134451 6.46189706062036e-05 76
1757595134491 0.1727810907451859 77
1757595134530 0.027080924395952607 78
1757595134570 0.01512875361905046 79
1757595134610 0.2864470041747294 80
1757595134650 0.023995883446320882 81
1757595134693 0.0006785317038915448 82
1757595134735 0.1329446385139949 83
1757595134783 0.01321147408130453 84
1757595134827 0.041744678325040536 85
1757595134872 0.01432908352354696 86
1757595134916 6.4036144263696295e-06 87
1757595134957 0.0022956494292146056 88
1757595134998 0.0018989099509528562 89
1757595135039 0.1315117821742778 90
1757595135080 0.0794326305265911 91
1757595135120 0.020624276481294283 92
1757595135160 0.0006718285591601515 93
1757595135200 0.032839307143089094 94
1757595135239 0.0005427471580648109 95
1757595135279 0.006516376931235864 96
1757595135319 0.1294807010058261 97
1757595135359 0.033722997077251786 98
1757595135399 0.017642891707057115 99
1757595135439 0.04477249412387598 100
1757595135478 0.02906942936907637 101
1757595135518 0.014385844149199979 102
1757595135567 0.3376922930653946 103
1757595135607 0.0623461335208902 104
1757595135647 0.14766983030741543 105
1757595135686 0.12921471234712792 106
1757595135725 0.6744012587635679 107
1757595135764 0.03130069257792558 108
1757595135803 0.014488093696535155 109
1757595135843 0.020473443550409837 110
1757595135882 0.03924058952544847 111
1757595135921 0.0788807018940013 112
1757595135960 0.09846998480061674 113
1757595135999 0.0012592082868929935 114
1757595136039 0.08338772602430039 115
1757595136078 0.01162163048734428 116
1757595136118 0.003477688361886275 117
1757595136157 0.16379128695177297 118
1757595136196 0.13087892593391748 119
1757595136236 0.10223866690640124 120
