1757594388304 169.3239456503905 0
1757594388315 163.02950045850844 1
1757594388324 156.97763022621757 2
1757594388333 151.1589307221787 3
1757594388342 145.5643634288177 4
1757594388350 140.1852412934024 5
1757594388359 135.01321503494188 6
1757594388368 130.0402599852398 7
1757594388377 125.25866344322233 8
1757594388385 120.66101252251742 9
1757594388394 116.24018247302857 10
1757594388402 111.98932545799558 11
1757594388410 107.90185976876771 12
1757594388419 103.97145946019783 13
1757594388427 100.19204439024175 14
1757594388436 96.5577706479849 15
1757594388444 93.06302135493891 16
1757594388452 89.70239782502917 17
1757594388461 86.47071106928595 18
1757594388469 83.36297363177437 19
1757594388477 80.37439174384494 20
1757594388486 77.5003577842757 21
1757594388494 74.73644303336879 22
1757594388502 72.07839070953058 23
1757594388511 69.52210927731592 24
1757594388519 67.06366601633323 25
1757594388527 64.699280840841 26
1757594388536 62.425320360249515 27
1757594388544 60.23829217112524 28
1757594388552 58.13483937166904 29
1757594388560 56.11173528998727 30
1757594388569 54.165878417810035 31
1757594388577 52.294287541647826 32
1757594388586 50.494097063677856 33
1757594388594 48.7625525049614 34
1757594388602 47.09700618387631 35
1757594388611 45.49491306293385 36
1757594388619 43.9538267574069 37
1757594388628 42.47139569945965 38
1757594388636 41.045359451712315 39
1757594388644 39.67354516441438 40
1757594388653 38.35386417062193 41
1757594388661 37.084308713996194 42
1757594388669 35.86294880405652 43
1757594388682 34.68792919390954 44
1757594388696 33.557466475682894 45
1757594388706 32.469846289071434 46
1757594388718 31.4234206385863 47
1757594388733 30.416605315266292 48
1757594388743 29.447877418779882 49
1757594388754 28.51577297600152 50
1757594388763 27.618884652304047 51
1757594388772 26.75585955194705 52
1757594388781 25.925397104093292 53
1757594388791 25.12624703111084 54
1757594388800 24.357207395954685 55
1757594388809 23.617122725544835 56
1757594388818 22.904882207178783 57
1757594388827 22.21941795513123 58
1757594388836 21.55970334470406 59
1757594388845 20.92475141110085 60
1757594388854 20.313613310596168 61
1757594388862 19.725376841572693 62
1757594388872 19.159165023094403 63
1757594388881 18.614134728772473 64
1757594388890 18.089475373768956 65
1757594388898 17.584407652868652 66
1757594388906 17.098182327629004 67
1757594388915 16.63007906069544 68
1757594388924 16.179405295445203 69
1757594388933 15.745495179192913 70
1757594388942 15.327708528262066 71
1757594388950 14.925429833290304 72
1757594388958 14.538067303202059 73
1757594388966 14.165051946342398 74
1757594388975 13.805836687324316 75
1757594388983 13.459895518198715 76
1757594388992 13.126722682610733 77
1757594389000 12.805831891657174 78
1757594389009 12.496755570211706 79
1757594389017 12.199044132529623 80
1757594389026 11.912265285994591 81
1757594389034 11.636003361909296 82
1757594389043 11.369858672279163 83
1757594389052 11.11344689157538 84
1757594389061 10.866398462506739 85
1757594389070 10.628358024864305 86
1757594389079 10.398983866541503 87
1757594389087 10.177947395866726 88
1757594389096 9.964932634418371 89
1757594389105 9.759635729526128 90
1757594389114 9.561764485691572 91
1757594389122 9.371037914192831 92
1757594389131 9.187185800164816 93
1757594389140 9.00994828647621 94
1757594389149 8.8390754737489 95
1757594389157 8.67432703589262 96
1757594389166 8.515471850550568 97
1757594389175 8.362287643877115 98
1757594389184 8.214560649088906 99
1757594389192 8.07208527825469 100
1757594389201 7.934663806809255 101
1757594389210 7.802106070295455 102
1757594389218 7.67422917286047 103
1757594389227 7.550857207048192 104
1757594389235 7.431820984449299 105
1757594389244 7.31695777678645 106
1757594389252 7.206111067029765 107
1757594389261 7.099130310151533 108
1757594389269 6.995870703147348 109
1757594389278 6.896192963961633 110
1757594389287 6.799963118973105 111
1757594389296 6.707052298707068 112
1757594389304 6.617336541454518 113
1757594389313 6.530696604491825 114
1757594389322 6.447017782604907 115
1757594389331 6.36618973363504 116
1757594389340 6.28810631077284 117
1757594389348 6.21266540133894 118
1757594389357 6.139768771799238 119
1757594389366 6.069321918772823 120
1757594389374 6.001233925799948 121
1757594389383 5.93541732564642 122
1757594389392 5.8717879679292935 123
1757594389401 5.810264891858158 124
1757594389409 5.7507702038923565 125
1757594389418 5.693228960124562 126
1757594389427 5.637569053206565 127
1757594389436 5.583721103641232 128
1757594389444 5.531618355271848 129
1757594389453 5.4811965748051215 130
1757594389462 5.432393955212346 131
1757594389471 5.385151022857476 132
1757594389480 5.339410548208703 133
1757594389488 5.295117459993478 134
1757594389497 5.252218762664443 135
1757594389507 5.210663457047157 136
1757594389519 5.17040246404737 137
1757594389528 5.131388551298057 138
1757594389537 5.093576262633273 139
1757594389545 5.056921850278982 140
1757594389554 5.021383209655621 141
1757594389563 4.986919816691246 142
1757594389572 4.953492667548352 143
1757594389581 4.9210642206702175 144
1757594389590 4.8895983410581225 145
1757594389599 4.859060246691745 146
1757594389608 4.8294164570108515 147
1757594389617 4.800634743378254 148
1757594389626 4.772684081446983 149
1757594389635 4.745534605358564 150
1757594389644 4.719157563701232 151
1757594389653 4.693525277160219 152
1757594389662 4.6686110977945985 153
1757594389671 4.644389369877659 154
1757594389680 4.62083539224096 155
1757594389689 4.5979253820631225 156
1757594389698 4.575636440048113 157
1757594389707 4.553946516939335 158
1757594389716 4.532834381317525 159
1757594389726 4.512279588633397 160
1757594389735 4.492262451426933 161
1757594389744 4.472764010687593 162
1757594389753 4.453766008311945 163
1757594389763 4.435250860615149 164
1757594389772 4.417201632857303 165
1757594389781 4.399602014743749 166
1757594389790 4.382436296863291 167
1757594389800 4.365689348026975 168
1757594389809 4.349346593473639 169
1757594389818 4.333393993908107 170
1757594389827 4.3178180253404514 171
1757594389836 4.302605659695023 172
1757594389845 4.287744346160107 173
1757594389854 4.27322199324916 174
1757594389863 4.259026951546411 175
1757594389872 4.245147997110914 176
1757594389881 4.231574315512913 177
1757594389891 4.21829548647866 178
1757594389900 4.205301469120565 179
1757594389909 4.192582587729333 180
1757594389918 4.1801295181072975 181
1757594389927 4.167933274421674 182
1757594389936 4.15598519655797 183
1757594389945 4.144276937954075 184
1757594389954 4.132800453896959 185
1757594389963 4.121547990263884 186
1757594389972 4.110512072691047 187
1757594389981 4.0996854961536435 188
1757594389991 4.089061314941044 189
1757594390000 4.078632833012248 190
1757594390009 4.068393594716939 191
1757594390018 4.058337375868266 192
1757594390027 4.048458175153362 193
1757594390036 4.038750205869568 194
1757594390045 4.029207887972813 195
1757594390055 4.01982584042706 196
1757594390064 4.010598873842789 197
1757594390074 4.001521983393797 198
1757594390083 3.9925903420011903 199
1757594390093 3.983799293774953 200
1757594390102 3.9751443477027464 201
1757594390111 3.9666211715766537 202
1757594390121 3.958225586148996 203
1757594390130 3.949953559508009 204
1757594390139 3.9418012016653177 205
1757594390149 3.933764759347283 206
1757594390158 3.925840610981747 207
1757594390168 3.9180252618736278 208
1757594390177 3.910315339561339 209
1757594390187 3.902707589347827 210
1757594390196 3.8951988699989943 211
1757594390205 3.8877861496035493 212
1757594390215 3.880466501587898 213
1757594390224 3.8732371008802717 214
1757594390233 3.86609522021838 215
1757594390243 3.8590382265952794 216
1757594390252 3.8520635778377295 217
1757594390261 3.8451688193127045 218
1757594390270 3.8383515807566564 219
1757594390280 3.831609573222989 220
1757594390289 3.8249405861433186 221
1757594390299 3.818342484498362 222
1757594390308 3.811813206093771 223
1757594390317 3.8053507589376756 224
1757594390327 3.79895321871537 225
1757594390336 3.792618726357899 226
1757594390345 3.7863454857008874 227
1757594390355 3.7801317612302325 228
1757594390364 3.7739758759110793 229
1757594390374 3.7678762090974476 230
1757594390383 3.7618311945190874 231
1757594390393 3.7558393183426095 232
1757594390402 3.7498991173044556 233
1757594390412 3.7440091769125665 234
1757594390421 3.7381681297144613 235
1757594390431 3.7323746536291162 236
1757594390440 3.7266274703401807 237
1757594390450 3.7209253437482332 238
1757594390460 3.7152670784801525 239
1757594390469 3.7096515184528838 240
1757594390479 3.7040775454901094 241
1757594390488 3.698544077989486 242
1757594390498 3.6930500696387 243
1757594390510 3.687594508178536 244
1757594390520 3.6821764142109825 245
1757594390529 3.676794840051105 246
1757594390539 3.6714488686203866 247
1757594390548 3.6661376123808878 248
1757594390558 3.660860212307692 249
1757594390568 3.6556158368990563 250
1757594390577 3.6504036812222846 251
1757594390586 3.645222965994435 252
1757594390596 3.6400729366961233 253
1757594390606 3.6349528627174705 254
1757594390615 3.6298620365350525 255
1757594390625 3.6247997729183914 256
1757594390635 3.6197654081651707 257
1757594390644 3.614758299364026 258
1757594390654 3.6097778236838036 259
1757594390663 3.604823377688424 260
1757594390673 3.5998943766762923 261
1757594390683 3.5949902540435064 262
1757594390692 3.5901104606697203 263
1757594390702 3.585254464326124 264
1757594390711 3.5804217491044494 265
1757594390721 3.5756118148664866 266
1757594390730 3.570824176713087 267
1757594390740 3.5660583644721493 268
1757594390750 3.561313922204796 269
1757594390759 3.556590407729049 270
1757594390769 3.5518873921604057 271
1757594390779 3.5472044594687184 272
1757594390789 3.542541206050604 273
1757594390799 3.537897240317173 274
1757594390808 3.533272182296126 275
1757594390818 3.528665663247822 276
1757594390828 3.52407732529505 277
1757594390838 3.51950682106552 278
1757594390848 3.514953813347211 279
1757594390857 3.5104179747553643 280
1757594390867 3.5058989874115984 281
1757594390876 3.501396542633764 282
1757594390886 3.4969103406369095 283
1757594390895 3.4924400902445534 284
1757594390905 3.4879855086098566 285
1757594390915 3.4835463209467674 286
1757594390924 3.4791222602700733 287
1757594390934 3.4747130671448163 288
1757594390944 3.470318489444093 289
1757594390953 3.4659382821152365 290
1757594390963 3.461572206954234 291
1757594390973 3.457220032387611 292
1757594390983 3.452881533261926 293
1757594390993 3.448556490640491 294
1757594391003 3.444244691606989 295
1757594391013 3.439945929075785 296
1757594391023 3.43566000160866 297
1757594391033 3.431386713237856 298
1757594391042 3.427125873295067 299
1757594391052 3.422877296246112 300
1757594391062 3.4186408015314393 301
1757594391072 3.4144162134117617 302
1757594391084 3.410203360819013 303
1757594391094 3.4060020772122597 304
1757594391105 3.4018122004384552 305
1757594391115 3.397633572597941 306
1757594391125 3.3934660399141916 307
1757594391135 3.3893094526081966 308
1757594391145 3.3851636647767673 309
1757594391155 3.3810285342750674 310
1757594391183 3.3769039226029958 311
1757594391193 3.3727896947950544 312
1757594391203 3.368685719314384 313
1757594391213 3.364591867949728 314
1757594391223 3.360508015716171 315
1757594391233 3.3564340407588995 316
1757594391243 3.352369824260216 317
1757594391253 3.3483152503495908 318
1757594391263 3.344270206016528 319
1757594391272 3.340234581026435 320
1757594391282 3.3362082678390728 321
1757594391292 3.332191161529697 322
1757594391302 3.3281831597126934 323
1757594391313 3.324184162467846 324
1757594391323 3.3201940722686545 325
1757594391333 3.3162127939132806 326
1757594391343 3.3122402344574966 327
1757594391352 3.3082763031497855 328
1757594391362 3.304320911368561 329
1757594391372 3.300373972561463 330
1757594391382 3.2964354021863205 331
1757594391392 3.292505117654197 332
1757594391402 3.288583038274151 333
1757594391412 3.2846690851997873 334
1757594391422 3.2807631813773046 335
1757594391432 3.2768652514955003 336
1757594391442 3.272975221936908 337
1757594391453 3.269093020730821 338
1757594391463 3.2652185775076283 339
1757594391473 3.2613518234544494 340
1757594391484 3.2574926912723803 341
1757594391494 3.253641115134814 342
1757594391504 3.2497970306472825 343
1757594391514 3.245960374808241 344
1757594391524 3.2421310859713137 345
1757594391534 3.238309103808602 346
1757594391544 3.2344943692749157 347
1757594391554 3.230686824573489 348
1757594391564 3.226886413122306 349
1757594391574 3.2230930795217634 350
1757594391585 3.219306769523077 351
1757594391595 3.215527429997795 352
1757594391605 3.211755008908145 353
1757594391616 3.207989455278256 354
1757594391626 3.204230719166326 355
1757594391636 3.2004787516374416 356
1757594391646 3.196733504737379 357
1757594391657 3.1929949314670805 358
1757594391667 3.1892629857578894 359
1757594391677 3.18553762244755 360
1757594391687 3.181818797256882 361
1757594391698 3.1781064667670966 362
1757594391708 3.1744005883978286 363
1757594391719 3.1707011203857975 364
1757594391729 3.167008021764082 365
1757594391739 3.1633212523419414 366
1757594391750 3.1596407726852616 367
1757594391760 3.1559665440975757 368
1757594391770 3.152298528601644 369
1757594391781 3.1486366889213775 370
1757594391792 3.1449809884646047 371
1757594391802 3.1413313913059993 372
1757594391814 3.1376878621706954 373
1757594391824 3.1340503664182138 374
1757594391834 3.1304188700270927 375
1757594391845 3.126793339579519 376
1757594391855 3.1231737422469066 377
1757594391866 3.1195600457754384 378
1757594391876 3.1159522184722857 379
1757594391886 3.112350229191977 380
1757594391897 3.1087540473234725 381
1757594391908 3.1051636427771623 382
1757594391918 3.1015789859726697 383
1757594391929 3.0980000478265866 384
1757594391939 3.094426799740852 385
1757594391950 3.0908592135912505 386
1757594391960 3.0872972617163423 387
1757594391971 3.0837409169065397 388
1757594391981 3.0801901523937114 389
1757594391992 3.076644941840834 390
1757594392002 3.073105259332049 391
1757594392012 3.069571079362981 392
1757594392023 3.0660423768312097 393
1757594392033 3.0625191270271492 394
1757594392044 3.0590013056250447 395
1757594392054 3.05548888867425 396
1757594392065 3.051981852590767 397
1757594392075 3.048480174148897 398
1757594392086 3.0449838304733325 399
1757594392096 3.0414927990311336 400
1757594392107 3.03800705762418 401
1757594392117 3.03452658438174 402
1757594392128 3.031051357753168 403
1757594392139 3.0275813565008796 404
1757594392149 3.0241165596934327 405
1757594392160 3.020656946698819 406
1757594392170 3.017202497177934 407
1757594392181 3.0137531910782362 408
1757594392191 3.0103090086274658 409
1757594392202 3.0068699303276425 410
1757594392212 3.0034359369491317 411
1757594392223 3.0000070095249494 412
1757594392233 2.99658312934505 413
1757594392244 2.9931642779509398 414
1757594392255 2.989750437130301 415
1757594392266 2.986341588911818 416
1757594392277 2.982937715560067 417
1757594392287 2.97953879957059 418
1757594392298 2.9761448236650634 419
1757594392309 2.972755770786608 420
1757594392319 2.9693716240951327 421
1757594392330 2.9659923669629276 422
1757594392341 2.9626179829702695 423
1757594392351 2.959248455901061 424
1757594392362 2.9558837697388496 425
1757594392373 2.952523908662572 426
1757594392384 2.9491688570427192 427
1757594392394 2.945818599437456 428
1757594392405 2.942473120588706 429
1757594392416 2.9391324054186345 430
1757594392426 2.9357964390259426 431
1757594392438 2.932465206682376 432
1757594392449 2.929138693829327 433
1757594392460 2.925816886074392 434
1757594392470 2.922499769188212 435
1757594392481 2.9191873291011547 436
1757594392492 2.915879551900327 437
1757594392503 2.91257642382634 438
1757594392514 2.909277931270557 439
1757594392525 2.905984060771948 440
1757594392536 2.9026947990144603 441
1757594392547 2.8994101328240447 442
1757594392558 2.89613004916609 443
1757594392568 2.8928545351427206 444
1757594392579 2.88958357799014 445
1757594392589 2.8863171650761887 446
1757594392600 2.88305528389785 447
1757594392611 2.8797979220787746 448
1757594392621 2.8765450673669597 449
1757594392632 2.873296707632439 450
1757594392643 2.870052830864991 451
1757594392654 2.8668134251719875 452
1757594392665 2.863578478776146 453
1757594392676 2.860347980013473 454
1757594392687 2.857121917331209 455
1757594392697 2.853900279285779 456
1757594392708 2.850683054540801 457
1757594392720 2.8474702318652105 458
1757594392734 2.8442618001313074 459
1757594392746 2.841057748312968 460
1757594392757 2.837858065483773 461
1757594392768 2.8346627408152587 462
1757594392779 2.831471763575258 463
1757594392790 2.828285123126092 464
1757594392801 2.825102808922968 465
1757594392812 2.8219248105123946 466
1757594392823 2.8187511175305056 467
1757594392834 2.8155817197015987 468
1757594392845 2.8124166068365737 469
1757594392856 2.8092557688314113 470
1757594392867 2.806099195665797 471
1757594392878 2.8029468774016606 472
1757594392889 2.7997988041816906 473
1757594392900 2.796654966228181 474
1757594392911 2.7935153538414452 475
1757594392922 2.790379957398737 476
1757594392933 2.7872487673527666 477
1757594392944 2.784121774230571 478
1757594392955 2.7809989686323004 479
1757594392966 2.777880341229898 480
1757594392976 2.7747658827660473 481
1757594392987 2.771655584052934 482
1757594392998 2.7685494359711718 483
1757594393009 2.765447429468635 484
1757594393020 2.7623495555594384 485
1757594393031 2.759255805322835 486
1757594393042 2.7561661699021807 487
1757594393053 2.7530806405038946 488
1757594393064 2.7499992083965434 489
1757594393075 2.746921864909763 490
1757594393086 2.743848601433359 491
1757594393096 2.7407794094163442 492
1757594393108 2.7377142803659877 493
1757594393122 2.734653205846987 494
1757594393133 2.731596177480549 495
1757594393144 2.728543186943465 496
1757594393155 2.725494225967386 497
1757594393167 2.7224492863378407 498
1757594393178 2.7194083598935532 499
