1757518064978 130.9022507477396 0
1757518064987 83.207106274567 1
1757518064997 71.66589970054437 2
1757518065006 42.99376879025904 3
1757518065015 33.60969879528707 4
1757518065025 35.57167766373988 5
1757518065034 23.146423194942205 6
1757518065043 15.77819028446351 7
1757518065052 11.31748715484018 8
1757518065062 6.632655668325046 9
1757518065071 10.074138150236616 10
1757518065080 8.025471050928656 11
1757518065089 8.53069893282402 12
1757518065098 5.355847515036873 13
1757518065108 5.309468246163435 14
1757518065117 5.381927854568489 15
1757518065126 6.314798107973055 16
1757518065136 3.3134065497164973 17
1757518065145 3.0031291015922625 18
1757518065154 2.9377015163561953 19
1757518065164 3.8580101614884286 20
1757518065174 1.4081112947390213 21
1757518065183 4.396397069308657 22
1757518065194 2.649114830910633 23
1757518065204 5.146273715680606 24
1757518065213 4.895788213691576 25
1757518065223 2.321519074029064 26
1757518065232 2.618509490737508 27
1757518065241 2.667781869062549 28
1757518065251 2.621420895536596 29
1757518065261 2.957207778436757 30
1757518065271 2.408148434910358 31
1757518065280 4.043869067993241 32
1757518065289 2.578670217192891 33
1757518065299 1.917093173349008 34
1757518065308 4.638280368171273 35
1757518065318 2.673816332677774 36
1757518065327 3.872803463876602 37
1757518065336 3.9092895851670626 38
1757518065345 4.1245898761948965 39
1757518065355 2.436168064027305 40
1757518065364 2.860995854865178 41
1757518065374 5.141609520308577 42
1757518065383 6.069931217771557 43
1757518065393 3.2986414424843797 44
1757518065402 1.6663892566103875 45
1757518065412 3.4512128503976434 46
1757518065421 2.8527422747528974 47
1757518065430 3.0636651984205105 48
1757518065440 2.479696029004899 49
1757518065449 4.372363652867657 50
1757518065459 2.28814482688359 51
1757518065468 2.085917234942374 52
1757518065478 4.462006245906624 53
1757518065487 0.808481905820715 54
1757518065497 3.6882674719598514 55
1757518065507 3.6593660137573965 56
1757518065516 3.0434522886958435 57
1757518065526 3.1451290543076857 58
1757518065535 0.907788665732258 59
1757518065544 2.8431407268474946 60
1757518065554 2.6033539131263357 61
1757518065563 1.6018588469063793 62
1757518065573 3.231582010812877 63
1757518065582 3.070826277148956 64
1757518065592 2.0625612087168297 65
1757518065602 3.1970893392252457 66
1757518065611 3.022011551324314 67
1757518065621 1.9700378735155055 68
1757518065631 3.6479354640358017 69
1757518065640 2.7779225485563344 70
1757518065650 2.432717948310015 71
1757518065659 3.227863115026452 72
1757518065669 1.2964741781301208 73
1757518065679 2.9941834333428226 74
1757518065688 1.8232089919163375 75
1757518065698 1.4394250641810444 76
1757518065708 1.697868944595084 77
1757518065718 1.3432776216627087 78
1757518065728 2.248958169153283 79
1757518065748 2.5468518184137783 80
1757518065759 2.2436733655951246 81
1757518065772 2.675792263787351 82
1757518065782 2.7790053080173043 83
1757518065792 2.887822773900782 84
1757518065801 1.9511407029077577 85
1757518065811 3.4489467394407685 86
1757518065821 0.35714244299009695 87
1757518065831 1.7911797945687031 88
1757518065841 1.9512230836777018 89
1757518065851 1.834270742599466 90
1757518065861 1.0480053855061497 91
1757518065870 2.763235303874912 92
1757518065881 2.907658875674137 93
1757518065891 1.454326432811062 94
1757518065901 2.6509862304797767 95
1757518065911 2.3910160831750633 96
1757518065920 2.174407356723364 97
1757518065930 1.1816985363455104 98
1757518065940 1.7986766991290393 99
1757518065950 0.43115109889107694 100
1757518065960 0.31960768741880446 101
1757518065973 1.0756291018566235 102
1757518065983 2.262149375055005 103
1757518065993 2.7584766950009527 104
1757518066003 2.00300939125285 105
1757518066013 1.3276727757143778 106
1757518066023 1.7386461001155398 107
1757518066033 1.9084931681034116 108
1757518066042 0.9238998932147942 109
1757518066052 1.594624929748319 110
1757518066062 2.133568963189658 111
1757518066072 1.1602935800883523 112
1757518066082 1.2651038163726376 113
1757518066092 1.6697509935028696 114
1757518066102 1.2552248641595483 115
1757518066112 1.6772935957364725 116
1757518066122 1.2802037986626364 117
1757518066132 1.8690530148602869 118
1757518066142 1.3706672196141987 119
1757518066152 1.0805658836177319 120
1757518066162 2.421257736620624 121
1757518066172 1.7170267226151152 122
1757518066182 0.9589744452118366 123
1757518066192 1.398427650645857 124
1757518066203 1.5119468690476707 125
1757518066214 1.3514092543242864 126
1757518066224 1.6337237779114735 127
1757518066234 0.3868030310529284 128
1757518066244 1.34722786512886 129
1757518066254 2.18160508225981 130
1757518066265 0.631181174812132 131
1757518066277 1.7765239477459263 132
1757518066296 1.1210105626075484 133
1757518066307 2.013895781984295 134
1757518066317 1.2112004976180806 135
1757518066327 0.9364241862118989 136
1757518066337 1.1592449543453442 137
1757518066347 0.8917643336142281 138
1757518066358 1.1234921422549335 139
1757518066368 0.858640841523134 140
1757518066378 0.448190475293235 141
1757518066388 0.4671658491608129 142
1757518066398 0.44806486682164254 143
1757518066408 2.0865706491177787 144
1757518066418 1.0829110396896653 145
1757518066428 0.9094360001173014 146
1757518066438 2.4866187615001154 147
1757518066449 0.7548515127460275 148
1757518066459 1.4074719647000489 149
1757518066469 1.1881180869983732 150
1757518066480 1.1444133656751805 151
1757518066490 0.8226908977050068 152
1757518066500 1.4646438407030673 153
1757518066511 1.0541584520401728 154
1757518066521 2.3216794761345514 155
1757518066531 1.1555874837557085 156
1757518066541 1.206370706888624 157
1757518066552 1.0546565932177563 158
1757518066562 1.2462948582855906 159
1757518066572 0.7804754666841289 160
1757518066582 1.153308852307886 161
1757518066593 0.9885839034261727 162
1757518066603 0.9950781671400638 163
1757518066613 0.6718839462025527 164
1757518066623 1.928747301748398 165
1757518066634 1.1142165515080098 166
1757518066644 0.8123490589493113 167
1757518066654 0.8037596476562064 168
1757518066664 1.2177795655315742 169
1757518066675 1.201859563432041 170
1757518066685 0.5257824847860723 171
1757518066695 1.1473259255118184 172
1757518066706 0.8763029637528124 173
1757518066716 0.4556453689392957 174
1757518066726 0.3974220969314259 175
1757518066736 1.2594020056525 176
1757518066747 0.7388631415523593 177
1757518066758 1.1057367163085638 178
1757518066768 0.6751775757704803 179
1757518066779 0.6536243866532844 180
1757518066789 0.36563326278144287 181
1757518066799 1.0461470129657158 182
1757518066810 0.6454338422096275 183
1757518066820 0.7582019480039767 184
1757518066830 0.6724428569461202 185
1757518066841 0.41150179292310074 186
1757518066851 0.785226123588182 187
1757518066861 0.7594944520958282 188
1757518066872 0.5000056507991057 189
1757518066882 0.49804710524240553 190
1757518066893 1.0568183961485889 191
1757518066903 0.5898062687241045 192
1757518066913 0.7045481135257298 193
1757518066924 1.0446889202423533 194
1757518066934 0.5599308283186504 195
1757518066944 0.5187801233330043 196
1757518066955 0.8301863944052799 197
1757518066965 0.7347038447575802 198
1757518066976 0.995384647585747 199
1757518066987 0.799380297780372 200
1757518066998 0.35202011812632716 201
1757518067009 0.4149967537377014 202
1757518067020 0.7177554428736942 203
1757518067032 0.7179761547311858 204
1757518067043 0.7109781995257951 205
1757518067053 0.3984282387050208 206
1757518067064 0.31747693108900027 207
1757518067074 0.7595705318831515 208
1757518067085 0.5026531323627613 209
1757518067095 0.5921334603589749 210
1757518067106 0.6349832477501541 211
1757518067117 0.7982546432692753 212
1757518067127 0.8731099707266052 213
1757518067138 0.5614771011321514 214
1757518067149 0.5645947082173168 215
1757518067159 0.5019706038195 216
1757518067170 0.4843645413476806 217
1757518067181 0.5330356596970799 218
1757518067191 0.6202931185221189 219
1757518067202 0.8569207818807606 220
1757518067212 0.47975719457761684 221
1757518067223 0.2912774927987352 222
1757518067233 0.7669370473451673 223
1757518067244 1.1387606286733285 224
1757518067255 0.3207080815838396 225
1757518067266 0.3823066308580665 226
1757518067277 0.5714303353358733 227
1757518067288 0.6776968186711739 228
1757518067299 0.9423266513092601 229
1757518067310 0.7514847083566335 230
1757518067321 0.5404800899674307 231
1757518067331 0.2000841035460431 232
1757518067342 0.3136918830218892 233
1757518067352 0.5114600114298548 234
1757518067363 1.2351067785628724 235
1757518067374 0.8073187489069547 236
1757518067384 0.546461754269153 237
1757518067395 0.4110292397613748 238
1757518067406 0.4092776782534635 239
1757518067417 0.5177147753288822 240
1757518067427 0.7114936563226315 241
1757518067438 0.41403535205133174 242
1757518067449 0.6080288765282049 243
1757518067459 0.5978192100461664 244
1757518067470 0.415203122222179 245
1757518067480 0.5338349792108383 246
1757518067491 0.32856714311539803 247
1757518067502 0.18563612227517376 248
1757518067513 0.5862595058589255 249
1757518067524 0.8432056490262171 250
1757518067534 0.9769351796565112 251
1757518067545 0.7275217212410712 252
1757518067555 0.8714345754020769 253
1757518067566 0.396814766852902 254
1757518067577 0.9865542088713445 255
1757518067588 0.4286126462553421 256
1757518067598 0.29181488418468987 257
1757518067609 0.6018273680417489 258
1757518067620 0.8003451659896218 259
1757518067631 0.3828322887288163 260
1757518067641 0.5246505037135365 261
1757518067652 0.5664741563907977 262
1757518067663 0.36496660100944783 263
1757518067674 0.2733036484538719 264
1757518067684 0.4973655654058018 265
1757518067695 0.5449685682420208 266
1757518067706 0.2045079367802554 267
1757518067717 0.20136292935163524 268
1757518067728 0.3459257440013826 269
1757518067740 0.46420140637136004 270
1757518067751 0.5332210161594995 271
1757518067762 0.4828249200684602 272
1757518067773 0.33634906366896616 273
1757518067784 0.493812038111842 274
1757518067795 0.48255690131104234 275
1757518067806 0.40182766712000373 276
1757518067819 0.2785103162434219 277
1757518067830 0.5639186618932049 278
1757518067841 0.37236567132505954 279
1757518067852 0.34336996275131143 280
1757518067863 0.2978726298845614 281
1757518067874 0.39365883970124044 282
1757518067885 0.6696361488285796 283
1757518067896 0.6608346574905153 284
1757518067907 0.5348977094935407 285
1757518067918 0.8735152884254671 286
1757518067930 0.2821828487494396 287
1757518067941 0.5745877523170464 288
1757518067952 0.48737912619972296 289
1757518067963 0.21185227421860225 290
1757518067974 0.3821829826910712 291
1757518067985 0.23456210867436575 292
1757518067996 0.2751186592147269 293
1757518068007 0.1806421090971432 294
1757518068018 0.19064611633272865 295
1757518068029 0.35717090029656323 296
1757518068040 0.4558386269146348 297
1757518068051 0.18685483269786096 298
1757518068062 0.21408240006200627 299
1757518068074 0.4651496612217284 300
1757518068085 0.25303367405753996 301
1757518068096 0.36315160920158673 302
1757518068107 0.5633019600883622 303
1757518068118 0.22707002238085336 304
1757518068129 0.3292373979799201 305
1757518068140 0.41367130885514813 306
1757518068151 0.6509434896828893 307
1757518068162 0.404836146904204 308
1757518068174 0.2515299578270412 309
1757518068185 0.2616175474330226 310
1757518068196 0.24974402742871152 311
1757518068207 0.2170197843314239 312
1757518068218 0.2294248391078083 313
1757518068229 0.5928934632937961 314
1757518068240 0.48310929065009306 315
1757518068251 0.28104573375155006 316
1757518068262 0.29907546397847173 317
1757518068274 0.2780158848972061 318
1757518068285 0.3587401717829691 319
1757518068296 0.4226293468415332 320
1757518068308 0.18798606924111932 321
1757518068319 0.3786326867472834 322
1757518068330 0.6726533759330134 323
1757518068341 0.328666668102753 324
1757518068352 0.2297541245519028 325
1757518068363 0.1766678433810149 326
1757518068374 0.35002894952413866 327
1757518068385 0.36498676817096276 328
1757518068397 0.22777472442415558 329
1757518068408 0.2562785238843473 330
1757518068419 0.21798936647463088 331
1757518068430 0.36182667465716223 332
1757518068441 0.2286890704315284 333
1757518068453 0.34464421216946595 334
1757518068464 0.3325428859262601 335
1757518068475 0.5119133437550402 336
1757518068486 0.18446924531699452 337
1757518068497 0.33103091398248863 338
1757518068509 0.3573773221588142 339
1757518068520 0.2636171763201033 340
1757518068532 0.2220965734345294 341
1757518068543 0.1988248147159585 342
1757518068554 0.2958017505522272 343
1757518068566 0.4555628275857245 344
1757518068577 0.5148362167824171 345
1757518068588 0.2849108491168192 346
1757518068600 0.18347055122370262 347
1757518068611 0.24269793752170282 348
1757518068622 0.3127578089479765 349
1757518068634 0.21734172566048834 350
1757518068645 0.18499508867334652 351
1757518068659 0.2533395300479126 352
1757518068671 0.17972337341028652 353
1757518068682 0.17494469105989188 354
1757518068693 0.23784464706640188 355
1757518068705 0.2518100923707389 356
1757518068717 0.33028313442903523 357
1757518068728 0.18846322486874437 358
1757518068739 1.1902193230486293 359
1757518068751 0.18019901186895332 360
1757518068762 0.16004607087721975 361
1757518068774 0.21022823590243933 362
1757518068785 0.39618207066122024 363
1757518068797 0.1546552416772461 364
1757518068808 0.40712511830091436 365
1757518068820 0.23250190357074238 366
1757518068831 0.18749055238803272 367
1757518068843 0.2928167321417513 368
1757518068854 0.18171915241034858 369
1757518068866 0.3086125693307841 370
1757518068877 0.27762070063885785 371
1757518068889 0.2985424726165967 372
1757518068901 0.43297716198277003 373
1757518068912 0.4215155095848835 374
1757518068924 0.43065242839549184 375
1757518068935 0.30522251293547265 376
1757518068947 0.1498806475104502 377
1757518068958 0.19640672489450992 378
1757518068970 0.2490684105442171 379
1757518068981 0.1543350368436948 380
1757518068993 0.30675745556094075 381
1757518069005 0.238587012980305 382
1757518069016 0.13654344529972612 383
1757518069028 0.25371477880227256 384
1757518069040 0.25136145875359345 385
1757518069051 0.2522285250499427 386
1757518069063 0.15523554767287545 387
1757518069075 0.2316345369303922 388
1757518069087 0.10573324487487977 389
1757518069098 0.24350355393125736 390
1757518069110 0.1959778349598614 391
1757518069121 0.13970048079526798 392
1757518069133 0.14751951446173786 393
1757518069145 0.15601333973472223 394
1757518069156 0.3085813114095077 395
1757518069168 0.1116708237065778 396
1757518069180 0.29420222363748444 397
1757518069191 0.15333824355760187 398
1757518069203 0.2191297212857342 399
1757518069215 0.27953636572469415 400
1757518069227 0.136345143182681 401
1757518069238 0.28414133465355873 402
1757518069250 0.2931222199780697 403
1757518069261 0.19144795378222515 404
1757518069273 0.12862400104033525 405
1757518069285 0.13538738269135311 406
1757518069296 0.28557085923947917 407
1757518069308 0.23959104221549618 408
1757518069320 0.11807444895695166 409
1757518069331 0.0921764123893987 410
1757518069343 0.17400659066337956 411
1757518069354 0.20079763093411773 412
1757518069366 0.2883635448799206 413
1757518069378 0.19253568252373665 414
1757518069389 0.18746152574943076 415
1757518069401 0.21106860823616233 416
1757518069413 0.16985837465692763 417
1757518069424 0.12434123887514985 418
1757518069436 0.2084856961886292 419
1757518069448 0.19626767974277468 420
1757518069460 0.9258441887939973 421
1757518069473 0.22159140870027233 422
1757518069484 0.13779170138895272 423
1757518069496 0.2184674631003675 424
1757518069508 0.08891902174059993 425
1757518069520 0.13487857671699927 426
1757518069532 0.19438629810435104 427
1757518069544 0.18378074298264685 428
1757518069556 0.2321707397506604 429
1757518069568 0.4048164670853772 430
1757518069580 0.21730010339981645 431
1757518069591 0.18705860935394383 432
1757518069603 0.13588897519151116 433
1757518069615 0.16502632079642077 434
1757518069627 0.27270813336162664 435
1757518069639 0.18245618485351728 436
1757518069651 0.2696490516845239 437
1757518069663 0.29716154008816903 438
1757518069675 0.3820937614676216 439
1757518069687 0.16498033314620686 440
1757518069699 0.17292186342557112 441
1757518069710 0.15514356812317748 442
1757518069722 0.47639725092222596 443
1757518069734 0.18882295258985474 444
1757518069746 0.16262645618438498 445
1757518069758 0.18154331103481283 446
1757518069771 0.11155988905749392 447
1757518069783 0.19299485354632454 448
1757518069795 0.15551465116794977 449
1757518069807 0.1225677273446209 450
1757518069819 0.1661778114812245 451
1757518069831 0.26146552700001036 452
1757518069843 0.15177792288644695 453
1757518069855 0.16452253519851143 454
1757518069867 0.1445774855549409 455
1757518069879 0.12184171376176074 456
1757518069891 0.2781208399403476 457
1757518069903 0.1557984860902043 458
1757518069916 0.17862455708953073 459
1757518069928 0.18900135144341218 460
1757518069940 0.18806229882149803 461
1757518069952 0.13668630547527752 462
1757518069964 0.17113463706858728 463
1757518069976 0.2496871169858407 464
1757518069988 0.11831270778841735 465
1757518070000 0.20463809596727514 466
1757518070013 0.4190307193130462 467
1757518070025 0.14451793879886568 468
1757518070037 0.09547551690733384 469
1757518070049 0.18925746297012097 470
1757518070061 0.18895879672225627 471
1757518070073 0.1155788077823124 472
1757518070085 0.25564388431691526 473
1757518070097 0.18436369547514028 474
1757518070109 0.23408584749689687 475
1757518070122 0.21985113016953625 476
1757518070134 0.30838695026424495 477
1757518070146 0.0921578444600215 478
1757518070158 0.145323181146524 479
1757518070170 0.1514094829546863 480
1757518070182 0.23526584542613477 481
1757518070194 0.09723913677694371 482
1757518070207 0.16123272219161033 483
1757518070219 0.0952672102315836 484
1757518070232 0.13476378029421648 485
1757518070244 0.16662285083373993 486
1757518070256 0.20295661839040524 487
1757518070268 0.2778856435376999 488
1757518070280 0.2002961985830272 489
1757518070292 0.2052231840371979 490
1757518070304 0.23457772438592991 491
1757518070317 0.11367628051722606 492
1757518070329 0.10121524583469493 493
1757518070341 0.1382927657751186 494
1757518070353 0.148711010182701 495
1757518070366 0.27550145337068566 496
1757518070378 0.17195243195022572 497
1757518070390 0.10779332785996808 498
1757518070402 0.1099379738298656 499
