1757594417635 169.32394565039047 0
1757594417643 168.68893475333732 1
1757594417651 168.05639296098747 2
1757594417660 167.42631061506668 3
1757594417668 166.7986780951967 4
1757594417677 166.17348581874452 5
1757594417685 165.550724240683 6
1757594417694 164.93038385343118 7
1757594417702 164.31245518671437 8
1757594417710 163.69692880741604 9
1757594417718 163.08379531943237 10
1757594417727 162.47304536352578 11
1757594417735 161.86466961717844 12
1757594417743 161.25865879445246 13
1757594417751 160.65500364584088 14
1757594417760 160.0536949581292 15
1757594417768 159.45472355424673 16
1757594417776 158.85808029313378 17
1757594417785 158.2637560695886 18
1757594417794 157.67174181413634 19
1757594417802 157.08202849288358 20
1757594417811 156.49460710737873 21
1757594417820 155.9094686944737 22
1757594417828 155.3266043261863 23
1757594417837 154.74600510955796 24
1757594417846 154.16766218652035 25
1757594417854 153.59156673375773 26
1757594417863 153.0177099625653 27
1757594417871 152.44608311872338 28
1757594417880 151.87667748234801 29
1757594417888 151.30948436776933 30
1757594417897 150.7444951233885 31
1757594417905 150.1817011315475 32
1757594417914 149.6210938083935 33
1757594417922 149.06266460374917 34
1757594417931 148.5064050009762 35
1757594417940 147.9523065168479 36
1757594417948 147.40036070141323 37
1757594417957 146.8505591378707 38
1757594417965 146.30289344243468 39
1757594417974 145.7573552642053 40
1757594417982 145.21393628504407 41
1757594417991 144.6726282194378 42
1757594417999 144.1334228143766 43
1757594418007 143.59631184922398 44
1757594418016 143.06128713558647 45
1757594418024 142.5283405171936 46
1757594418033 141.9974638697655 47
1757594418061 141.46864910088914 48
1757594418072 140.94188814989576 49
1757594418081 140.41717298773062 50
1757594418090 139.8944956168346 51
1757594418098 139.37384807101677 52
1757594418107 138.85522241533155 53
1757594418115 138.33861074595603 54
1757594418124 137.82400519007038 55
1757594418133 137.3113979057304 56
1757594418141 136.80078108175186 57
1757594418150 136.2921469375862 58
1757594418159 135.78548772320116 59
1757594418167 135.28079571896023 60
1757594418176 134.7780632355046 61
1757594418185 134.27728261363345 62
1757594418194 133.77844622418303 63
1757594418202 133.28154646791523 64
1757594418211 132.78657577539028 65
1757594418220 132.29352660685916 66
1757594418228 131.80239145214097 67
1757594418237 131.3131628305079 68
1757594418246 130.82583329057078 69
1757594418254 130.34039541016335 70
1757594418262 129.85684179622672 71
1757594418271 129.37516508469494 72
1757594418280 128.89535794038264 73
1757594418289 128.41741305686887 74
1757594418298 127.94132315638645 75
1757594418307 127.46708098970916 76
1757594418315 126.99467933603663 77
1757594418324 126.52411100288754 78
1757594418333 126.05536882598356 79
1757594418342 125.58844566914227 80
1757594418350 125.12333442416428 81
1757594418359 124.6600280107238 82
1757594418368 124.19851937626089 83
1757594418377 123.73880149586843 84
1757594418386 123.2808673721882 85
1757594418394 122.8247100352996 86
1757594418403 122.3703225426121 87
1757594418412 121.91769797875831 88
1757594418420 121.46682945548775 89
1757594418429 121.01771011155874 90
1757594418438 120.57033311263342 91
1757594418447 120.12469165117174 92
1757594418456 119.6807789463256 93
1757594418465 119.23858824383551 94
1757594418474 118.79811281592401 95
1757594418483 118.35934596119277 96
1757594418492 117.92228100451881 97
1757594418500 117.48691129695304 98
1757594418509 117.05323021561288 99
1757594418518 116.62123116358299 100
1757594418527 116.19090756981518 101
1757594418536 115.76225288902207 102
1757594418545 115.3352606015797 103
1757594418554 114.90992421342466 104
1757594418562 114.48623725595321 105
1757594418571 114.06419328592374 106
1757594418582 113.64378588535571 107
1757594418591 113.22500866142877 108
1757594418600 112.80785524638642 109
1757594418609 112.39231929743681 110
1757594418618 111.97839449665362 111
1757594418627 111.5660745508802 112
1757594418635 111.15535319163111 113
1757594418644 110.74622417499387 114
1757594418653 110.33868128153357 115
1757594418662 109.93271831620022 116
1757594418671 109.52832910822588 117
1757594418680 109.12550751103532 118
1757594418689 108.72424740214734 119
1757594418698 108.32454268308358 120
1757594418707 107.92638727926843 121
1757594418716 107.52977513994178 122
1757594418725 107.13470023806218 123
1757594418734 106.74115657021214 124
1757594418743 106.349138156509 125
1757594418752 105.95863904050975 126
1757594418761 105.56965328911951 127
1757594418770 105.18217499250088 128
1757594418779 104.79619826398029 129
1757594418788 104.41171723995976 130
1757594418797 104.02872607982437 131
1757594418806 103.6472189658528 132
1757594418815 103.26719010312655 133
1757594418824 102.88863371944196 134
1757594418833 102.51154406521816 135
1757594418842 102.13591541341187 136
1757594418852 101.76174205942556 137
1757594418861 101.3890183210222 138
1757594418871 101.01773853823362 139
1757594418880 100.64789707327712 140
1757594418890 100.27948831046598 141
1757594418898 99.9125066561227 142
1757594418908 99.54694653849397 143
1757594418917 99.18280240766242 144
1757594418926 98.82006873546288 145
1757594418935 98.45874001539555 146
1757594418944 98.09881076254149 147
1757594418953 97.74027551347818 148
1757594418963 97.3831288261936 149
1757594418972 97.02736528000463 150
1757594418981 96.67297947547011 151
1757594418990 96.31996603431014 152
1757594418999 95.96831959932203 153
1757594419008 95.61803483429652 154
1757594419017 95.26910642393706 155
1757594419026 94.92152907377606 156
1757594419035 94.57529751009484 157
1757594419045 94.23040647983913 158
1757594419054 93.88685075054137 159
1757594419063 93.5446251102391 160
1757594419072 93.20372436739055 161
1757594419081 92.86414335080072 162
1757594419090 92.52587690953723 163
1757594419100 92.18891991285058 164
1757594419109 91.8532672500976 165
1757594419118 91.5189138306595 166
1757594419127 91.1858545838661 167
1757594419137 90.85408445891497 168
1757594419146 90.52359842479461 169
1757594419155 90.19439147020684 170
1757594419164 89.86645860348887 171
1757594419174 89.53979485253605 172
1757594419183 89.21439526472665 173
1757594419192 88.89025490684203 174
1757594419201 88.56736886499412 175
1757594419211 88.24573224454741 176
1757594419220 87.92534017004307 177
1757594419229 87.60618778512517 178
1757594419239 87.28827025246493 179
1757594419248 86.97158275368493 180
1757594419257 86.65612048928566 181
1757594419267 86.34187867857307 182
1757594419276 86.02885255958047 183
1757594419286 85.71703738899934 184
1757594419296 85.40642844210345 185
1757594419305 85.09702101267676 186
1757594419315 84.7888104129407 187
1757594419324 84.48179197348138 188
1757594419334 84.17596104317737 189
1757594419343 83.8713129891295 190
1757594419353 83.56784319658692 191
1757594419362 83.2655470688766 192
1757594419371 82.96442002733465 193
1757594419381 82.66445751123099 194
1757594419390 82.36565497770377 195
1757594419400 82.06800790168488 196
1757594419410 81.77151177583464 197
1757594419419 81.47616211046704 198
1757594419429 81.18195443348449 199
1757594419438 80.88888429030781 200
1757594419448 80.59694724380577 201
1757594419458 80.30613887422847 202
1757594419468 80.01645477913893 203
1757594419477 79.72789057334171 204
1757594419486 79.44044188882258 205
1757594419496 79.15410437467209 206
1757594419505 78.86887369702546 207
1757594419515 78.5847455389928 208
1757594419525 78.30171560059128 209
1757594419534 78.01977959868161 210
1757594419543 77.73893326689917 211
1757594419553 77.45917235559051 212
1757594419563 77.18049263174521 213
1757594419572 76.90288987893393 214
1757594419582 76.62635989723952 215
1757594419591 76.35089850319397 216
1757594419601 76.07650152971496 217
1757594419610 75.80316482603932 218
1757594419620 75.53088425766076 219
1757594419630 75.25965570626468 220
1757594419640 74.98947506966525 221
1757594419650 74.72033826174197 222
1757594419659 74.45224121237752 223
1757594419669 74.18517986739234 224
1757594419678 73.91915018848492 225
1757594419688 73.65414815316832 226
1757594419698 73.39016975470739 227
1757594419707 73.12721100205792 228
1757594419717 72.86526791980504 229
1757594419726 72.60433654810073 230
1757594419736 72.34441294260417 231
1757594419746 72.08549317441891 232
1757594419755 71.82757333003508 233
1757594419765 71.57064951126617 234
1757594419775 71.31471783519098 235
1757594419784 71.05977443409218 236
1757594419794 70.80581545539683 237
1757594419804 70.55283706161835 238
1757594419814 70.30083543029556 239
1757594419824 70.04980675393396 240
1757594419833 69.7997472399485 241
1757594419843 69.55065311060328 242
1757594419853 69.30252060295345 243
1757594419863 69.05534596878817 244
1757594419872 68.8091254745723 245
1757594419882 68.56385540138832 246
1757594419891 68.3195320448791 247
1757594419901 68.0761517151918 248
1757594419911 67.83371073691866 249
1757594419921 67.59220544904313 250
1757594419931 67.35163220488106 251
1757594419943 67.11198737202545 252
1757594419954 66.87326733229011 253
1757594419965 66.63546848165467 254
1757594419974 66.39858723020768 255
1757594419985 66.16262000209163 256
1757594419995 65.92756323544866 257
1757594420005 65.69341338236416 258
1757594420015 65.46016690881348 259
1757594420025 65.2278202946065 260
1757594420035 64.99637003333257 261
1757594420045 64.76581263230928 262
1757594420055 64.53614461252512 263
1757594420065 64.30736250858776 264
1757594420075 64.07946286867082 265
1757594420085 63.852442254459184 266
1757594420095 63.62629724109695 267
1757594420105 63.40102441713496 268
1757594420115 63.176620384476806 269
1757594420125 62.95308175832843 270
1757594420134 62.73040516714365 271
1757594420144 62.508587252572774 272
1757594420154 62.287624669413425 273
1757594420163 62.067514085554436 274
1757594420173 61.848252181928196 275
1757594420183 61.62983565245801 276
1757594420193 61.412261204006434 277
1757594420203 61.19552555632526 278
1757594420213 60.97962544200619 279
1757594420222 60.76455760642759 280
1757594420232 60.55031880770631 281
1757594420242 60.33690581664774 282
1757594420252 60.1243154166947 283
1757594420262 59.912544403879295 284
1757594420272 59.70158958677268 285
1757594420282 59.49144778643556 286
1757594420292 59.282115836369925 287
1757594420302 59.0735905824704 288
1757594420312 58.86586888297446 289
1757594420323 58.6589476084143 290
1757594420333 58.45282364157021 291
1757594420343 58.247493877420055 292
1757594420353 58.04295522309299 293
1757594420363 57.839204597821514 294
1757594420373 57.63623893289374 295
1757594420383 57.434055171606026 296
1757594420393 57.23265026921568 297
1757594420403 57.03202119289494 298
1757594420413 56.83216492168329 299
1757594420423 56.63307844644099 300
1757594420433 56.434758769803345 301
1757594420443 56.23720290613319 302
1757594420453 56.04040788147692 303
1757594420463 55.84437073351667 304
1757594420473 55.649088511525214 305
1757594420483 55.454558276321194 306
1757594420493 55.26077710022305 307
1757594420504 55.06774206700439 308
1757594420514 54.87545027184816 309
1757594420524 54.683898821302776 310
1757594420534 54.49308483323814 311
1757594420545 54.3030054367989 312
1757594420555 54.11365777236241 313
1757594420565 53.925038991493636 314
1757594420576 53.73714625690173 315
1757594420586 53.54997674239636 316
1757594420596 53.3635276328422 317
1757594420606 53.17779612411978 318
1757594420616 52.99277942307708 319
1757594420626 52.808474747491154 320
1757594420637 52.62487932602169 321
1757594420647 52.44199039817113 322
1757594420657 52.259805214239634 323
1757594420667 52.07832103528444 324
1757594420677 51.89753513307746 325
1757594420688 51.71744479006203 326
1757594420698 51.53804729931226 327
1757594420708 51.35933996449122 328
1757594420719 51.18132009980885 329
1757594420729 51.003985029980946 330
1757594420739 50.82733209018754 331
1757594420750 50.65135862603274 332
1757594420760 50.47606199350254 333
1757594420771 50.301439558925374 334
1757594420781 50.127488698930385 335
1757594420791 49.95420680040855 336
1757594420801 49.78159126047023 337
1757594420812 49.60963948640713 338
1757594420822 49.438348895650904 339
1757594420832 49.26771691573441 340
1757594420843 49.09774098425188 341
1757594420853 48.92841854881862 342
1757594420864 48.759747067032635 343
1757594420874 48.5917240064352 344
1757594420885 48.42434684447119 345
1757594420895 48.25761306845181 346
1757594420905 48.09152017551392 347
1757594420915 47.926065672582894 348
1757594420926 47.76124707633441 349
1757594420936 47.597061913154164 350
1757594420947 47.433507719102415 351
1757594420957 47.27058203987431 352
1757594420968 47.10828243076231 353
1757594420979 46.94660645661948 354
1757594420989 46.785551691820956 355
1757594421000 46.62511572022702 356
1757594421010 46.46529613514545 357
1757594421021 46.306090539295425 358
1757594421031 46.147496544769844 359
1757594421042 45.98951177299865 360
1757594421052 45.832133854712104 361
1757594421062 45.67536042990498 362
1757594421073 45.51918914779912 363
1757594421084 45.3636176668083 364
1757594421094 45.20864365450157 365
1757594421105 45.05426478756754 366
1757594421116 44.90047875177846 367
1757594421126 44.747283241954854 368
1757594421137 44.59467596192969 369
1757594421148 44.44265462451342 370
1757594421158 44.291216951458246 371
1757594421169 44.140360673423565 372
1757594421179 43.99008352994109 373
1757594421190 43.84038326937929 374
1757594421200 43.69125764890939 375
1757594421211 43.54270443447107 376
1757594421222 43.394721400737126 377
1757594421232 43.24730633107982 378
1757594421243 43.10045701753705 379
1757594421254 42.954171260777876 380
1757594421264 42.80844687006901 381
1757594421275 42.66328166324054 382
1757594421285 42.518673466652785 383
1757594421297 42.37462011516326 384
1757594421308 42.23111945209214 385
1757594421319 42.088169329190336 386
1757594421329 41.945767606605365 387
1757594421341 41.803912152849904 388
1757594421351 41.662600844766466 389
1757594421362 41.52183156749798 390
1757594421373 41.381602214452435 391
1757594421384 41.241910687271606 392
1757594421394 41.102754895799514 393
1757594421405 40.96413275804881 394
1757594421416 40.82604220016947 395
1757594421427 40.688481156417176 396
1757594421437 40.55144756912065 397
1757594421448 40.414939388651064 398
1757594421459 40.27895457338958 399
1757594421470 40.143491089696596 400
1757594421481 40.00854691187975 401
1757594421492 39.874120022164085 402
1757594421503 39.740208410659065 403
1757594421514 39.60681007532915 404
1757594421524 39.47392302196267 405
1757594421535 39.34154526414092 406
1757594421546 39.209674823207195 407
1757594421557 39.07830972823785 408
1757594421568 38.947448016010526 409
1757594421579 38.81708773097394 410
1757594421590 38.687226925219065 411
1757594421601 38.55786365844763 412
1757594421611 38.42899599794378 413
1757594421622 38.30062201854298 414
1757594421633 38.1727398026032 415
1757594421644 38.04534743997579 416
1757594421655 37.918443027974334 417
1757594421665 37.792024671347725 418
1757594421676 37.66609048224987 419
1757594421687 37.540638580209695 420
1757594421698 37.41566709210371 421
1757594421709 37.29117415212763 422
1757594421720 37.16715790176536 423
1757594421731 37.04361648976233 424
1757594421742 36.92054807209705 425
1757594421753 36.79795081195148 426
1757594421763 36.67582287968395 427
1757594421774 36.55416245280027 428
1757594421785 36.432967715926324 429
1757594421796 36.31223686077978 430
1757594421807 36.191968086142246 431
1757594421818 36.07215959783179 432
1757594421829 35.952809608675665 433
1757594421840 35.83391633848158 434
1757594421851 35.715478014011886 435
1757594421862 35.59749286895557 436
1757594421873 35.479959143900835 437
1757594421884 35.36287508630861 438
1757594421895 35.2462389504853 439
1757594421906 35.1300489975558 440
1757594421917 35.01430349543742 441
1757594421927 34.8990007188126 442
1757594421938 34.78413894910224 443
1757594421949 34.66971647444045 444
1757594421961 34.55573158964673 445
1757594421971 34.44218259620118 446
1757594421983 34.32906780221663 447
1757594421993 34.21638552241487 448
1757594422004 34.10413407809881 449
1757594422015 33.992311797127755 450
1757594422027 33.88091701389121 451
1757594422039 33.769948069283664 452
1757594422052 33.65940331067891 453
1757594422064 33.54928109190439 454
1757594422076 33.43957977321649 455
1757594422090 33.330297721274604 456
1757594422118 33.2214333091168 457
1757594422130 33.11298491613432 458
1757594422142 33.00495092804669 459
1757594422154 32.89732973687727 460
1757594422165 32.790119740927906 461
1757594422176 32.6833193447553 462
1757594422187 32.576926959145645 463
1757594422198 32.47094100109024 464
1757594422209 32.36535989376198 465
1757594422220 32.26018206648998 466
1757594422231 32.15540595473641 467
1757594422242 32.05103000007214 468
1757594422253 31.94705265015249 469
1757594422264 31.843472358693887 470
1757594422276 31.740287585449412 471
1757594422287 31.637496796186312 472
1757594422298 31.53509846266105 473
1757594422309 31.433091062596862 474
1757594422320 31.33147307966019 475
1757594422331 31.230243003436744 476
1757594422342 31.129399329408745 477
1757594422354 31.028940558932554 478
1757594422365 30.928865199214187 479
1757594422376 30.829171763287654 480
1757594422387 30.729858769991154 481
1757594422398 30.630924743945307 482
1757594422409 30.532368215529644 483
1757594422421 30.434187720860358 484
1757594422435 30.336381801768354 485
1757594422446 30.238949005775332 486
1757594422457 30.1418878860737 487
1757594422469 30.045197001502405 488
1757594422481 29.948874916525725 489
1757594422493 29.852920201211216 490
1757594422505 29.757331431207014 491
1757594422516 29.662107187721627 492
1757594422527 29.567246057500153 493
1757594422538 29.47274663280397 494
1757594422550 29.37860751138848 495
1757594422561 29.284827296481936 496
1757594422572 29.19140459676357 497
1757594422584 29.098338026342706 498
1757594422595 29.005626204737105 499
