1757594553283 2.8018751713880454 0
1757594553293 0.6053175898709462 1
1757594553303 0.314070906469985 2
1757594553312 0.29253822177115957 3
1757594553322 0.15075451733110606 4
1757594553331 0.0735488215762538 5
1757594553340 0.7929802595414615 6
1757594553349 0.12736870027784097 7
1757594553359 0.15075332266936917 8
1757594553368 0.08340316535315241 9
1757594553378 0.09521836482872324 10
1757594553387 0.07507376126380307 11
1757594553397 0.08951776971424774 12
1757594553406 0.07602202283424381 13
1757594553415 0.11414335423260301 14
1757594553424 0.09746479153349986 15
1757594553434 0.07172645016200617 16
1757594553443 0.10313119492164377 17
1757594553452 0.09288826336969555 18
1757594553462 0.05755730615198913 19
1757594553472 0.10915697354363124 20
1757594553488 0.06852658568618572 21
1757594553504 0.08801831930853994 22
1757594553513 0.06827024670084368 23
1757594553523 0.06873478198420631 24
1757594553532 0.06480605744741862 25
1757594553541 0.05990789243200976 26
1757594553551 0.14301801646370635 27
1757594553565 0.0805193027616467 28
1757594553580 0.09302456182251703 29
1757594553591 0.23966212620586164 30
1757594553609 0.05204161268337862 31
1757594553619 0.06075817097075884 32
1757594553629 0.09678619398945987 33
1757594553638 0.08072141123272676 34
