1757594881126 0.02026525311064522 0
1757594881159 0.5309492936728171 1
1757594881193 0.08792993597251035 2
1757594881226 0.0001563005842583369 3
1757594881260 0.009644360136670334 4
1757594881294 0.03388097324654861 5
1757594881329 0.20952468682997885 6
1757594881362 0.8055699585878796 7
1757594881396 0.0651373270177023 8
1757594881429 0.0519333527758909 9
1757594881463 0.138851936373711 10
1757594881498 0.030625173309101063 11
1757594881532 0.06859342260768131 12
1757594881566 0.05071095686751959 13
1757594881601 0.07336149105558226 14
1757594881635 0.10828161575369984 15
1757594881668 0.026079115490477825 16
1757594881702 0.11919142860545405 17
1757594881736 0.0007165479675551409 18
1757594881769 0.028434200519115056 19
1757594881803 0.009124319520337069 20
1757594881837 0.07825752443916102 21
1757594881870 0.10659150730284082 22
1757594881904 0.00013842988480486344 23
1757594881937 0.0956224078368022 24
1757594881971 0.04762614963279992 25
1757594882005 0.019575474477091043 26
1757594882038 0.10947560022639985 27
1757594882072 0.0004207546981505877 28
1757594882111 0.2974001695081115 29
1757594882146 0.016274796206395103 30
1757594882181 0.005135907631385564 31
1757594882215 0.10033262793514237 32
1757594882249 0.00895615045257236 33
1757594882283 0.17532288920592057 34
1757594882317 0.16939995808882438 35
1757594882353 0.5206222386061286 36
1757594882386 0.0022215458498118703 37
1757594882419 0.2548760917203808 38
1757594882453 0.014166923881754263 39
1757594882487 0.25745311507202645 40
1757594882540 0.010843397337302559 41
1757594882574 0.1928718403597875 42
1757594882608 0.03775374406274875 43
1757594882642 0.0007089016932989679 44
1757594882676 0.4104490443191335 45
1757594882709 0.0415929669934457 46
1757594882743 0.11583541254520244 47
1757594882776 0.14657702716818458 48
1757594882810 0.03701546239003501 49
1757594882843 0.00044819290178026475 50
1757594882877 0.009398193923201431 51
1757594882917 0.014465442937411865 52
1757594882951 0.0330407525982306 53
1757594882985 0.027228803532586363 54
1757594883018 0.13990317206471398 55
1757594883053 0.008311512280287495 56
1757594883088 8.057642644041057e-05 57
1757594883122 0.02500534157080626 58
1757594883157 0.008405417531619074 59
1757594883192 0.00313658547185469 60
1757594883226 0.11621048912510151 61
1757594883260 0.03400723284648555 62
1757594883294 0.05048000373148906 63
1757594883327 0.10046408116240403 64
1757594883361 0.13717214070268693 65
1757594883395 0.00039013368942795724 66
1757594883430 0.059984740976249264 67
1757594883464 0.00021564620651483827 68
1757594883497 0.016908315516023696 69
1757594883531 0.057527646074790155 70
1757594883565 0.08156075885972926 71
1757594883599 0.06540504946804845 72
