1757518343012 90.71466976039193 0
1757518343046 7.493421530041988 1
1757518343079 3.923718775863199 2
1757518343113 0.6638231829759526 3
1757518343146 0.1775551711574345 4
1757518343179 0.0024400535557223347 5
1757518343213 0.23253935644578286 6
1757518343251 21.959261241127354 7
1757518343287 3.374368552486926 8
1757518343327 1.238498232600169 9
1757518343361 0.0008404327340329834 10
1757518343394 0.42638434376635803 11
1757518343428 7.214665419373027 12
1757518343461 0.2637793568135786 13
1757518343494 20.572103834724246 14
1757518343529 0.18858057847237625 15
1757518343562 0.09047817290356924 16
1757518343595 1.6720496452496487 17
1757518343629 0.45095180021395503 18
1757518343663 7.447656279330322 19
1757518343696 0.3499636109281194 20
1757518343730 0.018283621397848986 21
1757518343764 0.3811359498736703 22
1757518343798 0.0723928105724694 23
1757518343831 0.9377179490906589 24
1757518343864 0.00999092019292674 25
1757518343897 0.8603470721425661 26
1757518343931 0.00011778891560184787 27
1757518343964 0.00214345815231122 28
1757518343998 0.056389250511545266 29
1757518344032 0.1664505624499054 30
1757518344065 1.1160786085513157 31
1757518344099 0.29855848022199916 32
1757518344132 0.18125176988289468 33
1757518344166 0.1618599987079822 34
1757518344200 0.1612903624097048 35
1757518344236 1.4149824904992911 36
1757518344270 0.25214636795536943 37
1757518344303 0.03737334059627885 38
1757518344343 0.4332354723491155 39
1757518344384 0.3570108537533512 40
1757518344418 0.05948665714420586 41
1757518344451 0.015564173838294917 42
1757518344485 0.0014040296675874452 43
1757518344518 0.3837579125499381 44
1757518344552 0.19683402887321882 45
1757518344586 0.10051924447326237 46
1757518344620 0.20600710580050516 47
1757518344653 1.359056798046448 48
1757518344687 0.787497731900916 49
1757518344721 0.23911440652342103 50
1757518344755 0.3313924945965752 51
1757518344789 0.04504693547166469 52
1757518344823 0.01931915350764461 53
1757518344868 0.3765494506894065 54
1757518344901 0.14454117533242222 55
1757518344936 0.0011149008070207406 56
1757518344970 0.015746858919516875 57
1757518345005 0.05864392685056935 58
1757518345038 0.21458991679392203 59
1757518345073 0.008151001827216103 60
1757518345106 0.271551746028029 61
1757518345140 0.00016446835476641977 62
1757518345173 0.06336211745905343 63
1757518345207 0.0043050004027246225 64
1757518345240 0.0014880204310436817 65
1757518345274 0.0026667751832065195 66
1757518345308 0.40239133575215863 67
1757518345342 0.00020385965625965374 68
1757518345379 0.44728202055363214 69
1757518345426 0.0011512132156399069 70
1757518345462 0.006960755845137115 71
1757518345497 0.00023830785131167948 72
1757518345531 0.15454515953879205 73
1757518345566 0.39442933151122794 74
1757518345601 1.1033103835698799 75
1757518345635 0.0010902090710104445 76
1757518345670 0.02130342213475887 77
1757518345704 0.15898439437788922 78
1757518345737 0.11777139990945343 79
1757518345771 0.03334095323672977 80
1757518345805 0.2524428970289209 81
1757518345839 0.03855632721420837 82
1757518345873 0.0021870489818782177 83
1757518345907 0.055581001646176846 84
1757518345942 0.23820324831267747 85
1757518345976 0.0020239959866616072 86
1757518346013 0.0048171387090157275 87
1757518346048 0.8650167843053089 88
1757518346083 0.019436604915073933 89
1757518346118 0.007371421320632222 90
1757518346151 0.0021105585440334344 91
1757518346186 0.09934780262542521 92
1757518346220 0.22855956717884043 93
1757518346253 0.001199644723658899 94
1757518346287 0.27644051604613046 95
1757518346322 0.022401346978373517 96
1757518346356 0.03448187144109453 97
1757518346390 0.3010335336261771 98
1757518346425 0.028231252583415644 99
1757518346459 0.21912995665019477 100
1757518346493 0.03339285919307786 101
1757518346527 0.0022521630433248274 102
1757518346561 0.2877505998195675 103
1757518346595 0.030583532444653984 104
1757518346630 0.2605453525903525 105
1757518346664 0.026915661084434998 106
1757518346698 0.16338124796949388 107
1757518346734 0.0010791015687661076 108
1757518346768 0.00019869227475039845 109
1757518346802 0.1786341490842 110
1757518346836 0.07134556166036103 111
1757518346870 0.29286992686125385 112
1757518346904 0.32317512144423766 113
1757518346939 0.1529179356204922 114
1757518346973 0.03141584497717266 115
1757518347007 0.00014388221228882225 116
1757518347042 0.14157147165367903 117
1757518347077 0.04705160538287748 118
1757518347112 0.1689815150314374 119
1757518347146 0.05768752786152893 120
1757518347181 0.02220468898266156 121
1757518347215 0.03804743887840237 122
1757518347249 0.030104166959010432 123
1757518347283 1.2592921665211506e-05 124
1757518347318 0.07333105203312616 125
1757518347358 0.13678117991382668 126
1757518347403 0.18675860920569337 127
1757518347439 0.047689135103149684 128
1757518347474 0.0029113292181159466 129
1757518347508 0.08429435124322761 130
1757518347543 0.11068708759455773 131
1757518347577 0.014628756216292846 132
1757518347611 0.07199144153216962 133
1757518347645 0.001192867985326978 134
1757518347679 0.11962911170866308 135
1757518347714 0.2614589553302597 136
1757518347748 0.035467086994022685 137
1757518347782 0.2602383657966993 138
1757518347816 0.042480060278272974 139
1757518347850 0.00041284023630668324 140
1757518347884 0.16810519538960236 141
1757518347918 0.014168565893674453 142
1757518347952 0.2659277600610841 143
1757518347987 0.08684349169431334 144
1757518348021 0.5024064213199406 145
1757518348056 0.0313609213016491 146
1757518348090 0.00826100026220076 147
1757518348124 0.010405174782390936 148
1757518348159 3.101019685079663e-05 149
1757518348193 0.21480962156937486 150
1757518348227 0.045179398324800946 151
1757518348262 0.3496227329483264 152
1757518348296 0.03414455683198617 153
1757518348330 0.008402049670382888 154
1757518348364 0.21243680234506976 155
1757518348399 0.4027355005417471 156
1757518348433 0.00265750002769715 157
1757518348468 0.06865094776489984 158
1757518348502 0.14284036152419638 159
1757518348536 0.002469641998329558 160
1757518348571 0.47591705394802203 161
1757518348605 0.00726753171074547 162
1757518348639 3.627156879119568e-05 163
1757518348673 0.062287514745268745 164
1757518348708 0.002387956145471152 165
1757518348742 0.03071787222969494 166
1757518348776 0.04613368043368312 167
1757518348811 0.06233140619920232 168
1757518348846 0.00027800896786413595 169
1757518348880 0.04104062511086252 170
1757518348915 0.0321158600116051 171
1757518348949 0.5380961232379766 172
1757518348984 0.00043612036171205627 173
1757518349018 0.0012646411387922847 174
1757518349053 0.1408874504317073 175
1757518349087 0.4807898694336569 176
1757518349122 0.0036810779069134628 177
1757518349157 0.013916361336260076 178
1757518349192 0.031182409495798535 179
1757518349227 0.0948706506712156 180
1757518349263 0.00895429841785624 181
1757518349299 0.15760648864212337 182
1757518349333 0.0021251250856974967 183
1757518349368 0.06408796400027221 184
1757518349403 0.002290060392034408 185
1757518349437 0.006703405784340053 186
1757518349471 0.002825004360832162 187
1757518349505 0.03024171226421293 188
1757518349540 0.2406938252917557 189
1757518349575 0.30162145265933527 190
1757518349609 0.07027831790207292 191
1757518349644 0.002754273934276639 192
1757518349678 0.06822416772209967 193
1757518349713 0.0015543739462521788 194
1757518349747 0.06845444381243802 195
1757518349782 0.013289767061818607 196
1757518349817 0.07031649891130635 197
1757518349852 0.1806471535366711 198
1757518349886 0.184559280804159 199
1757518349921 0.027357227774591916 200
1757518349956 0.04261772037073979 201
1757518349991 0.005052959517096689 202
1757518350025 0.1333897028373652 203
1757518350060 0.5351386560294045 204
1757518350095 0.05703789201911647 205
1757518350130 0.00017422147974241884 206
1757518350165 0.07610666858762342 207
1757518350199 0.09315272520046908 208
1757518350235 0.0042627540172757205 209
1757518350270 0.318918656794519 210
1757518350304 0.007014896897442442 211
1757518350339 0.0009632981453842739 212
1757518350373 0.168894463563838 213
1757518350408 0.002367039618974022 214
1757518350442 0.15452367489260568 215
1757518350477 0.1091658964091381 216
1757518350512 0.00013434579564951444 217
1757518350546 0.010982213919413095 218
1757518350581 5.525132109788896e-05 219
1757518350615 0.17762354108532327 220
1757518350650 0.03454878088062618 221
1757518350686 0.04972910869893521 222
1757518350721 0.2147138342996422 223
1757518350756 0.03311848950925344 224
1757518350791 0.043613407420491364 225
1757518350825 0.07323082336358754 226
1757518350861 3.3067423736292914e-05 227
1757518350896 0.005195537966847754 228
1757518350931 0.1242398950892871 229
1757518350966 0.15192447885694466 230
1757518351003 0.04947910286081472 231
1757518351039 0.012907583421627363 232
1757518351090 0.005406264640811509 233
1757518351128 0.13444722265818504 234
1757518351163 0.10487622783575201 235
1757518351198 6.509455346030818e-05 236
1757518351233 0.045904892603294674 237
1757518351268 0.09141689494701627 238
1757518351303 0.177279566692246 239
1757518351338 0.011699085295276926 240
1757518351373 0.17949551030354988 241
1757518351409 0.13693183931501116 242
1757518351444 0.017982146827669764 243
1757518351480 0.060527139177201365 244
1757518351515 0.206719386731949 245
1757518351550 0.1636695849396934 246
1757518351584 0.004050786791321417 247
1757518351619 0.019570310846479082 248
1757518351654 0.001151930732003362 249
1757518351688 0.05123834148227121 250
1757518351724 0.003295321426621748 251
1757518351760 0.10260359833511304 252
1757518351795 0.05041676992101314 253
1757518351830 0.1327078247645082 254
1757518351864 0.00012979079667197146 255
1757518351899 0.08265354316902107 256
1757518351937 0.20717799772803633 257
1757518351972 1.3225009474808835 258
1757518352008 0.09450183340622804 259
1757518352043 0.010834523825203708 260
1757518352077 0.09436623351730661 261
1757518352112 0.13499084201075176 262
1757518352147 0.03216276556296554 263
1757518352182 0.10739235827179155 264
1757518352217 0.4252572480780216 265
1757518352253 0.03402424462802314 266
1757518352288 0.033893560135902785 267
1757518352323 0.41372616937740886 268
1757518352358 0.04669050380335355 269
1757518352392 0.18872047629657962 270
1757518352427 0.359685017595986 271
1757518352462 0.028976005569842214 272
1757518352497 0.0027642732831658573 273
1757518352532 0.1994170983154573 274
1757518352567 0.00017795316708328363 275
1757518352602 0.011883723091981793 276
1757518352637 0.0018905029752967432 277
1757518352671 0.02300419142080735 278
1757518352706 0.12711550224285664 279
1757518352741 0.4293715905286109 280
1757518352776 0.12143256811094563 281
1757518352812 0.0006734995044855649 282
1757518352847 0.9454987604097039 283
1757518352884 0.07935322025999071 284
1757518352919 0.18601537201066987 285
1757518352954 0.00564639667233539 286
1757518352989 0.0057226626577872265 287
1757518353025 0.15223632396527179 288
1757518353060 0.16329229090674183 289
1757518353096 0.10033864546809435 290
1757518353130 0.032544400200126965 291
1757518353166 0.07432405509006534 292
1757518353201 0.008896259734839256 293
1757518353236 0.05151965744065991 294
1757518353273 0.09274491504089406 295
1757518353315 0.03299416112317968 296
1757518353356 0.0352012210322838 297
1757518353395 0.05371028528203366 298
1757518353433 0.4136516386643069 299
1757518353469 0.0005155539653164045 300
1757518353505 0.00938401919943638 301
1757518353541 0.0010500064602950157 302
1757518353577 0.0003058748890838918 303
1757518353614 0.785634578224342 304
1757518353652 0.09147896028850735 305
1757518353691 0.0003214611521283844 306
1757518353727 0.009438405212484208 307
1757518353763 0.020747535337332312 308
1757518353798 0.00453908290449885 309
1757518353835 0.10718176255695404 310
1757518353872 0.008842053405825568 311
1757518353908 0.19929353664277175 312
1757518353943 0.3242905834973091 313
1757518353979 0.01569935719812539 314
1757518354015 4.6718771409149424e-08 315
1757518354051 0.042229052138835814 316
1757518354087 0.2589796743302418 317
1757518354122 0.08528828908625426 318
1757518354158 0.00958652751412009 319
1757518354193 0.035493749742449246 320
1757518354229 0.042731192497366476 321
1757518354266 2.9584326762361293e-05 322
1757518354301 8.866124163117677e-05 323
1757518354336 0.012297574848328052 324
1757518354371 0.11385075221283236 325
1757518354406 0.011601533376682462 326
1757518354441 0.0006867990324779368 327
1757518354476 0.00015392563010370607 328
1757518354512 0.014563821760030161 329
1757518354550 0.09300020582137798 330
