1757594601282 124.25447089276534 0
1757594601291 94.95847265980007 1
1757594601300 71.69311140372221 2
1757594601310 50.04169297494409 3
1757594601319 35.8402001956927 4
1757594601329 30.01993426742603 5
1757594601338 30.235568746852255 6
1757594601347 19.196585187111562 7
1757594601356 12.8466962306691 8
1757594601366 9.507616303919754 9
1757594601375 9.995135272922086 10
1757594601384 7.488940675073541 11
1757594601394 3.2474894308673674 12
1757594601403 9.712831067498822 13
1757594601412 2.5802861970411373 14
1757594601421 8.034651430212985 15
1757594601430 3.216356508466738 16
1757594601439 4.433475547561617 17
1757594601448 3.3423292792148747 18
1757594601458 3.639839170091233 19
1757594601467 6.498274967095683 20
1757594601477 3.041484166632344 21
1757594601487 1.8017945308000936 22
1757594601497 3.067708961721407 23
1757594601506 1.725177327539803 24
1757594601516 3.3865860913196295 25
1757594601525 3.917896685603759 26
1757594601535 4.341492238699323 27
1757594601544 4.171533052195473 28
1757594601554 3.7497902984682243 29
1757594601563 3.6810912275105263 30
1757594601572 5.1452280792755225 31
1757594601581 2.924862422271295 32
1757594601591 4.730760500854205 33
1757594601600 3.2423971930666204 34
1757594601609 4.505962058985585 35
1757594601619 2.4238351974385917 36
1757594601628 7.1849579920807045 37
1757594601638 3.7743013293464687 38
1757594601648 3.7417526124190355 39
1757594601657 1.7356904026278035 40
1757594601666 1.4527055304877536 41
1757594601676 1.6993048982337873 42
1757594601686 2.5206571486096307 43
1757594601695 1.2761387896922074 44
1757594601705 1.8430845808828735 45
1757594601714 5.158016361906276 46
1757594601723 1.825194583637396 47
1757594601733 4.316803354157968 48
1757594601742 3.5935975025666447 49
1757594601752 2.2080190365505388 50
1757594601761 3.2507233955486887 51
1757594601771 3.386411158631088 52
1757594601780 1.7584278451648747 53
1757594601790 3.2782186794471877 54
1757594601799 3.1099179030499386 55
1757594601809 3.5704361386845056 56
1757594601819 6.877358859301398 57
1757594601828 1.3172187950150445 58
1757594601838 1.0488450534905511 59
1757594601848 3.330056271837315 60
1757594601857 2.222695240466197 61
1757594601867 2.63694591668298 62
1757594601876 2.4955701031898747 63
1757594601886 1.8014797963766338 64
1757594601895 2.1296104547874877 65
1757594601905 3.2097811527406117 66
1757594601914 2.0815602877798085 67
1757594601924 2.4769123322798325 68
1757594601933 2.802550013204469 69
1757594601943 2.2011986032709427 70
1757594601953 1.9345117637564835 71
1757594601962 3.0911515961394858 72
1757594601972 3.870555312468672 73
1757594601982 0.8237173232424368 74
1757594601991 3.182114516538641 75
1757594602002 2.578290837955972 76
1757594602011 2.417124299827184 77
1757594602021 2.5405847883594554 78
1757594602036 1.7124202730376463 79
1757594602046 1.4571446802271448 80
1757594602057 1.9434455351891464 81
1757594602067 2.5235139438567624 82
1757594602077 1.990116143178624 83
1757594602087 2.4429394769990544 84
1757594602099 1.7097536757782474 85
1757594602111 2.9159460168063083 86
1757594602124 0.9169794982880193 87
1757594602136 2.300444912091572 88
1757594602147 2.2870622074754703 89
1757594602158 2.944463655124439 90
1757594602168 0.3954464413188863 91
1757594602178 1.3893950478485726 92
1757594602188 1.6639809423063487 93
1757594602198 2.291407809840264 94
1757594602208 2.1292498927726053 95
1757594602218 3.5353218676964646 96
1757594602228 2.193318708531064 97
1757594602238 1.4148635211294258 98
1757594602248 2.0051525566306467 99
1757594602258 1.656561053074618 100
1757594602268 2.8722199172053418 101
1757594602277 2.208323760419719 102
1757594602287 2.430316280033664 103
1757594602297 2.4423340786291328 104
1757594602307 1.5905878755034148 105
1757594602317 0.7696340030381895 106
1757594602327 2.1195612514894444 107
1757594602337 2.198491013492718 108
1757594602347 1.6280177897472023 109
1757594602357 1.741558492495356 110
1757594602367 1.8178622832285656 111
1757594602377 2.63631276993306 112
1757594602387 1.3834554719664505 113
1757594602397 1.9997224997927534 114
1757594602407 1.0026300917995838 115
1757594602417 0.7536034386750695 116
1757594602427 1.142268628884764 117
1757594602437 1.8945659741939775 118
1757594602447 1.1120588137297507 119
1757594602457 1.349851936109834 120
1757594602467 1.2735531994765965 121
1757594602476 0.6246544231834669 122
1757594602486 0.6502744345441331 123
1757594602496 1.2248211076226696 124
1757594602508 1.6608386236777712 125
1757594602518 1.201389337677884 126
1757594602528 1.3673593880701527 127
1757594602538 0.8187834005977661 128
1757594602549 1.9050078203918812 129
1757594602560 1.1311711837837533 130
1757594602571 1.3567942998091842 131
1757594602583 1.2182516091650208 132
1757594602594 0.9920707116230537 133
1757594602605 1.4421941264167635 134
1757594602617 1.7427488869713856 135
1757594602627 0.8732773606334101 136
1757594602637 0.7668608133706479 137
1757594602647 0.7776115116421266 138
1757594602658 1.0931566104890538 139
1757594602668 1.1014745505732608 140
1757594602679 0.8737632232361549 141
1757594602689 1.3792487142441887 142
1757594602700 1.0897586060046158 143
1757594602710 1.2080245920939052 144
1757594602721 1.1862322245988561 145
1757594602731 1.1520611008851993 146
1757594602741 1.9033269743577796 147
1757594602771 1.6075673364738794 148
1757594602786 1.618630588757124 149
1757594602796 0.7276436157975835 150
1757594602811 1.2154632705147084 151
1757594602821 1.8138167794191273 152
1757594602832 0.6932919099257624 153
1757594602842 0.8741138640726837 154
1757594602853 0.9678945715826176 155
1757594602863 1.0107008212231965 156
1757594602874 0.8847450111780971 157
1757594602884 2.2664437010398957 158
1757594602894 0.6848056904096095 159
1757594602904 0.6907485232547428 160
1757594602915 0.5285315200931247 161
1757594602925 0.8418036995224604 162
1757594602936 0.6397438350741983 163
1757594602946 1.404359095713315 164
1757594602957 1.0721578910053924 165
1757594602968 0.3499861182142926 166
1757594602979 1.2690258498343383 167
1757594602990 1.6848965414913406 168
1757594603000 1.7356336160693149 169
1757594603010 0.5521405809033086 170
1757594603021 1.4011240329498336 171
1757594603031 1.441227442460962 172
1757594603041 1.692023239476596 173
1757594603051 1.6097153802707354 174
1757594603061 0.797642182683718 175
1757594603071 1.7205381687177304 176
1757594603081 1.4033941334448043 177
1757594603091 0.960488037119804 178
1757594603102 0.5890951368503573 179
1757594603112 0.7209455656580777 180
1757594603122 1.3001100277562627 181
1757594603132 0.9221565196356016 182
1757594603143 0.6260365193629608 183
1757594603154 0.8959212075223926 184
1757594603164 0.8526936260897776 185
1757594603175 1.054709797221622 186
1757594603186 0.9656852029782255 187
1757594603199 0.888407055627535 188
1757594603210 0.6200247327525702 189
1757594603221 0.3251859810142176 190
1757594603232 1.3202018603024899 191
1757594603243 0.7828977876869915 192
1757594603254 0.9294665240544538 193
1757594603265 0.36222952939936204 194
1757594603275 0.9135839562975647 195
1757594603286 1.3422754487167958 196
1757594603297 1.0541280639487312 197
1757594603308 0.8650553592798523 198
1757594603319 0.3482031852204861 199
1757594603330 0.492127087466871 200
1757594603342 0.5957744087227204 201
1757594603353 0.4464387296935084 202
1757594603363 0.7060798499966625 203
1757594603374 0.5312866957827463 204
1757594603385 0.3380923057659108 205
1757594603396 1.3099910947061628 206
1757594603407 0.5661533736046869 207
1757594603418 0.6221013381307255 208
1757594603428 1.0177861902040033 209
1757594603439 0.523861417785366 210
1757594603450 0.524331727267893 211
1757594603460 0.9151984913145538 212
1757594603471 0.8357128089019565 213
1757594603483 0.6840552599718567 214
1757594603493 0.5135789307084153 215
1757594603504 0.6505386323208239 216
1757594603514 0.7503684092184816 217
1757594603525 0.6582320774243778 218
1757594603535 0.49119329679538465 219
1757594603546 0.5359393937261153 220
1757594603556 0.21173402876531944 221
1757594603567 0.5183970690565304 222
1757594603577 0.6383347264494889 223
1757594603588 0.7552359854874245 224
1757594603598 0.5715099848670581 225
1757594603609 0.49285644190754685 226
1757594603619 0.48377365654260046 227
1757594603630 0.5152379308670453 228
1757594603641 0.4853081462226425 229
1757594603651 0.6918410656457338 230
1757594603662 0.48411035012946935 231
1757594603673 0.5591893122650267 232
1757594603683 0.7643231340245406 233
1757594603694 0.4585899796185439 234
1757594603704 1.010692534412818 235
1757594603715 0.3665622123284248 236
1757594603725 0.6090449619180198 237
1757594603736 0.7857383379599063 238
1757594603747 0.7936994894877418 239
1757594603757 0.5630916890975979 240
1757594603768 0.5097858241604298 241
1757594603779 0.8647223330484722 242
1757594603789 0.32650725706227524 243
1757594603800 0.5744131224027802 244
1757594603811 0.5252224033243006 245
1757594603822 0.7381193397499335 246
1757594603833 0.4511375146675617 247
1757594603843 0.3183408535569863 248
1757594603854 0.5506001830346718 249
1757594603865 0.5244294426236804 250
1757594603876 0.6769914720784664 251
1757594603887 0.6050599578478199 252
1757594603898 0.20952166586752968 253
1757594603908 0.6244232848185037 254
1757594603919 0.7862862212652247 255
1757594603930 0.8608517590846895 256
1757594603941 0.44890482647777225 257
1757594603952 0.3951307367941069 258
1757594603963 0.359580544384355 259
1757594603974 0.48383632763175194 260
1757594603984 0.5667814955295538 261
1757594603995 0.4925379466902637 262
1757594604006 0.36450734708545285 263
1757594604017 0.32695113964319567 264
1757594604027 0.7137417071715791 265
1757594604038 0.46289990873292647 266
1757594604049 0.6012191251787669 267
1757594604060 0.30577353003175634 268
1757594604070 0.40616664954940235 269
1757594604081 0.6395850770289259 270
1757594604092 0.5531509413089652 271
1757594604103 0.24923950522337393 272
1757594604114 0.5674296917870717 273
1757594604125 0.3439984854042732 274
1757594604135 0.18782339490999284 275
1757594604146 0.41476538671855845 276
1757594604157 0.5427300654732654 277
1757594604168 0.4566015394418686 278
1757594604179 0.5478762096345631 279
1757594604190 0.5321062416520164 280
1757594604201 0.4768967510183846 281
1757594604212 0.6347538324145914 282
1757594604223 0.40936127022898683 283
1757594604233 0.40997183817843 284
1757594604244 0.2595367578750308 285
1757594604255 0.3868349389819822 286
1757594604266 0.24843363013584235 287
1757594604277 0.46564824140420336 288
1757594604288 0.4514940564226192 289
1757594604299 0.30856867809405847 290
1757594604310 0.3479394259378396 291
1757594604321 0.4778442635681929 292
1757594604332 0.48068842298845843 293
1757594604343 0.6639830811607628 294
1757594604355 0.3453046903354013 295
1757594604366 0.32913151295278564 296
1757594604377 0.252723291502877 297
1757594604388 0.7102640461505335 298
1757594604399 0.38709186413281216 299
1757594604410 0.21647321777674483 300
1757594604421 0.20381560294854495 301
1757594604432 0.453918728752723 302
1757594604444 0.5485502858767021 303
1757594604456 0.5190590315746164 304
1757594604467 0.36713805579053305 305
1757594604479 0.8040473867239366 306
1757594604490 0.6014962146935553 307
1757594604500 0.6365121210898006 308
1757594604512 0.4199775958208284 309
1757594604522 0.3575817878650447 310
1757594604533 0.28507168302946945 311
1757594604544 0.4424725383327446 312
1757594604556 0.34491141658566715 313
1757594604567 0.4505599922024641 314
1757594604578 0.29773153587224493 315
1757594604590 0.5367497925519389 316
1757594604601 0.5098345518829754 317
1757594604612 0.4162869281653968 318
1757594604626 0.18547439671688004 319
1757594604637 0.4610284589976656 320
1757594604648 0.2550907543125843 321
1757594604660 0.3283986437309037 322
1757594604673 0.11003812286175399 323
1757594604685 0.36906848912161777 324
1757594604697 0.5608225801446067 325
1757594604708 0.30666025422136084 326
1757594604719 1.2884852356868775 327
1757594604731 0.16536993034350073 328
1757594604742 0.32446938750621324 329
1757594604754 0.3637298980518255 330
1757594604767 0.3189420515996319 331
1757594604779 0.3788427977430936 332
1757594604791 0.2955157061312632 333
1757594604803 0.19106461888524226 334
1757594604816 0.5545241498539307 335
1757594604828 0.23132027630486549 336
1757594604839 0.16135290231780278 337
1757594604851 0.3709090988610434 338
1757594604862 0.35645646087072114 339
1757594604873 0.350139393504546 340
1757594604885 0.24285832638469282 341
1757594604896 0.12789130981713354 342
1757594604907 0.3771135389556032 343
1757594604919 0.25549090973298483 344
1757594604932 0.2085847711834321 345
1757594604944 0.34934645568695305 346
1757594604956 0.3716480537458621 347
1757594604969 0.27287653601612244 348
1757594604981 0.40186678236993706 349
1757594604993 0.30061235893411253 350
1757594605006 0.3295848204425967 351
1757594605018 0.39843758730318485 352
1757594605030 0.2689229132665124 353
1757594605042 0.35703033172484067 354
1757594605054 0.5163151016780982 355
1757594605066 0.29818864809857887 356
1757594605079 0.2942811838274613 357
1757594605092 0.2554864565065984 358
1757594605104 0.25970900824955195 359
1757594605116 0.31611424521837755 360
1757594605127 0.3180092971120505 361
1757594605139 0.27333023511552357 362
1757594605151 0.13136921303482327 363
1757594605163 0.32953945894279346 364
1757594605175 0.26071163978367357 365
1757594605186 0.19685709571958673 366
1757594605198 0.2722141034158955 367
1757594605209 0.16619185983449447 368
1757594605221 0.4465550115641506 369
1757594605232 0.2525725169393897 370
1757594605244 0.2964994382358371 371
1757594605255 0.23158029047211515 372
1757594605266 0.2569656848263425 373
1757594605278 0.15877675040979022 374
1757594605289 0.12986918431249803 375
1757594605300 0.36487119269136203 376
1757594605312 0.13111257155281977 377
1757594605323 0.2516931464009412 378
1757594605334 0.32510723887907605 379
1757594605345 0.20871257149240222 380
1757594605368 0.23832452922325406 381
1757594605385 0.27690837438805144 382
1757594605398 0.1432970256636755 383
1757594605411 0.3407886604365753 384
1757594605424 0.4452154004897654 385
1757594605436 0.28342834948507484 386
1757594605449 0.22287071567803024 387
1757594605462 0.16835668256235828 388
1757594605474 0.10037934687550625 389
1757594605486 0.24553186776594527 390
1757594605498 0.3831332430032531 391
1757594605510 0.3329914417641654 392
1757594605522 0.30882729894543537 393
1757594605534 0.19208613931010363 394
1757594605546 0.28271859159798174 395
1757594605558 0.23553308830042485 396
1757594605570 0.23074812524217633 397
1757594605581 0.2426748220699544 398
1757594605593 0.17746102691028884 399
1757594605604 1.0144883491232755 400
1757594605616 0.24558209602053122 401
1757594605628 0.13542628533048828 402
1757594605639 0.22073297036802636 403
1757594605651 0.2823575787383261 404
1757594605663 0.2041222961009427 405
1757594605674 0.3186349663662974 406
1757594605686 0.08777805546026586 407
1757594605698 0.1904727591143665 408
1757594605710 0.23240724054765685 409
1757594605721 0.20719070432094905 410
1757594605733 0.14525226398748672 411
1757594605745 0.2728820024721607 412
1757594605756 0.1379535597107298 413
1757594605768 0.2701203876909608 414
1757594605780 0.47942498623159446 415
1757594605792 0.27276521452015384 416
1757594605803 0.11109444123336056 417
1757594605815 0.1493113589176626 418
1757594605827 0.19212735342938106 419
1757594605838 0.15888069656613632 420
1757594605850 0.16876813495281265 421
1757594605862 0.12112384469257718 422
1757594605873 0.15630906139382766 423
1757594605885 0.278098147798684 424
1757594605897 0.1444902615277339 425
1757594605909 0.23305542143987873 426
1757594605921 0.18063882421831726 427
1757594605932 0.10111049044606508 428
1757594605944 0.15238213359758382 429
1757594605956 0.1579527827718335 430
1757594605968 0.3282545669521029 431
1757594605980 0.08629252574623365 432
1757594605992 0.20945460226390422 433
1757594606004 0.17982644397714564 434
1757594606016 0.14293802998055158 435
1757594606027 0.12502191243176006 436
1757594606039 0.9321775012078223 437
1757594606051 0.0951691076031852 438
1757594606063 0.10284620682968464 439
1757594606075 0.30956254193619626 440
1757594606087 0.3943548890856304 441
1757594606098 0.1750034822508986 442
1757594606110 0.2257789097272201 443
1757594606122 0.13821150736802726 444
1757594606134 0.13171269705673402 445
1757594606146 0.10490718905565123 446
1757594606159 0.14865016299980532 447
1757594606171 0.13294281546197623 448
1757594606184 0.22847293962850698 449
1757594606197 0.10699292201029642 450
1757594606211 0.15174979456504592 451
1757594606224 0.34068650034684844 452
1757594606237 0.1614477488919231 453
1757594606250 0.20140378101652692 454
1757594606262 0.19241847747869445 455
1757594606275 0.1549050919687309 456
1757594606288 0.29349905064661863 457
1757594606301 0.2554976176653983 458
1757594606313 0.11151545806968373 459
1757594606326 0.24186968456210423 460
1757594606339 0.10906242688263637 461
1757594606351 0.08279244816041036 462
1757594606364 0.1745161298093052 463
1757594606376 0.23351461209078792 464
1757594606388 0.16002071049234742 465
1757594606401 0.09268263386934737 466
1757594606413 0.20046498575366103 467
1757594606426 0.16453900372030475 468
1757594606439 0.1586447140800567 469
1757594606451 0.9765710167627026 470
1757594606464 0.16853286689996802 471
1757594606476 0.1483595133174132 472
1757594606488 0.10548840523485795 473
1757594606500 0.1684569726731591 474
1757594606513 0.26782598775384353 475
1757594606525 0.15451327077823154 476
1757594606538 0.21980294651649107 477
1757594606550 0.10774845621436885 478
1757594606562 0.16773529155978364 479
1757594606574 0.14015770450397316 480
1757594606586 0.14682357776852992 481
1757594606598 0.16954254726151016 482
1757594606611 0.12989951006204783 483
1757594606623 0.11155139012143055 484
1757594606635 0.14513702516405133 485
1757594606647 0.14457590518687566 486
1757594606660 0.35717976871382673 487
1757594606672 0.11696955933215909 488
1757594606684 0.23200855944000706 489
1757594606696 0.19152028103029461 490
1757594606708 0.20917546489822264 491
1757594606721 0.3043299334882875 492
1757594606733 0.21218555997680943 493
1757594606746 0.2278422318204544 494
1757594606758 0.11191047599133042 495
1757594606770 0.22835013721101993 496
1757594606782 0.07146358492148462 497
1757594606794 0.2399806497567694 498
1757594606807 0.17989699572364018 499
