1757517984390 122.58815399889954 0
1757517984400 84.99003714921942 1
1757517984410 66.54957044382556 2
1757517984419 50.34912918155554 3
1757517984429 38.3222232576772 4
1757517984438 29.614478813802435 5
1757517984448 19.338850266957717 6
1757517984457 22.498817533834437 7
1757517984466 7.563485802906395 8
1757517984475 12.392285500320975 9
1757517984484 8.730998735800751 10
1757517984494 6.753937044955198 11
1757517984503 3.1771011782599965 12
1757517984512 3.900239189443053 13
1757517984521 4.786745163120433 14
1757517984530 0.8045759811144813 15
1757517984539 4.89680582415642 16
1757517984549 5.292973956981545 17
1757517984558 8.276671206417452 18
1757517984567 4.5199199145103055 19
1757517984576 4.528473485942823 20
1757517984585 4.738965957662154 21
1757517984595 2.539704353495097 22
1757517984605 3.0170330486370935 23
1757517984614 6.0602827310990754 24
1757517984623 4.735274076833982 25
1757517984633 2.969883661291124 26
1757517984642 2.103476587464831 27
1757517984652 4.109729725793114 28
1757517984662 4.7003561553756015 29
1757517984671 3.7862100215007413 30
1757517984681 4.754129830973507 31
1757517984690 1.876613962924323 32
1757517984699 2.1113514213527083 33
1757517984710 3.4890788421303163 34
1757517984728 6.786753641334642 35
1757517984738 2.7328381398177624 36
1757517984750 4.320546727002385 37
1757517984760 2.1580034474054046 38
1757517984769 1.8534515929143889 39
1757517984779 3.6630254474397965 40
1757517984789 3.2624320379152163 41
1757517984798 2.768645940277793 42
1757517984807 4.6304918726619855 43
1757517984817 1.9187948003885336 44
1757517984826 6.08908103733188 45
1757517984836 2.627867312937282 46
1757517984845 4.251898011539459 47
1757517984855 1.9189881355545624 48
1757517984864 1.793655567353434 49
1757517984874 3.832599952576344 50
1757517984884 2.039242227548222 51
1757517984893 1.8384761992853373 52
1757517984903 2.213492604595175 53
1757517984913 2.33380651077772 54
1757517984922 3.408379207374143 55
1757517984932 1.6103495549796059 56
1757517984941 3.450328726389613 57
1757517984951 2.3210786877856258 58
1757517984960 2.4385974735764187 59
1757517984970 2.0151077774563215 60
1757517984980 1.4894810816789545 61
1757517984989 1.3871144675606748 62
1757517984999 2.1782374346912166 63
1757517985009 1.7908875326586893 64
1757517985018 2.069150593315844 65
1757517985028 2.45204244846693 66
1757517985037 2.786798584039703 67
1757517985047 1.5585486486415439 68
1757517985057 2.165635315486442 69
1757517985066 2.858799566813864 70
1757517985076 1.3719230235770992 71
1757517985085 2.7449407634352387 72
1757517985095 2.0953832048472667 73
1757517985105 4.233664152265871 74
1757517985115 2.7727136625558813 75
1757517985125 1.7044378365828876 76
1757517985135 2.8276690709621324 77
1757517985145 3.345119050593573 78
1757517985155 0.9512690989686777 79
1757517985167 2.48594265063589 80
1757517985178 2.5795079841497675 81
1757517985189 1.8094341070727709 82
1757517985199 1.5857601370361452 83
1757517985209 1.7397187709171487 84
1757517985219 1.1295277238531654 85
1757517985228 2.2136750667525393 86
1757517985238 1.2023839335632236 87
1757517985248 2.0132640414548333 88
1757517985258 0.6403843361938141 89
1757517985267 2.2452494805588823 90
1757517985277 3.1687739900809864 91
1757517985287 2.165886841061775 92
1757517985296 1.2836977421463776 93
1757517985306 0.19151304822940649 94
1757517985316 0.9376521245378936 95
1757517985326 2.0562959136522596 96
1757517985335 2.846359772743342 97
1757517985345 1.7544677731156402 98
1757517985355 2.1740237912080156 99
1757517985365 1.8274872953291104 100
1757517985374 1.3043868425998841 101
1757517985384 1.1641895750325029 102
1757517985394 3.026532558069666 103
1757517985403 2.021563355651028 104
1757517985413 2.465699308547753 105
1757517985423 1.0622714868516272 106
1757517985433 1.114781191089423 107
1757517985443 2.654274540664966 108
1757517985453 1.4951441830074024 109
1757517985467 1.5566736438673765 110
1757517985476 0.7698394852971973 111
1757517985486 2.9064758374304227 112
1757517985496 2.5329762858000953 113
1757517985506 1.0322894555848692 114
1757517985516 1.2214422354006575 115
1757517985526 2.1075886818501406 116
1757517985535 0.9787051665135966 117
1757517985545 1.5413030759263247 118
1757517985555 2.248214282233634 119
1757517985564 0.6211864490617692 120
1757517985574 0.8079872984086341 121
1757517985584 0.4167639250049959 122
1757517985594 2.252302204199645 123
1757517985605 1.0085519112750125 124
1757517985615 1.2658461914417294 125
1757517985625 0.6893716338546693 126
1757517985635 1.4495117272948495 127
1757517985645 1.9048428532142472 128
1757517985655 0.7569945530434045 129
1757517985665 1.3333064230363139 130
1757517985675 2.434641036897204 131
1757517985686 1.4822250788371725 132
1757517985696 2.0204932309682615 133
1757517985705 0.6686402656641739 134
1757517985715 1.1898343035884948 135
1757517985726 0.5622205954723153 136
1757517985736 1.8026112832174326 137
1757517985745 1.3929222731297073 138
1757517985756 1.1247613792781366 139
1757517985766 1.1659515893657046 140
1757517985776 1.7034820737720278 141
1757517985788 1.33590470405387 142
1757517985799 1.369937736997484 143
1757517985809 0.8520056500022438 144
1757517985820 1.0193183674186221 145
1757517985830 0.9112164936835623 146
1757517985840 1.306807940687255 147
1757517985850 0.9878922897973723 148
1757517985861 0.8991953123549651 149
1757517985871 1.2908658569920126 150
1757517985881 0.7581870485186819 151
1757517985891 0.6359999575986445 152
1757517985901 1.2577165053099888 153
1757517985912 0.7858218539326302 154
1757517985922 0.9210317670991952 155
1757517985932 1.7133251184543645 156
1757517985942 1.7786937595886994 157
1757517985952 1.7642748962042023 158
1757517985963 1.2936476699698747 159
1757517985973 1.5950262674101987 160
1757517985983 0.9880161443245791 161
1757517985993 1.953768491512077 162
1757517986002 0.9342965235713581 163
1757517986012 0.9820169363178544 164
1757517986022 0.8308721458715548 165
1757517986032 1.9513443105507358 166
1757517986042 0.5465381451920581 167
1757517986052 0.7863847357360076 168
1757517986062 0.7158540692498254 169
1757517986081 0.8007951519518509 170
1757517986096 0.9571915758305504 171
1757517986106 1.252906577914902 172
1757517986116 0.8267296985519995 173
1757517986127 0.7609860050387834 174
1757517986137 1.3407510907587403 175
1757517986147 1.105078838948092 176
1757517986157 0.7154598324097377 177
1757517986168 0.654518706737088 178
1757517986178 1.3616641579406366 179
1757517986188 0.4020055103199216 180
1757517986199 1.0503869048806775 181
1757517986209 1.1546733732630108 182
1757517986219 1.0028871304714482 183
1757517986229 0.7626270419293968 184
1757517986240 0.520746730576846 185
1757517986250 0.9440492914865287 186
1757517986260 0.6045992673907732 187
1757517986270 0.9628672653571443 188
1757517986280 0.7949512793359486 189
1757517986291 0.4000706831955853 190
1757517986301 0.51605473687297 191
1757517986311 0.7689702059856947 192
1757517986322 1.0587245528741729 193
1757517986332 0.4107865475118064 194
1757517986342 1.4821717006649748 195
1757517986352 0.6407202766535887 196
1757517986363 0.7111698420208905 197
1757517986373 1.2486527236165488 198
1757517986384 1.0790097773180973 199
1757517986394 0.9103199563349001 200
1757517986404 1.119334883350232 201
1757517986414 0.9220186838288349 202
1757517986425 1.0019688977827261 203
1757517986435 0.8006844916699891 204
1757517986446 0.9583892262803267 205
1757517986456 0.9514496192313847 206
1757517986467 0.5375004181971775 207
1757517986478 0.7356861999615136 208
1757517986488 0.5343800290209354 209
1757517986498 0.48337868943616036 210
1757517986508 0.4545201286424514 211
1757517986519 0.7048458431574496 212
1757517986529 1.0869099421407782 213
1757517986540 0.8170860234646041 214
1757517986550 0.9818740722816298 215
1757517986560 1.0099209381393492 216
1757517986571 0.5599213042380278 217
1757517986581 0.631662797619708 218
1757517986592 0.7608023966605076 219
1757517986602 0.5762005190286187 220
1757517986613 0.8180611629213259 221
1757517986623 0.6322738597114966 222
1757517986633 0.4447777836163843 223
1757517986644 0.8081731636493406 224
1757517986654 0.47283927745028825 225
1757517986665 0.5306948154826747 226
1757517986675 0.9318894234915746 227
1757517986686 0.702056144651597 228
1757517986696 0.3275823387273268 229
1757517986707 0.5759522082151948 230
1757517986717 0.5914380064422817 231
1757517986728 0.38051019410186215 232
1757517986738 0.6790206838082041 233
1757517986749 0.360792197420939 234
1757517986759 0.17170635613111287 235
1757517986770 0.6365826656810311 236
1757517986781 0.36247579131683316 237
1757517986791 0.8672647458977726 238
1757517986802 0.6155980541645129 239
1757517986812 0.6802718984410483 240
1757517986823 0.3730282340755464 241
1757517986833 0.40288470099242446 242
1757517986844 0.671633508520323 243
1757517986855 0.643805569715821 244
1757517986865 1.851552977089219 245
1757517986876 0.37187174203138895 246
1757517986886 0.3024222431693557 247
1757517986897 0.3451220855359422 248
1757517986907 0.4622844122855284 249
1757517986918 0.2275587722167364 250
1757517986928 0.6469976741364947 251
1757517986939 0.5102561932325105 252
1757517986950 0.7280920208148559 253
1757517986960 0.3568044837237718 254
1757517986971 0.6746639974366246 255
1757517986982 0.5829312935036804 256
1757517986993 0.42697148143602137 257
1757517987003 0.520014201106334 258
1757517987014 0.5457487679515383 259
1757517987025 0.5362989508601271 260
1757517987035 0.5235037399459717 261
1757517987046 0.5289940503079207 262
1757517987057 0.6782143508563199 263
1757517987068 0.1674853107416584 264
1757517987079 0.5500773406433253 265
1757517987089 0.48694210672770294 266
1757517987100 0.5221103891820327 267
1757517987111 0.6916884737136171 268
1757517987122 0.5004618150812448 269
1757517987133 0.4185356351517807 270
1757517987143 0.3009284373314403 271
1757517987154 0.5529095207621769 272
1757517987165 0.4218947522411599 273
1757517987176 0.31146998060402675 274
1757517987187 0.5344539135739655 275
1757517987197 0.4048732545893496 276
1757517987208 0.4198124510042167 277
1757517987219 0.2693217368106172 278
1757517987230 0.43575353338881695 279
1757517987240 0.572670064273812 280
1757517987251 0.5635680788038413 281
1757517987262 0.19358364859928323 282
1757517987273 0.4402605072998784 283
1757517987284 0.5956879670720411 284
1757517987295 0.41272280129577904 285
1757517987307 0.22468010018141688 286
1757517987318 0.5129665691263142 287
1757517987328 0.3178128349503389 288
1757517987339 0.32366418526323665 289
1757517987350 0.4112794258856688 290
1757517987361 0.2354394347607779 291
1757517987372 0.3758421628371794 292
1757517987383 0.3691603524594771 293
1757517987395 0.53911894363967 294
1757517987406 0.3157084350385187 295
1757517987417 0.44894588993699736 296
1757517987428 0.2891154574520101 297
1757517987439 0.2534413393581761 298
1757517987450 0.28249655983889094 299
1757517987461 0.44150479282958066 300
1757517987472 0.4991728620737527 301
1757517987483 0.3949495270074583 302
1757517987494 0.22518849352848327 303
1757517987505 0.26634331352230156 304
1757517987516 0.3168448782223199 305
1757517987527 0.4817151056673157 306
1757517987538 0.3057727401303511 307
1757517987549 0.2854267172048146 308
1757517987560 0.24604906316440606 309
1757517987571 0.48373425835614176 310
1757517987582 0.4203361429159992 311
1757517987593 0.370648298285241 312
1757517987605 0.5258340697246302 313
1757517987616 0.40435232977636865 314
1757517987627 0.27254995449299496 315
1757517987638 0.3053146897052653 316
1757517987649 0.2071256533319927 317
1757517987660 0.32937176726630485 318
1757517987671 0.29246962569562734 319
1757517987682 0.2888736325760666 320
1757517987694 0.3572424742436502 321
1757517987705 0.3076007152533053 322
1757517987716 0.2535633432131384 323
1757517987727 0.18808470558541435 324
1757517987738 0.19532587320977135 325
1757517987749 0.5121990027068977 326
1757517987760 0.23534326221033322 327
1757517987771 0.3031396907145752 328
1757517987782 0.44599387633344667 329
1757517987793 0.22585138769774246 330
1757517987805 0.18465490515694907 331
1757517987816 0.28407393972090295 332
1757517987827 0.32908566231421704 333
1757517987841 0.255231439155999 334
1757517987852 0.2761125578324063 335
1757517987863 0.15309552510403762 336
1757517987875 0.30255287785379414 337
1757517987886 0.44421666894856504 338
1757517987897 0.3931761482334019 339
1757517987908 0.41713270460016644 340
1757517987919 0.23855068712585045 341
1757517987931 0.3659985390760349 342
1757517987942 0.329322971055073 343
1757517987953 0.31097952410515867 344
1757517987965 0.20703331069328385 345
1757517987976 0.17090795368263226 346
1757517987987 0.3645556217692978 347
1757517987998 0.1539410129440462 348
1757517988010 0.24214040921776975 349
1757517988021 0.22634233270613086 350
1757517988032 0.22335135859896804 351
1757517988044 0.12188821918639685 352
1757517988055 0.23919097791498417 353
1757517988066 0.23181028190464825 354
1757517988077 0.3186984010751896 355
1757517988089 0.14883639499030718 356
1757517988101 0.25451478270273115 357
1757517988113 0.18605325605472536 358
1757517988125 0.38515654552170947 359
1757517988136 0.35874237412170595 360
1757517988148 0.3338929203011225 361
1757517988159 0.1371652053284264 362
1757517988170 0.25687328143067467 363
1757517988182 0.2583178550585096 364
1757517988193 0.4457038042131932 365
1757517988205 0.21443606105723553 366
1757517988217 0.18337465582452944 367
1757517988228 0.3421634842269529 368
1757517988240 0.1770884693218996 369
1757517988251 0.22634759380582029 370
1757517988262 0.37503905742683524 371
1757517988274 0.46534252663439896 372
1757517988285 0.30251451807580687 373
1757517988297 0.2251010765546395 374
1757517988308 0.22150316539321027 375
1757517988320 0.13391126532189776 376
1757517988331 0.1966834257202333 377
1757517988343 0.1492160186385558 378
1757517988354 0.38068374970084 379
1757517988366 0.26029106900989796 380
1757517988377 0.37867053127422 381
1757517988389 0.35157518808263793 382
1757517988401 0.2982077796516509 383
1757517988412 0.29490987821687525 384
1757517988424 0.2897882924251944 385
1757517988435 0.1630773156105705 386
1757517988447 0.2023497996001688 387
1757517988458 0.15088407922522015 388
1757517988469 0.2520952278029919 389
1757517988481 0.2774533560300925 390
1757517988493 0.32256819138660403 391
1757517988505 0.1600219257404773 392
1757517988517 0.1673286799904154 393
1757517988528 0.14842361051264555 394
1757517988540 0.17274741662776683 395
1757517988551 0.18616422567419755 396
1757517988563 0.369885056331926 397
1757517988574 0.25538607747870273 398
1757517988586 0.2201957490397541 399
1757517988598 0.15583344674792582 400
1757517988610 0.3688932026219263 401
1757517988621 0.18732108841975237 402
1757517988633 0.23201285351087575 403
1757517988644 0.16026676590775316 404
1757517988656 0.18416931924823995 405
1757517988668 0.2739648179073726 406
1757517988679 0.26175906215601197 407
1757517988691 0.3531194544786343 408
1757517988703 0.14196104181748032 409
1757517988714 0.1008047064896941 410
1757517988726 0.14916144589799124 411
1757517988738 0.2925766956240764 412
1757517988750 0.34647841004948426 413
1757517988761 0.2049320227859324 414
1757517988773 0.2242545690384677 415
1757517988784 0.2598117858589558 416
1757517988797 0.3358368216398322 417
1757517988808 0.47545822177536173 418
1757517988820 0.12174712739248462 419
1757517988832 0.20847280281963185 420
1757517988844 0.11807188765760965 421
1757517988855 0.1065890566165551 422
1757517988867 0.16384839850677876 423
1757517988879 0.21551160755373405 424
1757517988891 0.2455756007285096 425
1757517988903 0.11930542653746076 426
1757517988915 0.2680084779765314 427
1757517988926 0.18269575213486236 428
1757517988938 0.23296616567859185 429
1757517988950 0.18351551006002165 430
1757517988962 0.14512998820567552 431
1757517988974 0.22909519061281375 432
1757517988985 0.3221951974561698 433
1757517988997 0.22821762455729783 434
1757517989009 0.06036285967099563 435
1757517989021 0.1396898189807681 436
1757517989032 0.14277808102073852 437
1757517989044 0.11390455375851714 438
1757517989056 0.15342805925318678 439
1757517989067 0.21577825264485778 440
1757517989079 0.17443082971229315 441
1757517989091 0.19561716726925987 442
1757517989103 0.17736358914520486 443
1757517989116 0.23308422737954665 444
1757517989127 0.22004853953375536 445
1757517989140 0.23628222689808062 446
1757517989152 0.1944668969531125 447
1757517989164 0.16449044180486624 448
1757517989175 0.3305142270006201 449
1757517989187 0.28256505840970686 450
1757517989199 0.1033395525983551 451
1757517989212 0.20309154961529308 452
1757517989224 0.16084941535447472 453
1757517989236 0.10933660105161495 454
1757517989248 0.11281081073254445 455
1757517989259 0.1471237132814944 456
1757517989271 0.10765282065153356 457
1757517989283 0.16228841339739702 458
1757517989295 0.08655039771335611 459
1757517989307 0.1385204373668327 460
1757517989319 0.12189220674508326 461
1757517989331 0.29134704062047173 462
1757517989343 0.1631126982214433 463
1757517989355 0.1767719037941983 464
1757517989367 0.21727602089734002 465
1757517989379 0.12740806597903648 466
1757517989391 0.2937929055928392 467
1757517989403 0.17008695489226466 468
1757517989415 0.09586755746196803 469
1757517989428 0.22032733076417452 470
1757517989440 0.17415873170272847 471
1757517989452 0.13754034015174185 472
1757517989465 1.0891713119816788 473
1757517989478 0.15927779094683997 474
1757517989490 0.3472708153571395 475
1757517989502 0.17790452102347115 476
1757517989515 0.12723868102726102 477
1757517989527 0.12794851797848844 478
1757517989539 0.18239518719788855 479
1757517989551 0.20248527141684575 480
1757517989563 0.15133674112211665 481
1757517989575 0.15251769230642598 482
1757517989588 0.13830880236239687 483
1757517989600 0.165981486707104 484
1757517989612 0.10767883236764929 485
1757517989624 0.12605645376967528 486
1757517989636 0.15429113439088588 487
1757517989648 0.2028114081456758 488
1757517989660 0.18806814453530576 489
1757517989673 0.1674318949998886 490
1757517989685 0.11412970341382916 491
1757517989697 0.1739332100692106 492
1757517989709 0.11899304015039117 493
1757517989722 0.26943817322359503 494
1757517989734 0.12404101771015917 495
1757517989746 0.10571845884320742 496
1757517989758 0.14184027386791825 497
1757517989770 0.15562345129971036 498
1757517989782 0.13229867499187825 499
