1757513651081 161.1035253351743 0
1757513651091 155.13756690428946 1
1757513651102 154.66235428048586 2
1757513651112 154.09385076696316 3
1757513651122 153.52920449467297 4
1757513651133 152.96668809807989 5
1757513651143 152.40632379479612 6
1757513651153 151.84810274230898 7
1757513651163 151.29201668440805 8
1757513651174 150.73805738701833 9
1757513651184 150.18621664813864 10
1757513651194 149.6364862975493 11
1757513651204 149.08885819668043 12
1757513651214 148.54332423849516 13
1757513651224 147.99987634736678 14
1757513651235 147.45850647895372 15
1757513651245 146.91920662008292 16
1757513651255 146.38196878862286 17
1757513651266 145.8467850333663 18
1757513651276 145.31364743391157 19
1757513651287 144.78254810053772 20
1757513651297 144.2534791740919 21
1757513651307 143.72643282586472 22
1757513651318 143.20140125747525 23
1757513651328 142.6783767007536 24
1757513651338 142.15735141762033 25
1757513651350 141.63831769997162 26
1757513651361 141.12126786956424 27
1757513651371 140.60619427789658 28
1757513651381 140.09308930609615 29
1757513651392 139.58194536480138 30
1757513651403 139.0727548940469 31
1757513651413 138.56551036315372 32
1757513651424 138.06020427061225 33
1757513651434 137.5568291439665 34
1757513651446 137.05537753970688 35
1757513651459 136.55584204315392 36
1757513651472 136.0582152683468 37
1757513651490 135.56248985793098 38
1757513651501 135.06865848305023 39
1757513651512 134.57671384323478 40
1757513651523 134.08664866628638 41
1757513651533 133.59845570817524 42
1757513651544 133.11212775292623 43
1757513651555 132.62765761251165 44
1757513651567 132.1450381267425 45
1757513651581 131.66426216316012 46
1757513651595 131.1853226169272 47
1757513651609 130.70821241072466 48
1757513651623 130.23292449463713 49
1757513651638 129.75945184605578 50
1757513651652 129.28778746956579 51
1757513651665 128.81792439684077 52
1757513651680 128.34985568654133 53
1757513651693 127.88357442420897 54
1757513651706 127.4190737221589 55
1757513651721 126.95634671937796 56
1757513651735 126.49538658142316 57
1757513651748 126.03618650031532 58
1757513651763 125.5787396944363 59
1757513651776 125.12303940842868 60
1757513651789 124.66907891309363 61
1757513651803 124.21685150528565 62
1757513651816 123.76635050781738 63
1757513651830 123.31756926935397 64
1757513651842 122.87050116431286 65
1757513651856 122.4251395927671 66
1757513651870 121.98147798034324 67
1757513651882 121.53950977812192 68
1757513651893 121.09922846253994 69
1757513651904 120.66062753529178 70
1757513651915 120.22370052323001 71
1757513651926 119.78844097827036 72
1757513651936 119.35484247729148 73
1757513651947 118.92289862203924 74
1757513651958 118.49260303903132 75
1757513651969 118.06394937945817 76
1757513651980 117.6369313190908 77
1757513651992 117.21154255818163 78
1757513652004 116.78777682137125 79
1757513652016 116.3656278575947 80
1757513652030 115.9450894399855 81
1757513652042 115.52615536578183 82
1757513652055 115.10881945623353 83
1757513652069 114.69307555650674 84
1757513652081 114.27891753559707 85
1757513652095 113.86633928622936 86
1757513652108 113.4553347247701 87
1757513652122 113.04589779113364 88
1757513652135 112.63802244869287 89
1757513652146 112.23170268418679 90
1757513652158 111.82693250762821 91
1757513652169 111.42370595221698 92
1757513652180 111.02201707424695 93
1757513652192 110.62185995301743 94
1757513652203 110.22322869074404 95
1757513652214 109.82611741246899 96
1757513652225 109.43052026597225 97
1757513652236 109.03643142168593 98
1757513652246 108.64384507260242 99
1757513652257 108.25275543418829 100
1757513652268 107.86315674429947 101
1757513652279 107.47504326309001 102
1757513652290 107.08840927292908 103
1757513652303 106.7032490783121 104
1757513652316 106.31955700577716 105
1757513652327 105.93732740381758 106
1757513652338 105.55655464279776 107
1757513652350 105.17723311486719 108
1757513652361 104.79935723387823 109
1757513652373 104.42292143529778 110
1757513652384 104.04792017612755 111
1757513652398 103.67434793481739 112
1757513652409 103.30219921118383 113
1757513652420 102.93146852632718 114
1757513652431 102.56215042254709 115
1757513652442 102.19423946326242 116
1757513652453 101.8277302329263 117
1757513652464 101.46261733694958 118
1757513652475 101.09889540161363 119
1757513652486 100.73655907399322 120
1757513652497 100.37560302187303 121
1757513652509 100.01602193367034 122
1757513652520 99.6578105183526 123
1757513652531 99.30096350535892 124
1757513652542 98.94547564452046 125
1757513652553 98.59134170597814 126
1757513652564 98.23855648010992 127
1757513652575 97.8871147774464 128
1757513652586 97.53701142859596 129
1757513652597 97.18824128416595 130
1757513652608 96.84079921468513 131
1757513652619 96.49468011052494 132
1757513652629 96.14987888182577 133
1757513652641 95.80639045841569 134
1757513652652 95.46420978973757 135
1757513652663 95.12333184477325 136
1757513652674 94.7837516119636 137
1757513652685 94.4454640991379 138
1757513652696 94.10846433343521 139
1757513652708 93.77274736123061 140
1757513652719 93.43830824806068 141
1757513652730 93.105142078549 142
1757513652741 92.77324395633146 143
1757513652752 92.44260900398379 144
1757513652763 92.11323236294638 145
1757513652774 91.78510919345224 146
1757513652785 91.45823467445368 147
1757513652796 91.13260400355023 148
1757513652807 90.80821239691474 149
1757513652818 90.48505508922295 150
1757513652829 90.16312733357998 151
1757513652840 89.84242440145111 152
1757513652851 89.52294158258896 153
1757513652862 89.20467418496187 154
1757513652874 88.88761753468502 155
1757513652885 88.5717669759483 156
1757513652898 88.25711787094778 157
1757513652911 87.94366559981438 158
1757513652922 87.63140556054455 159
1757513652933 87.32033316893198 160
1757513652945 87.01044385849741 161
1757513652956 86.7017330804206 162
1757513652967 86.39419630347068 163
1757513652979 86.08782901393894 164
1757513652992 85.7826267155707 165
1757513653004 85.47858492949733 166
1757513653020 85.17569919416793 167
1757513653046 84.87396506528496 168
1757513653060 84.57337811573326 169
1757513653074 84.27393393551638 170
1757513653089 83.9756281316898 171
1757513653131 83.67845632829261 172
1757513653152 83.38241416628449 173
1757513653167 83.08749730347883 174
1757513653181 82.79370141447583 175
1757513653197 82.50102219059977 176
1757513653214 82.20945533983314 177
1757513653231 81.91899658675182 178
1757513653247 81.62964167245981 179
1757513653261 81.34138635452813 180
1757513653275 81.05422640692741 181
1757513653289 80.76815761996605 182
1757513653304 80.48317580022626 183
1757513653318 80.199276770502 184
1757513653332 79.91645636973426 185
1757513653346 79.63471045295029 186
1757513653361 79.35403489119922 187
1757513653375 79.07442557149274 188
1757513653389 78.79587839673852 189
1757513653404 78.51838928568438 190
1757513653417 78.24195417285245 191
1757513653431 77.96656900847903 192
1757513653446 77.69222975845511 193
1757513653460 77.41893240426253 194
1757513653475 77.14667294291807 195
1757513653489 76.87544738690829 196
1757513653504 76.60525176413319 197
1757513653519 76.33608211784448 198
1757513653533 76.06793450658614 199
1757513653548 75.80080500413567 200
1757513653564 75.53468969944548 201
1757513653579 75.2695846965825 202
1757513653592 75.00548611467086 203
1757513653606 74.74239008783299 204
1757513653620 74.48029276513132 205
1757513653633 74.21919031050984 206
1757513653646 73.9590789027383 207
1757513653659 73.69995473535208 208
1757513653673 73.44181401659728 209
1757513653687 73.18465296937205 210
1757513653700 72.9284678311696 211
1757513653713 72.6732548540236 212
1757513653726 72.41901030444942 213
1757513653738 72.16573046338952 214
1757513653752 71.91341162615699 215
1757513653764 71.66205010237911 216
1757513653777 71.4116422159426 217
1757513653790 71.16218430493922 218
1757513653802 70.91367272160876 219
1757513653815 70.66610383228435 220
1757513653828 70.4194740173393 221
1757513653840 70.17377967113279 222
1757513653854 69.92901720195269 223
1757513653867 69.68518303196481 224
1757513653880 69.4422735971573 225
1757513653892 69.20028534728705 226
1757513653904 68.9592147458279 227
1757513653916 68.71905826991507 228
1757513653929 68.47981241029434 229
1757513653941 68.2414736712677 230
1757513653952 68.00403857064104 231
1757513653964 67.76750363967315 232
1757513653976 67.53186542302174 233
1757513653988 67.2971204786918 234
1757513654000 67.06326537798594 235
1757513654012 66.8302967054491 236
1757513654025 66.5982110588207 237
1757513654039 66.36700504898131 238
1757513654056 66.13667529990269 239
1757513654072 65.90721844859627 240
1757513654087 65.6786311450638 241
1757513654101 65.45091005224609 242
1757513654115 65.22405184597173 243
1757513654131 64.99805321490959 244
1757513654148 64.77291086051754 245
1757513654165 64.5486214969927 246
1757513654181 64.32518185122274 247
1757513654197 64.10258866273607 248
1757513654213 63.88083868365366 249
1757513654228 63.659928678638856 250
1757513654244 63.43985542485058 251
1757513654259 63.22061571189225 252
1757513654274 63.0022063417667 253
1757513654290 62.78462412882562 254
1757513654306 62.56786589972312 255
1757513654322 62.351928493366685 256
1757513654338 62.13680876087148 257
1757513654358 61.922503565511 258
1757513654372 61.70900978267166 259
1757513654385 61.496324299805096 260
1757513654397 61.28444401637992 261
1757513654410 61.073365843839056 262
1757513654422 60.86308670554901 263
1757513654434 60.65360353675551 264
1757513654446 60.444913284538465 265
1757513654459 60.23701290776444 266
1757513654471 60.02989937704117 267
1757513654484 59.82356967467309 268
1757513654497 59.618020794614836 269
1757513654510 59.41324974242714 270
1757513654522 59.20925353523007 271
1757513654536 59.0060292016609 272
1757513654552 58.80357378182723 273
1757513654568 58.60188432726294 274
1757513654582 58.40095790088451 275
1757513654595 58.200791576946955 276
1757513654609 58.00138244099915 277
1757513654623 57.80272758983976 278
1757513654637 57.60482413147589 279
1757513654650 57.40766918507607 280
1757513654663 57.21125988093082 281
1757513654675 57.01559336040616 282
1757513654687 56.8206667759028 283
1757513654700 56.62647729081289 284
1757513654713 56.43302207947669 285
1757513654725 56.240298327142 286
1757513654738 56.04830322991848 287
1757513654750 55.85703399473932 288
1757513654762 55.66648783931736 289
1757513654774 55.47666199210298 290
1757513654787 55.287553692243385 291
1757513654800 55.0991601895411 292
1757513654812 54.911478744412456 293
1757513654825 54.72450662784545 294
1757513654838 54.538241121360585 295
1757513654850 54.35267951696886 296
1757513654862 54.16781911713166 297
1757513654875 53.98365723472021 298
1757513654888 53.80019119297397 299
1757513654901 53.6174183254627 300
1757513654913 53.435335976044875 301
1757513654926 53.25394149882794 302
1757513654938 53.07323225812882 303
1757513654951 52.89320562843484 304
1757513654963 52.71385899436382 305
1757513654976 52.535189750623935 306
1757513654988 52.357195301976546 307
1757513655001 52.17987306319559 308
1757513655015 52.00322045902968 309
1757513655028 51.82723492416325 310
1757513655040 51.65191390317755 311
1757513655053 51.47725485051298 312
1757513655066 51.3032552304304 313
1757513655079 51.129912516973995 314
1757513655091 50.95722419393184 315
1757513655104 50.78518775479915 316
1757513655116 50.61380070274093 317
1757513655129 50.44306055055351 318
1757513655142 50.27296482062797 319
1757513655154 50.103511044912686 320
1757513655167 49.93469676487655 321
1757513655180 49.76651953147208 322
1757513655192 49.59897690509799 323
1757513655205 49.43206645556334 324
1757513655217 49.26578576205074 325
1757513655230 49.10013241308072 326
1757513655242 48.935104006473644 327
1757513655256 48.770698149316615 328
1757513655269 48.60691245792483 329
1757513655282 48.44374455780713 330
1757513655294 48.28119208363069 331
1757513655307 48.11925267918432 332
1757513655320 47.957923997344366 333
1757513655333 47.79720370003895 334
1757513655346 47.63708945821273 335
1757513655361 47.47757895179205 336
1757513655377 47.3186698696512 337
1757513655396 47.16035990957561 338
1757513655411 47.00264677822887 339
1757513655426 46.84552819111861 340
1757513655442 46.68900187256148 341
1757513655460 46.53306555564851 342
1757513655475 46.37771698221206 343
1757513655489 46.22295390279245 344
1757513655502 46.0687740766028 345
1757513655515 45.91517527149577 346
1757513655528 45.76215526393136 347
1757513655541 45.60971183894188 348
1757513655554 45.45784279009983 349
1757513655567 45.3065459194847 350
1757513655580 45.15581903764911 351
1757513655593 45.0056599635878 352
1757513655606 44.85606652470262 353
1757513655619 44.70703655677197 354
1757513655632 44.558567903917506 355
1757513655645 44.41065841857163 356
1757513655659 44.26330596144514 357
1757513655672 44.11650840149708 358
1757513655686 43.97026361589945 359
1757513655700 43.824569490008145 360
1757513655714 43.6794239173309 361
1757513655727 43.53482479949386 362
1757513655741 43.39077004621254 363
1757513655755 43.24725757525913 364
1757513655768 43.104285312431436 365
1757513655781 42.96185119152148 366
1757513655794 42.819953154286175 367
1757513655808 42.67858915041408 368
1757513655821 42.5377571374969 369
1757513655834 42.39745508099724 370
1757513655847 42.25768095421899 371
1757513655860 42.1184327382763 372
1757513655874 41.97970842206501 373
1757513655888 41.841506002229984 374
1757513655901 41.70382348313688 375
1757513655915 41.56665887684173 376
1757513655929 41.430010203061435 377
1757513655943 41.293875489143616 378
1757513655958 41.158252770037805 379
1757513655972 41.02314008826451 380
1757513655986 40.88853549388794 381
1757513655999 40.754437044485314 382
1757513656013 40.620842805118336 383
1757513656026 40.48775084830404 384
1757513656040 40.35515925398614 385
1757513656053 40.223066109505915 386
1757513656067 40.09146950957413 387
1757513656080 39.96036755624145 388
1757513656094 39.829758358871956 389
1757513656107 39.69964003411236 390
1757513656121 39.57001070586577 391
1757513656134 39.44086850526261 392
1757513656147 39.31221157063304 393
1757513656161 39.18403804747889 394
1757513656174 39.05634608844589 395
1757513656189 38.92913385329661 396
1757513656203 38.80239950888147 397
1757513656217 38.6761412291128 398
1757513656230 38.550357194937106 399
1757513656244 38.425045594307186 400
1757513656257 38.300204622155626 401
1757513656271 38.17583248036761 402
1757513656285 38.05192737775436 403
1757513656298 37.92848753002543 404
1757513656312 37.805511159763135 405
1757513656325 37.682996496395 406
1757513656339 37.56094177616758 407
1757513656352 37.439345242120595 408
1757513656367 37.31820514405971 409
1757513656381 37.19751973853099 410
1757513656394 37.077287288794615 411
1757513656408 36.957506064799034 412
1757513656422 36.838174343154506 413
1757513656436 36.7192904071083 414
1757513656450 36.60085254651826 415
1757513656464 36.48285905782744 416
1757513656479 36.36530824403842 417
1757513656493 36.24819841468817 418
1757513656507 36.13152788582301 419
1757513656521 36.01529497997282 420
1757513656535 35.89949802612621 421
1757513656548 35.78413535970577 422
1757513656562 35.669205322542524 423
1757513656577 35.55470626285207 424
1757513656593 35.44063653520908 425
1757513656608 35.32699450052286 426
1757513656623 35.213778526013215 427
1757513656638 35.10098698518524 428
1757513656653 34.98861825780638 429
1757513656676 34.8766707298808 430
1757513656709 34.765142793625316 431
1757513656724 34.65403284744696 432
1757513656738 34.5433392959168 433
1757513656752 34.43306054974774 434
1757513656768 34.323195025770175 435
1757513656782 34.2137411469081 436
1757513656797 34.104697342156165 437
1757513656812 33.996062046555124 438
1757513656827 33.88783370117006 439
1757513656843 33.780010753065234 440
1757513656859 33.67259165528214 441
1757513656875 33.56557486681602 442
1757513656891 33.458958852592765 443
1757513656905 33.35274208344608 444
1757513656919 33.2469230360944 445
1757513656933 33.14150019311835 446
1757513656947 33.036472042938264 447
1757513656960 32.93183707979105 448
1757513656974 32.82759380370794 449
1757513656988 32.72374072049214 450
1757513657002 32.620276341696915 451
1757513657015 32.51719918460201 452
1757513657030 32.41450777219306 453
1757513657044 32.31220063313875 454
1757513657058 32.210276301768644 455
1757513657073 32.10873331805177 456
1757513657088 32.00757022757489 457
1757513657103 31.90678558151949 458
1757513657118 31.806377936642633 459
1757513657135 31.706345855252245 460
1757513657157 31.60668790518832 461
1757513657177 31.507402659800565 462
1757513657196 31.40848869792645 463
1757513657214 31.309944603870782 464
1757513657234 31.21176896738417 465
1757513657253 31.113960383642468 466
1757513657272 31.01651745322531 467
1757513657291 30.919438782094872 468
1757513657311 30.82272298157621 469
1757513657335 30.726368668335333 470
1757513657356 30.63037446435936 471
1757513657374 30.534738996935193 472
1757513657390 30.439460898630006 473
1757513657404 30.344538807269704 474
1757513657420 30.249971365919713 475
1757513657436 30.155757222863677 476
1757513657452 30.06189503158387 477
1757513657468 29.96838345074113 478
1757513657483 29.875221144154434 479
1757513657500 29.78240678078164 480
1757513657514 29.68993903469859 481
1757513657529 29.597816585080228 482
1757513657542 29.506038116180573 483
1757513657556 29.41460231731286 484
1757513657572 29.323507882830523 485
1757513657587 29.23275351210677 486
1757513657603 29.14233790951662 487
1757513657617 29.052259784415735 488
1757513657631 28.96251785112275 489
1757513657645 28.873110828899417 490
1757513657659 28.784037441931495 491
1757513657674 28.695296419309546 492
1757513657689 28.60688649501035 493
1757513657704 28.518806407878024 494
1757513657720 28.431054901604814 495
1757513657736 28.343630724712362 496
1757513657752 28.256532630533556 497
1757513657771 28.169759377193724 498
1757513657787 28.083309727591445 499
