1757594487708 171.7619600377052 0
1757594487716 165.3867979608272 1
1757594487725 159.25770071300533 2
1757594487733 153.3650941673056 3
1757594487742 147.69977840186283 4
1757594487751 142.25291303137507 5
1757594487759 137.01600311471765 6
1757594487768 131.98088561600906 7
1757594487777 127.13971639737149 8
1757594487785 122.48495772247652 9
1757594487793 118.00936625078214 10
1757594487802 113.70598150317795 11
1757594487812 109.56811478049089 12
1757594487820 105.58933851705653 13
1757594487829 101.76347605223735 14
1757594487838 98.0845918034702 15
1757594487846 94.54698182504455 16
1757594487855 91.14516473745931 17
1757594487863 87.87387301277721 18
1757594487872 84.7280446019973 19
1757594487880 81.70281489098882 20
1757594487888 78.79350897208178 21
1757594487897 75.99563421890186 22
1757594487905 73.30487315253475 23
1757594487914 70.71707658756866 24
1757594487923 68.22825704701775 25
1757594487932 65.83458243556092 26
1757594487941 63.53236996094177 27
1757594487950 61.3180802937844 28
1757594487959 59.18831195645353 29
1757594487969 57.13979593196335 30
1757594487985 55.169390484282694 31
1757594487999 53.27407618174578 32
1757594488008 51.45095111557397 33
1757594488018 49.69722630585632 34
1757594488027 48.01022128762099 35
1757594488035 46.3873598699242 36
1757594488044 44.826166061161274 37
1757594488053 43.324260154076185 38
1757594488062 41.87935496419074 39
1757594488070 40.489252215637215 40
1757594488079 39.15183906859923 41
1757594488088 37.865084782805816 42
1757594488096 36.62703751173492 43
1757594488105 35.43582122239611 44
1757594488114 34.28963273576135 45
1757594488123 33.186738883108355 46
1757594488132 32.125473773726995 47
1757594488140 31.104236169620197 48
1757594488149 30.121486962992986 49
1757594488157 29.175746752505805 50
1757594488166 28.265593514408614 51
1757594488174 27.389660364835002 52
1757594488183 26.546633409681945 53
1757594488191 25.735249678635515 54
1757594488199 24.9542951400426 55
1757594488208 24.20260279345819 56
1757594488217 23.479050836819823 57
1757594488225 22.78256090532269 58
1757594488234 22.1120963791844 59
1757594488243 21.466660757594184 60
1757594488251 20.84529609625655 61
1757594488260 20.247081506030106 62
1757594488269 19.671131710270217 63
1757594488277 19.11659565857216 64
1757594488287 18.582655194703598 65
1757594488295 18.068523776602802 66
1757594488304 17.573445246401036 67
1757594488313 17.09669264850976 68
1757594488322 16.637567093887426 69
1757594488331 16.195396668676974 70
1757594488339 15.769535385475793 71
1757594488348 15.35936217556635 72
1757594488357 14.964279920504586 73
1757594488366 14.58371452152257 74
1757594488376 14.217114005265369 75
1757594488385 13.863947664438305 76
1757594488394 13.523705231997578 77
1757594488402 13.195896087570816 78
1757594488414 12.88004849484527 79
1757594488422 12.575708868711008 80
1757594488431 12.282441070994928 81
1757594488440 11.999825733665562 82
1757594488449 11.72745960843335 83
1757594488458 11.464954941714321 84
1757594488467 11.211938873963245 85
1757594488476 10.968052862423656 86
1757594488484 10.732952126377809 87
1757594488493 10.506305114016557 88
1757594488502 10.287792990084261 89
1757594488511 10.077109143483542 90
1757594488520 9.873958714062631 91
1757594488529 9.678058137832613 92
1757594488537 9.489134709894717 93
1757594488546 9.306926164385327 94
1757594488555 9.131180270773257 95
1757594488564 8.961654445870234 96
1757594488573 8.798115380939981 97
1757594488582 8.64033868331653 98
1757594488591 8.488108531963812 99
1757594488600 8.3412173464332 100
1757594488609 8.19946546869403 101
1757594488618 8.062660857335201 102
1757594488627 7.930618793654776 103
1757594488636 7.803161599172291 104
1757594488645 7.680118364119018 105
1757594488654 7.5613246864766825 106
1757594488663 7.446622421153198 107
1757594488672 7.3358594388995115 108
1757594488681 7.228889394587523 109
1757594488690 7.1255715044841015 110
1757594488699 7.025770332169242 111
1757594488708 6.92935558276241 112
1757594488717 6.836201905131726 113
1757594488726 6.7461887017755755 114
1757594488735 6.659199946077214 115
1757594488744 6.575124006644314 116
1757594488753 6.4938534784581945 117
1757594488762 6.415285020566725 118
1757594488771 6.3393192000655985 119
1757594488780 6.265860342123773 120
1757594488789 6.1948163858168845 121
1757594488798 6.126098745542671 122
1757594488807 6.059622177800752 123
1757594488816 5.995304653128237 124
1757594488825 5.933067232990327 125
1757594488834 5.872833951432395 126
1757594488843 5.814531701309162 127
1757594488852 5.758090124912215 128
1757594488862 5.703441508824731 129
1757594488871 5.650520682839496 130
1757594488880 5.599264922781172 131
1757594488890 5.549613857082203 132
1757594488900 5.5015093769654 133
1757594488911 5.454895550093151 134
1757594488923 5.409718537549403 135
1757594488934 5.365926514023541 136
1757594488944 5.323469591072676 137
1757594488954 5.282299743342574 138
1757594488966 5.242370737632041 139
1757594488975 5.203638064690727 140
1757594488984 5.166058873643955 141
1757594488993 5.129591908942521 142
1757594489003 5.094197449739936 143
1757594489012 5.059837251602353 144
1757594489021 5.0264744904611325 145
1757594489031 4.994073708720686 146
1757594489040 4.962600763438477 147
1757594489050 4.932022776496261 148
1757594489059 4.90230808668607 149
1757594489068 4.873426203636061 150
1757594489077 4.845347763505524 151
1757594489087 4.818044486380015 152
1757594489096 4.791489135301386 153
1757594489106 4.765655476868584 154
1757594489115 4.74051824334936 155
1757594489124 4.716053096243732 156
1757594489134 4.692236591243211 157
1757594489143 4.669046144531966 158
1757594489153 4.646460000377965 159
1757594489163 4.624457199964134 160
1757594489172 4.603017551411539 161
1757594489182 4.582121600948858 162
1757594489193 4.561750605183574 163
1757594489203 4.541886504432451 164
1757594489215 4.5225118970703155 165
1757594489226 4.503610014858019 166
1757594489236 4.485164699211581 167
1757594489247 4.467160378376388 168
1757594489256 4.449582045471311 169
1757594489267 4.432415237369697 170
1757594489277 4.415646014384206 171
1757594489287 4.399260940725279 172
1757594489297 4.383247065703046 173
1757594489307 4.367591905643995 174
1757594489318 4.352283426495237 175
1757594489328 4.337310027089393 176
1757594489338 4.322660523045313 177
1757594489347 4.308324131279493 178
1757594489357 4.294290455105306 179
1757594489368 4.28054946989723 180
1757594489378 4.267091509297975 181
1757594489388 4.253907251948582 182
1757594489398 4.240987708720423 183
1757594489409 4.228324210430393 184
1757594489419 4.215908396020767 185
1757594489429 4.203732201185614 186
1757594489439 4.191787847426915 187
1757594489449 4.180067831523687 188
1757594489458 4.1685649153985675 189
1757594489468 4.157272116366399 190
1757594489478 4.146182697750203 191
1757594489488 4.1352901598507525 192
1757594489498 4.124588231255795 193
1757594489509 4.114070860476322 194
1757594489518 4.103732207897227 195
1757594489529 4.093566638030191 196
1757594489539 4.083568712057648 197
1757594489549 4.0737331806562285 198
1757594489559 4.064054977089431 199
1757594489569 4.054529210559052 200
1757594489579 4.045151159805545 201
1757594489589 4.035916266947706 202
1757594489599 4.026820131552964 203
1757594489609 4.01785850492893 204
1757594489619 4.0090272846282184 205
1757594489630 4.000322509158277 206
1757594489640 3.991740352888389 207
1757594489650 3.9832771211466147 208
1757594489660 3.9749292454987835 209
1757594489670 3.966693279203612 210
1757594489680 3.9585658928365284 211
1757594489690 3.950543870075787 212
1757594489701 3.9426241036454757 213
1757594489711 3.934803591408458 214
1757594489720 3.9270794326042866 215
1757594489730 3.9194488242264924 216
1757594489740 3.911909057533554 217
1757594489750 3.9044575146891 218
1757594489760 3.8970916655260504 219
1757594489770 3.889809064430104 220
1757594489780 3.8826073473380864 221
1757594489789 3.8754842288470863 222
1757594489799 3.868437499429451 223
1757594489809 3.8614650227507186 224
1757594489819 3.854564733085676 225
1757594489830 3.8477346328293187 226
1757594489840 3.84097279009911 227
1757594489850 3.834277336424969 228
1757594489860 3.827646464523889 229
1757594489870 3.821078426155744 230
1757594489879 3.814571530057359 231
1757594489889 3.80812413995223 232
1757594489899 3.80173467263238 233
1757594489909 3.7954015961103327 234
1757594489918 3.789123427838113 235
1757594489928 3.7828987329910126 236
1757594489938 3.776726122813598 237
1757594489948 3.770604253025753 238
1757594489958 3.764531822286263 239
1757594489968 3.7585075707121565 240
1757594489977 3.7525302784513146 241
1757594489987 3.746598764306932 242
1757594489997 3.740711884411087 243
1757594490007 3.734868530946506 244
1757594490017 3.7290676309139474 245
1757594490027 3.723308144944165 246
1757594490037 3.7175890661521525 247
1757594490046 3.7119094190327417 248
1757594490057 3.706268258395513 249
1757594490067 3.700664668337904 250
1757594490076 3.695097761254882 251
1757594490086 3.6895666768839086 252
1757594490096 3.6840705813840278 253
1757594490106 3.6786086664475266 254
1757594490116 3.6731801484433624 255
1757594490125 3.6677842675906507 256
1757594490135 3.6624202871617335 257
1757594490145 3.657087492713246 258
1757594490156 3.6517851913443917 259
1757594490166 3.646512710981407 260
1757594490175 3.6412693996871233 261
1757594490186 3.636054624994913 262
1757594490195 3.6308677732660004 263
1757594490206 3.625708249069244 264
1757594490216 3.620575474582788 265
1757594490226 3.6154688890163276 266
1757594490236 3.6103879480539844 267
1757594490246 3.605332123316162 268
1757594490256 3.6003009018403933 269
1757594490266 3.5952937855802007 270
1757594490276 3.590310290921181 271
1757594490286 3.5853499482140787 272
1757594490296 3.580412301323881 273
1757594490307 3.5754969071944 274
1757594490317 3.5706033354280033 275
1757594490327 3.565731167879876 276
1757594490336 3.5608799982659125 277
1757594490347 3.5560494317843703 278
1757594490356 3.5512390847503315 279
1757594490366 3.5464485842426727 280
1757594490377 3.54167756776312 281
1757594490387 3.5369256829068307 282
1757594490397 3.532192587044294 283
1757594490407 3.52747794701394 284
1757594490417 3.522781438825154 285
1757594490427 3.5181027473714823 286
1757594490437 3.5134415661532636 287
1757594490447 3.5087975970098193 288
1757594490457 3.5041705498606266 289
1757594490467 3.4995601424550276 290
1757594490477 3.4949661001304735 291
1757594490487 3.4903881555789047 292
1757594490498 3.485826048620608 293
1757594490508 3.4812795259860687 294
1757594490518 3.47674834110471 295
1757594490528 3.4722322539007355 296
1757594490538 3.46773103059589 297
1757594490548 3.46324444351849 298
1757594490559 3.458772270918926 299
1757594490569 3.454314296791181 300
1757594490579 3.4498703107002444 301
1757594490589 3.44544010761505 302
1757594490599 3.441023487747122 303
1757594490609 3.4366202563942077 304
1757594490619 3.4322302237892752 305
1757594490630 3.4278532049541117 306
1757594490640 3.4234890195580223 307
1757594490650 3.419137491780814 308
1757594490660 3.4147984501803004 309
1757594490671 3.4104717275641288 310
1757594490681 3.4061571608656487 311
1757594490691 3.4018545910238176 312
1757594490701 3.3975638628669054 313
1757594490711 3.393284824999926 314
1757594490722 3.3890173296956636 315
1757594490732 3.3847612327891836 316
1757594490743 3.38051639357564 317
1757594490754 3.376282674711276 318
1757594490764 3.372059942117747 319
1757594490774 3.367848064889213 320
1757594490785 3.363646915202468 321
1757594490795 3.3594563682298797 322
1757594490805 3.355276302055086 323
1757594490816 3.3511065975912198 324
1757594490826 3.3469471385017537 325
1757594490836 3.342797811123732 326
1757594490846 3.3386585043935773 327
1757594490857 3.3345291097748713 328
1757594490867 3.33040952118857 329
1757594490877 3.326299634945434 330
1757594490888 3.322199349680229 331
1757594490898 3.3181085662882794 332
1757594490909 3.314027187863717 333
1757594490919 3.3099551196397554 334
1757594490929 3.305892268930612 335
1757594490940 3.3018385450754035 336
1757594490950 3.2977938593835505 337
1757594490960 3.2937581250818906 338
1757594490971 3.2897312572634294 339
1757594490981 3.2857131728375366 340
1757594490991 3.2817037904816764 341
1757594491002 3.277703030594592 342
1757594491013 3.2737108152508325 343
1757594491023 3.269727068156699 344
1757594491034 3.2657517146073496 345
1757594491044 3.2617846814454095 346
1757594491055 3.257825897020524 347
1757594491069 3.2538752911502855 348
1757594491079 3.2499327950822687 349
1757594491090 3.245998341457062 350
1757594491100 3.242071864272544 351
1757594491111 3.2381532988490798 352
1757594491121 3.234242581795735 353
1757594491132 3.2303396509775224 354
1757594491143 3.2264444454834917 355
1757594491169 3.222556905595843 356
1757594491181 3.218676972759875 357
1757594491192 3.214804589554741 358
1757594491203 3.210939699665165 359
1757594491213 3.207082247853719 360
1757594491224 3.2032321799342753 361
1757594491235 3.199389442745781 362
1757594491245 3.1955539841270055 363
1757594491256 3.1917257528920375 364
1757594491266 3.1879046988063036 365
1757594491276 3.1840907725633203 366
1757594491287 3.180283925762205 367
1757594491298 3.176484110885578 368
1757594491308 3.1726912812783232 369
1757594491319 3.168905391126758 370
1757594491329 3.1651263954384654 371
1757594491340 3.161354250022596 372
1757594491351 3.157588911470881 373
1757594491361 3.1538303371388814 374
1757594491372 3.150078485128046 375
1757594491383 3.146333314268036 376
1757594491393 3.1425947840996757 377
1757594491404 3.138862854858194 378
1757594491415 3.1351374874571674 379
1757594491426 3.1314186434725575 380
1757594491437 3.127706285127537 381
1757594491448 3.124000375277414 382
1757594491459 3.1203008773951417 383
1757594491470 3.116607755557161 384
1757594491480 3.1129209744295476 385
1757594491491 3.1092404992546974 386
1757594491502 3.1055662958381207 387
1757594491512 3.1018983305358203 388
1757594491523 3.098236570241788 389
1757594491534 3.0945809823759873 390
1757594491545 3.090931534872646 391
1757594491555 3.087288196168619 392
1757594491566 3.0836509351924057 393
1757594491577 3.0800197213531875 394
1757594491588 3.07639452453017 395
1757594491599 3.0727753150623998 396
1757594491610 3.0691620637384918 397
1757594491620 3.06555474178707 398
1757594491631 3.0619533208669925 399
1757594491642 3.0583577730581375 400
1757594491653 3.0547680708522904 401
1757594491664 3.0511841871442535 402
1757594491675 3.0476060952232458 403
1757594491685 3.0440337687645154 404
1757594491696 3.040467181821034 405
1757594491707 3.0369063088155706 406
1757594491718 3.0333511245328375 407
1757594491729 3.02980160411188 408
1757594491740 3.026257723038678 409
1757594491751 3.0227194571388645 410
1757594491762 3.01918678257063 411
1757594491773 3.0156596758179006 412
1757594491784 3.0121381136835517 413
1757594491795 3.008622073282812 414
1757594491806 3.0051115320369584 415
1757594491817 3.0016064676669623 416
1757594491829 2.9981068581874 417
1757594491841 2.9946126819005783 418
1757594491852 2.9911239173906283 419
1757594491864 2.987640543517816 420
1757594491876 2.984162539413095 421
1757594491887 2.980689884472617 422
1757594491899 2.9772225583525014 423
1757594491911 2.973760540963591 424
1757594491922 2.970303812466558 425
1757594491934 2.966852353266784 426
1757594491945 2.963406144009795 427
1757594491957 2.9599651655763517 428
1757594491969 2.9565293990780197 429
1757594491981 2.95309882585257 430
1757594491992 2.949673427459747 431
1757594492004 2.946253185676806 432
1757594492015 2.9428380824945237 433
1757594492026 2.939428100113013 434
1757594492038 2.936023220937752 435
1757594492050 2.932623427575733 436
1757594492061 2.9292287028315784 437
1757594492073 2.9258390297038686 438
1757594492084 2.9224543913815126 439
1757594492096 2.919074771240169 440
1757594492108 2.9157001528387583 441
1757594492119 2.9123305199160803 442
1757594492131 2.9089658563875243 443
1757594492143 2.905606146341761 444
1757594492155 2.902251374037618 445
1757594492167 2.8989015239009213 446
1757594492179 2.895556580521506 447
1757594492191 2.8922165286502257 448
1757594492203 2.8888813531960182 449
1757594492214 2.885551039223149 450
1757594492226 2.882225571948323 451
1757594492238 2.8789049367380257 452
1757594492250 2.875589119105877 453
1757594492262 2.8722781047099604 454
1757594492274 2.8689718793503576 455
1757594492286 2.865670428966605 456
1757594492297 2.8623737396352755 457
1757594492308 2.859081797567548 458
1757594492320 2.855794589106938 459
1757594492332 2.8525121007270138 460
1757594492343 2.8492343190290326 461
1757594492355 2.8459612307399533 462
1757594492367 2.842692822710098 463
1757594492379 2.8394290819111507 464
1757594492394 2.8361699954341653 465
1757594492406 2.832915550487401 466
1757594492417 2.8296657343944154 467
1757594492429 2.8264205345922035 468
1757594492441 2.8231799386292513 469
1757594492454 2.8199439341636627 470
1757594492466 2.816712508961354 471
1757594492477 2.8134856508943744 472
1757594492491 2.8102633479390318 473
1757594492505 2.8070455881742515 474
1757594492518 2.8038323597799497 475
1757594492531 2.80062365103531 476
1757594492544 2.7974194503172547 477
1757594492561 2.79421974609886 478
1757594492573 2.791024526947807 479
1757594492585 2.787833781524864 480
1757594492597 2.7846474985824354 481
1757594492610 2.7814656669631255 482
1757594492623 2.7782882755982787 483
1757594492635 2.7751153135066153 484
1757594492649 2.77194676979291 485
1757594492663 2.76878263364654 486
1757594492677 2.7656228943403454 487
1757594492689 2.762467541229173 488
1757594492701 2.7593165637487376 489
1757594492715 2.7561699514143885 490
1757594492730 2.753027693819761 491
1757594492742 2.749889780635819 492
1757594492754 2.746756201609465 493
1757594492767 2.743626946562576 494
1757594492785 2.7405020053907645 495
1757594492797 2.737381368062357 496
1757594492808 2.7342650246172737 497
1757594492820 2.73115296516601 498
1757594492832 2.7280451798885865 499
