1757594695335 163.20728463702577 0
1757594695345 156.0498553773902 1
1757594695354 154.08953828595938 2
1757594695364 152.64823852101952 3
1757594695373 145.63035224984162 4
1757594695382 136.7886714658633 5
1757594695391 134.4158248421996 6
1757594695410 130.30768169946492 7
1757594695421 124.0329306913967 8
1757594695432 120.02953158286329 9
1757594695442 118.29193459580131 10
1757594695451 116.55108147195698 11
1757594695461 113.22364787609744 12
1757594695470 104.42734230817906 13
1757594695480 101.75861195051282 14
1757594695489 103.79366487787833 15
1757594695499 92.88349083916343 16
1757594695508 92.33210369306228 17
1757594695517 90.26312284009171 18
1757594695527 87.13871732391776 19
1757594695538 92.18836193485764 20
1757594695549 85.07130540734194 21
1757594695561 84.05665707411235 22
1757594695573 84.19136915690254 23
1757594695583 80.44157339764023 24
1757594695595 83.3204145198865 25
1757594695606 72.5089716026391 26
1757594695617 68.93247910978977 27
1757594695629 66.43714640175561 28
1757594695640 64.7383476890025 29
1757594695651 64.56516173771595 30
1757594695664 65.14424620052054 31
1757594695676 60.052881502054895 32
1757594695688 57.73715883444547 33
1757594695702 54.264477693276596 34
1757594695715 53.522230916850944 35
1757594695727 47.169127267914995 36
1757594695738 55.48521826011254 37
1757594695750 55.722052507231446 38
1757594695762 46.84686020584878 39
1757594695773 52.762960710988665 40
1757594695783 50.06864429101279 41
1757594695793 51.02078530399047 42
1757594695803 48.88174448202191 43
1757594695812 43.988306585075634 44
1757594695821 40.93937548746899 45
1757594695831 39.542633606979635 46
1757594695840 36.60582043599082 47
1757594695850 35.600638114348826 48
1757594695859 35.571497075468415 49
1757594695869 33.96306794548296 50
1757594695879 32.60455977457769 51
1757594695889 29.81786895468333 52
1757594695898 34.00666460936133 53
1757594695908 28.786445723678856 54
1757594695918 26.222617511979234 55
1757594695927 26.778488812198308 56
1757594695937 27.71950959041586 57
1757594695946 32.80902314780649 58
1757594695956 26.317240510942252 59
1757594695966 25.65745375452949 60
1757594695976 28.473330647291778 61
1757594695985 21.83973912771644 62
1757594695994 25.231072175022607 63
1757594696004 29.313946157850236 64
1757594696013 21.759471291930737 65
1757594696023 20.869107478606733 66
1757594696032 24.32299710143009 67
1757594696041 22.171950525347622 68
1757594696051 16.51822264804093 69
1757594696061 21.695271944452212 70
1757594696070 20.75084003085133 71
1757594696080 24.919622569990057 72
1757594696090 14.945578083571938 73
1757594696099 20.404374737944284 74
1757594696109 16.90411157294577 75
1757594696119 14.78775627416857 76
1757594696128 15.39704600573276 77
1757594696138 25.073530811244144 78
1757594696147 19.500619043391673 79
1757594696157 16.896501453039107 80
1757594696167 11.699529337460259 81
1757594696178 10.83277993270489 82
1757594696188 12.699171131392992 83
1757594696198 11.32778286107237 84
1757594696208 15.4314619688275 85
1757594696218 18.939070414353512 86
1757594696228 22.48376636831224 87
1757594696238 11.76635305173611 88
1757594696248 8.230655339364446 89
1757594696258 13.765185194900607 90
1757594696268 10.9140357272353 91
1757594696278 12.041629771360524 92
1757594696287 8.672920556589387 93
1757594696298 9.349910427699506 94
1757594696307 8.786880465758735 95
1757594696317 9.13679593897395 96
1757594696326 15.101087242734389 97
1757594696336 14.5797986511493 98
1757594696346 8.715073339367557 99
1757594696355 12.470167716590257 100
1757594696365 9.125468112124498 101
1757594696375 11.327729533417262 102
1757594696385 9.582771328022236 103
1757594696394 11.244674248544085 104
1757594696405 12.668780177542851 105
1757594696415 4.78543080659593 106
1757594696425 11.862219468873342 107
1757594696434 13.84774273815588 108
1757594696444 5.362177252704718 109
1757594696454 11.660523219652596 110
1757594696464 11.812607972666324 111
1757594696474 10.641421370757636 112
1757594696484 9.203454093309666 113
1757594696494 8.806501225975694 114
1757594696504 5.387518650371183 115
1757594696514 7.2194117746879405 116
1757594696524 7.806405741239217 117
1757594696534 5.739207075299957 118
1757594696544 9.592533503136874 119
1757594696555 7.784815240676697 120
1757594696566 5.263586065009305 121
1757594696577 11.424044265362562 122
1757594696586 7.418934644842965 123
1757594696609 8.47522223402257 124
1757594696628 10.157341945256247 125
1757594696638 8.41587716310111 126
1757594696648 9.865988856923707 127
1757594696658 8.592790319310888 128
1757594696668 5.553714049682989 129
1757594696678 13.552795145614475 130
1757594696688 4.089334911090913 131
1757594696698 6.234426630221321 132
1757594696708 4.800470439085396 133
1757594696718 7.510733191693033 134
1757594696728 11.264356930648642 135
1757594696738 6.512815458912603 136
1757594696748 11.23586078966118 137
1757594696758 2.546411480538357 138
1757594696768 6.874550095545344 139
1757594696778 9.691660913353875 140
1757594696788 7.837580191911708 141
1757594696798 5.616749379984786 142
1757594696808 1.8084019413871857 143
1757594696818 5.5401667833738975 144
1757594696828 10.052087903951573 145
1757594696838 8.659987903555251 146
1757594696848 4.824553360748083 147
1757594696858 6.037766109727994 148
1757594696868 7.013264191742153 149
1757594696878 4.714440093820115 150
1757594696888 4.658074509225146 151
1757594696898 4.426465437834501 152
1757594696907 5.366514406350585 153
1757594696917 5.035184206577668 154
1757594696927 6.371005966183942 155
1757594696938 7.751933668968563 156
1757594696948 8.236151142947929 157
1757594696959 5.362522477893338 158
1757594696969 1.7465907575375457 159
1757594696979 8.306208895879035 160
1757594696989 3.752415605938632 161
1757594696999 4.229954247564583 162
1757594697009 8.081346617652475 163
1757594697020 1.203117673780963 164
1757594697030 6.679205864227752 165
1757594697040 9.136787988261325 166
1757594697050 4.561256044373858 167
1757594697061 5.364752589104918 168
1757594697071 6.1569013531082195 169
1757594697081 6.2362373729307325 170
1757594697092 4.512188155290276 171
1757594697102 5.135268681802068 172
1757594697112 5.111679442364508 173
1757594697123 5.0095755018562445 174
1757594697136 3.830001838944704 175
1757594697146 7.006390819663982 176
1757594697157 5.256495460608304 177
1757594697167 3.297904466029996 178
1757594697178 6.541045458529989 179
1757594697188 3.15171586998663 180
1757594697198 0.4359775096249252 181
1757594697208 6.729806103238434 182
1757594697219 7.238204658242073 183
1757594697229 5.0841442918937405 184
1757594697239 8.881896068357129 185
1757594697250 2.8018015357814403 186
1757594697260 2.680628443893197 187
1757594697270 4.387022774369787 188
1757594697280 5.273326435812164 189
1757594697291 8.463888822691564 190
1757594697301 4.157679907215313 191
1757594697311 3.869402228436095 192
1757594697322 3.324089704935921 193
1757594697332 5.292973550073705 194
1757594697342 5.368998000762706 195
1757594697353 3.57360995734003 196
1757594697363 5.461681923720583 197
1757594697374 4.997003600903316 198
1757594697384 2.803970459365448 199
1757594697395 2.6999045347357122 200
1757594697405 5.541256013732324 201
1757594697416 3.0739871822902063 202
1757594697426 4.216197487081155 203
1757594697436 2.6033315361522726 204
1757594697447 5.23533846304298 205
1757594697458 5.464766170500591 206
1757594697468 5.80162219689942 207
1757594697479 3.7868520650879454 208
1757594697490 1.75465346860708 209
1757594697500 4.098146013755865 210
1757594697511 4.284413852074817 211
1757594697521 5.0000797685614105 212
1757594697532 4.2885058160187945 213
1757594697542 7.008398218569422 214
1757594697553 3.447425140053342 215
1757594697563 2.857905980394305 216
1757594697573 5.868231052194121 217
1757594697584 4.11092809867998 218
1757594697595 3.0187509984825094 219
1757594697605 2.322066504947539 220
1757594697616 0.37797349134631597 221
1757594697627 4.376261040876087 222
1757594697637 4.043688362036843 223
1757594697651 5.268206702343874 224
1757594697662 5.062640232053669 225
1757594697672 4.042295503402259 226
1757594697683 7.382037637258497 227
1757594697694 2.4898973918476583 228
1757594697705 6.340885065581031 229
1757594697715 6.11745602659163 230
1757594697727 0.49856408156702525 231
1757594697737 1.4692645596625937 232
1757594697748 6.129067743408237 233
1757594697759 1.9486412208347297 234
1757594697770 2.642152423525491 235
1757594697780 5.44524431779107 236
1757594697791 3.5704382738697147 237
1757594697801 2.300326390345944 238
1757594697812 3.2771840787143 239
1757594697823 4.203093629360017 240
1757594697833 6.945786208185503 241
1757594697844 3.831548651065291 242
1757594697855 4.949374942309354 243
1757594697865 3.1728419372192613 244
1757594697876 5.669135326269909 245
1757594697886 5.741038843606273 246
1757594697897 2.0474312704983664 247
1757594697907 1.9422459543122275 248
1757594697918 6.959376223800394 249
1757594697928 4.145469292863207 250
1757594697939 6.06061431283449 251
1757594697949 6.318075957903901 252
1757594697960 5.813326406876018 253
1757594697971 2.7224796747563316 254
1757594697982 3.796020217442981 255
1757594697993 4.446860563780006 256
1757594698003 2.6815508107847297 257
1757594698014 5.625718233929372 258
1757594698024 3.821328763525528 259
1757594698035 4.515885485759681 260
1757594698046 8.75373013978028 261
1757594698056 4.726085751278996 262
1757594698067 2.733995600898307 263
1757594698078 3.3426215449284977 264
1757594698089 3.68202178739257 265
1757594698099 5.191360349145705 266
1757594698110 4.509641123635799 267
1757594698121 3.918831412466185 268
1757594698132 2.915385181800873 269
1757594698143 3.5294507789380285 270
1757594698154 2.4218842603199295 271
1757594698164 3.2468161211990747 272
1757594698175 5.111549386116422 273
1757594698186 3.177985923509485 274
1757594698198 3.279011603720975 275
1757594698210 6.196149118199893 276
1757594698223 3.998843226334522 277
1757594698235 1.8700030265932541 278
1757594698246 4.303227257314527 279
1757594698257 3.024124653659465 280
1757594698270 4.602610954632032 281
1757594698282 4.737683260933582 282
1757594698294 5.147526710263776 283
1757594698305 3.5515098586360523 284
1757594698317 6.326083784123169 285
1757594698328 2.789250058421145 286
1757594698340 2.9744076743954957 287
1757594698351 3.993889138633812 288
1757594698362 2.4030930157207084 289
1757594698373 3.58190108048872 290
1757594698384 2.328793311108233 291
1757594698395 3.1977430451098665 292
1757594698406 1.8834985008734966 293
1757594698417 3.954872415065154 294
1757594698428 1.1869304904806226 295
1757594698439 5.394357271333297 296
1757594698450 3.035802931749254 297
1757594698461 3.7759818882580243 298
1757594698472 1.9251489015777286 299
1757594698483 2.1319403202733946 300
1757594698494 2.7666969717803083 301
1757594698505 5.646296823946269 302
1757594698516 3.1313198860164824 303
1757594698527 3.976423307338146 304
1757594698538 4.67304649676982 305
1757594698549 3.8255995377578085 306
1757594698560 1.9864853946140613 307
1757594698571 1.525708163482989 308
1757594698582 3.065437908407296 309
1757594698593 3.898961028473718 310
1757594698605 3.890146612182175 311
1757594698615 3.153567597606984 312
1757594698626 5.120464745371316 313
1757594698637 5.574125133823486 314
1757594698648 6.201407970249713 315
1757594698659 2.2335876872864104 316
1757594698670 1.6972217631028592 317
1757594698682 5.9750120869977 318
1757594698693 2.2625739640130393 319
1757594698704 3.0598408680487803 320
1757594698715 3.917616383652672 321
1757594698726 2.794460204838668 322
1757594698737 3.0938849767276757 323
1757594698748 2.533328478819066 324
1757594698760 2.3382578504070044 325
1757594698771 7.816107416324976 326
1757594698782 3.370249981608237 327
1757594698793 4.228104560670428 328
1757594698804 6.518001509032984 329
1757594698815 4.515584551576673 330
1757594698826 2.3985347149504497 331
1757594698838 3.391172121891564 332
1757594698849 3.390217023680417 333
1757594698860 2.179060667837001 334
1757594698871 5.350834724740367 335
1757594698882 3.409268942617199 336
1757594698893 2.4605700750128294 337
1757594698904 3.986234474664323 338
1757594698916 2.27181807353066 339
1757594698927 3.0968978288544275 340
1757594698938 2.8162393774380625 341
1757594698950 1.617567148298231 342
1757594698963 1.9128797827607582 343
1757594698975 2.8606808938142514 344
1757594698986 0.6271767663720825 345
1757594698998 4.11205414357475 346
1757594699009 2.200794784760976 347
1757594699021 4.877881963878239 348
1757594699032 4.276838712951635 349
1757594699044 3.3499873160956986 350
1757594699055 1.8907423159382333 351
1757594699066 3.95459499764167 352
1757594699078 4.473266288595709 353
1757594699089 2.275601677464281 354
1757594699100 3.0454798193643406 355
1757594699112 2.111758229866955 356
1757594699123 1.9543380957602434 357
1757594699135 4.382018642980462 358
1757594699146 2.414618044295058 359
1757594699157 3.711977956458868 360
1757594699169 6.140071425415635 361
1757594699180 2.4493938012934033 362
1757594699192 3.504858340608493 363
1757594699203 5.785576293689144 364
1757594699214 2.82614222691956 365
1757594699226 4.183762392120472 366
1757594699237 4.333253502829567 367
1757594699249 2.5684770253643925 368
1757594699260 5.68548420414032 369
1757594699272 3.9369392071078417 370
1757594699283 2.5982835101469846 371
1757594699295 2.161411657217402 372
1757594699307 6.150175604285759 373
1757594699319 2.9930281842503175 374
1757594699331 1.6194890366743449 375
1757594699342 5.447857862752286 376
1757594699353 0.9281027998646237 377
1757594699365 2.9149489580221104 378
1757594699377 2.4542219544316985 379
1757594699388 3.794944777533286 380
1757594699400 3.7366540549059457 381
1757594699411 3.0150035182111643 382
1757594699423 2.029040634634362 383
1757594699435 1.5942932825959848 384
1757594699446 3.2218865561723504 385
1757594699458 1.1104101564938127 386
1757594699470 4.281453182791945 387
1757594699482 1.999036436701544 388
1757594699493 4.74490311626902 389
1757594699505 2.5517192007068217 390
1757594699516 5.047919280846236 391
1757594699528 4.278278303614831 392
1757594699540 2.6660069676590914 393
1757594699552 1.5912088920724397 394
1757594699563 5.850081972913793 395
1757594699575 2.1053390727376065 396
1757594699586 4.636829948500656 397
1757594699598 4.991717713846337 398
1757594699610 3.441925795856761 399
1757594699621 3.884914922664866 400
1757594699633 2.0279230220595066 401
1757594699645 4.035004513417532 402
1757594699656 3.984449087624846 403
1757594699668 4.20966641846528 404
1757594699679 2.8456464127247285 405
1757594699691 1.61884160593137 406
1757594699702 1.9187329830632873 407
1757594699714 1.4282022333026074 408
1757594699726 3.2572193328193557 409
1757594699737 1.5642606811648394 410
1757594699749 2.4103085192683187 411
1757594699761 5.31508228004288 412
1757594699773 2.9358371808565136 413
1757594699784 4.431369432322429 414
1757594699796 3.1472469305433135 415
1757594699808 2.9351725528649903 416
1757594699820 5.228581320033403 417
1757594699831 0.9254006563227632 418
1757594699843 1.8564774662368122 419
1757594699855 4.833712299942122 420
1757594699867 4.32301206646798 421
1757594699879 3.18848491174762 422
1757594699890 3.3650879086500147 423
1757594699902 1.1844666875875403 424
1757594699914 4.3170350790623715 425
1757594699926 4.466294760502668 426
1757594699938 2.026328038323648 427
1757594699950 4.303078129705592 428
1757594699962 6.255056365727965 429
1757594699974 3.471043224452534 430
1757594699985 1.242966115711584 431
1757594699997 2.8135612698286137 432
1757594700009 1.622239379108282 433
1757594700021 4.02350986857967 434
1757594700033 2.469278965752107 435
1757594700045 3.047399770189487 436
1757594700057 2.140236414482389 437
1757594700069 3.655024096411124 438
1757594700081 2.492723891560634 439
1757594700093 3.619654535593519 440
1757594700104 2.318933245987514 441
1757594700116 3.086573108279379 442
1757594700128 2.3618079949309334 443
1757594700140 3.4092334997544946 444
1757594700152 1.3751024738825928 445
1757594700164 3.8134836557488803 446
1757594700176 3.0940869964070226 447
1757594700188 2.7736061366664697 448
1757594700199 2.3035601506711885 449
1757594700211 2.7387369792830367 450
1757594700223 2.108594865834167 451
1757594700235 2.37417513153156 452
1757594700247 4.165593998013807 453
1757594700259 2.1071979923791435 454
1757594700271 1.791271078260948 455
1757594700283 3.8897865577941757 456
1757594700295 4.401372949161483 457
1757594700307 4.967115398788692 458
1757594700319 4.305152166983901 459
1757594700332 3.860295957807827 460
1757594700344 2.3583539061843384 461
1757594700356 1.42250027984304 462
1757594700368 1.654715555233289 463
1757594700380 4.356762873200699 464
1757594700392 1.4080573533063179 465
1757594700407 1.3574622646249368 466
1757594700419 3.4032569416153677 467
1757594700431 2.316089037204 468
1757594700443 4.338150699534022 469
1757594700455 2.6715283277927706 470
1757594700467 3.5274771840508556 471
1757594700479 2.0826177060464306 472
1757594700491 2.00223358468469 473
1757594700503 3.9514030080781772 474
1757594700514 3.269111695997717 475
1757594700526 2.4979576309940295 476
1757594700538 2.703886577414372 477
1757594700550 4.550948060906376 478
1757594700562 2.3932161956767795 479
1757594700574 2.3346513466436867 480
1757594700586 4.822781236256532 481
1757594700598 4.398820705399179 482
1757594700610 2.4058062713435406 483
1757594700622 1.261424300820012 484
1757594700635 4.487430238904184 485
1757594700647 1.268502932371221 486
1757594700659 4.577644906301542 487
1757594700671 1.0409453959700596 488
1757594700684 2.1370455148764047 489
1757594700696 3.9459269299479436 490
1757594700708 0.8747076651217022 491
1757594700720 3.8126936528230826 492
1757594700732 1.0673878017038385 493
1757594700744 3.017570714993103 494
1757594700756 1.9289472378375732 495
1757594700769 3.564778054414687 496
1757594700781 2.5680676193408614 497
1757594700793 4.450587166098842 498
1757594700805 2.287357069043991 499
