1757517864882 170.46605956308588 0
1757517864891 164.11110299497162 1
1757517864899 152.4989979819155 2
1757517864908 136.96364125277677 3
1757517864917 118.92586491529758 4
1757517864926 99.76675774339776 5
1757517864934 80.72852423505367 6
1757517864943 62.84494642970263 7
1757517864951 46.90093003819573 8
1757517864960 33.418561288287115 9
1757517864969 22.665626635985245 10
1757517864977 14.681653534852735 11
1757517864986 9.316173118925942 12
1757517864995 6.274009625481605 13
1757517865003 5.1628713194552835 14
1757517865012 5.539249114614832 15
1757517865021 6.94951793627164 16
1757517865030 8.964086117335238 17
1757517865038 11.203367424776479 18
1757517865047 13.355193549408174 19
1757517865055 15.183995720478217 20
1757517865064 16.532634858606965 21
1757517865073 17.318139866396624 22
1757517865082 17.522827479691763 23
1757517865092 17.182340353956704 24
1757517865101 16.372076735196508 25
1757517865110 15.19332401582539 26
1757517865119 13.76018033853317 27
1757517865128 12.188082982398086 28
1757517865136 10.584486442735153 29
1757517865145 9.041969445201726 30
1757517865154 7.633815957861053 31
1757517865162 6.411922419575072 32
1757517865171 5.406738387751918 33
1757517865180 4.628852315384295 34
1757517865188 4.071785872092241 35
1757517865197 3.7155537242623975 36
1757517865206 3.530573494758451 37
1757517865214 3.481564110970964 38
1757517865223 3.531141026622764 39
1757517865232 3.642895416402089 40
1757517865240 3.783823931333085 41
1757517865249 3.9260498628675777 42
1757517865258 4.04784104577106 43
1757517865266 4.133981582779732 44
1757517865275 4.175592060278329 45
1757517865284 4.169516238992268 46
1757517865292 4.117402228358322 47
1757517865301 4.024604675242499 48
1757517865310 3.899023823201892 49
1757517865319 3.749979981316461 50
1757517865328 3.5872005450832365 51
1757517865337 3.4199736154862226 52
1757517865346 3.2564995190203017 53
1757517865355 3.1034507762214183 54
1757517865364 2.965733473784084 55
1757517865373 2.84642927978076 56
1757517865382 2.746887790841808 57
1757517865391 2.6669334359335126 58
1757517865400 2.6051494143203424 59
1757517865408 2.559202538368165 60
1757517865417 2.526176682945117 61
1757517865426 2.5028880614954785 62
1757517865435 2.486162020302649 63
1757517865444 2.473057801366967 64
1757517865453 2.4610342102498106 65
1757517865462 2.4480549048203017 66
1757517865471 2.432636796047525 67
1757517865479 2.41384865663147 68
1757517865488 2.3912694203730362 69
1757517865497 2.364916877792512 70
1757517865506 2.3351576616876186 71
1757517865515 2.302608752789732 72
1757517865524 2.268039432109284 73
1757517865533 2.2322808822515294 74
1757517865542 2.196148703997891 75
1757517865551 2.1603816519221812 76
1757517865560 2.12559805566481 77
1757517865569 2.0922697953701537 78
1757517865578 2.0607124148615634 79
1757517865588 2.031089021016647 80
1757517865597 2.0034250360074726 81
1757517865606 1.9776306169894635 82
1757517865615 1.9535275916793386 83
1757517865624 1.930878021209864 84
1757517865633 1.9094119305060009 85
1757517865642 1.888852277609044 86
1757517865651 1.8689358077237948 87
1757517865660 1.8494290041355357 88
1757517865669 1.8301388657030124 89
1757517865678 1.8109186799589294 90
1757517865687 1.7916693039549083 91
1757517865696 1.7723367045017515 92
1757517865705 1.7529066471537638 93
1757517865714 1.7333974682180713 94
1757517865724 1.7138518305073802 95
1757517865733 1.6943282689234358 96
1757517865742 1.6748931949454295 97
1757517865751 1.655613868005469 98
1757517865760 1.636552673191619 99
1757517865769 1.6177628827541388 100
1757517865778 1.5992859343740191 101
1757517865787 1.5811501395846552 102
1757517865796 1.5633706453299339 103
1757517865805 1.5459504116230984 104
1757517865815 1.5288819373652678 105
1757517865825 1.51214946137752 106
1757517865834 1.4957313820571965 107
1757517865843 1.479602671510785 108
1757517865853 1.463737103065788 109
1757517865862 1.4481091594898439 110
1757517865871 1.4326955384058315 111
1757517865880 1.4174762174716649 112
1757517865890 1.4024350820304987 113
1757517865899 1.3875601502569632 114
1757517865908 1.3728434543929282 115
1757517865917 1.3582806513798957 116
1757517865927 1.3438704426309738 117
1757517865936 1.3296138819338645 118
1757517865945 1.3155136439528836 119
1757517865955 1.3015733150866786 120
1757517865964 1.2877967551317657 121
1757517865973 1.274187563787092 122
1757517865983 1.2607486717997798 123
1757517865992 1.2474820635256454 124
1757517866001 1.234388626606481 125
1757517866010 1.2214681158054543 126
1757517866020 1.2087192119843153 127
1757517866029 1.1961396537109925 128
1757517866038 1.1837264178301108 129
1757517866047 1.171475926156253 130
1757517866057 1.1593842578235583 131
1757517866066 1.147447350275925 132
1757517866075 1.1356611759489377 133
1757517866086 1.1240218859578082 134
1757517866099 1.112525916209971 135
1757517866109 1.1011700550307268 136
1757517866119 1.0899514744342138 137
1757517866128 1.0788677294812785 138
1757517866137 1.0679167317075697 139
1757517866146 1.057096703409751 140
1757517866156 1.0464061197244345 141
1757517866165 1.0358436450369397 142
1757517866175 1.0254080694479333 143
1757517866185 1.0150982499434025 144
1757517866195 1.0049130596894555 145
1757517866205 0.9948513476267596 146
1757517866215 0.9849119093658516 147
1757517866224 0.9750934693590476 148
1757517866234 0.9653946734943208 149
1757517866244 0.9558140906469793 150
1757517866253 0.9463502213392346 151
1757517866263 0.9370015114825776 152
1757517866273 0.927766369186048 153
1757517866282 0.9186431827698942 154
1757517866291 0.9096303383889237 155
1757517866301 0.9007262360029641 156
1757517866310 0.891929302795267 157
1757517866324 0.8832380035010827 158
1757517866344 0.8746508474411036 159
1757517866354 0.8661663923389732 160
1757517866364 0.8577832452267881 161
1757517866373 0.8495000609014842 162
1757517866382 0.8413155384897296 163
1757517866392 0.833228416713793 164
1757517866402 0.8252374684352725 165
1757517866411 0.8173414949978195 166
1757517866421 0.8095393208061721 167
1757517866431 0.801829788478419 168
1757517866440 0.7942117548020288 169
1757517866450 0.7866840876207679 170
1757517866459 0.7792456636867808 171
1757517866469 0.7718953674339458 172
1757517866479 0.7646320905690159 173
1757517866488 0.7574547323362314 174
1757517866498 0.7503622002889224 175
1757517866508 0.7433534113960582 176
1757517866517 0.7364272933199215 177
1757517866527 0.7295827857200917 178
1757517866537 0.7228188414648474 179
1757517866547 0.7161344276612208 180
1757517866556 0.7095285264456223 181
1757517866566 0.70300013550633 182
1757517866575 0.6965482683348857 183
1757517866584 0.6901719542245639 184
1757517866594 0.68387023804982 185
1757517866604 0.6776421798706174 186
1757517866614 0.6714868544107454 187
1757517866623 0.6654033504592428 188
1757517866633 0.6593907702408789 189
1757517866643 0.6534482287952456 190
1757517866653 0.647574853396174 191
1757517866662 0.6417697830342276 192
1757517866672 0.6360321679762179 193
1757517866681 0.6303611694075547 194
1757517866691 0.6247559591559526 195
1757517866701 0.6192157194896238 196
1757517866710 0.6137396429788629 197
1757517866720 0.6083269324075763 198
1757517866730 0.6029768007202957 199
1757517866740 0.5976884709905037 200
1757517866749 0.5924611763974053 201
1757517866759 0.5872941602002681 202
1757517866769 0.5821866757018509 203
1757517866779 0.5771379861951516 204
1757517866788 0.5721473648900595 205
1757517866798 0.567214094818988 206
1757517866808 0.562337468722346 207
1757517866817 0.5575167889163033 208
1757517866828 0.5527513671462396 209
1757517866838 0.5480405244299139 210
1757517866848 0.5433835908945377 211
1757517866858 0.5387799056116774 212
1757517866867 0.5342288164335581 213
1757517866877 0.5297296798336403 214
1757517866887 0.5252818607536704 215
1757517866897 0.5208847324585534 216
1757517866907 0.5165376763998057 217
1757517866916 0.512240082087588 218
1757517866926 0.5079913469708769 219
1757517866936 0.5037908763249103 220
1757517866946 0.49963808314477254 221
1757517866959 0.495532388043904 222
1757517866969 0.49147321915629727 223
1757517866979 0.4874600120411693 224
1757517866989 0.483492209589144 225
1757517866999 0.47956926192911425 226
1757517867009 0.47569062633517795 227
1757517867019 0.47185576713326444 228
1757517867029 0.46806415560732845 229
1757517867039 0.46431526990504574 230
1757517867049 0.4606085949431981 231
1757517867059 0.45694362231300945 232
1757517867069 0.45331985018567855 233
1757517867079 0.44973678321851435 234
1757517867088 0.44619393246196215 235
1757517867098 0.4426908152678127 236
1757517867108 0.43922695519887484 237
1757517867118 0.4358018819402637 238
1757517867129 0.4324151312124531 239
1757517867139 0.42906624468614046 240
1757517867149 0.42575476989894917 241
1757517867159 0.422480260173878 242
1757517867169 0.4192422745394842 243
1757517867179 0.41604037765165186 244
1757517867189 0.4128741397167997 245
1757517867199 0.4097431364165014 246
1757517867209 0.40664694883328 247
1757517867219 0.4035851633775632 248
1757517867229 0.4005573717156612 249
1757517867240 0.39756317069870606 250
1757517867250 0.39460216229250206 251
1757517867260 0.39167395350824397 252
1757517867270 0.38877815633411156 253
1757517867281 0.38591438766768166 254
1757517867291 0.3830822692492137 255
1757517867301 0.3802814275958085 256
1757517867311 0.37751149393642214 257
1757517867321 0.37477210414780937 258
1757517867331 0.37206289869133935 259
1757517867342 0.3693835225507634 260
1757517867352 0.36673362517088526 261
1757517867362 0.3641128603971697 262
1757517867373 0.36152088641626645 263
1757517867383 0.3589573656974374 264
1757517867393 0.3564219649348923 265
1757517867403 0.3539143549909969 266
1757517867413 0.35143421084033466 267
1757517867424 0.34898121151460704 268
1757517867434 0.3465550400483712 269
1757517867444 0.3441553834255278 270
1757517867454 0.3417819325266317 271
1757517867465 0.33943438207693005 272
1757517867475 0.33711243059513735 273
1757517867485 0.33481578034296433 274
1757517867496 0.3325441372753064 275
1757517867506 0.3302972109911911 276
1757517867516 0.32807471468535726 277
1757517867526 0.32587636510055584 278
1757517867537 0.32370188248049414 279
1757517867547 0.3215509905234589 280
1757517867557 0.31942341633657767 281
1757517867567 0.31731889039075484 282
1757517867578 0.31523714647621176 283
1757517867588 0.31317792165868935 284
1757517867599 0.3111409562362608 285
1757517867609 0.3091259936967551 286
1757517867619 0.30713278067579836 287
1757517867630 0.30516106691544703 288
1757517867640 0.30321060522340115 289
1757517867650 0.3012811514328114 290
1757517867660 0.2993724643626478 291
1757517867671 0.2974843057786188 292
1757517867681 0.29561644035466356 293
1757517867692 0.2937686356349593 294
1757517867702 0.29194066199648316 295
1757517867712 0.2901322926120879 296
1757517867723 0.2883433034140918 297
1757517867733 0.28657347305838415 298
1757517867744 0.28482258288902684 299
1757517867754 0.28309041690334646 300
1757517867765 0.28137676171751774 301
1757517867775 0.2796814065326165 302
1757517867785 0.2780041431011523 303
1757517867795 0.27634476569407157 304
1757517867805 0.2747030710681854 305
1757517867816 0.2730788584340983 306
1757517867826 0.27147192942454723 307
1757517867837 0.26988208806317876 308
1757517867847 0.26830914073378276 309
1757517867858 0.26675289614991754 310
1757517867868 0.26521316532499106 311
1757517867879 0.2636897615427228 312
1757517867889 0.2621825003280313 313
1757517867900 0.26069119941831376 314
1757517867911 0.25921567873513035 315
1757517867921 0.2577557603562627 316
1757517867932 0.256311268488166 317
1757517867942 0.25488202943880367 318
1757517867953 0.25346787159082806 319
1757517867964 0.2520686253751665 320
1757517867974 0.25068412324493594 321
1757517867985 0.2493141996497233 322
1757517867995 0.24795869101022078 323
1757517868005 0.2466174356932057 324
1757517868016 0.2452902739868491 325
1757517868026 0.2439770480763816 326
1757517868037 0.24267760202006144 327
1757517868048 0.24139178172549686 328
1757517868058 0.24011943492626694 329
1757517868069 0.23886041115886997 330
1757517868079 0.23761456173998405 331
1757517868090 0.23638173974402735 332
1757517868100 0.23516179998102493 333
1757517868111 0.2339545989747833 334
1757517868122 0.2327599949413389 335
1757517868132 0.23157784776771462 336
1757517868143 0.23040801899095462 337
1757517868154 0.22925037177743599 338
1757517868164 0.22810477090247344 339
1757517868175 0.22697108273017025 340
1757517868185 0.22584917519357736 341
1757517868197 0.2247389177750727 342
1757517868208 0.22364018148704323 343
1757517868218 0.2225528388528009 344
1757517868229 0.22147676388775644 345
1757517868239 0.22041183208085388 346
1757517868250 0.21935792037624197 347
1757517868261 0.21831490715518878 348
1757517868272 0.21728267221824837 349
1757517868283 0.2162610967676494 350
1757517868293 0.21525006338992653 351
1757517868304 0.2142494560387789 352
1757517868315 0.21325916001815667 353
1757517868326 0.21227906196556806 354
1757517868336 0.21130904983561005 355
1757517868347 0.21034901288371535 356
1757517868358 0.2093988416501119 357
1757517868369 0.20845842794399796 358
1757517868380 0.2075276648279219 359
1757517868390 0.2066064466023645 360
1757517868402 0.2056946687905316 361
1757517868414 0.20479222812333817 362
1757517868425 0.20389902252459655 363
1757517868436 0.20301495109639242 364
1757517868447 0.20213991410465418 365
1757517868458 0.2012738129649137 366
1757517868469 0.2004165502282459 367
1757517868480 0.1995680295674031 368
1757517868491 0.19872815576311614 369
1757517868502 0.19789683469058797 370
1757517868513 0.19707397330614917 371
1757517868524 0.19625947963410145 372
1757517868535 0.1954532627537162 373
1757517868546 0.19465523278641583 374
1757517868557 0.19386530088311138 375
1757517868568 0.19308337921171134 376
1757517868578 0.19230938094478697 377
1757517868589 0.191543220247397 378
1757517868600 0.19078481226507085 379
1757517868611 0.19003407311195522 380
1757517868622 0.18929091985909358 381
1757517868633 0.18855527052287743 382
1757517868644 0.18782704405363107 383
1757517868655 0.18710616032435687 384
1757517868666 0.18639254011960982 385
1757517868677 0.18568610512452494 386
1757517868688 0.18498677791398177 387
1757517868699 0.18429448194191742 388
1757517868710 0.18360914153075344 389
1757517868721 0.18293068186098088 390
1757517868732 0.18225902896087057 391
1757517868743 0.1815941096963089 392
1757517868754 0.18093585176077054 393
1757517868765 0.18028418366541732 394
1757517868776 0.1796390347293177 395
1757517868787 0.17900033506980564 396
1757517868797 0.17836801559293702 397
1757517868808 0.17774200798409207 398
1757517868819 0.17712224469868562 399
1757517868830 0.17650865895298956 400
1757517868841 0.17590118471508912 401
1757517868853 0.17529975669592746 402
1757517868864 0.1747043103404942 403
1757517868875 0.17411478181909687 404
1757517868886 0.17353110801876348 405
1757517868897 0.17295322653474088 406
1757517868908 0.1723810756621042 407
1757517868919 0.17181459438747357 408
1757517868930 0.17125372238083397 409
1757517868941 0.1706983999874558 410
1757517868952 0.17014856821991903 411
1757517868963 0.16960416875023562 412
1757517868974 0.1690651439020765 413
1757517868985 0.1685314366430847 414
1757517868997 0.16800299057729448 415
1757517869008 0.16747974993764242 416
1757517869019 0.16696165957856926 417
1757517869030 0.16644866496871957 418
1757517869041 0.16594071218372644 419
1757517869052 0.1654377478990885 420
1757517869063 0.16493971938313734 421
1757517869075 0.1644465744900909 422
1757517869086 0.16395826165319274 423
1757517869097 0.16347472987793668 424
1757517869108 0.1629959287353752 425
1757517869119 0.1625218083555147 426
1757517869130 0.1620523194207827 427
1757517869142 0.16158741315958908 428
1757517869153 0.16112704133995823 429
1757517869164 0.16067115626323802 430
1757517869175 0.1602197107578967 431
1757517869186 0.15977265817338454 432
1757517869198 0.15932995237407818 433
1757517869209 0.15889154773330139 434
1757517869220 0.15845739912740833 435
1757517869231 0.15802746192995298 436
1757517869242 0.15760169200592655 437
1757517869254 0.15718004570605393 438
1757517869265 0.15676247986118017 439
1757517869276 0.15634895177670532 440
1757517869288 0.15593941922710597 441
1757517869299 0.1555338404505102 442
1757517869310 0.15513217414334599 443
1757517869321 0.154734379455048 444
1757517869333 0.15434041598284057 445
1757517869344 0.15395024376657296 446
1757517869356 0.15356382328362483 447
1757517869367 0.1531811154438667 448
1757517869378 0.15280208158469205 449
1757517869390 0.15242668346609595 450
1757517869401 0.15205488326583497 451
1757517869412 0.15168664357461203 452
1757517869424 0.15132192739135955 453
1757517869435 0.150960698118549 454
1757517869446 0.1506029195575691 455
1757517869458 0.15024855590416497 456
1757517869469 0.1498975717439188 457
1757517869481 0.1495499320478008 458
1757517869492 0.1492056021677584 459
1757517869503 0.14886454783237382 460
1757517869515 0.14852673514256118 461
1757517869526 0.14819213056732222 462
1757517869537 0.14786070093955292 463
1757517869549 0.1475324134518979 464
1757517869560 0.147207235652656 465
1757517869572 0.14688513544173593 466
1757517869583 0.14656608106666044 467
1757517869594 0.14625004111861542 468
1757517869605 0.14593698452854992 469
1757517869617 0.1456268805633199 470
1757517869628 0.14531969882188425 471
1757517869642 0.14501540923153555 472
1757517869654 0.14471398204418523 473
1757517869665 0.1444153878326915 474
1757517869676 0.1441195974872268 475
1757517869688 0.14382658221169137 476
1757517869699 0.14353631352017246 477
1757517869711 0.14324876323343821 478
1757517869722 0.14296390347548144 479
1757517869734 0.14268170667010105 480
1757517869745 0.14240214553751837 481
1757517869757 0.1421251930910461 482
1757517869768 0.14185082263378526 483
1757517869779 0.14157900775536733 484
1757517869791 0.14130972232873423 485
1757517869802 0.14104294050695343 486
1757517869814 0.14077863672007296 487
1757517869825 0.14051678567201908 488
1757517869837 0.140257362337517 489
1757517869849 0.14000034195906078 490
1757517869860 0.13974570004391237 491
1757517869872 0.1394934123611425 492
1757517869884 0.13924345493869317 493
1757517869896 0.13899580406048956 494
1757517869907 0.1387504362635812 495
1757517869919 0.13850732833530857 496
1757517869931 0.13826645731051582 497
1757517869942 0.13802780046878574 498
1757517869954 0.13779133533171492 499
