1757595154456 0.06821399651576365 0
1757595154490 0.24536653095748728 1
1757595154525 0.29701353797392577 2
1757595154560 7.1048227499248435 3
1757595154594 1.681119893789709 4
1757595154629 0.21859572897900115 5
1757595154682 0.23084149738101858 6
1757595154716 0.015248996874803323 7
1757595154760 0.005154766145906943 8
1757595154797 0.05069400375602384 9
1757595154833 0.06399679588310318 10
1757595154866 0.013127253072920217 11
1757595154900 1.751335827308198e-06 12
1757595154934 0.15154832422680822 13
1757595154968 0.011627645828182405 14
1757595155005 0.046180677429093486 15
1757595155040 0.035510974882909954 16
1757595155075 0.017591291201775345 17
1757595155109 0.16458941511619193 18
1757595155143 0.009636759802962164 19
1757595155177 0.0324884857247799 20
1757595155211 0.00988792037180758 21
1757595155245 0.01731981629652173 22
1757595155279 0.03945897221505964 23
1757595155313 0.14438122711975102 24
1757595155347 0.09534240309154633 25
1757595155380 0.07149851888652803 26
1757595155414 0.03622938414718008 27
1757595155448 0.4687699647732475 28
1757595155482 0.06950140360253626 29
1757595155515 0.0013708933504311674 30
1757595155558 0.004189902060708435 31
1757595155596 0.1352763754533199 32
1757595155630 0.08668486202268628 33
1757595155664 0.019925998964783028 34
1757595155698 0.10406781382345696 35
1757595155733 0.0012633328372086358 36
1757595155788 0.07877161861913243 37
1757595155822 0.008575233365255704 38
1757595155856 0.16061953839803345 39
1757595155891 0.038544358591794795 40
1757595155925 0.06417458959845554 41
1757595155960 0.16181403657195664 42
1757595155994 0.06385381378982907 43
1757595156029 0.10546124294903991 44
1757595156063 0.07217653915168294 45
1757595156097 0.39384499294014813 46
1757595156131 0.006207882959268053 47
1757595156165 0.3925874100459203 48
1757595156198 0.13605253939729042 49
1757595156232 0.07800671987950826 50
1757595156266 0.033401642108382756 51
1757595156300 0.04278635806996483 52
1757595156334 0.0012607390703230177 53
1757595156368 0.04654479684515054 54
1757595156405 0.0778899075261243 55
1757595156439 0.07229410561615764 56
1757595156473 0.05134369271031146 57
1757595156507 0.003346914142894348 58
1757595156540 0.1838718728639968 59
1757595156574 0.0037393282851604683 60
1757595156607 0.057849753465923005 61
1757595156641 0.012287898780077413 62
1757595156675 0.1360206020626101 63
1757595156709 0.04147615992488551 64
1757595156743 0.28014917868599876 65
1757595156776 0.017934672392675266 66
1757595156815 3.439662065731043e-05 67
1757595156850 0.037729746577243505 68
1757595156884 0.12205570629958656 69
1757595156918 1.0080928123378594e-05 70
1757595156952 0.001234907304631095 71
1757595156986 0.003039831896778113 72
1757595157021 0.0007398435702054621 73
1757595157055 0.08727356168738562 74
1757595157089 0.06422413448818337 75
1757595157123 0.044068430456252056 76
1757595157157 0.2613855246837232 77
1757595157191 0.03257933919826669 78
1757595157225 0.004764183030242253 79
1757595157259 0.21990647734612162 80
1757595157293 0.005225609056347548 81
1757595157333 0.010406969649281256 82
1757595157368 0.0004665058502551078 83
1757595157403 0.23471224826690854 84
1757595157437 0.008040551362235016 85
1757595157471 0.04978171421949248 86
1757595157504 0.0008713220313747063 87
1757595157539 0.0018499909787467606 88
1757595157573 0.0007806513524972735 89
1757595157607 0.0708578710580701 90
1757595157641 0.049246586769063606 91
1757595157675 0.08332396958116757 92
1757595157709 0.02675169312749059 93
1757595157743 0.25380252373092294 94
1757595157777 0.010177521991164774 95
1757595157811 0.13332260421063516 96
1757595157863 0.002151142902129644 97
1757595157900 0.27880114618612156 98
1757595157944 0.09531835672568954 99
1757595157979 0.037551469313004356 100
1757595158013 0.16972347981739333 101
1757595158048 0.0008187027363095725 102
1757595158082 0.15692286264772465 103
1757595158115 0.0785452877953068 104
1757595158150 0.0920891128063735 105
1757595158185 0.3854466251564181 106
1757595158219 0.021004321469871492 107
1757595158256 0.2194315163083032 108
1757595158293 0.0028090934888761374 109
1757595158333 0.116181107465531 110
1757595158373 0.007552245029834472 111
1757595158411 0.043823325459647726 112
1757595158448 0.003981670456444858 113
1757595158483 0.07845894212823938 114
1757595158519 0.8317171329816554 115
1757595158555 0.04425736318704093 116
1757595158590 0.07094266659193763 117
1757595158625 0.04406744823463023 118
1757595158660 0.016927997052852903 119
1757595158694 0.09908641605854761 120
1757595158728 0.04323476518504389 121
1757595158762 0.00027922468861361156 122
1757595158796 0.1338704571494769 123
1757595158831 0.22012595026078302 124
1757595158866 0.002892109919779326 125
1757595158901 0.7140984592920115 126
1757595158935 0.2515441254029834 127
1757595158970 0.002885053084647534 128
1757595159004 0.2737802162473276 129
1757595159039 0.08647560047310464 130
1757595159089 0.10772667826420143 131
1757595159123 0.0057694971655208645 132
1757595159157 0.0006814992148526596 133
1757595159193 0.0002949649088028834 134
1757595159227 0.21534387356409157 135
1757595159261 0.1347201969291466 136
1757595159296 0.00035314898748354157 137
1757595159332 0.01739777727311913 138
1757595159368 0.15682135466109992 139
1757595159403 0.9461061903957687 140
1757595159438 0.006908881745456756 141
1757595159473 0.04348442681482573 142
1757595159507 0.12489302995957184 143
1757595159542 0.13277374572064837 144
1757595159576 0.0005918747073050573 145
1757595159611 0.03913434050321367 146
1757595159646 0.0369834733378048 147
1757595159681 0.0009027982346648803 148
1757595159715 0.000753023041078692 149
1757595159750 0.42788309133924535 150
1757595159785 0.025741461217784683 151
1757595159819 0.10240671534094804 152
1757595159854 0.0011918732869857249 153
1757595159889 0.007559191061353504 154
1757595159923 0.0010843273975629445 155
1757595159958 0.006163168539117748 156
1757595159993 0.04736969648436054 157
1757595160027 0.006228285555059926 158
1757595160062 0.007453766619605411 159
1757595160097 0.0509633277292558 160
1757595160131 0.0002954796844400239 161
1757595160165 0.06698234849020977 162
1757595160200 0.08200996469625176 163
1757595160235 0.19990325772653417 164
1757595160270 0.1521014854044668 165
1757595160306 0.061038116501361615 166
1757595160342 0.049593784171050787 167
1757595160377 0.0010800623325415881 168
1757595160411 0.2104881845743509 169
1757595160445 0.046086774307987674 170
1757595160480 0.01905126314748552 171
1757595160515 0.0077514066012136845 172
1757595160551 0.07543274920261907 173
1757595160586 0.0016465856393440821 174
1757595160622 0.00042881609101901166 175
1757595160657 0.017486037840087953 176
1757595160695 0.0032748386453233234 177
1757595160731 0.037885800442698056 178
1757595160768 0.14750724051679115 179
1757595160803 0.2980710154335098 180
1757595160839 0.4868347992764889 181
1757595160875 0.005424908148589293 182
1757595160910 0.03878705983765587 183
1757595160945 0.01789381616119683 184
1757595160981 0.4482844198783202 185
1757595161017 0.10763877631226347 186
1757595161053 0.06172192500432479 187
1757595161089 0.02384718336325661 188
1757595161124 0.03479820870208026 189
1757595161159 0.062090358126384214 190
1757595161194 0.44534613864704914 191
1757595161230 0.02814110880141559 192
1757595161273 0.0807314553825192 193
1757595161309 0.004635109274824366 194
1757595161345 0.07747819871404142 195
1757595161380 0.18656967998332527 196
1757595161416 0.028186257594998633 197
1757595161451 0.06156585664764271 198
1757595161487 0.010074651296231621 199
1757595161523 0.31032491947752366 200
1757595161560 0.000432873424043931 201
1757595161596 0.026767373437471587 202
1757595161632 0.04674295098948504 203
1757595161667 0.029365642080486924 204
1757595161703 0.02520710876489592 205
1757595161740 0.022866144849805318 206
1757595161782 0.00501483247063308 207
1757595161823 0.2126048958079293 208
1757595161864 0.000319566059921331 209
1757595161904 0.0010265518331631811 210
1757595161942 0.11388008555343365 211
1757595161977 0.0014565491038013693 212
1757595162013 0.028684742070782362 213
1757595162048 0.019675737706423096 214
1757595162083 0.1174831812525602 215
1757595162118 8.300564626445593e-06 216
1757595162152 0.00016288161446818014 217
1757595162187 0.029235769941203693 218
1757595162222 0.11553838241510098 219
1757595162257 0.06169890511736177 220
1757595162293 0.008453674278485158 221
1757595162342 0.00148216526522958 222
1757595162382 0.0001432937486187546 223
1757595162417 0.0013021227986919745 224
1757595162453 0.08005082983004257 225
1757595162488 0.30505805225973304 226
1757595162522 0.008785392639373061 227
1757595162557 0.14078033274545565 228
1757595162592 1.2621715478071617e-07 229
1757595162629 0.24058741026668756 230
1757595162664 0.08201860319673059 231
1757595162699 0.012040362927687903 232
1757595162735 0.006752304201201278 233
1757595162770 0.00013030369918245633 234
1757595162805 0.014345028876070698 235
1757595162841 0.11480374880423136 236
1757595162876 0.03843934150245917 237
1757595162912 0.019419641813998207 238
1757595162947 0.000328578119339684 239
1757595162982 0.07783314473734881 240
1757595163018 0.045678390027095485 241
1757595163054 0.00966509677638328 242
1757595163089 0.002098600944344649 243
1757595163124 0.01333521812985432 244
1757595163159 0.011374526857451751 245
1757595163194 0.04392159829558843 246
1757595163229 0.014284293836855038 247
1757595163264 0.4216904009162132 248
1757595163299 0.41006293901841395 249
1757595163334 0.31667342180947605 250
1757595163368 0.03912398153652979 251
1757595163403 0.027021339260384983 252
1757595163437 0.1410372741849022 253
1757595163472 0.009910598726096854 254
1757595163508 0.00012199905457252638 255
1757595163543 0.12130036210265295 256
1757595163577 0.00035055787285780354 257
1757595163612 0.007896541941556251 258
1757595163647 0.0664318063532607 259
1757595163682 0.1481702135959472 260
1757595163717 0.002288882814445908 261
1757595163753 0.1207024332238982 262
1757595163788 0.11591058018024457 263
1757595163823 0.002822552753074472 264
1757595163858 0.0199804634114785 265
1757595163892 4.697065098136442e-07 266
1757595163927 0.00035274124682572355 267
1757595163962 0.001210853616978135 268
1757595163998 0.055223447818648665 269
1757595164033 0.1421648955654596 270
1757595164069 0.1426261605210664 271
1757595164104 0.03345654902778186 272
1757595164140 0.005037149428636513 273
1757595164175 0.20149429654151643 274
1757595164210 0.10663132962736294 275
1757595164245 0.09446611397718305 276
1757595164281 0.00012473582106406684 277
1757595164316 0.03598421519708941 278
1757595164355 0.01430007874821464 279
1757595164391 0.043652799756161084 280
1757595164431 0.1266984318013238 281
1757595164467 0.05169808869809989 282
1757595164502 0.0022252022587033577 283
1757595164538 0.1488703829837498 284
1757595164573 0.08977748845357572 285
1757595164608 0.07566253659945558 286
1757595164643 0.003833372132541366 287
1757595164679 0.002043176316161555 288
1757595164714 0.005385452166993672 289
1757595164749 0.03860895487036808 290
1757595164784 0.0005575308933440222 291
1757595164839 0.0018090937086776301 292
1757595164878 0.18780140788670557 293
1757595164913 0.18721607186215586 294
1757595164949 0.03322377238815828 295
1757595164985 0.018626234862012796 296
1757595165021 0.00649335895243275 297
1757595165059 0.08184635524245888 298
1757595165097 0.04848329333680824 299
1757595165134 0.0011016184771990242 300
1757595165169 0.04935527795853521 301
1757595165205 0.04451891406637355 302
1757595165240 0.16938106650683932 303
1757595165276 0.029335031825492335 304
1757595165312 0.10805301791137861 305
1757595165348 0.002974913851215706 306
1757595165385 0.006954010838792682 307
1757595165420 0.008693249400968923 308
1757595165455 0.027025105149792887 309
1757595165491 0.03557316362391945 310
1757595165526 0.07024740546274068 311
1757595165573 0.008003373620115481 312
1757595165609 0.22562065536717646 313
1757595165645 0.10549307144077569 314
1757595165681 7.153588976753561e-05 315
1757595165716 0.01335522098243436 316
1757595165751 0.039070097555742256 317
1757595165787 0.058382619940653246 318
1757595165823 0.010001371860978549 319
1757595165859 0.06836186486199382 320
1757595165894 0.0006509241629102508 321
1757595165929 0.07811605349256526 322
1757595165965 0.025210763414893835 323
1757595166001 0.008948516394512607 324
1757595166036 0.03526064780693403 325
1757595166072 0.07356252501982914 326
1757595166107 0.0029701032157915482 327
1757595166142 0.07974537544251833 328
1757595166178 0.005980037369818591 329
1757595166213 0.03091446491493875 330
1757595166248 0.2389321709862805 331
1757595166284 0.018774106543546082 332
1757595166334 0.04208802541031692 333
1757595166373 0.15535101290895115 334
1757595166409 1.3978776975527671 335
1757595166445 0.04701218518439038 336
1757595166480 0.00025384734531476357 337
1757595166515 0.012510481901228884 338
1757595166551 0.10788250386085609 339
1757595166586 0.0016542965430333119 340
1757595166622 2.6959233481294755 341
1757595166657 0.06014253625117672 342
1757595166692 0.02222962571461286 343
1757595166728 0.053515950589652785 344
1757595166763 0.0007613742292149242 345
1757595166799 0.01526697578185814 346
1757595166835 0.11373609836157411 347
1757595166871 0.003582061252332152 348
1757595166906 0.003421378399234458 349
1757595166942 0.04113957481457871 350
1757595166978 0.16792268687758127 351
1757595167013 0.030385676657410387 352
1757595167049 0.6205361990769738 353
1757595167085 0.014319427236992192 354
1757595167121 0.012493901475125715 355
1757595167157 0.07087781482596453 356
1757595167193 0.10001325999644077 357
1757595167230 0.007821562151122542 358
1757595167266 0.052107924626370886 359
1757595167302 0.17298759033348296 360
1757595167338 0.21166908562496514 361
1757595167373 0.022702534394320167 362
1757595167409 0.006055828257432748 363
1757595167444 0.18850019725860925 364
1757595167480 0.003849814727073264 365
1757595167516 0.10771753562714748 366
1757595167551 0.031064442373278784 367
1757595167587 0.003402700959321739 368
1757595167623 0.039563249951015206 369
1757595167659 0.22449911930266372 370
1757595167695 0.08712788882700111 371
1757595167730 0.0012211218038208733 372
1757595167766 0.0453047040902106 373
1757595167802 0.0437244237332878 374
1757595167838 0.03817334313861112 375
1757595167873 0.06357897099612546 376
1757595167909 0.03922286028003577 377
1757595167945 0.003251940111621085 378
1757595167981 0.19301804504310574 379
1757595168017 0.029802689071740388 380
1757595168053 0.027844027464028646 381
1757595168088 0.07655822796044047 382
1757595168123 0.008206885380466258 383
1757595168159 0.15413874449635795 384
1757595168195 0.08221732984596761 385
1757595168231 0.007105998179967286 386
1757595168266 0.11398106642582612 387
1757595168302 0.24637012169478004 388
1757595168338 0.019731618460715517 389
1757595168373 0.018972655459611135 390
1757595168408 0.030506930436739986 391
1757595168444 0.00011204570098666627 392
1757595168479 0.05065771297450222 393
1757595168515 0.05111819574592164 394
1757595168550 0.031573651561079795 395
1757595168586 0.025254240590827474 396
1757595168622 0.36551758518308625 397
1757595168658 7.837150836531028e-05 398
1757595168693 0.001089985945770076 399
1757595168729 0.04123740886231922 400
1757595168765 0.0010715975849007906 401
1757595168801 0.07890186437189076 402
1757595168837 0.1205187174885216 403
1757595168873 0.06326203277826259 404
1757595168909 0.002689162525473691 405
1757595168945 0.0017720001934279105 406
1757595168980 0.3389361144023025 407
1757595169016 0.0017454334634068214 408
1757595169052 0.14836916634297764 409
1757595169088 0.04518765895432324 410
1757595169125 0.23087580527299248 411
1757595169161 0.00132039336378382 412
1757595169197 0.09048651797887466 413
1757595169233 0.1068639575779969 414
1757595169269 0.06351821383033283 415
1757595169304 0.12454529217863693 416
1757595169340 0.02608902910644715 417
1757595169377 0.06361808492981612 418
1757595169413 0.14211126939365157 419
1757595169449 0.04668030706844989 420
1757595169485 0.048898931400391775 421
1757595169521 0.03503809586855069 422
1757595169558 0.12633549628109916 423
1757595169594 0.017688066015952242 424
1757595169630 0.45943621270214846 425
1757595169666 0.0391251883299663 426
1757595169705 1.497160551823436e-06 427
1757595169741 0.09907730092001925 428
1757595169777 0.12518319709911163 429
1757595169814 0.1033656896301819 430
1757595169850 0.0539908334561945 431
1757595169886 0.014843392991969738 432
1757595169922 0.13338068072241055 433
1757595169958 0.06427218224010642 434
1757595169994 0.011841438135271056 435
1757595170030 0.03692934139190143 436
1757595170066 0.004628233475191246 437
1757595170103 0.1121444467266471 438
1757595170139 0.003966030712092425 439
1757595170177 0.010833392602491458 440
1757595170214 1.5624310486088582e-05 441
1757595170251 0.18528146901643266 442
1757595170287 0.10356806870454692 443
1757595170323 0.03301663106128695 444
1757595170360 0.3399274027293212 445
1757595170399 0.1799930646186516 446
1757595170444 0.15521274884953493 447
1757595170487 0.18550518470937424 448
1757595170528 0.05306124127481627 449
1757595170569 0.01327606383149538 450
1757595170610 0.12179874670415833 451
1757595170650 0.09993066710934373 452
1757595170691 0.11999054594403803 453
1757595170732 0.8728434621058688 454
1757595170771 0.12138944295912975 455
1757595170809 0.925538834647711 456
1757595170846 0.18104003766460064 457
1757595170883 0.05735120236074862 458
1757595170919 0.04732125314592466 459
1757595170956 0.029373652137929453 460
1757595170992 0.04933834349858529 461
1757595171030 0.014814128391384221 462
1757595171070 0.10576934467619183 463
1757595171110 0.23522990689984435 464
1757595171150 0.1094049136166464 465
1757595171190 0.008315989947379806 466
1757595171232 0.0404901460685664 467
1757595171274 0.3151575419139803 468
1757595171346 0.00027036768228074686 469
1757595171386 0.009510909845869492 470
1757595171424 0.012210700529490179 471
1757595171461 0.06992402481905426 472
1757595171498 0.0004410126688414296 473
1757595171535 0.00010424151646482157 474
1757595171573 0.00042500296128299326 475
1757595171612 0.05627704616226064 476
1757595171649 0.07434713648953435 477
1757595171686 0.025273351156584564 478
1757595171723 0.010956314117562375 479
1757595171760 0.23177606030478423 480
1757595171797 0.014208521452444984 481
1757595171834 0.13772992944318646 482
1757595171871 0.01498438606737558 483
1757595171908 0.0004688323304237827 484
1757595171945 0.035439804672778616 485
1757595171981 0.0026516717520775127 486
1757595172018 0.08339646304152643 487
1757595172055 0.21524901923763912 488
1757595172092 0.378411047212253 489
1757595172128 0.04607337579977736 490
1757595172165 0.06921217184390781 491
1757595172202 0.0011176216104475353 492
1757595172239 0.0007420723036378117 493
1757595172275 0.0031930801406781133 494
1757595172312 0.04236566274075232 495
1757595172348 0.006386047848081075 496
1757595172385 0.006053395757786046 497
1757595172421 0.07941574201561506 498
1757595172458 0.02342810684729666 499
