1757518527541 0.3426850300446301 0
1757518527579 0.2118456959477664 1
1757518527618 0.007644728172957011 2
1757518527657 0.1672821693305645 3
1757518527695 0.013261185589300192 4
1757518527734 0.11856765016803217 5
1757518527774 0.1451441995367676 6
1757518527813 0.00047296013309881357 7
1757518527852 0.0020758043652052147 8
1757518527891 0.07930197594571325 9
1757518527930 0.024678399913606142 10
1757518527969 0.35740631691820335 11
1757518528008 0.20380552827019102 12
1757518528047 0.00927354563636565 13
1757518528086 0.017039831617713195 14
1757518528125 0.040603922847729755 15
1757518528165 0.1821545035258707 16
1757518528204 0.0009273599716543952 17
1757518528243 0.02149877613891778 18
1757518528282 0.04749729702055228 19
1757518528321 0.07825403921886961 20
1757518528360 0.01832319258811406 21
1757518528399 0.03512092590040821 22
1757518528438 0.0038047203855319806 23
1757518528476 0.024604882705608 24
1757518528515 0.01481145716198586 25
1757518528554 0.03690058467055617 26
1757518528594 0.011018981601945609 27
1757518528633 0.006731864178046228 28
1757518528672 0.039566621439643596 29
1757518528711 0.0896365328311049 30
1757518528753 0.11765854386312384 31
1757518528801 0.05158032054757317 32
1757518528845 0.18808021997121152 33
1757518528884 0.46412436833426735 34
1757518528924 0.040492467820480285 35
1757518528963 0.0378001205519427 36
1757518529002 0.25353622136667225 37
1757518529041 0.02852887684198397 38
1757518529081 0.050849380445210424 39
1757518529121 0.01019156426586161 40
1757518529160 0.010218753236967814 41
1757518529200 0.027328661432473852 42
1757518529239 0.21550217851444653 43
1757518529278 0.009919770250094512 44
1757518529318 0.09184080726494262 45
1757518529358 0.07640621446290255 46
1757518529397 0.07494912313501416 47
1757518529436 0.18065630616613965 48
1757518529475 0.0678928370811065 49
1757518529514 0.022833081165624707 50
1757518529553 0.24012223821101097 51
1757518529592 0.05711297966922872 52
1757518529632 0.006039490606514808 53
1757518529671 0.0005904192751120795 54
1757518529710 0.02802217340980256 55
1757518529749 0.07431995129223648 56
1757518529788 0.007687986332743821 57
1757518529828 0.08740944289240321 58
1757518529867 0.19647554455755295 59
1757518529906 7.696280212518586e-06 60
1757518529946 0.17202120685851108 61
1757518529985 0.014671652830088335 62
1757518530024 0.04209278930338361 63
1757518530063 0.2252068238945526 64
1757518530103 0.00567152565683567 65
1757518530142 0.27361095420644305 66
1757518530181 0.015132497677552644 67
1757518530220 0.00814259688394109 68
1757518530259 0.02182408850225583 69
1757518530299 0.010080456608057687 70
1757518530338 0.09056831997391744 71
1757518530377 0.4760991969883442 72
1757518530417 0.05223088634877483 73
1757518530456 0.006145512793762545 74
1757518530495 7.423459694945576e-05 75
1757518530534 0.026570024952110704 76
1757518530574 0.1565018878077843 77
1757518530614 0.42937720371910276 78
1757518530653 0.09978314457611163 79
1757518530692 0.0008220798839935828 80
1757518530732 0.00023443601961747594 81
1757518530771 0.22559020869877777 82
1757518530811 0.017772681032017287 83
1757518530850 0.03282529990657179 84
1757518530889 0.08759863725156884 85
1757518530928 0.029209377349247 86
1757518530968 0.1581622573827861 87
1757518531007 0.02898093263596667 88
1757518531047 0.021121668561565523 89
1757518531086 0.0015787589105339878 90
1757518531126 0.13953133914849397 91
1757518531167 0.004291616233424351 92
1757518531206 0.012625241054740034 93
1757518531247 0.0054666218240027485 94
1757518531287 0.04588422135553315 95
1757518531327 0.0008568748711431933 96
1757518531367 0.002258073986329681 97
1757518531407 0.0027859887759107485 98
1757518531447 0.04771764563535282 99
1757518531486 0.007465526690935836 100
1757518531526 0.030878463765566126 101
1757518531566 0.2547699937848937 102
1757518531609 0.09660265105296256 103
1757518531649 0.00046306406868258274 104
1757518531688 0.0019423087667650755 105
1757518531728 0.005322187359204379 106
1757518531767 0.0007767532787916801 107
1757518531807 0.00766426995280817 108
1757518531847 0.057669276214431686 109
1757518531887 0.0984866994746806 110
1757518531926 0.0033601329577032856 111
1757518531966 0.06642401150606941 112
1757518532005 0.12704069600685558 113
1757518532045 0.08741863260437234 114
1757518532084 0.10803285786562292 115
1757518532124 0.02850820999249684 116
1757518532166 0.01297448905313466 117
1757518532205 0.055501384873985427 118
1757518532244 0.005173467562819941 119
1757518532284 0.004039306880384112 120
1757518532323 0.011375251616754619 121
1757518532362 0.005268606357898076 122
1757518532402 0.024907522782523117 123
1757518532442 0.03686785170109558 124
1757518532481 0.0032313526468774035 125
1757518532520 0.003938632735462281 126
1757518532559 0.005755231523608629 127
1757518532598 0.4185235284183957 128
1757518532637 0.36666523645002685 129
1757518532676 0.034182781859712186 130
1757518532715 0.02748841085609518 131
1757518532755 0.003760682348866029 132
1757518532794 0.03695222158343053 133
1757518532833 0.13305093730241566 134
1757518532872 0.01606644195560355 135
1757518532911 0.3439114845443224 136
1757518532951 0.021915338815288805 137
1757518532990 0.24187472869611176 138
1757518533030 0.016593911811577162 139
1757518533069 0.01700742530763753 140
1757518533108 0.09056119233775282 141
1757518533147 0.15033134666877254 142
1757518533186 0.4698354188837068 143
1757518533225 0.139537173098703 144
1757518533267 0.07918837240069658 145
1757518533306 0.0013971819074621898 146
1757518533347 0.05834013007577236 147
1757518533392 0.0003467622582466218 148
1757518533432 0.009626120775027273 149
1757518533473 0.05020228860668248 150
1757518533512 0.3724893260824028 151
1757518533551 0.26836591097593093 152
1757518533590 0.09414524577710266 153
1757518533629 0.3068422887404123 154
1757518533669 0.00548723732430808 155
1757518533708 0.00042679674335325825 156
1757518533748 0.005232527796755109 157
1757518533787 0.006278672656230262 158
1757518533826 0.06455208185505627 159
1757518533867 0.03996943181432763 160
1757518533906 0.013203199796800041 161
1757518533946 0.2121573476995961 162
1757518533986 0.000712456048803806 163
1757518534025 0.011511968785268504 164
1757518534065 0.0006546005624930386 165
1757518534105 0.014467723524577982 166
1757518534145 0.004440041332857743 167
1757518534185 0.28697152988915176 168
1757518534224 0.1479358931889973 169
1757518534264 0.1193960136231738 170
1757518534304 0.00036723468336668 171
1757518534344 0.3383097346737149 172
1757518534384 0.39786816926545393 173
1757518534424 0.10209668086637894 174
1757518534464 0.025745834891163645 175
1757518534504 0.3879806726477003 176
1757518534544 0.22595432321351894 177
1757518534585 0.41166813904779004 178
1757518534626 0.00328931042516296 179
1757518534667 0.0054254996273679764 180
1757518534706 0.11319233881681537 181
1757518534746 0.004107232744381851 182
1757518534787 0.01250288199497806 183
1757518534826 0.14203039139360493 184
1757518534866 0.07124897321761967 185
1757518534915 3.509489488579054e-05 186
1757518534956 0.28795861095671044 187
1757518534997 0.04624243190952561 188
1757518535037 0.00952162536923377 189
1757518535081 0.08633829888122976 190
1757518535121 0.021671734417208134 191
1757518535161 0.049036869395266615 192
1757518535201 0.10790926519231524 193
1757518535240 0.03924598369826796 194
1757518535281 0.10978691359739069 195
1757518535321 0.059142176512442565 196
1757518535361 0.0024588183371083267 197
1757518535402 0.013595965473653089 198
1757518535443 0.14713470840473583 199
1757518535483 0.18285515694858495 200
1757518535523 0.6043578232328725 201
1757518535563 0.0123306348030356 202
1757518535603 0.30616022437862056 203
1757518535645 0.312263468209847 204
1757518535686 0.020616104954777604 205
1757518535726 0.03283771817233749 206
1757518535766 0.01507145676240436 207
1757518535807 0.16265632515662537 208
1757518535847 0.022604440159032277 209
1757518535887 0.046030243591452594 210
1757518535927 6.427199972613087e-07 211
1757518535967 0.04401747726061758 212
1757518536006 0.1374330514039367 213
1757518536046 0.05634404283380706 214
1757518536087 0.2428731201080939 215
1757518536127 0.14089421146968936 216
1757518536167 0.024933429906881792 217
1757518536208 0.1551218218539 218
1757518536249 0.12071673750998145 219
1757518536289 0.020793337088197285 220
1757518536329 0.17774468956282316 221
1757518536370 4.169877514139699e-05 222
1757518536410 0.0031153593741000693 223
1757518536450 0.13030398680373817 224
1757518536490 0.0015323416015751749 225
1757518536530 0.019577923042855896 226
1757518536570 0.0008237725075635815 227
1757518536611 0.004971795118804106 228
1757518536650 0.06744644032196076 229
1757518536690 0.033889208382809906 230
1757518536730 0.009869540675651742 231
1757518536770 0.14126851350674985 232
1757518536810 0.10458059205675442 233
1757518536851 0.007564843249326267 234
1757518536891 0.18358608077001617 235
1757518536932 0.04842403951413231 236
1757518536972 0.08694845478353325 237
1757518537012 0.0019480164696144646 238
1757518537052 0.1403387608977489 239
1757518537092 0.00017614328512640436 240
1757518537133 0.020456575586875664 241
1757518537173 0.030556521686482027 242
1757518537213 0.006426989370897252 243
1757518537253 0.02727505802985417 244
1757518537294 0.02834367857867686 245
1757518537334 0.042980006303403165 246
1757518537374 0.10407246312361654 247
1757518537416 0.1096099727443948 248
1757518537456 3.9429536312050584e-06 249
1757518537496 0.00829912196068178 250
1757518537536 0.0007610622997606379 251
1757518537576 0.014500569200134218 252
1757518537617 0.019190113440592748 253
1757518537657 0.08269650056953756 254
1757518537697 0.29253259899711465 255
1757518537739 0.0044360675337707395 256
1757518537780 0.00026158832907710806 257
1757518537820 0.000500523436919728 258
1757518537860 0.04704953490101245 259
1757518537901 1.9314953641838926 260
1757518537941 0.009579958336991524 261
1757518537981 0.05567383641587849 262
1757518538021 0.08228756201365864 263
1757518538062 0.018929226484590007 264
1757518538102 0.04194153243651405 265
1757518538142 0.015450898975247554 266
1757518538182 0.00011269473668971931 267
1757518538223 0.061104202801391345 268
1757518538263 0.003849489818179376 269
1757518538303 0.11787658568711139 270
1757518538343 0.045455383101340716 271
1757518538383 0.010521698782551095 272
1757518538424 0.07718325350974187 273
1757518538464 0.024134973608198045 274
1757518538505 0.09214574530965808 275
1757518538545 0.7192067364061628 276
1757518538585 0.09190377972011941 277
1757518538626 0.12167805830055183 278
1757518538666 0.3922113616961482 279
1757518538707 0.0022450062893572763 280
1757518538747 0.17496194620605499 281
1757518538787 0.00045724713217306143 282
1757518538828 0.16643606337173095 283
1757518538869 0.06938529852099674 284
1757518538910 0.14067419102342202 285
1757518538951 0.1352642293782246 286
1757518538990 0.010265970932596076 287
1757518539031 0.010588828306555931 288
1757518539071 0.0003509821981750674 289
1757518539111 0.13728122841047183 290
1757518539151 0.17242477262697017 291
1757518539192 0.06463202297853268 292
1757518539233 0.130957709050975 293
1757518539273 0.03414610686251176 294
1757518539314 0.020794721213400143 295
1757518539355 0.020183633771731782 296
1757518539395 0.040505564478169866 297
1757518539437 0.03560778254783844 298
1757518539477 0.011938832476331053 299
1757518539518 0.014922502919650877 300
1757518539559 0.01979287283174612 301
1757518539600 0.15813543139045905 302
1757518539640 0.029034654977781717 303
1757518539680 0.059545324994960985 304
1757518539721 0.0002092695061036968 305
1757518539762 0.021610617343889606 306
1757518539803 0.0008640714728728191 307
1757518539843 0.17599988862462543 308
1757518539884 0.0003442729456025874 309
1757518539925 1.2869634917442774e-05 310
1757518539968 0.2617924516763837 311
1757518540009 0.010458091726213386 312
1757518540050 0.00389133217339384 313
1757518540091 0.5905286386949298 314
1757518540136 0.04061672736991561 315
1757518540177 0.007729942203803679 316
1757518540217 0.01886879717605579 317
1757518540258 0.5162347705353358 318
1757518540299 0.001129156879747846 319
1757518540340 0.0012904582265378713 320
1757518540380 0.03990287157063728 321
1757518540421 0.06258450581225716 322
1757518540462 0.021267596638773343 323
1757518540502 0.006132832784358191 324
1757518540543 0.024996778852419736 325
1757518540584 0.10679874230955151 326
1757518540625 0.15117012823232637 327
1757518540665 0.022678651882852386 328
1757518540706 0.000947771120949883 329
1757518540746 0.030515720450633013 330
1757518540787 0.027480959674615626 331
1757518540828 0.0686773278924093 332
1757518540869 0.036176501683878 333
1757518540910 0.013422398425904071 334
1757518540951 0.01970416982945063 335
1757518540992 0.020583652346699143 336
1757518541032 0.031479516308596155 337
1757518541073 0.230814691827493 338
1757518541114 0.0037727467527131856 339
1757518541156 1.9054626052062182e-05 340
1757518541197 0.0021623516013388683 341
1757518541238 0.00011941674068766314 342
1757518541278 0.010377415499940527 343
1757518541319 0.2804123683597518 344
1757518541361 0.18029653525245296 345
1757518541402 0.0893168099667864 346
1757518541443 0.005579271061223667 347
1757518541485 0.0023491798562013033 348
1757518541526 0.07298935170460795 349
1757518541567 0.08171515225805004 350
1757518541608 0.0072811650166151 351
1757518541649 0.10908652551426984 352
1757518541690 0.0380720234727923 353
1757518541731 0.034058170061819 354
1757518541771 0.001392250717735709 355
1757518541812 7.123144638233253e-06 356
1757518541853 0.03709971289509689 357
1757518541894 0.06709912651884652 358
1757518541935 0.18632052242454916 359
1757518541976 0.004026868042278845 360
1757518542017 0.16058349636116034 361
1757518542061 0.31323327448884897 362
1757518542102 0.1200076336152467 363
1757518542144 0.020338159264487402 364
1757518542185 0.053324485753774645 365
1757518542226 0.009131439626346346 366
1757518542270 0.003114910585177224 367
1757518542311 0.46955202540801233 368
1757518542352 0.154976248630178 369
1757518542393 0.001353782145708405 370
1757518542434 0.06206064763889352 371
1757518542475 0.002082684541195408 372
1757518542516 0.19106957424754303 373
1757518542557 0.0753037610731282 374
1757518542597 0.12638790917678958 375
1757518542638 0.009964305230493516 376
1757518542679 0.0282526544242241 377
1757518542720 0.0449173897545466 378
1757518542761 0.013046278311216717 379
1757518542802 0.08632614253966492 380
1757518542843 0.02251117257912748 381
1757518542884 0.1867611508820053 382
1757518542924 0.08608794979395086 383
1757518542965 0.009135067169431514 384
1757518543006 0.005438312233119601 385
1757518543047 0.04058002222824612 386
1757518543088 0.03339271040583288 387
1757518543129 0.11070463964456925 388
1757518543171 0.0003971250010263168 389
1757518543213 0.07305650414723795 390
1757518543254 2.1914253643745685 391
1757518543295 0.005910875134846952 392
1757518543338 0.12438845117272444 393
1757518543385 0.010514952333981425 394
1757518543426 0.049034398858451476 395
1757518543468 0.002281866271727134 396
1757518543509 0.18523880444339813 397
1757518543551 0.05043991945763947 398
1757518543592 0.042293435837203776 399
1757518543633 0.10111001717025392 400
1757518543676 0.054183557838582586 401
1757518543717 0.053113397618689225 402
1757518543760 0.020706858232402543 403
1757518543801 0.08909633891500122 404
1757518543842 0.09803154273635417 405
1757518543884 0.03698272206258199 406
1757518543925 0.001083237392441909 407
1757518543967 0.1914089506732201 408
1757518544008 0.16507845017122552 409
1757518544049 0.013543069312656015 410
1757518544090 0.18753820343891453 411
1757518544132 0.08962812415705315 412
1757518544174 0.12373809329070352 413
1757518544216 0.06424985935099546 414
1757518544259 0.03902952374828605 415
1757518544300 0.0116237874514332 416
1757518544342 0.30239560740404614 417
1757518544383 0.0018438300837837745 418
1757518544424 0.8918020774234054 419
1757518544466 0.001334354145622713 420
1757518544507 0.007245753069123042 421
1757518544549 0.018155741631267684 422
1757518544591 0.06699756314455485 423
1757518544632 0.014902399069410956 424
1757518544673 2.4697040109504367 425
1757518544715 0.05426098783227327 426
1757518544756 0.030634627786821855 427
1757518544798 0.033888651125910364 428
1757518544839 0.00269285548008838 429
1757518544881 0.14066179961265482 430
1757518544934 0.023484993602040417 431
1757518544976 0.21612426581672134 432
1757518545018 0.006434107217043877 433
1757518545060 0.07983532930250685 434
1757518545101 0.05016523107265243 435
1757518545143 0.1622821996177185 436
1757518545185 0.03144322423896709 437
1757518545227 0.060767974797393286 438
1757518545268 0.03841844172087592 439
1757518545310 0.032470132944918344 440
1757518545352 0.11277140697906693 441
1757518545394 0.0003793882069544159 442
1757518545436 0.0019250659984265599 443
1757518545479 0.003977018073158866 444
1757518545520 0.0014260580416290997 445
1757518545561 0.07318749936382313 446
1757518545603 0.18566126300109093 447
1757518545645 0.01209838441367261 448
1757518545687 0.015835958912732744 449
1757518545729 0.021355567265649522 450
1757518545770 0.16149944601000182 451
1757518545812 0.03835262048382032 452
1757518545853 0.7780555008722805 453
1757518545895 0.01813658713989237 454
1757518545937 0.1188007396317798 455
1757518545978 0.059190973587714246 456
1757518546020 0.06408450686330061 457
1757518546061 0.046838071695991926 458
1757518546103 0.028362952031683694 459
1757518546145 0.03177993009229766 460
1757518546187 0.10748447576797561 461
1757518546228 1.5048940698252032e-06 462
1757518546270 0.017529002351206288 463
1757518546312 0.0554397422195098 464
1757518546354 1.6917108966714207 465
1757518546398 0.0183858006153418 466
1757518546440 0.002947224021609146 467
1757518546482 0.030287331468318548 468
1757518546524 0.001990948845244222 469
1757518546567 0.0057710916586369045 470
1757518546609 0.011224793396256122 471
1757518546651 0.14217436910208714 472
1757518546692 0.03489878202973948 473
1757518546734 0.015882672242535378 474
1757518546776 0.3388858073723546 475
1757518546818 0.14070632457726984 476
1757518546860 0.02206342094377734 477
1757518546902 0.026459405151882196 478
1757518546943 0.12376070062747908 479
1757518546985 0.09528913531238921 480
1757518547027 0.11927940954085077 481
1757518547069 0.003448527899097586 482
1757518547111 0.006705393024444702 483
1757518547153 0.004708501522650916 484
1757518547196 0.003225314951306301 485
1757518547237 0.00815086115803805 486
1757518547279 0.10619796683224812 487
1757518547321 0.057823217520978645 488
1757518547363 0.07741963860244078 489
1757518547414 0.09796398112301637 490
1757518547459 0.056433422292334307 491
1757518547501 0.20540132810683415 492
1757518547543 0.07051050608240395 493
1757518547585 0.0064280869265885415 494
1757518547627 0.02127675698161225 495
1757518547669 0.08205800893756221 496
1757518547711 0.2039122424400963 497
1757518547752 0.03947353709371927 498
1757518547795 0.1417249777237184 499
