1757594746919 0.3475254176871251 0
1757594746957 0.021835670133613694 1
1757594746995 0.5283958223516126 2
1757594747034 0.08764880824693719 3
1757594747072 1.1564263379846944 4
1757594747110 0.05790105521453891 5
1757594747149 0.030046275649139278 6
1757594747187 0.09470886668434503 7
1757594747226 0.06754900911311613 8
1757594747264 0.102939645666168 9
1757594747302 0.08206906355679555 10
1757594747341 0.23797434014657107 11
1757594747383 0.01623503280797519 12
1757594747423 0.08954936097486563 13
1757594747464 0.06002258162600001 14
1757594747503 0.08285702123609782 15
1757594747542 0.18379898713810838 16
1757594747581 0.2117019240440522 17
1757594747619 0.08600972650834046 18
1757594747657 0.0016218154576778843 19
1757594747696 0.015275272206793554 20
1757594747735 0.0004326520291844086 21
1757594747773 0.009977762134373002 22
1757594747812 0.08483489357492242 23
1757594747850 0.0024954707044100325 24
1757594747890 0.018496594729625837 25
1757594747928 0.05194577889937448 26
1757594747966 0.00045325854633254887 27
1757594748005 0.06504262469523019 28
1757594748043 0.245426261286656 29
1757594748082 0.0034870496496047596 30
1757594748120 0.11557818902670718 31
1757594748160 0.04606137820925598 32
1757594748211 0.001790737795984099 33
1757594748250 6.260992715397542e-05 34
1757594748288 0.10115504235382305 35
1757594748327 0.16799868302371715 36
1757594748366 0.26310730965344886 37
1757594748404 0.037535273045790726 38
1757594748443 0.12205671778409029 39
1757594748482 0.003522969682441421 40
1757594748521 0.08756487656889346 41
1757594748560 0.0057104765523700455 42
1757594748598 0.0013768706042011159 43
1757594748637 0.003832296223218585 44
1757594748676 0.21114265452405218 45
1757594748715 0.2542193632927628 46
1757594748754 0.34751862870501776 47
1757594748793 0.3394621590303717 48
1757594748832 0.0013766275061220523 49
1757594748871 0.4558169257558896 50
1757594748910 0.40632984980374676 51
1757594748948 0.012579046615912146 52
1757594748987 0.00024150639329080563 53
1757594749026 0.012975796812316625 54
1757594749065 0.020071083769624666 55
1757594749104 0.566398817050773 56
1757594749143 0.15878213802952154 57
1757594749182 0.11513861970515224 58
1757594749221 0.7723383507282743 59
1757594749260 0.10274423420950737 60
1757594749299 0.08483086334514013 61
1757594749337 0.0005062638983423 62
1757594749376 0.032884246868091674 63
1757594749415 0.6862556193942868 64
1757594749453 0.0004170374236570762 65
1757594749492 0.05221259530779778 66
1757594749531 0.13531394553653422 67
1757594749569 0.04646114109151955 68
1757594749610 0.02023602751771981 69
1757594749649 0.3922651222770134 70
1757594749688 0.0047014198334152674 71
1757594749727 0.05328545274435945 72
1757594749766 0.0021104899315674526 73
1757594749804 0.12357060509920284 74
1757594749844 0.13929843201565165 75
1757594749883 0.014369956095417163 76
1757594749922 1.1323242385672883 77
1757594749961 0.4879240518653686 78
1757594750000 0.006924488474140998 79
1757594750039 0.20695833835735622 80
1757594750078 0.29372169808056864 81
1757594750117 0.02590974683340327 82
1757594750156 0.16266718548617054 83
1757594750195 5.1292377152113495 84
1757594750234 0.19020211806690965 85
1757594750273 0.9536114746215838 86
1757594750312 0.07844418610062609 87
1757594750351 0.023730237792853076 88
1757594750390 0.889204376328125 89
1757594750429 0.07102876806699909 90
1757594750468 8.028537425203088e-05 91
1757594750507 0.5808316299818054 92
1757594750546 0.22770350703714387 93
1757594750585 0.08824326434489052 94
1757594750624 0.3684721225724922 95
1757594750663 0.363291908542619 96
1757594750703 1.7078573247636524 97
1757594750741 0.002927046524519429 98
1757594750781 0.0910010917941568 99
1757594750820 0.010951524029940306 100
1757594750859 0.012787008854298456 101
1757594750899 0.2786731694357259 102
1757594750938 0.04914187542108939 103
1757594750977 0.03974167405699064 104
1757594751016 0.3686161940550436 105
1757594751055 0.05725391481842422 106
1757594751095 0.23175377113663184 107
1757594751134 0.4038292406916978 108
1757594751173 0.16827071833126717 109
1757594751212 0.02234756918582064 110
1757594751251 0.12974478949085472 111
1757594751291 0.27884560419287274 112
1757594751330 0.08047239772891132 113
1757594751369 0.028323608941323887 114
1757594751408 0.10338691050187569 115
1757594751447 0.08625494756731947 116
1757594751486 0.016632456879318216 117
1757594751526 0.23225403285469964 118
1757594751565 0.0024181631148752127 119
1757594751605 0.14222971021250003 120
1757594751644 0.23488677911862685 121
1757594751683 0.24655770708982133 122
1757594751722 0.020671015684110956 123
1757594751761 0.06861302011273866 124
1757594751801 0.09676145152264591 125
1757594751842 0.03843258786439844 126
1757594751881 0.019151773274708062 127
1757594751921 0.11593989770679221 128
1757594751960 0.20548987725184514 129
1757594751999 0.04342639638700109 130
1757594752039 0.11063300997189879 131
1757594752078 0.0075002700051340215 132
1757594752118 0.009951232245591872 133
1757594752157 0.014327659129676871 134
1757594752196 0.07601852128814778 135
1757594752236 0.09171756405415733 136
1757594752275 0.1745000573983596 137
1757594752315 0.18523584132336138 138
1757594752354 0.5082995699657029 139
1757594752393 0.4167088074037728 140
1757594752433 0.010734194625527499 141
1757594752473 0.47152779466664646 142
1757594752512 0.14225011756983547 143
1757594752552 0.021701866105970087 144
1757594752591 0.36470756507589136 145
1757594752630 0.04983562588518161 146
1757594752669 0.06444946719448394 147
1757594752709 0.2640282290974733 148
1757594752748 0.0010004862537578293 149
1757594752788 0.03987882167937919 150
1757594752828 0.0002493318259705001 151
1757594752868 0.010916791823053374 152
1757594752908 0.0033388027265703587 153
1757594752948 0.021663585378232125 154
1757594752987 0.024017292134177352 155
1757594753026 0.08290072639907095 156
1757594753066 0.0026465060825639685 157
1757594753105 0.43907016178571745 158
1757594753145 0.11123149382685239 159
1757594753184 0.07543482500194275 160
1757594753224 0.00011051843134162538 161
1757594753263 0.00343712166343531 162
1757594753303 0.41979663499809783 163
1757594753342 0.0978047779341473 164
1757594753382 0.008119991597522405 165
1757594753421 0.0007364433977525548 166
1757594753460 0.07125342569268864 167
1757594753500 0.13827576665420774 168
1757594753539 0.0037929152786496997 169
1757594753579 0.03925160777173652 170
1757594753618 0.10146640057901496 171
1757594753658 0.003484785423451838 172
1757594753697 0.11818747712137265 173
1757594753736 0.027413713962604877 174
1757594753776 0.013687284276458482 175
1757594753815 0.30239935502412985 176
1757594753855 0.03988586852372044 177
1757594753895 0.17666146516821585 178
1757594753937 0.014293102906730767 179
1757594753977 0.576896815261302 180
1757594754017 0.02054854773213473 181
1757594754056 8.041447383882756e-06 182
1757594754095 0.004316098377771165 183
1757594754135 0.01968906809133326 184
1757594754174 0.24898186492185972 185
1757594754214 0.021826387619433892 186
1757594754253 0.035534625534529705 187
1757594754293 0.045776835916115824 188
1757594754332 0.011328645569581495 189
1757594754372 0.36587133684781753 190
1757594754411 1.3883968739807686 191
1757594754451 0.30002681497472994 192
1757594754490 0.09096378576222476 193
1757594754530 0.020268650833572606 194
1757594754569 0.07557116359054632 195
1757594754609 0.6612765319560794 196
1757594754649 0.1450571926799676 197
1757594754688 0.015532598366622593 198
1757594754728 0.038768713648495594 199
1757594754768 0.06416887828181587 200
1757594754807 0.00022088679095469288 201
1757594754847 0.09862164079683905 202
1757594754887 0.059878466519671915 203
1757594754927 0.146492543959376 204
1757594754967 0.17405500660205545 205
1757594755007 0.08339311655726886 206
1757594755047 0.674621979954745 207
1757594755087 0.000125372912088551 208
1757594755130 0.0002014299571858535 209
1757594755170 0.18070831179283028 210
1757594755211 0.13274678401161075 211
1757594755251 0.0182717389054996 212
1757594755291 0.02494688219338066 213
1757594755331 0.12725180317459128 214
1757594755371 0.5602589475164912 215
1757594755421 0.0657018037626764 216
1757594755464 0.0026438838048190184 217
1757594755504 0.45004865862649596 218
1757594755543 0.5338982810257321 219
1757594755583 0.14308244745771248 220
1757594755622 0.25935906731606356 221
1757594755662 0.0015249959750933606 222
1757594755701 0.044087213996077415 223
1757594755741 0.4759396347762782 224
1757594755781 0.098100494252984 225
1757594755821 0.20482613103917893 226
1757594755861 0.002289429170068669 227
1757594755901 0.011415794454553735 228
1757594755941 0.006737065851190334 229
1757594755982 0.11595953936233552 230
1757594756022 0.02288986395202893 231
1757594756062 0.010051820162283296 232
1757594756104 0.04953775494242634 233
1757594756145 1.2114232712251707 234
1757594756184 0.6618626859991997 235
1757594756224 0.002079441924659952 236
1757594756264 0.015093483619158772 237
1757594756304 0.04200015890258945 238
1757594756344 0.23779495504010517 239
1757594756384 0.003601930706573798 240
1757594756423 0.017664578001909827 241
1757594756463 0.39477590012098107 242
1757594756503 0.013643492732117703 243
1757594756542 0.0050755304022692006 244
1757594756582 4.482085634971609e-05 245
1757594756622 0.0051730380713255536 246
1757594756661 0.5564314874576478 247
1757594756701 0.05222248774401051 248
1757594756741 0.001891622470116345 249
1757594756781 0.04466207001386903 250
1757594756821 0.41813694184583755 251
1757594756861 0.1221938374192923 252
1757594756901 0.10993533539477755 253
1757594756940 0.08169925223835177 254
1757594756980 0.027549645563787237 255
1757594757020 0.051332530743455396 256
1757594757060 0.1759960837003412 257
1757594757100 0.15051475721257482 258
1757594757140 0.21528173843697157 259
1757594757180 0.00219144044912498 260
1757594757219 0.08112240977487428 261
1757594757259 0.025713618068015528 262
1757594757301 0.05977846765787363 263
1757594757343 0.6705583400417777 264
1757594757384 0.0002859211215441375 265
1757594757426 1.1108987463498936 266
1757594757469 0.6479151393120736 267
1757594757514 0.015071902072802896 268
1757594757558 0.11004742721490315 269
1757594757601 0.1252426215220345 270
1757594757643 0.34979774645675665 271
1757594757685 0.05044176166182641 272
1757594757728 0.028523442065560005 273
1757594757769 0.233523047731089 274
1757594757810 0.1682724553324904 275
1757594757851 0.07400073987225687 276
1757594757892 0.17793319003864938 277
1757594757934 1.7973879062584637 278
1757594757974 0.0011267515902527387 279
1757594758015 0.0007924208110773737 280
1757594758055 0.0058354199596866605 281
1757594758096 0.0054869079377588646 282
1757594758137 0.14037820221149327 283
1757594758179 0.06110537009625917 284
1757594758220 0.000993507440158702 285
1757594758261 0.009642285403058337 286
1757594758302 0.00033419846722520635 287
1757594758343 0.01319684518856963 288
1757594758383 6.31178531124077e-05 289
1757594758424 0.13530481570725217 290
1757594758464 0.03473866021011026 291
1757594758505 0.12496566150758408 292
1757594758545 0.21145967918939187 293
1757594758586 0.00010204295572549241 294
1757594758627 0.13356605733537183 295
1757594758667 0.004452715911600683 296
1757594758708 0.15138820601638467 297
1757594758749 0.1955202577890535 298
1757594758791 0.007602347858647659 299
1757594758831 1.2557846363062037 300
1757594758871 0.026068165633257395 301
1757594758912 0.36339029692444474 302
1757594758953 0.4048713187051685 303
1757594758994 0.04176556159935402 304
1757594759035 0.1524345611668099 305
1757594759075 0.012032285154563968 306
1757594759116 1.533050951251315e-05 307
1757594759156 0.01872729589352619 308
1757594759196 0.3869040481691899 309
1757594759236 0.02022122141820388 310
1757594759276 0.1343554508642851 311
1757594759316 0.007537154107747192 312
1757594759357 0.014537228722920263 313
1757594759398 0.09006757557769622 314
1757594759438 0.008785385149692177 315
1757594759478 0.4264011415388809 316
1757594759519 0.03636613591821467 317
1757594759559 0.0031921801705801283 318
1757594759599 0.29345294866226196 319
1757594759640 0.39416605505316965 320
1757594759680 0.1802174593717155 321
1757594759721 0.11811985136216926 322
1757594759761 0.2234448768569927 323
1757594759801 0.00989289160022523 324
1757594759842 0.5378608227038689 325
1757594759882 1.1064771611880313 326
1757594759922 0.22621148282949508 327
1757594759963 0.00855011676848044 328
1757594760004 0.05986779138462882 329
1757594760045 0.33667427531366617 330
1757594760085 3.969624162299338 331
1757594760126 0.0015049614130744034 332
1757594760166 0.026516474090295245 333
1757594760206 0.021825975522599943 334
1757594760248 0.02819801232242189 335
1757594760288 0.003057178891653894 336
1757594760328 0.016265294552084253 337
1757594760370 0.07908390870665394 338
1757594760411 0.0013440445719481344 339
1757594760452 0.1741697167036452 340
1757594760492 0.13188515039997806 341
1757594760533 0.0021972361994018045 342
1757594760575 0.0047209502527269815 343
1757594760615 0.00047208831474566845 344
1757594760656 0.0010280148133995789 345
1757594760697 0.03797401936318494 346
1757594760737 0.18361964361053476 347
1757594760778 0.020728594776723123 348
1757594760819 0.010931542363907558 349
1757594760860 0.04693102243782316 350
1757594760900 0.2842351457961152 351
1757594760941 0.19277145128352474 352
1757594760981 0.1392157140598277 353
1757594761022 0.02628793915360457 354
1757594761063 0.010993160053773442 355
1757594761103 0.07378906577937576 356
1757594761144 0.07239692496696884 357
1757594761183 0.0004898384475224382 358
1757594761224 0.20385742077812746 359
1757594761265 0.14649328890876528 360
1757594761306 0.0836226533624572 361
1757594761347 0.014139457313425117 362
1757594761387 0.044028837942538444 363
1757594761428 0.02857577631662469 364
1757594761468 0.0011854104597628394 365
1757594761509 0.03708786130262397 366
1757594761549 0.08850629522799008 367
1757594761590 0.03009042749986624 368
1757594761631 0.0045954574047813775 369
1757594761671 0.07158049986347266 370
1757594761712 0.094952359062568 371
1757594761752 0.16986521946285738 372
1757594761794 0.16996292086559667 373
1757594761834 0.8599273405012618 374
1757594761875 5.861670843981763e-05 375
1757594761916 0.040440572094262064 376
1757594761957 3.272295305258841e-05 377
1757594761998 0.030759664324669325 378
1757594762040 0.0002292833274925264 379
1757594762080 0.008504156434766465 380
1757594762121 0.18288669387755388 381
1757594762162 0.0840175031735727 382
1757594762203 0.20853572903813966 383
1757594762244 0.51835646232378 384
1757594762284 0.063367774723006 385
1757594762325 0.009418989865954974 386
1757594762365 0.8018814620655835 387
1757594762406 0.056533631165498505 388
1757594762446 0.10994713508735746 389
1757594762487 0.007514674545932067 390
1757594762528 0.2695873325195377 391
1757594762571 0.2804116900774292 392
1757594762611 0.07799407244904451 393
1757594762653 0.3482751903355938 394
1757594762693 0.045220243163930654 395
1757594762734 0.08460037256237872 396
1757594762775 0.003368533214825285 397
1757594762816 0.010030044112667577 398
1757594762859 0.0011841846198343507 399
1757594762900 0.26364062036931707 400
1757594762941 0.002550659304042115 401
1757594762983 0.005342412434493682 402
1757594763024 0.16417616161668416 403
1757594763065 0.3596970939824504 404
1757594763106 0.369273819197452 405
1757594763147 0.2028417599955337 406
1757594763188 0.06582182876142903 407
1757594763229 0.45824560454382984 408
1757594763270 0.05324525269849941 409
1757594763311 0.060786315594557126 410
1757594763353 0.005082538474908173 411
1757594763393 0.0028157116027535756 412
1757594763434 0.0031021489024433265 413
1757594763475 1.0986366784828634e-06 414
1757594763516 0.014263355260724829 415
1757594763557 0.15239762201372564 416
1757594763598 0.0003978427441676687 417
1757594763638 0.11622382117447763 418
1757594763680 0.09151969535415594 419
1757594763721 0.019174083884888372 420
1757594763762 0.4188166600602532 421
1757594763804 0.0412364524095945 422
1757594763845 0.43323284545130797 423
1757594763888 0.33055094522418027 424
1757594763929 0.005570863112514063 425
1757594763971 0.0900853558567283 426
1757594764012 0.017585259639887624 427
1757594764054 0.015243725322937796 428
1757594764094 0.17496171912283756 429
1757594764136 0.2782126387753972 430
1757594764178 0.010116871925803867 431
1757594764218 0.1996595682277893 432
1757594764260 0.7813007533497117 433
1757594764302 0.005226056911943547 434
1757594764344 0.5362874712629009 435
1757594764385 0.0016749064829237415 436
1757594764427 0.15355371370014478 437
1757594764468 0.0916049444984803 438
1757594764510 0.039007837294729536 439
1757594764551 0.0339715105068942 440
1757594764592 0.04952140194467658 441
1757594764634 0.021621800734492207 442
1757594764676 0.012550397609625811 443
1757594764716 0.02157196183316986 444
1757594764758 0.22484156089678534 445
1757594764800 0.04153086341740687 446
1757594764841 0.1354381184814692 447
1757594764883 0.18792756891325857 448
1757594764924 0.5253140554371171 449
1757594764965 0.4896595598595258 450
1757594765006 0.07957262289005075 451
1757594765048 0.24802879089854282 452
1757594765089 0.006154395046066585 453
1757594765131 0.10087595136659423 454
1757594765172 0.03627775778545595 455
1757594765213 0.14579053238486958 456
1757594765254 0.11481821926006663 457
1757594765296 0.18882884088303767 458
1757594765340 0.3282464929459472 459
1757594765382 0.11492193456588642 460
1757594765432 9.906298119555499e-05 461
1757594765479 1.2902606322536707 462
1757594765523 0.18590483203776856 463
1757594765568 0.008012125377648279 464
1757594765613 0.16446944741337452 465
1757594765654 0.04126722772641057 466
1757594765696 0.13681400748094624 467
1757594765738 0.03643463470914525 468
1757594765781 0.07397364524029439 469
1757594765822 0.13345573549877643 470
1757594765864 0.05519666508604617 471
1757594765906 0.1379426888874068 472
1757594765947 0.1603899028854978 473
1757594765989 0.002045515292755315 474
1757594766031 0.029598619902848868 475
1757594766073 0.0013312316924831552 476
1757594766115 0.040648448028411076 477
1757594766156 0.005042468873059912 478
1757594766198 0.03338350020798798 479
1757594766239 0.2797534104530677 480
1757594766281 0.26260970145479295 481
1757594766321 0.014003145505637688 482
1757594766363 0.011104095555817652 483
1757594766404 0.0009611936306519507 484
1757594766445 0.1272520622944503 485
1757594766486 0.15956801403353635 486
1757594766528 0.002488173366449708 487
1757594766568 0.03189390382443665 488
1757594766610 0.1115143680406541 489
1757594766651 0.11096212699138062 490
1757594766692 0.018017030426342465 491
1757594766734 0.02435202701345795 492
1757594766776 0.011078439419285192 493
1757594766818 0.017254244458267995 494
1757594766859 0.3544145116247209 495
1757594766901 0.1848483110516948 496
1757594766943 0.0082649508020235 497
1757594766985 0.028896544002250116 498
1757594767027 0.14406540849260271 499
