1757518579253 0.018199283831222376 0
1757518579291 0.09403085704620913 1
1757518579329 0.7737290390590161 2
1757518579368 0.7231130804471103 3
1757518579406 0.12175292248770778 4
1757518579446 0.020386688353393443 5
1757518579484 0.1508724475435749 6
1757518579523 0.2658402896071504 7
1757518579563 0.0917679272916143 8
1757518579602 0.6842606387681758 9
1757518579640 0.04085666109063886 10
1757518579679 0.02537905100417967 11
1757518579718 0.062078447737056966 12
1757518579758 0.052058940867906044 13
1757518579797 0.052781455180958226 14
1757518579836 0.05091693258992946 15
1757518579875 0.02732235713743199 16
1757518579914 0.09040993045796065 17
1757518579953 0.06560834000884438 18
1757518579992 0.0065365190208037304 19
1757518580030 0.05079152356958481 20
1757518580069 0.11488014283547898 21
1757518580108 0.01597991639813022 22
1757518580147 0.018055200310342884 23
1757518580185 0.060574613010041536 24
1757518580224 0.02528536206295179 25
1757518580262 0.42215886193009633 26
1757518580300 0.030875620310602515 27
1757518580339 0.011241803210818389 28
1757518580377 0.022481990026677553 29
1757518580416 5.469629302891946e-07 30
1757518580456 0.023927814400009472 31
1757518580495 0.0030053778985578068 32
1757518580534 0.06517503077524887 33
1757518580589 0.020874782990652995 34
1757518580628 0.105584535246716 35
1757518580667 0.020885814049958408 36
1757518580706 0.022528688521026935 37
1757518580745 0.1268904124523826 38
1757518580784 0.16341689962173414 39
1757518580823 0.02614286869196178 40
1757518580861 0.002141008852597276 41
1757518580900 0.004145450198596914 42
1757518580939 0.09605206542647647 43
1757518580978 0.04012602136286794 44
1757518581016 0.128300730279007 45
1757518581055 0.10786999296301 46
1757518581094 0.0370653531628241 47
1757518581133 0.007409954677395398 48
1757518581172 0.13083237975822168 49
1757518581210 0.002814343862232245 50
1757518581249 0.0031431118875306497 51
1757518581288 0.030863846284659865 52
1757518581327 0.024117946657919456 53
1757518581368 0.012080528563293641 54
1757518581407 0.012217773511768436 55
1757518581446 0.042484911519952644 56
1757518581485 0.5404468130415799 57
1757518581524 0.36844622838723023 58
1757518581563 0.005982461745232753 59
1757518581602 0.00378452452840718 60
1757518581641 0.005818188107660296 61
1757518581680 0.005176825107272419 62
1757518581719 0.9175261521365561 63
1757518581759 0.0314994362212029 64
1757518581798 0.11283188731329867 65
1757518581837 0.07943757612922207 66
1757518581876 0.01762627510773878 67
1757518581915 0.05911033272832229 68
1757518581954 4.8562193732671487e-05 69
1757518581993 0.023394803406896585 70
1757518582033 0.00048741141847316583 71
1757518582072 0.17785842022849918 72
1757518582111 0.006445034224106501 73
1757518582150 0.34155439835269363 74
1757518582189 0.11750544722299627 75
1757518582229 0.03811800081619583 76
1757518582268 0.017460325727268262 77
1757518582307 0.1719735440169045 78
1757518582347 0.11684551030883052 79
1757518582386 0.08728380555196814 80
1757518582425 0.058004879293440566 81
1757518582464 1.0021843915977864e-05 82
1757518582503 0.8319053868429601 83
1757518582542 0.0005171736404296804 84
1757518582581 0.01585210700219497 85
1757518582619 0.7524772016338516 86
1757518582658 0.0010068342756616381 87
1757518582697 1.976544026169215e-05 88
1757518582737 0.2467997289537455 89
1757518582776 0.03571552102521169 90
1757518582814 0.26583958604261076 91
1757518582853 0.008293603044355509 92
1757518582892 0.15480590637715863 93
1757518582931 0.09569229569611817 94
1757518582970 0.028659796972083068 95
1757518583009 0.15253776870065863 96
1757518583048 0.007669168097093152 97
1757518583087 0.38265111511238215 98
1757518583126 0.0014623675561263971 99
1757518583164 0.020207722022111758 100
1757518583203 1.2511905062986275e-05 101
1757518583242 0.11449043514668918 102
1757518583282 0.22523894460690827 103
1757518583321 0.0028177730357371073 104
1757518583365 0.07323834279499361 105
1757518583405 0.17251883704775503 106
1757518583444 0.005300374373020833 107
1757518583484 0.10963903058102202 108
1757518583523 0.12635670290109732 109
1757518583564 0.0013920091044572177 110
1757518583604 0.0026579441016532997 111
1757518583643 0.057281569942141904 112
1757518583682 0.0001509045295260137 113
1757518583721 0.019842257530455668 114
1757518583761 0.13880597142228362 115
1757518583801 0.01852739006303828 116
1757518583843 0.02970530381257145 117
1757518583882 0.4635532658009433 118
1757518583922 0.00992137642777365 119
1757518583962 0.07995978266669432 120
1757518584001 0.01881148507588786 121
1757518584041 0.015726233206919137 122
1757518584080 0.00019816412121137494 123
1757518584119 0.004084580312823003 124
1757518584159 0.05109817636974011 125
1757518584198 0.525957465626424 126
1757518584238 0.28841830137800933 127
1757518584278 0.0017636145619997416 128
1757518584317 0.032643453581364515 129
1757518584358 0.07652106119824416 130
1757518584398 0.060063301519802534 131
1757518584437 0.29297168982596367 132
1757518584476 0.030529305950835132 133
1757518584516 0.4272483147524047 134
1757518584555 0.0017886048487798527 135
1757518584594 0.031835031995965477 136
1757518584633 0.018254864092125827 137
1757518584672 0.2531049434237878 138
1757518584712 3.147230712295638e-06 139
1757518584751 0.0002563685852085708 140
1757518584790 2.8060101518165936 141
1757518584829 3.790558011662112e-05 142
1757518584868 0.12282913928488255 143
1757518584917 0.00010964058865994758 144
1757518584959 0.03819441151061098 145
1757518584998 0.07038493985267694 146
1757518585038 0.37077155158068137 147
1757518585078 0.009153706785044756 148
1757518585118 0.029493610047610676 149
1757518585159 0.004985471961043039 150
1757518585199 0.0009051289856665687 151
1757518585238 0.0139188200369479 152
1757518585278 0.08055151620497217 153
1757518585318 0.047771601449656885 154
1757518585357 0.014269391598463526 155
1757518585396 0.09585919892736756 156
1757518585436 0.0609166555755547 157
1757518585476 0.1329104895369344 158
1757518585516 0.34521664128862956 159
1757518585556 0.19648490775710742 160
1757518585595 0.015470166201722323 161
1757518585635 0.14813756327386227 162
1757518585675 2.659151861718133e-06 163
1757518585714 0.0016738783183006273 164
1757518585756 0.037820307536966254 165
1757518585796 0.04460959096306306 166
1757518585836 0.01641930346191992 167
1757518585876 0.0671897936240757 168
1757518585915 0.38389546744736286 169
1757518585955 0.40243341825360124 170
1757518585995 0.10065702956084296 171
1757518586037 0.17586101743106988 172
1757518586077 0.003107180243253042 173
1757518586117 0.029444503317838325 174
1757518586156 0.09065652159993146 175
1757518586196 0.0007813878916241027 176
1757518586236 0.11589497224862987 177
1757518586275 0.08855138237016262 178
1757518586315 0.30982015660875534 179
1757518586354 0.013800448006914027 180
1757518586393 0.040811497871281445 181
1757518586433 0.12774271690982072 182
1757518586473 3.908730532449715e-06 183
1757518586512 0.2338424359084838 184
1757518586552 0.0711736900899321 185
1757518586591 0.0019022806424920957 186
1757518586631 0.00664186464105689 187
1757518586670 0.0011855519947368215 188
1757518586710 0.0035925938065198225 189
1757518586749 0.0528574313565467 190
1757518586788 0.26235399777900564 191
1757518586828 0.0012213879241620741 192
1757518586867 0.24392776876449476 193
1757518586907 0.013100567784626975 194
1757518586947 0.12657023365348927 195
1757518586986 0.05188849572845477 196
1757518587026 0.0001661928733512538 197
1757518587065 0.1332414811550952 198
1757518587105 0.27466843882723746 199
1757518587145 0.3470591322534558 200
1757518587185 0.009913801576261861 201
1757518587224 0.0006498548916814131 202
1757518587264 0.03079888688592472 203
1757518587304 0.01182147475638337 204
1757518587343 0.006408567336389291 205
1757518587383 0.025361985268955965 206
1757518587423 0.07899919905571029 207
1757518587463 0.20922683363035233 208
1757518587502 0.00022896956382560741 209
1757518587542 0.09548818856913709 210
1757518587585 0.023128787294278627 211
1757518587624 0.37979895889829973 212
1757518587664 0.012752561263494775 213
1757518587703 0.18009019133131604 214
1757518587743 0.13581960280228605 215
1757518587784 0.006358270221220383 216
1757518587826 0.03578773697429374 217
1757518587866 0.046767678344024545 218
1757518587906 0.11940801060149799 219
1757518587946 5.249017029365768e-05 220
1757518587986 0.0011439559620831947 221
1757518588025 0.06505486484288414 222
1757518588065 0.13445934004207696 223
1757518588105 0.1616661198928679 224
1757518588144 0.20952392479570045 225
1757518588183 0.10865281241296945 226
1757518588223 0.04888404824729117 227
1757518588263 0.052540179732269855 228
1757518588302 0.09844794247644237 229
1757518588342 0.017069007768241922 230
1757518588381 0.09061929260181067 231
1757518588421 0.01433281776225172 232
1757518588461 0.2433450614545028 233
1757518588501 0.20807677935059707 234
1757518588540 0.1846429178359805 235
1757518588580 0.00581027502859957 236
1757518588620 0.12412695945233367 237
1757518588660 0.12215593169304131 238
1757518588699 3.121811250221715e-05 239
1757518588739 0.1448853651344009 240
1757518588779 0.01288066120269973 241
1757518588818 0.15360733042100722 242
1757518588858 0.05978225317711265 243
1757518588898 0.11131568293753745 244
1757518588938 0.04888124198709105 245
1757518588978 0.013305410777360348 246
1757518589017 0.2307457373910185 247
1757518589057 0.016160011527194984 248
1757518589096 1.1084135086668388e-05 249
1757518589136 0.00965616320779347 250
1757518589176 0.00045583832790073594 251
1757518589216 0.16355625606782526 252
1757518589255 0.1341988088801795 253
1757518589295 0.11883717579115118 254
1757518589335 0.584018305124825 255
1757518589376 4.357363887623859e-05 256
1757518589416 0.03771613704575576 257
1757518589458 0.013140508143871878 258
1757518589498 0.006883517234750204 259
1757518589538 0.07370077809275652 260
1757518589578 0.01154647160130642 261
1757518589618 5.361380161784948e-06 262
1757518589658 0.0006856129382052437 263
1757518589698 0.0014966793360862312 264
1757518589738 0.040065361028323844 265
1757518589778 0.009045828958500495 266
1757518589818 0.10801237999621095 267
1757518589858 0.08628469571152299 268
1757518589899 0.01974737044232943 269
1757518589940 0.00014949120133699595 270
1757518589981 0.03610371918694339 271
1757518590021 0.04891745295986602 272
1757518590061 0.023106355265033723 273
1757518590101 0.01843633634098891 274
1757518590141 0.35803788413451043 275
1757518590181 0.08019257685001668 276
1757518590221 0.08604651496873422 277
1757518590261 0.011765471603432633 278
1757518590301 0.1220804429543084 279
1757518590341 0.053995082179284525 280
1757518590381 0.28111743878265705 281
1757518590421 0.04509513190464962 282
1757518590462 0.06634197987134895 283
1757518590502 0.0012213962887333487 284
1757518590542 0.041330917287841204 285
1757518590582 0.0037424996399329086 286
1757518590621 0.024348727272286968 287
1757518590661 0.00010210211116591536 288
1757518590701 0.0027603871897125347 289
1757518590741 0.20874367250854514 290
1757518590781 4.179154778682214e-05 291
1757518590821 0.13909068559321494 292
1757518590861 0.007295470054454872 293
1757518590902 0.0008123220378523577 294
1757518590942 0.0012443738459020355 295
1757518590982 0.1665786899640861 296
1757518591022 0.2819778813236448 297
1757518591063 0.10083220436224088 298
1757518591104 0.04816333060516141 299
1757518591144 0.03668778377485513 300
1757518591184 0.15557984463999497 301
1757518591224 0.02014455826839827 302
1757518591264 0.002183411347527245 303
1757518591305 0.11507131138434366 304
1757518591345 0.0013210642970287608 305
1757518591385 0.0307766809550494 306
1757518591425 0.0014970247834842046 307
1757518591466 0.0014027511770425209 308
1757518591506 1.234619883927075 309
1757518591546 0.1154003400732347 310
1757518591587 0.06279475886612852 311
1757518591627 0.026989410003535948 312
1757518591667 0.020284471101547182 313
1757518591707 0.018829934802991728 314
1757518591747 0.1356215704726169 315
1757518591787 0.0009076352316284936 316
1757518591828 0.0019838649113734885 317
1757518591868 0.2848051127454517 318
1757518591909 0.04160262194008914 319
1757518591949 0.027956140645472288 320
1757518591989 0.015406528544480868 321
1757518592032 0.030576606573520154 322
1757518592073 0.12443980878018687 323
1757518592113 0.01062710578870147 324
1757518592154 0.029907173061304637 325
1757518592194 0.026665199696202898 326
1757518592234 0.007237077889560092 327
1757518592274 0.018316479076410184 328
1757518592315 0.0025569635563947686 329
1757518592355 0.020544951037535255 330
1757518592396 0.01823555604481876 331
1757518592436 5.9002617570269834e-05 332
1757518592476 0.27237690013436344 333
1757518592517 0.024238063825701806 334
1757518592557 0.0031700666675398 335
1757518592598 0.013417670268803014 336
1757518592638 0.03363315801504983 337
1757518592678 0.045504620070726344 338
1757518592719 0.015014168819749887 339
1757518592759 0.21776617727934544 340
1757518592799 1.2350310470052566 341
1757518592839 0.05535231421065801 342
1757518592880 0.0009750196094609574 343
1757518592920 0.14206731785019916 344
1757518592961 0.0009861891527694763 345
1757518593002 0.13464865616285487 346
1757518593042 0.02787908456885055 347
1757518593082 0.3299264236213823 348
1757518593123 0.00029050755919289887 349
1757518593164 0.0030665174715419374 350
1757518593204 0.04955342519594931 351
1757518593245 0.07029270130782687 352
1757518593286 0.06697390362911064 353
1757518593327 0.07419368139211324 354
1757518593374 0.019643109525514797 355
1757518593415 0.25768207140898536 356
1757518593456 0.10419311740641611 357
1757518593497 0.011331932466040763 358
1757518593537 0.07694278942680684 359
1757518593578 0.12445841406145382 360
1757518593619 0.03417529259840215 361
1757518593660 0.0746716043023637 362
1757518593700 0.007336809019670005 363
1757518593741 0.22214281192176102 364
1757518593782 0.004964697772469761 365
1757518593822 9.565930640934309e-05 366
1757518593864 0.019977567948888032 367
1757518593905 7.1660853526824325e-06 368
1757518593945 0.05477590424662364 369
1757518593986 0.05706224453422436 370
1757518594027 0.20232443970400976 371
1757518594067 0.21008962031267955 372
1757518594108 0.07837856532968517 373
1757518594149 0.08109412248160738 374
1757518594190 0.05810183601525619 375
1757518594232 0.018193212058838056 376
1757518594273 0.23074690676900497 377
1757518594314 0.370094266743504 378
1757518594355 0.001931862648336621 379
1757518594396 0.006397550801129112 380
1757518594437 0.10011465000719828 381
1757518594478 0.2702435791089554 382
1757518594519 0.47536225574083746 383
1757518594560 0.16158187877481342 384
1757518594600 0.04331747189852355 385
1757518594641 0.04246907963457382 386
1757518594682 0.0016621215844835528 387
1757518594723 0.0631020788058393 388
1757518594764 0.1420510229165175 389
1757518594805 0.02463510063030796 390
1757518594846 0.025109548807968594 391
1757518594886 0.005011554580171897 392
1757518594937 0.02309008121653572 393
1757518594979 0.000919460659608814 394
1757518595021 0.009731764120164235 395
1757518595063 0.020218972121780057 396
1757518595103 0.18867020459844977 397
1757518595144 0.06519553710261575 398
1757518595185 0.028429056533375383 399
1757518595225 0.12278254371552376 400
1757518595266 0.032289766729521704 401
1757518595307 0.01884079533043357 402
1757518595347 0.008465433784193973 403
1757518595387 0.011907406106733654 404
1757518595428 0.007111161743847926 405
1757518595469 0.07347115330810922 406
1757518595510 0.07811427748230328 407
1757518595551 0.04508863066941474 408
1757518595592 0.03023728085250427 409
1757518595633 0.27712721190831774 410
1757518595673 0.09015610412023647 411
1757518595714 0.02165508511826451 412
1757518595755 0.24917238312049766 413
1757518595796 0.03222916207224613 414
1757518595838 0.02809457456983291 415
1757518595878 0.13352983826640025 416
1757518595920 0.0001349180877603962 417
1757518595961 0.3526390679182821 418
1757518596002 0.04615804758524177 419
1757518596043 0.07197144831392055 420
1757518596085 0.026300494949263557 421
1757518596126 0.01970016083260471 422
1757518596167 0.043792873189621585 423
1757518596208 0.01422631626248889 424
1757518596249 0.001997457471099933 425
1757518596290 0.03922659244513017 426
1757518596331 0.02520912446770044 427
1757518596372 0.028604835004780123 428
1757518596415 0.3115532700793541 429
1757518596457 0.01213750415679803 430
1757518596498 0.01724903788634451 431
1757518596539 0.011333255146517455 432
1757518596580 0.06513831002003864 433
1757518596621 0.1234172303709193 434
1757518596662 0.016842424008867377 435
1757518596703 0.0002372063447630394 436
1757518596745 8.806058519542435e-05 437
1757518596786 0.012076683783792489 438
1757518596827 0.0387206068558803 439
1757518596868 0.03113202980677176 440
1757518596909 0.060529073123988225 441
1757518596950 0.005217341963207624 442
1757518596992 3.039506773136225e-05 443
1757518597033 0.014994987589048782 444
1757518597074 0.02695615162763695 445
1757518597115 0.16048138040520094 446
1757518597156 0.0002673980366686434 447
1757518597197 0.023755667817752114 448
1757518597238 0.12016685687838272 449
1757518597279 0.044652828018766716 450
1757518597320 0.05633353021410382 451
1757518597360 0.1879850793696662 452
1757518597401 0.044899664721185915 453
1757518597443 0.14509759178799236 454
1757518597485 0.048418460051258015 455
1757518597526 0.3472422794726825 456
1757518597567 0.0014799484934747693 457
1757518597609 0.1821985573052207 458
1757518597650 0.16566748697590147 459
1757518597691 0.16939467250114185 460
1757518597736 0.09421881063183593 461
1757518597777 0.09023705735697027 462
1757518597818 0.016058654001844107 463
1757518597860 0.029881361684990556 464
1757518597901 0.0018102008256366884 465
1757518597943 0.15573412661275027 466
1757518597984 0.005268273074009345 467
1757518598025 0.018803661355943396 468
1757518598068 0.1615892108583573 469
1757518598109 0.11856139642875632 470
1757518598150 0.020313049077391104 471
1757518598192 0.029278112398216365 472
1757518598234 0.08740688252815915 473
1757518598275 0.010349815349822617 474
1757518598316 0.1115936901102827 475
1757518598358 0.3229447730875015 476
1757518598399 0.026008605111610312 477
1757518598440 0.0016877791505035904 478
1757518598482 0.10664002209874258 479
1757518598522 0.07528508730708972 480
1757518598564 0.0039533688652028795 481
1757518598606 0.04779696192271198 482
1757518598648 0.1368692845076093 483
1757518598689 0.12880848499839614 484
1757518598730 0.40807252722859516 485
1757518598771 0.009660959108227823 486
1757518598813 0.02152618094248267 487
1757518598854 0.18307053985226218 488
1757518598895 0.04152105047204406 489
1757518598936 0.006115610644562149 490
1757518598977 0.21565484460093723 491
1757518599018 0.16720815027889552 492
1757518599059 0.01651495230300948 493
1757518599100 0.13328750236187664 494
1757518599141 0.0705695486446618 495
1757518599182 0.00934620670040324 496
1757518599223 0.012758888667881225 497
1757518599265 0.07307295388176124 498
1757518599306 0.427034024826325 499
