1757518451728 0.332441876519095 0
1757518451761 0.13788268208532545 1
1757518451795 0.0003986788970855957 2
1757518451829 0.002857015787770982 3
1757518451862 0.3033847953858791 4
1757518451895 0.10543809643418059 5
1757518451930 0.3697182830283865 6
1757518451964 0.032289378710348905 7
1757518451997 0.07550325474999592 8
1757518452030 0.01989963812560215 9
1757518452063 6.0323969108510385e-05 10
1757518452096 0.016006522633737162 11
1757518452129 0.04843764507673442 12
1757518452163 0.015209051054272798 13
1757518452196 0.03645884671280266 14
1757518452230 0.0040408539005960115 15
1757518452263 0.0014892417144706292 16
1757518452296 0.026450883910110117 17
1757518452329 0.04511075876344351 18
1757518452363 0.04723964562126578 19
1757518452396 1.2858563931929389e-05 20
1757518452429 0.2995037444902889 21
1757518452463 0.35910379686341404 22
1757518452496 0.010670760214804283 23
1757518452529 0.03127742013947578 24
1757518452563 0.02726696255452839 25
1757518452596 0.522257945715011 26
1757518452630 0.21069805710518524 27
1757518452663 0.4106424191655079 28
1757518452697 0.0013564776565888358 29
1757518452731 0.002705020902527656 30
1757518452766 0.05464827754161245 31
1757518452801 0.044335134502790884 32
1757518452835 0.11134363471819562 33
1757518452869 0.03147070629091585 34
1757518452902 0.005699593849635539 35
1757518452937 0.008102028797517933 36
1757518452984 0.7465746515942769 37
1757518453018 0.009647179977294404 38
1757518453053 0.027109263747332107 39
1757518453087 0.00046978247437377076 40
1757518453121 0.13117431820550857 41
1757518453155 0.10697862801100262 42
1757518453188 0.08995410322940176 43
1757518453222 0.09613817631889991 44
1757518453255 0.0671789835448612 45
1757518453289 0.02953745328715203 46
1757518453324 0.3847226506869173 47
1757518453364 0.022563878034023595 48
1757518453398 0.013732291967376761 49
1757518453432 0.012593195422853589 50
1757518453465 0.0002696341850709083 51
1757518453499 0.1319836283638871 52
1757518453532 0.27154434018605544 53
1757518453566 0.2078605056884162 54
1757518453599 0.7559978248137121 55
1757518453633 0.021356875422651248 56
1757518453667 3.3240493544565427e-06 57
1757518453701 0.024348466234054233 58
1757518453735 0.014014233689500593 59
1757518453768 0.06818601391281048 60
1757518453802 0.057590215965028495 61
1757518453836 0.03346552968655272 62
1757518453870 0.0524508090857718 63
1757518453904 0.01372791113321455 64
1757518453938 0.11867397098882082 65
1757518453972 0.09388716066098958 66
1757518454006 0.07078167809394922 67
1757518454041 0.009436589188587537 68
1757518454075 0.016681646600209925 69
1757518454110 0.07233589557867781 70
1757518454144 0.022114503285093106 71
1757518454178 0.007134412597316766 72
1757518454213 4.205373965476597e-05 73
1757518454247 0.018237646730360855 74
1757518454281 0.08018242496264322 75
1757518454315 0.03981248317401813 76
1757518454349 0.1594536105977024 77
1757518454383 0.1232430812263768 78
1757518454417 0.21295292653481407 79
1757518454451 0.048172286120785335 80
1757518454485 0.012040450195406898 81
1757518454519 0.01842229299587829 82
1757518454552 0.03442112320946998 83
1757518454586 0.020460750577528757 84
1757518454620 0.07440073442584948 85
1757518454654 0.0002136395895939634 86
1757518454688 0.45463304086135703 87
1757518454721 0.17251165967997323 88
1757518454755 0.02596719213896527 89
1757518454789 0.023275523771663913 90
1757518454823 0.01097251782208688 91
1757518454891 0.004319025348006358 92
1757518454930 0.01063762062444437 93
1757518454964 0.10360323035638123 94
1757518454998 0.0647697547940588 95
1757518455032 0.002358194258141959 96
1757518455066 0.0011320606497015032 97
1757518455099 0.08799063861167733 98
1757518455133 0.18587401418133118 99
1757518455167 0.1399731174729453 100
1757518455201 0.3705227474517168 101
1757518455235 0.2507700779637166 102
1757518455270 0.02289019556129598 103
1757518455304 0.12037396314315937 104
1757518455338 0.017352287689862907 105
1757518455372 0.015695076412515444 106
1757518455406 0.3627196434335418 107
1757518455440 0.009477398493034715 108
1757518455474 0.2101062484535105 109
1757518455508 0.015914782954804942 110
1757518455542 0.1014493011481347 111
1757518455576 0.016636727389287388 112
1757518455610 0.024379567115722867 113
1757518455644 0.03612553040254888 114
1757518455678 0.026221411636697844 115
1757518455712 0.014509248317235351 116
1757518455746 0.018122080798333353 117
1757518455780 0.7659561547834596 118
1757518455814 0.025382555214758292 119
1757518455848 0.023521624687010502 120
1757518455882 0.006629727096073926 121
1757518455919 0.16535255372124738 122
1757518455954 0.1604003333568835 123
1757518455988 0.21373666126908472 124
1757518456023 0.03150018442848057 125
1757518456057 0.03423882354431257 126
1757518456091 0.009290927971699007 127
1757518456125 0.38137359081221217 128
1757518456160 0.6543207967038699 129
1757518456194 0.05805562574096543 130
1757518456228 0.10790079387603757 131
1757518456262 0.06659863097594966 132
1757518456297 0.014360995206131771 133
1757518456331 0.0778433384874144 134
1757518456365 0.03764704016981668 135
1757518456399 0.4886762097603421 136
1757518456433 0.027317748349645423 137
1757518456467 0.12376818519379462 138
1757518456501 0.04188463583296354 139
1757518456536 0.09571164058510653 140
1757518456571 0.25389245130177035 141
1757518456607 0.00014439547585507964 142
1757518456642 0.006369993046457526 143
1757518456676 0.2700082183455933 144
1757518456711 0.0150353502579384 145
1757518456747 0.024749417974323534 146
1757518456781 0.05013251716739298 147
1757518456816 0.11112799558489944 148
1757518456851 0.3788130877780894 149
1757518456885 0.11074759380538116 150
1757518456919 0.026230227835138727 151
1757518456953 0.19979468140791434 152
1757518456987 0.33731907231119374 153
1757518457022 0.03812220383904217 154
1757518457056 0.016676581781785316 155
1757518457091 0.1184024298203701 156
1757518457125 0.0040626024945050795 157
1757518457159 0.14936331120215038 158
1757518457193 0.025506458764913774 159
1757518457228 0.0500453555316431 160
1757518457262 0.00010201169504993949 161
1757518457297 0.0015776039991722173 162
1757518457331 0.0014565054651779657 163
1757518457366 0.13452472902517365 164
1757518457400 0.005771946616386931 165
1757518457435 0.0002538036310369279 166
1757518457471 0.08644774346044448 167
1757518457506 0.045843563884474615 168
1757518457541 0.08582303539732845 169
1757518457576 0.1508117673119333 170
1757518457610 0.002397022281220562 171
1757518457645 0.013656526745276606 172
1757518457680 0.012254778410195162 173
1757518457715 0.028186392000231753 174
1757518457749 0.029832861490744697 175
1757518457784 0.17843127083777907 176
1757518457820 0.0297742795595435 177
1757518457855 0.0819606055490803 178
1757518457889 0.588117954627238 179
1757518457924 0.5598743357729276 180
1757518457959 0.11726219214029512 181
1757518457993 0.04560786431074373 182
1757518458027 0.008060722954550499 183
1757518458062 0.029523921680767173 184
1757518458097 0.017962723869372973 185
1757518458132 0.018880025759502254 186
1757518458166 0.12401174955500631 187
1757518458201 0.047031695083766284 188
1757518458236 0.06902085801804231 189
1757518458270 0.09885584266773999 190
1757518458305 0.20802384766285714 191
1757518458340 0.025340366506375885 192
1757518458374 0.013794771423762333 193
1757518458409 8.146155766757279e-05 194
1757518458444 0.04113041459452232 195
1757518458479 0.0037803803362048433 196
1757518458514 0.36707218907664513 197
1757518458549 0.019154400471042055 198
1757518458584 0.3090328708292296 199
1757518458618 0.004829571387514247 200
1757518458653 0.0003744767019223708 201
1757518458688 0.014628143588506986 202
1757518458722 0.01260499613617141 203
1757518458757 0.21098280158226795 204
1757518458792 0.22181450163921254 205
1757518458828 0.32647916872105875 206
1757518458863 0.10529000238577325 207
1757518458898 2.398018005383826e-05 208
1757518458933 0.0005437241776052194 209
1757518458969 0.12362596241159925 210
1757518459004 0.34145940269626307 211
1757518459039 0.2191571645245312 212
1757518459074 0.25855500022726624 213
1757518459109 0.019443138457146958 214
1757518459144 0.06926137888900896 215
1757518459180 0.014740560751516207 216
1757518459216 0.06402294825082457 217
1757518459251 0.08536638466375018 218
1757518459286 0.0006385711503697661 219
1757518459321 0.0027552843824818663 220
1757518459356 0.07869303533967154 221
1757518459391 0.005755773777837104 222
1757518459426 0.11520191938036539 223
1757518459461 0.13931757885540713 224
1757518459496 0.00010098672090672213 225
1757518459531 0.07274587556343168 226
1757518459566 0.21249545217938867 227
1757518459602 0.1700144560240116 228
1757518459640 0.703346007839115 229
1757518459676 0.0026865143268910824 230
1757518459711 0.030150649950799135 231
1757518459746 0.02132757295328995 232
1757518459781 0.06681281143158802 233
1757518459816 0.012943880750375038 234
1757518459851 0.4253199104761671 235
1757518459886 0.059002598088446656 236
1757518459922 0.05714567760838161 237
1757518459957 0.00031341644179320706 238
1757518459991 0.290318411104276 239
1757518460026 0.07932367544727001 240
1757518460061 0.001957882179758392 241
1757518460096 0.06488139346420717 242
1757518460131 0.20666894060295957 243
1757518460166 0.003726638056818043 244
1757518460202 0.019828759566077974 245
1757518460236 0.049273011667145594 246
1757518460272 0.008875879075667267 247
1757518460306 0.00020661099317805854 248
1757518460341 0.0007466147696928104 249
1757518460376 0.006882345164318372 250
1757518460411 0.006584204427470658 251
1757518460446 0.049601920339780746 252
1757518460481 0.037107903143404855 253
1757518460517 0.0013105428880943915 254
1757518460553 0.03857433332207246 255
1757518460588 0.056119076804917754 256
1757518460624 0.09421501956902954 257
1757518460660 0.0484292708836728 258
1757518460695 0.03427499175112476 259
1757518460730 0.00013265454844543472 260
1757518460765 0.005942080002645482 261
1757518460800 0.028036671184786473 262
1757518460835 0.01034511844486155 263
1757518460871 0.022684928134200172 264
1757518460906 0.25805387397576884 265
1757518460941 0.01059052865787266 266
1757518460976 0.09578134081664626 267
1757518461011 0.08502652304439284 268
1757518461046 0.0690170583607121 269
1757518461081 0.044059202671890084 270
1757518461116 0.09423991507303085 271
1757518461151 0.08771667729428734 272
1757518461186 0.036467234414790654 273
1757518461221 0.03793983570221268 274
1757518461257 0.22828626816539896 275
1757518461292 0.03904808934246321 276
1757518461328 0.16431937218713108 277
1757518461364 0.002822505068269283 278
1757518461398 0.024754741880212087 279
1757518461433 0.012903475594964645 280
1757518461468 0.04057185778982009 281
1757518461503 0.002976946839420402 282
1757518461538 0.015510867556169603 283
1757518461574 0.0034447690105697294 284
1757518461610 0.10700789901098447 285
1757518461646 0.14748242160102987 286
1757518461682 0.15879784278400447 287
1757518461717 0.11929045183970162 288
1757518461754 0.02986236847438407 289
1757518461790 0.153928725837858 290
1757518461826 0.06265111064022554 291
1757518461861 0.013537692584946732 292
1757518461896 0.0187838667473007 293
1757518461931 0.23522392251634966 294
1757518461967 0.06171062938145768 295
1757518462002 0.028910943909682768 296
1757518462037 0.386794952633561 297
1757518462072 0.1266295296156039 298
1757518462107 0.0777523588106074 299
1757518462142 0.07114065656220649 300
1757518462177 0.0650532862657992 301
1757518462214 0.0008257326595715937 302
1757518462249 0.04279989074636277 303
1757518462285 0.011423509395309683 304
1757518462320 0.12492760067796292 305
1757518462355 0.014573445976532233 306
1757518462390 0.005131705349434596 307
1757518462426 0.026209498553168856 308
1757518462461 0.0035362308074135813 309
1757518462496 0.0468684293471373 310
1757518462531 0.0049033726939130265 311
1757518462567 0.004612927625423868 312
1757518462602 0.015102815412441555 313
1757518462637 0.0278962769684823 314
1757518462673 0.28500130779581695 315
1757518462708 0.010894246792414304 316
1757518462744 0.03200481325666928 317
1757518462781 0.005512914378408649 318
1757518462816 6.990221004326826e-06 319
1757518462853 1.6921609739834698 320
1757518462889 0.03252945233228425 321
1757518462924 0.11822622122706722 322
1757518462959 0.024227078492388643 323
1757518462994 0.009062317015595777 324
1757518463029 0.058833291845526554 325
1757518463064 0.18352741101995432 326
1757518463099 0.2043626619382127 327
1757518463134 0.019664325591741947 328
1757518463169 0.04282382046308176 329
1757518463204 0.31840476227158687 330
1757518463239 0.06467431950052223 331
1757518463275 0.029487807390543932 332
1757518463311 0.1138980262157516 333
1757518463353 0.013086117298254521 334
1757518463390 0.2483972190131035 335
1757518463425 0.02772784440303428 336
1757518463460 0.007391624174698619 337
1757518463496 0.025314695068632865 338
1757518463531 0.058306623404780114 339
1757518463566 0.011674276216919275 340
1757518463601 0.02791086207895187 341
1757518463636 0.09121388099505597 342
1757518463671 0.010908218684374528 343
1757518463706 0.18072569251753118 344
1757518463742 0.18539775924142993 345
1757518463777 0.007322984072102376 346
1757518463813 0.2260491837333658 347
1757518463849 0.3287577033697493 348
1757518463884 0.08859259673778357 349
1757518463921 0.09250004292091966 350
1757518463957 0.014685327935234279 351
1757518463993 0.1498083440234981 352
1757518464028 0.08347265513823013 353
1757518464064 0.06230066096076378 354
1757518464099 0.0043632563929624545 355
1757518464135 0.001032367142932308 356
1757518464170 0.0031963904101883333 357
1757518464206 1.5660024574682932e-06 358
1757518464241 0.00813699978689336 359
1757518464276 0.005775885898561456 360
1757518464312 1.367740179898798 361
1757518464347 0.21268381204696246 362
1757518464383 0.020948540688649552 363
1757518464420 0.06324060465610148 364
1757518464456 0.04548735142718777 365
1757518464492 0.08345342326673386 366
1757518464527 0.062450990929505276 367
1757518464563 0.12565805729545762 368
1757518464600 0.009232956498664915 369
1757518464636 0.021159959016528822 370
1757518464673 0.16812815983347268 371
1757518464712 0.08213490048428576 372
1757518464747 0.01377341386640785 373
1757518464782 0.0684164480496486 374
1757518464817 0.047080772199176564 375
1757518464853 0.07181683950536942 376
1757518464889 0.38436562171258276 377
1757518464925 0.0009741951401250131 378
1757518464961 0.0988310727021072 379
1757518464996 0.07335320180382407 380
1757518465032 0.6681014633053993 381
1757518465068 0.0009320802395545532 382
1757518465104 0.16383968317616943 383
1757518465140 0.18328342682277715 384
1757518465175 0.11515708340770772 385
1757518465211 0.009342647508325645 386
1757518465247 0.002634587627891312 387
1757518465283 0.6175782311470468 388
1757518465318 0.0678002138981168 389
1757518465354 0.09713647249061247 390
1757518465390 0.10914193286427007 391
1757518465425 0.17201867836454696 392
1757518465461 0.0013115985440392234 393
1757518465497 0.005001665598535298 394
1757518465532 0.0013087576477689568 395
1757518465568 0.10645033012347518 396
1757518465603 8.44876106666182e-05 397
1757518465639 0.030808139107809943 398
1757518465674 0.02654638768526523 399
1757518465710 0.0012787875639359587 400
1757518465746 0.3837164825792264 401
1757518465782 0.048237909782478355 402
1757518465818 0.11095350681711802 403
1757518465854 0.023199059786423774 404
1757518465900 0.0009013160651503444 405
1757518465936 0.23856187136747348 406
1757518465972 0.23561824487652325 407
1757518466008 0.008900245311518264 408
1757518466044 0.09038839582857973 409
1757518466080 0.0036169320655492485 410
1757518466117 0.001537170436694883 411
1757518466153 0.011353017507588953 412
1757518466188 0.011326035595404335 413
1757518466224 0.2028785690590348 414
1757518466260 0.020154398094392154 415
1757518466296 0.03046593911628672 416
1757518466332 0.6491991426296838 417
1757518466367 0.1816011049963627 418
1757518466403 0.33991518222591005 419
1757518466439 0.007747430698219847 420
1757518466475 0.0603250704062105 421
1757518466511 0.04924498959057104 422
1757518466547 0.05886902489285691 423
1757518466582 0.00012468922741329673 424
1757518466618 0.08507902054886189 425
1757518466654 0.1457238902352768 426
1757518466689 0.005560757390410109 427
1757518466725 0.0054340048502922915 428
1757518466761 0.10489475628101502 429
1757518466797 0.0746401536039372 430
1757518466834 0.007171954330660425 431
1757518466870 0.08890981111931608 432
1757518466907 0.017903460185891475 433
1757518466943 0.07169536498033949 434
1757518466980 0.0034430648216552816 435
1757518467015 0.2234957651085063 436
1757518467052 0.045366429668719864 437
1757518467088 0.10131157837309342 438
1757518467124 0.025576758045646655 439
1757518467160 0.04374291846080076 440
1757518467196 0.027814003926737916 441
1757518467232 0.33377844990499617 442
1757518467268 0.050952126074949956 443
1757518467305 0.05746359975124422 444
1757518467342 0.0033062205323759032 445
1757518467378 0.02528160672839148 446
1757518467415 0.42138392152813325 447
1757518467452 0.0027043444977948 448
1757518467488 0.1346872267354986 449
1757518467525 0.10889152203445174 450
1757518467561 0.13520300282476522 451
1757518467597 0.7814783497155317 452
1757518467633 0.0010372530304958204 453
1757518467670 0.0307785947634099 454
1757518467706 0.004286346509949333 455
1757518467742 0.0029093895636396485 456
1757518467779 0.008259210792747126 457
1757518467815 0.13466520810008648 458
1757518467851 0.02163905152126092 459
1757518467888 0.08349692065579994 460
1757518467924 0.00010539101402429732 461
1757518467960 0.18700960625746868 462
1757518467997 0.00035179192223884563 463
1757518468033 0.004803122754460835 464
1757518468070 0.020087095512462183 465
1757518468106 0.045284251223451755 466
1757518468143 0.0006842905451078969 467
1757518468179 0.002596418385699294 468
1757518468215 0.028203976769456462 469
1757518468252 0.11165558453656857 470
1757518468289 0.05609159860353074 471
1757518468326 0.14704654505861955 472
1757518468363 0.009850226494327948 473
1757518468399 0.046736173344648045 474
1757518468435 0.2948627944877453 475
1757518468471 0.058097160005587366 476
1757518468507 0.26730393294374505 477
1757518468545 0.0705685156169071 478
1757518468581 0.0018337884878573333 479
1757518468619 0.006447522000632295 480
1757518468656 0.11774761564629217 481
1757518468693 0.06639584400984302 482
1757518468730 0.10639517629658521 483
1757518468766 0.05037101741221631 484
1757518468803 8.664341077027502e-05 485
1757518468839 0.05736865316940029 486
1757518468876 0.1212853618640129 487
1757518468913 0.26354898272158195 488
1757518468950 0.01909526492064727 489
1757518468986 0.007064770593110582 490
1757518469023 0.0007673774033290569 491
1757518469059 0.08785097648914489 492
1757518469095 0.022974628599920395 493
1757518469132 0.10737193075785662 494
1757518469169 0.0010835630077530361 495
1757518469206 0.07395822035713806 496
1757518469244 0.1643449025105389 497
1757518469281 0.009993853560279178 498
1757518469318 0.08047010704977944 499
