1757594398040 168.9733841766261 0
1757594398048 162.69597451450502 1
1757594398056 156.66093162796238 2
1757594398065 150.8588252338816 3
1757594398073 145.28059359479678 4
1757594398082 139.9175290740913 5
1757594398090 134.76126425845783 6
1757594398099 129.80375862530533 7
1757594398107 125.03728573369118 8
1757594398115 120.45442091819247 9
1757594398124 116.04802946593442 10
1757594398132 111.81125525778707 11
1757594398140 107.73750985548038 12
1757594398148 103.82046201709497 13
1757594398157 100.05402762411181 14
1757594398165 96.4323600038118 15
1757594398174 92.94984063150939 16
1757594398182 89.60107019767894 17
1757594398190 86.38086002562594 18
1757594398198 83.2842238259416 19
1757594398206 80.30636977448705 20
1757594398214 77.4426929012004 21
1757594398223 74.68876777751547 22
1757594398232 72.04034149064692 23
1757594398240 69.49332689347982 24
1757594398248 67.04379611922676 25
1757594398257 64.68797435045504 26
1757594398278 62.42223383248535 27
1757594398289 60.2430881215624 28
1757594398298 58.14718655857922 29
1757594398306 56.13130895948403 30
1757594398315 54.19236051386933 31
1757594398323 52.327366883559066 32
1757594398332 50.53346949333868 33
1757594398340 48.80792100628786 34
1757594398349 47.14808097645476 35
1757594398358 45.55141167192 36
1757594398367 44.015474061548446 37
1757594398375 42.53792395901056 38
1757594398384 41.1165083178875 39
1757594398392 39.74906167194125 40
1757594398401 38.43350271483846 41
1757594398409 37.16783101386062 42
1757594398418 35.95012385233777 43
1757594398426 34.77853319575395 44
1757594398435 33.65128277667104 45
1757594398443 32.56666529380529 46
1757594398451 31.52303972077794 47
1757594398460 30.518828720235835 48
1757594398468 29.55251615920794 49
1757594398477 28.622644721722903 50
1757594398485 27.727813614875092 51
1757594398494 26.866676364668226 52
1757594398502 26.03793869812051 53
1757594398511 25.240356508241213 54
1757594398520 24.47273389863214 55
1757594398528 23.733921304589785 56
1757594398537 23.022813687706577 57
1757594398546 22.338348801090962 58
1757594398554 21.679505522434933 59
1757594398563 21.04530225226968 60
1757594398571 20.43479537485372 61
1757594398579 19.84707777923707 62
1757594398588 19.281277438142354 63
1757594398596 18.736556042397545 64
1757594398605 18.212107688741224 65
1757594398614 17.707157618910625 66
1757594398623 17.220961007999673 67
1757594398631 16.752801800159443 68
1757594398640 16.301991589783245 69
1757594398648 15.867868546396398 70
1757594398656 15.449796381535954 71
1757594398665 15.047163355978316 72
1757594398673 14.659381325731337 73
1757594398682 14.285884825275115 74
1757594398690 13.926130186590257 75
1757594398699 13.579594692574032 76
1757594398708 13.245775763497253 77
1757594398716 12.924190175207233 78
1757594398725 12.61437330783526 79
1757594398733 12.315878423813906 80
1757594398742 12.028275974056351 81
1757594398750 11.751152931196247 82
1757594398759 11.48411214882883 83
1757594398768 11.226771745734931 84
1757594398777 10.978764514112218 85
1757594398785 10.739737350871733 86
1757594398794 10.50935071110034 87
1757594398803 10.287278082819387 88
1757594398811 10.073205482208301 89
1757594398820 9.86683096849208 90
1757594398828 9.667864177723622 91
1757594398837 9.476025874722556 92
1757594398846 9.291047522460234 93
1757594398855 9.112670868209111 94
1757594398863 8.94064754580121 95
1757594398872 8.774738693365807 96
1757594398881 8.614714585942071 97
1757594398890 8.460354282384426 98
1757594398899 8.311445286002952 99
1757594398907 8.167783218402276 100
1757594398916 8.029171506002827 101
1757594398925 7.89542107874949 102
1757594398934 7.766350080532037 103
1757594398943 7.641783590859016 104
1757594398952 7.521553357347067 105
1757594398961 7.405497538602288 106
1757594398969 7.293460457088669 107
1757594398978 7.185292361593627 108
1757594398987 7.080849198916238 109
1757594398996 6.97999239441821 110
1757594399004 6.882588641091565 111
1757594399013 6.788509696811877 112
1757594399022 6.697632189456161 113
1757594399031 6.609837429580355 114
1757594399040 6.5250112303604935 115
1757594399049 6.443043734515105 116
1757594399057 6.36382924793614 117
1757594399066 6.2872660797674875 118
1757594399075 6.213256388679449 119
1757594399083 6.141706035098118 120
1757594399092 6.072524439157124 121
1757594399101 6.005624444149691 122
1757594399110 5.940922185265808 123
1757594399119 5.878336963409647 124
1757594399128 5.817791123898775 125
1757594399137 5.759209939855656 126
1757594399147 5.702521500108059 127
1757594399156 5.647656601424107 128
1757594399165 5.594548644912032 129
1757594399174 5.543133536423582 130
1757594399183 5.493349590804841 131
1757594399192 5.445137439845058 132
1757594399201 5.398439943779766 133
1757594399210 5.353202106209907 134
1757594399219 5.309370992304065 135
1757594399228 5.266895650156572 136
1757594399237 5.225727035178748 137
1757594399246 5.185817937405201 138
1757594399256 5.14712291160233 139
1757594399266 5.109598210070039 140
1757594399275 5.073201718032305 141
1757594399285 5.037892891515625 142
1757594399294 5.003632697619427 143
1757594399303 4.970383557085282 144
1757594399312 4.9381092890758245 145
1757594399321 4.906775058077532 146
1757594399330 4.876347322845434 147
1757594399339 4.846793787310008 148
1757594399348 4.818083353370841 149
1757594399356 4.790186075503375 150
1757594399366 4.7630731171089264 151
1757594399375 4.736716708540142 152
1757594399384 4.711090106737278 153
1757594399393 4.686167556412899 154
1757594399402 4.661924252724686 155
1757594399411 4.638336305379501 156
1757594399420 4.615380704112515 157
1757594399429 4.593035285488923 158
1757594399438 4.571278700976681 159
1757594399448 4.550090386241187 160
1757594399457 4.529450531614863 161
1757594399466 4.509340053696085 162
1757594399475 4.4897405680338425 163
1757594399485 4.470634362856379 164
1757594399494 4.452004373802993 165
1757594399503 4.433834159621185 166
1757594399512 4.4161078787909895 167
1757594399522 4.3988102670412 168
1757594399531 4.381926615722977 169
1757594399541 4.365442751007898 170
1757594399550 4.349345013878481 171
1757594399559 4.3336202408808004 172
1757594399569 4.318255745609736 173
1757594399578 4.303239300898705 174
1757594399587 4.288559121686752 175
1757594399597 4.274203848536976 176
1757594399606 4.260162531780997 177
1757594399615 4.246424616265806 178
1757594399624 4.232979926679376 179
1757594399633 4.219818653433179 180
1757594399642 4.206931339079896 181
1757594399651 4.194308865246037 182
1757594399661 4.1819424400595215 183
1757594399670 4.169823586053131 184
1757594399679 4.1579441285259975 185
1757594399689 4.146296184345021 186
1757594399698 4.13487215116967 187
1757594399708 4.123664697083937 188
1757594399717 4.1126667506197 189
1757594399726 4.101871491156585 190
1757594399735 4.091272339683837 191
1757594399745 4.080862949910617 192
1757594399754 4.070637199710897 193
1757594399763 4.0605891828907765 194
1757594399772 4.0507132012651335 195
1757594399782 4.041003757032711 196
1757594399791 4.031455545437319 197
1757594399800 4.0220634477049435 198
1757594399809 4.012822524245752 199
1757594399819 4.003728008111282 200
1757594399828 3.9947752986965868 201
1757594399837 3.9859599556785734 202
1757594399847 3.9772776931811817 203
1757594399856 3.968724374158643 204
1757594399866 3.9602960049890066 205
1757594399875 3.9519887302694143 206
1757594399884 3.943798827805763 207
1757594399894 3.935722703789265 208
1757594399903 3.927756888152749 209
1757594399913 3.919898030100064 210
1757594399922 3.912142893801802 211
1757594399932 3.904488354251053 212
1757594399941 3.8969313932734138 213
1757594399950 3.8894690956847726 214
1757594399960 3.882098645592173 215
1757594399969 3.874817322831528 216
1757594399978 3.8676224995372372 217
1757594399988 3.860511636839087 218
1757594399997 3.8534822816811154 219
1757594400007 3.8465320637581315 220
1757594400016 3.839658692565374 221
1757594400026 3.8328599545568527 222
1757594400035 3.8261337104088073 223
1757594400045 3.8194778923835524 224
1757594400054 3.812890501790721 225
1757594400064 3.8063696065414048 226
1757594400074 3.799913338792613 227
1757594400084 3.7935198926778946 228
1757594400094 3.787187522121183 229
1757594400103 3.7809145387308356 230
1757594400112 3.7746993097707344 231
1757594400122 3.7685402562053927 232
1757594400132 3.7624358508167637 233
1757594400141 3.7563846163895045 234
1757594400150 3.7503851239625194 235
1757594400160 3.744435991144216 236
1757594400169 3.7385358804889055 237
1757594400179 3.7326834979324346 238
1757594400188 3.7268775912843175 239
1757594400198 3.721116948774911 240
1757594400207 3.7154003976549226 241
1757594400216 3.7097268028457115 242
1757594400226 3.70409506563849 243
1757594400236 3.6985041224402573 244
1757594400245 3.6929529435652118 245
1757594400255 3.6874405320695978 246
1757594400265 3.6819659226284385 247
1757594400274 3.6765281804527294 248
1757594400284 3.6711264002455164 249
1757594400294 3.665759705195315 250
1757594400303 3.66042724600571 251
1757594400313 3.6551281999595533 252
1757594400322 3.6498617700167233 253
1757594400332 3.644627183943915 254
1757594400342 3.639423693475706 255
1757594400352 3.634250573505196 256
1757594400361 3.6291071213036257 257
1757594400371 3.623992655767616 258
1757594400380 3.618906516693187 259
1757594400390 3.61384806407538 260
1757594400400 3.6088166774326065 261
1757594400410 3.6038117551552005 262
1757594400420 3.5988327138763907 263
1757594400430 3.5938789878660344 264
1757594400440 3.58895002844513 265
1757594400449 3.5840453034213637 266
1757594400459 3.579164296544057 267
1757594400470 3.5743065069785156 268
1757594400482 3.56947144879854 269
1757594400493 3.5646586504968436 270
1757594400502 3.559867654512373 271
1757594400512 3.5550980167742234 272
1757594400522 3.5503493062612925 273
1757594400531 3.545621104577331 274
1757594400541 3.5409130055406837 275
1757594400551 3.536224614788187 276
1757594400561 3.531555549392765 277
1757594400571 3.5269054374942774 278
1757594400581 3.52227391794304 279
1757594400591 3.5176606399555963 280
1757594400601 3.5130652627822574 281
1757594400610 3.508487455386247 282
1757594400620 3.5039268961334487 283
1757594400630 3.4993832724932274 284
1757594400640 3.4948562807490275 285
1757594400650 3.4903456257190335 286
1757594400660 3.485851020486329 287
1757594400669 3.4813721861381652 288
1757594400679 3.476908851514026 289
1757594400690 3.472460752962299 290
1757594400699 3.468027634105074 291
1757594400709 3.4636092456109253 292
1757594400719 3.459205344975298 293
1757594400729 3.4548156963082723 294
1757594400739 3.4504400701294715 295
1757594400748 3.4460782431697705 296
1757594400759 3.441729998179655 297
1757594400768 3.4373951237439737 298
1757594400778 3.43307341410285 299
1757594400788 3.4287646689784887 300
1757594400798 3.4244686934078117 301
1757594400808 3.420185297580506 302
1757594400819 3.4159142966825358 303
1757594400829 3.411655510744734 304
1757594400840 3.407408764496344 305
1757594400850 3.4031738872235153 306
1757594400860 3.398950712632235 307
1757594400870 3.3947390787158023 308
1757594400880 3.390538827626713 309
1757594400891 3.3863498055526513 310
1757594400901 3.3821718625964494 311
1757594400911 3.378004852659971 312
1757594400921 3.3738486333318054 313
1757594400932 3.369703065778578 314
1757594400942 3.3655680146396136 315
1757594400952 3.361443347925165 316
1757594400962 3.3573289369178005 317
1757594400972 3.3532246560770216 318
1757594400982 3.349130382946778 319
1757594400993 3.345045998066128 320
1757594401003 3.3409713848825757 321
1757594401013 3.3369064296682396 322
1757594401024 3.3328510214385605 323
1757594401034 3.328805051873809 324
1757594401044 3.3247684152427506 325
1757594401054 3.320741008329007 326
1757594401064 3.3167227303594884 327
1757594401074 3.3127134829352105 328
1757594401085 3.3087131699642076 329
1757594401095 3.304721697596556 330
1757594401106 3.300738974161364 331
1757594401116 3.2967649101058534 332
1757594401126 3.2927994179360742 333
1757594401136 3.288842412159715 334
1757594401146 3.284893809230566 335
1757594401157 3.2809535274944994 336
1757594401168 3.2770214871375076 337
1757594401178 3.273097610134901 338
1757594401188 3.2691818202023977 339
1757594401199 3.2652740427484015 340
1757594401209 3.261374204828008 341
1757594401219 3.2574822350981516 342
1757594401230 3.2535980637743243 343
1757594401240 3.2497216225883734 344
1757594401250 3.2458528447477493 345
1757594401260 3.241991664895938 346
1757594401271 3.2381380190739453 347
1757594401281 3.2342918446830695 348
1757594401291 3.2304530804487923 349
1757594401301 3.2266216663855536 350
1757594401312 3.222797543762813 351
1757594401323 3.218980655071929 352
1757594401333 3.2151709439940523 353
1757594401343 3.2113683553690318 354
1757594401354 3.207572835165204 355
1757594401365 3.203784330449919 356
1757594401375 3.2000027893611795 357
1757594401385 3.196228161079878 358
1757594401396 3.192460395802973 359
1757594401406 3.1886994447173604 360
1757594401416 3.1849452599745494 361
1757594401427 3.1811977946660543 362
1757594401437 3.1774570027993927 363
1757594401448 3.1737228392750563 364
1757594401458 3.1699952598636583 365
1757594401468 3.1662742211843042 366
1757594401479 3.162559680683041 367
1757594401489 3.158851596612278 368
1757594401499 3.155149928010671 369
1757594401510 3.151454634683497 370
1757594401521 3.147765677183705 371
1757594401531 3.144083016793381 372
1757594401542 3.1404066155058596 373
1757594401552 3.136736436008216 374
1757594401562 3.133072441664283 375
1757594401573 3.129414596498161 376
1757594401583 3.1257628651781695 377
1757594401594 3.1221172130011663 378
1757594401604 3.118477605877475 379
1757594401614 3.1148440103160473 380
1757594401625 3.1112163934100687 381
1757594401635 3.1075947228230745 382
1757594401645 3.1039789667752467 383
1757594401655 3.100369094030262 384
1757594401666 3.0967650738824135 385
1757594401676 3.093166876144024 386
1757594401687 3.089574471133324 387
1757594401697 3.0859878296625602 388
1757594401708 3.0824069230264297 389
1757594401718 3.078831722990886 390
1757594401728 3.0752622017821603 391
1757594401739 3.0716983320761257 392
1757594401750 3.06814008698789 393
1757594401760 3.0645874400617963 394
1757594401771 3.061040365261425 395
1757594401782 3.057498836960222 396
1757594401792 3.0539628299319914 397
1757594401802 3.0504323193419145 398
1757594401813 3.0469072807376874 399
1757594401824 3.043387690040869 400
1757594401834 3.0398735235385037 401
1757594401845 3.0363647578750097 402
1757594401855 3.032861370044058 403
1757594401866 3.029363337380969 404
1757594401877 3.0258706375550215 405
1757594401888 3.0223832485622126 406
1757594401898 3.018901148717873 407
1757594401909 3.0154243166498644 408
1757594401919 3.0119527312916383 409
1757594401930 3.008486371875635 410
1757594401941 3.005025217926746 411
1757594401951 3.00156924925598 412
1757594401962 2.9981184459544337 413
1757594401973 2.9946727883870325 414
1757594401983 2.991232257186917 415
1757594401994 2.9877968332495763 416
1757594402005 2.9843664977272732 417
1757594402016 2.9809412320236928 418
1757594402027 2.977521017788574 419
1757594402038 2.9741058369124826 420
1757594402049 2.970695671521915 421
1757594402060 2.96729050397419 422
1757594402071 2.963890316852767 423
1757594402082 2.960495092962569 424
1757594402105 2.957104815325256 425
1757594402119 2.9537194671749494 426
1757594402130 2.950339031953737 427
1757594402141 2.9469634933074857 428
1757594402152 2.9435928350816827 429
1757594402163 2.940227041317342 430
1757594402173 2.9368660962471065 431
1757594402184 2.93350998429133 432
1757594402195 2.9301586900543826 433
1757594402206 2.9268121983208473 434
1757594402217 2.923470494052097 435
1757594402227 2.920133562382606 436
1757594402238 2.9168013886166393 437
1757594402249 2.913473958224856 438
1757594402259 2.910151256841065 439
1757594402270 2.9068332702590167 440
1757594402281 2.9035199844292765 441
1757594402292 2.900211385456234 442
1757594402303 2.89690745959498 443
1757594402313 2.8936081932486006 444
1757594402324 2.89031357296518 445
1757594402335 2.8870235854351267 446
1757594402347 2.8837382174883284 447
1757594402358 2.8804574560916407 448
1757594402368 2.877181288346219 449
1757594402379 2.873909701485055 450
1757594402390 2.8706426828703493 451
1757594402401 2.867380219991313 452
1757594402412 2.8641223004616125 453
1757594402423 2.8608689120171733 454
1757594402434 2.8576200425138105 455
1757594402445 2.854375679925135 456
1757594402456 2.8511358123403916 457
1757594402467 2.8479004279621907 458
1757594402478 2.8446695151046435 459
1757594402488 2.8414430621911846 460
1757594402499 2.8382210577527296 461
1757594402511 2.8350034904256094 462
1757594402521 2.831790348949787 463
1757594402532 2.8285816221669555 464
1757594402543 2.8253772990187356 465
1757594402554 2.8221773685449403 466
1757594402565 2.818981819881781 467
1757594402576 2.815790642260247 468
1757594402587 2.812603825004382 469
1757594402598 2.8094213575297338 470
1757594402609 2.8062432293417006 471
1757594402620 2.8030694300340055 472
1757594402631 2.7998999492871843 473
1757594402643 2.796734776867124 474
1757594402654 2.7935739026235544 475
1757594402665 2.7904173164886363 476
1757594402676 2.7872650084756065 477
1757594402687 2.7841169686773797 478
1757594402698 2.7809731872652055 479
1757594402710 2.777833654487388 480
1757594402721 2.7746983606680256 481
1757594402734 2.7715672962056312 482
1757594402746 2.7684404515720855 483
1757594402758 2.7653178173113178 484
1757594402769 2.762199384038165 485
1757594402781 2.7590851424371983 486
1757594402792 2.7559750832615975 487
1757594402803 2.752869197332114 488
1757594402815 2.7497674755358528 489
1757594402826 2.746669908825351 490
1757594402837 2.7435764882174167 491
1757594402851 2.740487204792222 492
1757594402863 2.7374020496922395 493
1757594402874 2.73432101412126 494
1757594402885 2.731244089343457 495
1757594402896 2.728171266682474 496
1757594402907 2.725102537520414 497
1757594402919 2.7220378932970783 498
1757594402930 2.7189773255089467 499
