1757518087510 131.39575878606806 0
1757518087520 90.33046957035056 1
1757518087529 70.74317448915336 2
1757518087539 44.076837333625974 3
1757518087549 32.686760919274654 4
1757518087558 31.332256353538995 5
1757518087567 16.235822671271066 6
1757518087577 12.229784584171435 7
1757518087586 9.690676248133935 8
1757518087595 5.455727261343547 9
1757518087605 9.336050758153947 10
1757518087614 8.851782304133037 11
1757518087624 6.187391339488002 12
1757518087633 3.9586474408110726 13
1757518087642 12.398381685944898 14
1757518087652 6.66952620651372 15
1757518087661 3.750168531844433 16
1757518087671 9.579921170222535 17
1757518087681 4.84408412798427 18
1757518087690 5.019746570198151 19
1757518087700 3.607540950025828 20
1757518087709 5.113891103516366 21
1757518087720 5.61690501077732 22
1757518087730 4.433715528368211 23
1757518087740 6.460033756595914 24
1757518087749 1.071800552064317 25
1757518087759 7.948641698471539 26
1757518087769 3.5626737153924255 27
1757518087779 2.2880612554611433 28
1757518087788 1.6879394845210003 29
1757518087798 5.505511057505867 30
1757518087807 6.7813800371021085 31
1757518087817 1.4438352417091598 32
1757518087826 1.5720572729345401 33
1757518087836 3.938568420173733 34
1757518087845 4.1206259086121975 35
1757518087855 4.150849646396856 36
1757518087864 1.9895747224905733 37
1757518087874 3.369913866816742 38
1757518087884 4.67314809564739 39
1757518087893 1.201503866574236 40
1757518087903 2.9051636533171306 41
1757518087914 0.6469751180977672 42
1757518087931 5.597376064318687 43
1757518087946 3.6759625449778897 44
1757518087963 3.973430157610384 45
1757518087978 5.713084377347078 46
1757518087994 4.618437512307635 47
1757518088008 5.021135102144413 48
1757518088021 2.4068298177486325 49
1757518088032 2.060636094363198 50
1757518088043 3.1593141083261345 51
1757518088053 3.6716007274602673 52
1757518088063 2.792851605752955 53
1757518088074 1.692149491609996 54
1757518088084 2.543795342823741 55
1757518088094 3.8400832325639023 56
1757518088105 4.145013319206296 57
1757518088115 1.367527719713487 58
1757518088128 2.6554621061204133 59
1757518088143 2.362215806500124 60
1757518088156 3.118606841329183 61
1757518088167 2.7181215510154657 62
1757518088177 1.3909327116350747 63
1757518088188 3.0632793197858774 64
1757518088198 1.440789569422531 65
1757518088209 1.8544699217297287 66
1757518088220 1.4017270667107475 67
1757518088230 4.251765695651406 68
1757518088241 2.785635665667363 69
1757518088251 1.6241097853121034 70
1757518088262 4.867392451709633 71
1757518088273 2.1193527619261996 72
1757518088283 1.6880740623466575 73
1757518088294 4.016802779658992 74
1757518088304 2.522820838072219 75
1757518088315 2.8978814879374486 76
1757518088325 1.5321928385394594 77
1757518088336 4.62602659049819 78
1757518088346 1.7441082886107195 79
1757518088357 2.4928312612803945 80
1757518088367 2.1007097216787294 81
1757518088377 1.7331352004636176 82
1757518088387 1.756911653002306 83
1757518088397 0.540909362936222 84
1757518088407 1.5121557773099592 85
1757518088417 2.2108605741296175 86
1757518088427 3.048975346922246 87
1757518088437 2.4784399574983422 88
1757518088448 2.101289253557756 89
1757518088458 2.6928990214019453 90
1757518088467 2.107205981741276 91
1757518088477 2.670321621360035 92
1757518088487 1.7191481851555013 93
1757518088497 2.844776079118192 94
1757518088507 2.1903938901427793 95
1757518088517 2.6465187402525987 96
1757518088530 2.525752244854938 97
1757518088540 3.578497217473232 98
1757518088550 3.4927478350041854 99
1757518088560 1.8364355341406093 100
1757518088570 1.5590023584012838 101
1757518088580 1.501467192557016 102
1757518088590 2.712887291887621 103
1757518088600 2.0290940476261996 104
1757518088611 2.8075910369458694 105
1757518088621 0.7401818779273369 106
1757518088631 2.26095873170133 107
1757518088641 1.1232291932144562 108
1757518088651 1.7156061476826487 109
1757518088660 2.5599243547871424 110
1757518088670 1.0529326079562071 111
1757518088681 2.363716307763821 112
1757518088691 0.9949453635114168 113
1757518088700 1.2850855843970288 114
1757518088711 1.021414398252556 115
1757518088721 1.465636793767937 116
1757518088748 1.6266603267109672 117
1757518088760 0.9787049862153554 118
1757518088771 1.572064395746285 119
1757518088781 0.7682182561856431 120
1757518088791 1.540470057515155 121
1757518088801 1.0608083365119256 122
1757518088811 1.5532577614807004 123
1757518088821 3.8475772080756374 124
1757518088831 1.2805307987064323 125
1757518088842 1.8186867996615321 126
1757518088852 1.4240515372802074 127
1757518088862 1.21961259004845 128
1757518088872 2.592983081946774 129
1757518088882 1.8170175799688983 130
1757518088892 0.763899462145579 131
1757518088903 1.148987954070785 132
1757518088913 1.7459129034402578 133
1757518088923 1.3891179475260267 134
1757518088933 1.0889523259595872 135
1757518088943 0.9287635167199773 136
1757518088954 1.176465371957471 137
1757518088964 1.0007027711804697 138
1757518088974 0.9966093243265726 139
1757518088985 1.9434624089839971 140
1757518088995 1.3118869492990595 141
1757518089006 0.8714216871474731 142
1757518089016 1.189349131128024 143
1757518089027 1.056059992123839 144
1757518089037 1.7716706572893814 145
1757518089048 1.1303933864533746 146
1757518089058 1.5096623699510963 147
1757518089068 1.4210248540136943 148
1757518089078 0.9096135385309125 149
1757518089088 1.748231308371887 150
1757518089099 0.7526907148653638 151
1757518089109 0.9039236095768178 152
1757518089119 1.1703160574778861 153
1757518089129 1.9859952959667757 154
1757518089140 1.3309769827586333 155
1757518089150 0.9970827873201192 156
1757518089161 0.7582371471055585 157
1757518089171 1.2377943070849768 158
1757518089181 1.2730251878893788 159
1757518089191 1.372450197560523 160
1757518089202 1.1795442437751644 161
1757518089212 1.6350158159515085 162
1757518089223 1.2393890350191743 163
1757518089233 1.2576958422462121 164
1757518089243 1.5765536679358545 165
1757518089254 0.8678338436198897 166
1757518089265 0.7288009152127398 167
1757518089275 1.2775683340507593 168
1757518089286 1.625507436368272 169
1757518089296 1.0308027000113509 170
1757518089306 0.6457652258050229 171
1757518089317 0.7735107316120687 172
1757518089327 1.784647232877901 173
1757518089337 1.170298146297989 174
1757518089348 0.9339657483743383 175
1757518089358 1.1983423093047092 176
1757518089369 0.7826856354931595 177
1757518089379 0.49354259090247615 178
1757518089391 0.8208086270813535 179
1757518089406 0.992118017349702 180
1757518089416 0.6806612488966879 181
1757518089427 0.7401347127744017 182
1757518089437 0.7571944567604507 183
1757518089448 0.5700908943920785 184
1757518089459 0.6761701767644693 185
1757518089470 1.2673212126749775 186
1757518089480 0.5564549490460869 187
1757518089491 0.9001472497775732 188
1757518089501 0.7905580280851103 189
1757518089512 0.3607560072750278 190
1757518089522 1.0200531176246235 191
1757518089533 1.0520161022257448 192
1757518089544 0.7401254152436587 193
1757518089554 0.9387219545440647 194
1757518089565 0.184627633705155 195
1757518089575 0.9762461200099757 196
1757518089586 0.7467923291851035 197
1757518089596 1.1909845178631218 198
1757518089607 1.2111364924118933 199
1757518089618 0.8834645588220728 200
1757518089628 0.26328663278558384 201
1757518089639 0.954371572621902 202
1757518089649 0.4556897161148875 203
1757518089660 0.8622252003098438 204
1757518089670 0.587432395775799 205
1757518089681 0.8946272748736411 206
1757518089691 1.5837098378249808 207
1757518089702 0.6844710805842313 208
1757518089713 1.2416639310127724 209
1757518089724 0.3377447675729173 210
1757518089734 0.46919309671916676 211
1757518089745 0.41324297173394203 212
1757518089756 0.7064937593578036 213
1757518089766 0.7732473572712137 214
1757518089777 0.3636552201439972 215
1757518089788 0.38546614981031896 216
1757518089799 0.8364893763595929 217
1757518089809 0.43091004122648363 218
1757518089820 0.4768407175037424 219
1757518089831 0.4128278513908395 220
1757518089841 0.7239764235823118 221
1757518089852 0.9407980526754225 222
1757518089863 0.4829633241277789 223
1757518089874 0.7100561886074929 224
1757518089884 0.631296648679499 225
1757518089895 0.6229859369662346 226
1757518089906 0.513430873920012 227
1757518089917 0.7558454599372114 228
1757518089928 0.5292311460567103 229
1757518089939 0.5806321121383036 230
1757518089949 1.0891662039126069 231
1757518089960 0.3845863381615406 232
1757518089971 0.7152554392165389 233
1757518089982 0.2503717690220185 234
1757518089993 0.420243594831166 235
1757518090004 0.9739724405696961 236
1757518090014 0.26752691813965446 237
1757518090025 0.6407697283511661 238
1757518090036 0.6253250608355728 239
1757518090047 0.7971664005102229 240
1757518090058 0.7829660759944708 241
1757518090069 0.5741650188216113 242
1757518090079 0.4124289070974696 243
1757518090090 0.581641792940159 244
1757518090101 0.6469653598387117 245
1757518090112 0.5346167947684123 246
1757518090123 0.4886218704150288 247
1757518090134 0.5707156749186456 248
1757518090145 0.503085068156095 249
1757518090155 0.8050283719722824 250
1757518090166 0.4804436992463449 251
1757518090177 0.35655611934111686 252
1757518090188 0.49468756839227424 253
1757518090199 0.5639941173893901 254
1757518090210 0.4034774202947894 255
1757518090221 0.6613211988313964 256
1757518090232 0.3470928334405646 257
1757518090243 0.4493993227021275 258
1757518090254 0.5778475188294268 259
1757518090265 0.35821069124332444 260
1757518090275 0.40662252499783247 261
1757518090286 0.30935105376279215 262
1757518090297 0.389324670951867 263
1757518090308 0.4009300062790786 264
1757518090319 0.5218946510968973 265
1757518090330 0.6137706018764767 266
1757518090341 0.298505603314299 267
1757518090352 0.5539165823365526 268
1757518090363 0.17910932547914474 269
1757518090375 0.3569390984009003 270
1757518090385 0.4407083691070106 271
1757518090396 0.5841587139326962 272
1757518090407 0.4835400834368121 273
1757518090418 0.6701029584358311 274
1757518090429 0.286933820395236 275
1757518090440 0.28080586907407284 276
1757518090451 0.46487740781545916 277
1757518090463 0.38120903275614026 278
1757518090474 0.2797190996777804 279
1757518090485 0.7979273764284515 280
1757518090496 0.4174522794634933 281
1757518090508 0.4827627333882547 282
1757518090521 0.42453797405211413 283
1757518090534 0.3812805818568408 284
1757518090545 0.4073265015825042 285
1757518090556 0.3130432339513933 286
1757518090567 0.48108727337479257 287
1757518090578 0.34059937918524624 288
1757518090590 0.6658667369886112 289
1757518090600 0.773461442217866 290
1757518090612 0.5297495080122614 291
1757518090623 0.23951763548732188 292
1757518090634 0.30935740992053556 293
1757518090645 0.43926206405695756 294
1757518090656 0.3792868718811414 295
1757518090668 0.37857860203062743 296
1757518090679 0.38172479152045347 297
1757518090690 0.3195723358958494 298
1757518090701 0.2818146648092996 299
1757518090713 0.34738262510303775 300
1757518090724 0.331771558316903 301
1757518090735 0.3497275462888877 302
1757518090746 0.316246949797307 303
1757518090758 0.30361842250334375 304
1757518090770 0.15973546326331678 305
1757518090781 0.7499498212434068 306
1757518090793 0.3963643735846501 307
1757518090804 0.25107932295359514 308
1757518090815 0.19179444689089845 309
1757518090827 0.2640614617413965 310
1757518090838 0.4996387338330761 311
1757518090850 0.32104911878147563 312
1757518090861 0.3639503923912666 313
1757518090872 0.19626445045191115 314
1757518090883 0.18282195773617005 315
1757518090894 0.524315256885438 316
1757518090906 0.26747568279357514 317
1757518090917 0.4760538097398865 318
1757518090929 0.23629236198340192 319
1757518090940 0.42462675869633487 320
1757518090951 0.4544469276789872 321
1757518090963 0.28806675886098243 322
1757518090974 0.13805742730235585 323
1757518090986 0.43953452290832723 324
1757518090997 0.293687197168711 325
1757518091008 0.23066229760394188 326
1757518091020 0.3262327611394259 327
1757518091031 0.3688180343737692 328
1757518091044 0.33854728579675236 329
1757518091055 0.21383182618038488 330
1757518091067 0.22933888938826777 331
1757518091078 0.3634553782465331 332
1757518091090 0.2473823017285223 333
1757518091101 0.40103662099298787 334
1757518091113 0.13037261405851136 335
1757518091124 0.2911110775508518 336
1757518091135 0.3761918631695591 337
1757518091147 0.5064322490650033 338
1757518091158 0.4050223484468785 339
1757518091170 0.28249089287273055 340
1757518091182 0.41598907073749797 341
1757518091193 0.35598158942705954 342
1757518091205 0.11920244807551111 343
1757518091216 0.15752928460548005 344
1757518091228 0.43998706390683073 345
1757518091240 0.23922500180515352 346
1757518091254 0.23697103160256155 347
1757518091266 0.3427375763046821 348
1757518091278 0.15462731552487832 349
1757518091289 0.28394892455786264 350
1757518091301 0.4233790360312806 351
1757518091312 0.4411491152267756 352
1757518091324 0.27674477876108977 353
1757518091335 0.17897303937893555 354
1757518091347 0.24382183647122796 355
1757518091359 0.2596698434025765 356
1757518091370 0.20591226575151841 357
1757518091382 0.26819410157103196 358
1757518091393 0.18799742702760863 359
1757518091405 0.24901517684842917 360
1757518091416 0.17264560002139495 361
1757518091429 0.31093341882386405 362
1757518091442 0.1557061040293665 363
1757518091455 0.1866372957289267 364
1757518091467 0.15897674646108761 365
1757518091479 0.35622881396248446 366
1757518091491 0.2647422615781997 367
1757518091503 0.13869957287240706 368
1757518091514 0.7010468155003587 369
1757518091526 0.18927176200225154 370
1757518091538 0.3105045732879313 371
1757518091549 0.1326575191837952 372
1757518091561 0.35453552073387246 373
1757518091573 0.2052521851181288 374
1757518091585 0.1816036934487211 375
1757518091597 0.1272246863245055 376
1757518091609 0.29773860508217453 377
1757518091620 0.5192428013987546 378
1757518091632 0.21580644809671254 379
1757518091644 0.2554286080321482 380
1757518091655 0.17277055213507717 381
1757518091667 0.2065268292465829 382
1757518091679 0.16393504584314628 383
1757518091690 0.18319629029829246 384
1757518091702 0.2290984235240641 385
1757518091714 0.2313501793188068 386
1757518091725 0.3725385126578866 387
1757518091737 0.4285657628685947 388
1757518091749 0.23149176956054626 389
1757518091760 0.14220220488595114 390
1757518091772 0.3762569898791521 391
1757518091784 0.451234350014567 392
1757518091796 0.15109918571990263 393
1757518091808 0.30225270068611404 394
1757518091819 0.11247020405082417 395
1757518091831 0.15858608007067948 396
1757518091843 0.32512898198180273 397
1757518091854 0.2848002331701672 398
1757518091866 0.23390059662343896 399
1757518091878 0.22208516862847308 400
1757518091890 0.1514053126129678 401
1757518091902 0.2992241720491254 402
1757518091913 0.27003756787395766 403
1757518091925 0.13696109422605374 404
1757518091937 0.1938402404415466 405
1757518091950 0.3110915179766079 406
1757518091962 0.17858035854506996 407
1757518091974 0.2778753614214066 408
1757518091986 0.2141264923785512 409
1757518091998 0.2754928071492036 410
1757518092009 0.21447749344824402 411
1757518092021 0.42574046990010195 412
1757518092033 0.193136599540551 413
1757518092045 0.14542847722253638 414
1757518092057 0.12210609712784329 415
1757518092069 0.12970864669075427 416
1757518092081 0.19595800340041855 417
1757518092093 0.1498517615916361 418
1757518092105 0.18894178729998623 419
1757518092117 0.18310678451436302 420
1757518092129 0.25744144966320714 421
1757518092141 0.30717405053106184 422
1757518092153 0.301395035897177 423
1757518092165 0.25994649594322 424
1757518092177 0.1525332971284977 425
1757518092189 0.2823784318200541 426
1757518092201 0.17259551159864744 427
1757518092213 0.09141996600421316 428
1757518092225 0.3034569088739462 429
1757518092237 0.2706550056607802 430
1757518092249 0.1075098850102765 431
1757518092261 0.26154061554169866 432
1757518092273 0.1135983405467314 433
1757518092285 0.14552084466220008 434
1757518092297 0.21092587827710169 435
1757518092309 0.09644826554591945 436
1757518092321 0.18185736582753134 437
1757518092333 0.19176500637473043 438
1757518092345 0.12924128619586786 439
1757518092360 0.11746183300029278 440
1757518092373 0.18864318646661052 441
1757518092387 0.14494909629874067 442
1757518092400 0.21505970949044956 443
1757518092412 0.12312556104376066 444
1757518092425 0.11644876283330503 445
1757518092437 0.2029095825792805 446
1757518092450 0.16719282078779432 447
1757518092462 0.3470759468272657 448
1757518092474 0.2711616728910337 449
1757518092486 0.12153232029291297 450
1757518092498 0.19146032991718961 451
1757518092510 0.25371106207462996 452
1757518092523 0.1847593043277302 453
1757518092535 0.09462596664059737 454
1757518092547 0.16583569327338227 455
1757518092559 0.08535409216432818 456
1757518092571 0.22452319807368323 457
1757518092583 0.18535954267990837 458
1757518092596 0.11074841345568025 459
1757518092608 0.14989749875445715 460
1757518092620 0.1837209266762562 461
1757518092632 0.16837785285050047 462
1757518092645 0.13405844526657051 463
1757518092657 0.11794663953171985 464
1757518092669 0.2565811175039077 465
1757518092681 0.16937010953750242 466
1757518092694 0.1504271235838549 467
1757518092706 0.10048088204305285 468
1757518092718 0.12915179809170058 469
1757518092731 0.14250184229594812 470
1757518092743 0.10412047515921877 471
1757518092755 0.1936938895642727 472
1757518092767 0.1449649655147944 473
1757518092779 0.25405826266980375 474
1757518092792 0.21793517986035035 475
1757518092804 0.14103761646336885 476
1757518092817 0.06059282915694298 477
1757518092829 0.10755802324504563 478
1757518092841 0.0913258954579594 479
1757518092853 0.1019181845816571 480
1757518092866 0.24807621977569766 481
1757518092878 0.11173583880798267 482
1757518092890 0.13925150133833247 483
1757518092903 0.2795163190890011 484
1757518092915 0.1583922828584451 485
1757518092927 0.21843271567469033 486
1757518092940 0.10390971840974131 487
1757518092952 0.1303862728200753 488
1757518092967 0.19122541537656418 489
1757518092981 0.12014594896482012 490
1757518092993 0.16596068391541757 491
1757518093006 0.11740398080964241 492
1757518093019 0.17996883208594966 493
1757518093032 0.11706235818732882 494
1757518093045 0.08367367134860919 495
1757518093057 0.24582832102389224 496
1757518093071 0.13623598754635782 497
1757518093083 0.11829049338382983 498
1757518093096 0.15038599741797243 499
