1757594655664 121.28046657144147 0
1757594655673 95.48124811521907 1
1757594655683 67.45940088997604 2
1757594655692 46.400663082469215 3
1757594655702 30.684641942607954 4
1757594655711 31.440624255134257 5
1757594655720 31.875032717952507 6
1757594655729 16.68801980045494 7
1757594655738 10.885959218518268 8
1757594655747 9.508243675344973 9
1757594655756 7.871351104111835 10
1757594655765 7.295735264885289 11
1757594655775 7.443003631449291 12
1757594655784 8.118554058281212 13
1757594655793 8.563347138383138 14
1757594655803 4.236743923657095 15
1757594655815 5.756822991401803 16
1757594655825 3.31772440757339 17
1757594655834 5.999189733668593 18
1757594655844 5.136268935321062 19
1757594655867 2.711290945082607 20
1757594655882 4.1810706595955835 21
1757594655892 2.4673620619205483 22
1757594655901 3.6271596438919835 23
1757594655912 3.7020261498033036 24
1757594655921 4.757417998269553 25
1757594655931 4.43630801861786 26
1757594655940 4.601492496707317 27
1757594655949 2.2381617993362837 28
1757594655958 2.246277624213389 29
1757594655967 4.703551497498996 30
1757594655977 3.4649869297131044 31
1757594655986 1.6594395973327374 32
1757594655995 4.325562977809961 33
1757594656005 2.8871580312553964 34
1757594656014 3.3790066384143818 35
1757594656023 4.17887635710024 36
1757594656032 3.603292780671882 37
1757594656042 6.423039963311017 38
1757594656051 5.78259376281188 39
1757594656061 3.066575794867047 40
1757594656070 4.047948080831866 41
1757594656079 3.084377241363614 42
1757594656089 3.6946912572850747 43
1757594656099 2.137454600450424 44
1757594656108 3.0405045490391394 45
1757594656118 2.9282383840514252 46
1757594656127 3.038199754159034 47
1757594656137 1.1708079457462357 48
1757594656146 2.294117928050312 49
1757594656156 2.7030532839785426 50
1757594656165 1.8966668597878238 51
1757594656174 2.0675522365716685 52
1757594656184 3.2160862447686456 53
1757594656193 1.207949114949251 54
1757594656203 2.623423295303277 55
1757594656212 2.909748091186842 56
1757594656221 3.472544290430761 57
1757594656231 3.6564176439365546 58
1757594656240 2.9806111691058588 59
1757594656250 2.930873661016445 60
1757594656260 1.2295904559597206 61
1757594656269 3.9109054851175293 62
1757594656278 2.0702277227019668 63
1757594656288 1.8697623957198186 64
1757594656297 2.019708903175191 65
1757594656307 2.804922758418315 66
1757594656316 1.866772140243499 67
1757594656326 2.076986943610735 68
1757594656336 2.6264213699567183 69
1757594656345 3.8663275002240893 70
1757594656355 3.829166810625505 71
1757594656365 0.963973851063925 72
1757594656374 1.6709837074499045 73
1757594656384 0.8198718264644009 74
1757594656393 3.228593776910786 75
1757594656403 3.882190502775297 76
1757594656412 1.621443677052867 77
1757594656422 3.895796690319058 78
1757594656431 2.6927194636798526 79
1757594656440 2.877699440405726 80
1757594656450 1.6887645456839575 81
1757594656460 1.561563118634665 82
1757594656469 1.8199321645978128 83
1757594656479 2.2796812349527333 84
1757594656489 2.0626997572864365 85
1757594656498 1.5382439131343133 86
1757594656508 1.7139827306461797 87
1757594656517 1.8022291868960694 88
1757594656527 1.5806386039220677 89
1757594656537 2.9793074369580927 90
1757594656546 1.3650334601658398 91
1757594656556 2.529563699756674 92
1757594656566 1.7974173609162853 93
1757594656576 1.2844065645459664 94
1757594656585 2.2401312768116735 95
1757594656595 1.1621505122562281 96
1757594656604 1.381276115872742 97
1757594656614 1.0662272682051477 98
1757594656624 0.8890560253537572 99
1757594656633 2.4357979110733887 100
1757594656643 2.4715389926963085 101
1757594656653 1.9166473584369872 102
1757594656662 1.9860665353945184 103
1757594656672 1.3871482806936437 104
1757594656682 1.1436682881233446 105
1757594656691 1.1559986097987902 106
1757594656701 1.0432580225932615 107
1757594656711 1.4291588336931869 108
1757594656721 2.0493323540068906 109
1757594656731 1.820237627107648 110
1757594656740 0.9447708081459 111
1757594656750 2.3033792477351804 112
1757594656760 1.803487701907513 113
1757594656769 3.2326699045059426 114
1757594656779 1.677281328956649 115
1757594656790 1.8876465812132452 116
1757594656799 2.0419111088846886 117
1757594656809 0.9281897479458014 118
1757594656819 1.1740396856630892 119
1757594656829 2.40701453666637 120
1757594656839 0.9593803019277276 121
1757594656849 1.742188187630035 122
1757594656859 0.992824095379648 123
1757594656870 2.1835315707706866 124
1757594656881 2.1701361419141327 125
1757594656891 1.2832836915029864 126
1757594656901 1.0215052523409969 127
1757594656911 1.524772946385971 128
1757594656921 2.4643664462763675 129
1757594656931 1.2484440289971976 130
1757594656941 1.086561963366178 131
1757594656952 1.167171494607838 132
1757594656962 1.590589025458965 133
1757594656972 1.3837370576159487 134
1757594656982 1.4791371658672494 135
1757594656992 1.3013085982136843 136
1757594657002 1.3631069095255421 137
1757594657013 1.2355698526706624 138
1757594657023 2.108931103776609 139
1757594657033 0.9416726730071008 140
1757594657043 1.3514956752258658 141
1757594657053 2.0023423267532245 142
1757594657063 1.102506452034188 143
1757594657074 1.6912302485672606 144
1757594657084 0.7277650419285574 145
1757594657094 1.4157628630492025 146
1757594657105 1.2045461918885725 147
1757594657115 1.2606934643660312 148
1757594657125 1.4136660964307501 149
1757594657135 0.9422867065890601 150
1757594657145 1.4084900692964153 151
1757594657155 0.7006746864807823 152
1757594657166 0.8306282200551038 153
1757594657176 1.0493884188098954 154
1757594657186 1.469226344490477 155
1757594657197 1.2273861781613034 156
1757594657207 0.4264256648785725 157
1757594657217 1.2738974494249615 158
1757594657227 0.5426853281658941 159
1757594657237 0.5619057555157226 160
1757594657247 0.8714765506255526 161
1757594657257 0.73454106165083 162
1757594657267 0.7683800397308292 163
1757594657277 1.2204651158050694 164
1757594657287 0.8073505268176505 165
1757594657298 1.173003414036371 166
1757594657308 0.9402557065091196 167
1757594657318 0.9789193299243639 168
1757594657328 1.0295503672477433 169
1757594657338 0.6177222902987296 170
1757594657349 0.8793259863915235 171
1757594657359 0.8537969155704619 172
1757594657369 1.6048468706617414 173
1757594657379 0.8539176070304683 174
1757594657389 0.9933398993774446 175
1757594657400 0.8822071750747631 176
1757594657410 0.7350324649214158 177
1757594657420 0.9100814209703794 178
1757594657430 0.9542787662139861 179
1757594657440 0.5202807131506776 180
1757594657451 0.9661500009186027 181
1757594657461 0.7822723060890132 182
1757594657471 1.034626059550896 183
1757594657481 0.7768471454233138 184
1757594657492 1.1871756646404206 185
1757594657502 1.1097778043786268 186
1757594657512 0.479660911800845 187
1757594657522 0.6868449164461852 188
1757594657533 0.8384977180349305 189
1757594657544 1.0967297148855952 190
1757594657554 0.6930351512525386 191
1757594657564 0.6531558008120366 192
1757594657574 0.9056768652599393 193
1757594657584 0.814888338141862 194
1757594657594 0.9579228862892486 195
1757594657605 0.9465795309122376 196
1757594657615 0.27562945019587176 197
1757594657625 1.0908408910449912 198
1757594657635 2.0432896777111424 199
1757594657646 1.155898586994888 200
1757594657656 0.9551979433402435 201
1757594657667 0.8371420750835548 202
1757594657677 0.8420563990718006 203
1757594657687 0.7650051544788377 204
1757594657698 0.4761919446064779 205
1757594657708 0.36886247623142976 206
1757594657719 0.6727814566936416 207
1757594657729 0.5797352328049094 208
1757594657739 0.6805951584674067 209
1757594657750 0.971420392108775 210
1757594657760 0.6781929265234462 211
1757594657771 0.4333590758751145 212
1757594657781 0.673945483003382 213
1757594657791 0.7332531139525231 214
1757594657802 0.7324350880928018 215
1757594657812 0.5205751804702964 216
1757594657822 1.395930846834837 217
1757594657833 0.46660565936505655 218
1757594657843 0.8236119300294367 219
1757594657854 0.48163367933448004 220
1757594657865 0.35342170284158914 221
1757594657875 0.6453941099348801 222
1757594657886 0.7745307588411916 223
1757594657896 0.447588904165848 224
1757594657907 0.4146243767403129 225
1757594657920 0.30882902155160613 226
1757594657931 0.3326991515944146 227
1757594657941 0.5958581433859084 228
1757594657951 0.5996185954360682 229
1757594657962 0.41331550574138487 230
1757594657973 0.7354593656693993 231
1757594657983 0.38676604714449897 232
1757594657994 0.35606046862055296 233
1757594658005 0.8080686659552819 234
1757594658015 0.4419699965366709 235
1757594658026 0.7362449367763801 236
1757594658037 0.38656426351698797 237
1757594658047 0.4967733856166546 238
1757594658058 0.690988485947147 239
1757594658069 0.6093665325673251 240
1757594658079 0.570242511112829 241
1757594658090 0.6546619456855788 242
1757594658101 0.3624438144874414 243
1757594658112 0.7653768590944133 244
1757594658122 0.5580657250579776 245
1757594658133 0.6649609803063737 246
1757594658143 1.7245258888523523 247
1757594658154 0.7179272551222209 248
1757594658165 0.7248256352426867 249
1757594658175 0.27197275694892337 250
1757594658186 0.17074266245444503 251
1757594658197 0.5644614127204007 252
1757594658208 0.4025036391923406 253
1757594658219 0.7219040061766224 254
1757594658229 0.6348279101421995 255
1757594658240 0.5535445245158052 256
1757594658250 0.48851593564734996 257
1757594658261 0.4092018226127697 258
1757594658272 0.34146763411543446 259
1757594658282 0.1770056372946179 260
1757594658293 0.4520739877074931 261
1757594658303 0.45375080172760307 262
1757594658314 0.6057112640264963 263
1757594658325 0.5218974269717218 264
1757594658336 0.3630814552570368 265
1757594658347 0.49183276618312555 266
1757594658357 0.4450781920382434 267
1757594658368 0.49852490161552593 268
1757594658379 0.395306840741809 269
1757594658389 0.38284800553089465 270
1757594658400 0.3716889740846722 271
1757594658411 0.552030198248641 272
1757594658422 0.32968077596649276 273
1757594658433 0.3112742498975186 274
1757594658444 0.595366371633651 275
1757594658455 0.458940899101237 276
1757594658465 0.4362040876046761 277
1757594658476 0.45571634843824876 278
1757594658487 0.40576706772121424 279
1757594658497 0.330851236747996 280
1757594658508 0.3168985730068868 281
1757594658519 0.41832998993895953 282
1757594658530 0.428954579712046 283
1757594658541 0.8730831791252242 284
1757594658552 0.40899999039846413 285
1757594658563 0.39468674649374463 286
1757594658574 0.26324446427402115 287
1757594658584 0.5223518604826803 288
1757594658596 0.6135538029152573 289
1757594658607 0.3241642929884522 290
1757594658617 0.3927722199627613 291
1757594658628 0.5243845762700956 292
1757594658639 0.4003535850686038 293
1757594658650 0.5821152680495802 294
1757594658661 0.36777721721882445 295
1757594658672 0.40538395036172087 296
1757594658683 0.4447560363486768 297
1757594658694 0.30182829790568383 298
1757594658705 0.2148387585500309 299
1757594658716 0.42592690160086993 300
1757594658727 0.36484738038872183 301
1757594658738 0.5026023515650165 302
1757594658749 0.24109253013176557 303
1757594658760 0.4527400359716109 304
1757594658771 0.276325131453602 305
1757594658782 0.38956811710858347 306
1757594658793 0.5117139175977357 307
1757594658804 0.22800262803679663 308
1757594658815 0.3758713082543546 309
1757594658826 0.6032429891358689 310
1757594658837 0.28143347132387736 311
1757594658848 0.3934573566424176 312
1757594658859 0.20083642820679126 313
1757594658871 0.5501203564421985 314
1757594658882 0.24793705375589808 315
1757594658893 0.4022666840057596 316
1757594658904 0.3627136508600853 317
1757594658915 0.23350054643802953 318
1757594658926 0.3808738815233203 319
1757594658937 0.14004806962842245 320
1757594658948 0.33736504665058115 321
1757594658959 0.2996354491212123 322
1757594658970 0.29272323458371524 323
1757594658981 0.24564586875379515 324
1757594658993 0.256395107531851 325
1757594659004 0.31638188064193973 326
1757594659015 0.21354256578803896 327
1757594659027 0.24633935873457005 328
1757594659038 0.38717928222255554 329
1757594659049 0.1431726677578253 330
1757594659060 0.24943365377474847 331
1757594659072 0.33924145302991954 332
1757594659083 0.37668411408941066 333
1757594659094 0.15459498121525475 334
1757594659106 0.4462613547543651 335
1757594659117 0.23769114682598594 336
1757594659129 0.29983038111340216 337
1757594659140 0.370207501926533 338
1757594659151 0.17592553031381503 339
1757594659162 0.38149392276351923 340
1757594659174 0.3246998848251954 341
1757594659185 0.3513091978679372 342
1757594659196 0.28883958412639454 343
1757594659208 0.3415705170248042 344
1757594659219 0.24342378858728936 345
1757594659230 0.3139658187339393 346
1757594659242 0.18983918443002276 347
1757594659253 0.28100910418168185 348
1757594659265 0.13700252058844103 349
1757594659276 0.2475621413765097 350
1757594659287 0.27080859955166325 351
1757594659299 0.44762996163419316 352
1757594659310 0.3465911583987037 353
1757594659321 0.37510216692204945 354
1757594659333 0.38696683542752275 355
1757594659344 0.30597105686046144 356
1757594659356 0.21818148193329606 357
1757594659367 0.19873218846393467 358
1757594659378 0.19966376752171025 359
1757594659390 0.41270394517032066 360
1757594659401 0.39050139167885106 361
1757594659413 0.16667083520769171 362
1757594659424 0.24590956035261347 363
1757594659436 0.19772855487868926 364
1757594659447 0.2437816632463887 365
1757594659458 0.1912808228173972 366
1757594659470 0.2904624229904897 367
1757594659481 0.21906331844770263 368
1757594659492 0.42642573604774925 369
1757594659504 1.162694752999969 370
1757594659516 0.2889747985532604 371
1757594659527 0.114473483527932 372
1757594659538 0.17799795081694647 373
1757594659550 0.2253452341124002 374
1757594659561 0.1494208573570917 375
1757594659572 0.24230718749323624 376
1757594659584 0.24692780357091876 377
1757594659595 0.08993617956110238 378
1757594659607 0.15613551995859726 379
1757594659619 0.14477672439463488 380
1757594659630 0.22684517752431763 381
1757594659642 0.2769835478773724 382
1757594659653 1.0609958746766366 383
1757594659665 0.15641699240501322 384
1757594659676 0.26584142970123437 385
1757594659687 0.14061208380116452 386
1757594659699 0.43442124766616724 387
1757594659711 0.0875143742206841 388
1757594659722 0.37156712784493406 389
1757594659734 0.288284140749626 390
1757594659745 0.27440019362602236 391
1757594659757 0.19271545470812737 392
1757594659768 0.28231515892298525 393
1757594659780 0.3214150337817454 394
1757594659791 0.2605161245475626 395
1757594659803 0.2462900965661631 396
1757594659814 0.2889749296244185 397
1757594659826 0.16405883809423122 398
1757594659838 0.22844482382182746 399
1757594659849 0.3085624855754343 400
1757594659861 0.3517007749612774 401
1757594659872 0.5269956266252375 402
1757594659883 0.5129788515263483 403
1757594659895 0.10514438666828897 404
1757594659907 0.21669589549465956 405
1757594659918 0.15166483098818026 406
1757594659930 0.2810344084731308 407
1757594659941 0.2983967278213298 408
1757594659953 0.27770752717580977 409
1757594659964 0.17012415505079118 410
1757594659976 0.14039233467013568 411
1757594659987 0.24185251369025593 412
1757594659999 0.16054514807020287 413
1757594660011 0.39812121723960503 414
1757594660023 0.11127298041019477 415
1757594660034 0.16446663593444258 416
1757594660046 0.21044113836236245 417
1757594660057 0.16022983397694368 418
1757594660069 0.30413619356743055 419
1757594660081 0.19398151556151275 420
1757594660092 0.26727473765955095 421
1757594660104 0.3184666948447285 422
1757594660116 1.0037272042163137 423
1757594660128 0.1642341200359459 424
1757594660139 0.1246017938082698 425
1757594660151 0.16337546044210285 426
1757594660162 0.2650853034127044 427
1757594660174 0.4096339332902408 428
1757594660186 0.1320276535106301 429
1757594660197 0.1509211728098492 430
1757594660209 0.11586360174359593 431
1757594660221 0.21538380274582145 432
1757594660232 0.12284996571265261 433
1757594660244 0.21919949033080804 434
1757594660256 0.20569425045103104 435
1757594660268 0.25468913070578353 436
1757594660279 0.15462671796496555 437
1757594660291 0.17031582826161454 438
1757594660303 0.20795037470936217 439
1757594660316 0.14808922539005448 440
1757594660328 0.13444510933170825 441
1757594660339 0.0763880062826209 442
1757594660351 0.21246875996711823 443
1757594660363 0.14402035140805072 444
1757594660375 0.3180875535228361 445
1757594660387 0.21853417272417414 446
1757594660398 0.19914769870251345 447
1757594660411 0.29994165318144733 448
1757594660422 0.16107780623346596 449
1757594660434 0.8869625260458682 450
1757594660446 0.1785444843231178 451
1757594660458 0.26660966946271414 452
1757594660469 0.1436958211372086 453
1757594660481 0.23818089554639676 454
1757594660493 0.24587462838640686 455
1757594660505 0.18044588145215154 456
1757594660518 0.09690223014339613 457
1757594660530 0.10165383638288546 458
1757594660541 0.16032407153790712 459
1757594660553 0.2091992093343982 460
1757594660565 0.2127350824603021 461
1757594660576 0.2580313103962622 462
1757594660588 0.12645026923849087 463
1757594660600 0.12876810443912642 464
1757594660612 0.38895006596894044 465
1757594660624 0.10047244376330863 466
1757594660636 0.3029950716954663 467
1757594660648 0.12301513744263745 468
1757594660660 0.10420344889959268 469
1757594660672 0.11926440428682739 470
1757594660684 0.19337396755746786 471
1757594660696 0.08359056730917766 472
1757594660708 0.14530488198071778 473
1757594660720 0.11428092755145014 474
1757594660732 0.1359310505569339 475
1757594660747 0.20923949736381775 476
1757594660759 0.15993618521463238 477
1757594660771 0.2167323804115419 478
1757594660783 0.2043201011279267 479
1757594660795 0.14841567859710847 480
1757594660807 0.15635305583047832 481
1757594660820 0.1522180996711184 482
1757594660832 0.18131845108762504 483
1757594660844 0.3080301891122174 484
1757594660856 0.151377844106295 485
1757594660868 0.15143239159997082 486
1757594660880 0.15276665567768782 487
1757594660893 0.13062566398364356 488
1757594660905 0.3593136012838958 489
1757594660917 0.22494168765670516 490
1757594660929 0.14816964812483163 491
1757594660941 0.05001874180658186 492
1757594660953 0.19359700817324157 493
1757594660965 0.15559391544369058 494
1757594660978 0.19604287853618715 495
1757594660990 0.0764548838213118 496
1757594661003 0.21796958085997709 497
1757594661015 0.174867213646192 498
1757594661028 0.14284968541237533 499
