1757594467384 161.6685550709234 0
1757594467393 155.6817376528156 1
1757594467401 144.7425432032798 2
1757594467410 130.1078644172089 3
1757594467418 113.11631197195047 4
1757594467427 95.06868700560125 5
1757594467435 77.13447396695747 6
1757594467444 60.286320472490694 7
1757594467453 45.26201606192397 8
1757594467461 32.55152852617999 9
1757594467470 22.405255834069948 10
1757594467478 14.858803584647456 11
1757594467487 9.76926095778721 12
1757594467495 6.858050497409696 13
1757594467503 5.755877643349634 14
1757594467512 6.046004851704244 15
1757594467521 7.302922905992775 16
1757594467529 9.124396881506811 17
1757594467537 11.155747607353689 18
1757594467546 13.106029353953577 19
1757594467554 14.756436894731522 20
1757594467563 15.961794005913019 21
1757594467571 16.646331297947942 22
1757594467580 16.795158485514392 23
1757594467588 16.44289030900481 24
1757594467597 15.660819601301622 25
1757594467605 14.543873277943202 26
1757594467614 13.198366736442129 27
1757594467623 11.731317781569897 28
1757594467632 10.241818363932436 29
1757594467640 8.814712487929768 30
1757594467649 7.516607921879091 31
1757594467658 6.394068826574989 32
1757594467667 5.473701984226462 33
1757594467675 4.7637622459459275 34
1757594467685 4.256860603173145 35
1757594467693 3.9333555156574294 36
1757594467702 3.765037452760641 37
1757594467711 3.71876967199713 38
1757594467719 3.7598165258568224 39
1757594467728 3.8546660019172774 40
1757594467736 3.9732287113003486 41
1757594467745 4.090365437613739 42
1757594467754 4.186755448730442 43
1757594467762 4.2491654046510865 44
1757594467771 4.270212660451135 45
1757594467780 4.247737119111524 46
1757594467788 4.183903605840951 47
1757594467797 4.084153825191307 48
1757594467805 3.9561155993897796 49
1757594467814 3.8085597481223354 50
1757594467823 3.650474110883636 51
1757594467832 3.4903020836758656 52
1757594467841 3.33537155845827 53
1757594467849 3.1915208172514915 54
1757594467858 3.0629117949572606 55
1757594467866 2.9520087947882296 56
1757594467875 2.8596924226069254 57
1757594467883 2.7854740639320754 58
1757594467892 2.7277752557555615 59
1757594467901 2.6842382153185094 60
1757594467910 2.6520378850254303 61
1757594467919 2.6281714094130812 62
1757594467927 2.6097072777033326 63
1757594467936 2.5939828209775992 64
1757594467945 2.5787448318794324 65
1757594467954 2.56223338910018 66
1757594467963 2.5432132626354425 67
1757594467972 2.52096041884206 68
1757594467981 2.4952131184071322 69
1757594467990 2.4660979790646844 70
1757594467998 2.434041300655795 71
1757594468007 2.3996751102276437 72
1757594468016 2.3637459888080725 73
1757594468025 2.327033000899402 74
1757594468034 2.290279159961299 75
1757594468042 2.2541389990736813 76
1757594468052 2.21914311211696 77
1757594468060 2.1856790855814343 78
1757594468069 2.153987114621988 79
1757594468078 2.1241678137564426 80
1757594468087 2.096199286578585 81
1757594468096 2.0699603795894634 82
1757594468104 2.045257164903031 83
1757594468113 2.021850016840278 84
1757594468123 1.9994791058998722 85
1757594468132 1.9778866693131611 86
1757594468140 1.9568349751464211 87
1757594468149 1.9361194303293325 88
1757594468158 1.915576756354728 89
1757594468167 1.895088545335139 90
1757594468176 1.8745808002588455 91
1757594468185 1.8540202532453793 92
1757594468194 1.83340834923792 93
1757594468203 1.812773791131708 94
1757594468211 1.7921644813586588 95
1757594468220 1.7716395822741757 96
1757594468229 1.7512622716827078 97
1757594468238 1.7310936078893167 98
1757594468247 1.711187756066319 99
1757594468256 1.6915886769145272 100
1757594468265 1.6723282487585867 101
1757594468274 1.6534256911953034 102
1757594468283 1.6348880849232932 103
1757594468291 1.6167117383823033 104
1757594468300 1.5988841350575949 105
1757594468309 1.5813862018651996 106
1757594468318 1.5641946640067566 107
1757594468328 1.5472842896874142 108
1757594468336 1.53062987378061 109
1757594468345 1.5142078579855538 110
1757594468355 1.497997532064151 111
1757594468364 1.4819818030737637 112
1757594468373 1.4661475548187382 113
1757594468382 1.4504856466863816 114
1757594468391 1.4349906191550184 115
1757594468400 1.4196601828610407 116
1757594468409 1.4044945700744045 117
1757594468417 1.3894958230524834 118
1757594468427 1.374667084550313 119
1757594468436 1.3600119433658524 120
1757594468445 1.3455338737335703 121
1757594468455 1.331235793027612 122
1757594468464 1.3171197487342443 123
1757594468473 1.3031867338625438 124
1757594468482 1.289436620450153 125
1757594468491 1.2758681938755727 126
1757594468501 1.2624792663515878 127
1757594468510 1.2492668460805003 128
1757594468519 1.2362273387851805 129
1757594468528 1.2233567602714743 130
1757594468537 1.2106509418601092 131
1757594468546 1.198105714476477 132
1757594468554 1.1857170614628239 133
1757594468563 1.1734812343964285 134
1757594468573 1.1613948300526293 135
1757594468582 1.1494548299217362 136
1757594468591 1.1376586062384175 137
1757594468601 1.1260039002547626 138
1757594468610 1.1144887794975427 139
1757594468619 1.1031115810636694 140
1757594468629 1.0918708477333001 141
1757594468638 1.0807652629486226 142
1757594468647 1.0697935896591506 143
1757594468656 1.0589546168093797 144
1757594468665 1.048247115967003 145
1757594468674 1.037669809365949 146
1757594468683 1.027221349549112 147
1757594468693 1.0169003098975022 148
1757594468702 1.0067051846570478 149
1757594468711 0.9966343966294857 150
1757594468721 0.9866863104699586 151
1757594468730 0.9768592495059947 152
1757594468739 0.9671515141253966 153
1757594468749 0.9575614000342645 154
1757594468758 0.9480872150187869 155
1757594468768 0.9387272932159682 156
1757594468777 0.9294800062739307 157
1757594468786 0.9203437711328633 158
1757594468795 0.9113170544619925 159
1757594468805 0.9023983740313873 160
1757594468814 0.8935862974743694 161
1757594468824 0.8848794390049154 162
1757594468833 0.8762764547007035 163
1757594468843 0.8677760369539289 164
1757594468852 0.8593769086401597 165
1757594468862 0.8510778174723396 166
1757594468871 0.8428775309046413 167
1757594468881 0.8347748318406897 168
1757594468890 0.8267685152926068 169
1757594468899 0.8188573860383911 170
1757594468909 0.8110402572420492 171
1757594468918 0.8033159499358806 172
1757594468928 0.7956832932194413 173
1757594468937 0.7881411250041533 174
1757594468947 0.7806882931248222 175
1757594468956 0.7733236566462787 176
1757594468965 0.7660460872119749 177
1757594468975 0.7588544703079932 178
1757594468984 0.7517477063466482 179
1757594468994 0.7447247115062873 180
1757594469004 0.737784418294547 181
1757594469013 0.7309257758297222 182
1757594469022 0.7241477498574865 183
1757594469032 0.7174493225369252 184
1757594469041 0.710829492041268 185
1757594469051 0.7042872720238709 186
1757594469060 0.6978216910010587 187
1757594469070 0.691431791699844 188
1757594469079 0.685116630412341 189
1757594469089 0.6788752763904443 190
1757594469098 0.6727068113049778 191
1757594469108 0.6666103287844634 192
1757594469118 0.6605849340397559 193
1757594469128 0.6546297435735366 194
1757594469137 0.6487438849675168 195
1757594469147 0.6429264967359795 196
1757594469156 0.6371767282316713 197
1757594469166 0.6314937395889387 198
1757594469175 0.6258767016892975 199
1757594469185 0.6203247961359571 200
1757594469195 0.6148372152259021 201
1757594469205 0.6094131619106606 202
1757594469214 0.6040518497396583 203
1757594469224 0.5987525027826367 204
1757594469234 0.5935143555301582 205
1757594469243 0.5883366527730708 206
1757594469253 0.5832186494635785 207
1757594469263 0.5781596105614089 208
1757594469272 0.5731588108693586 209
1757594469282 0.5682155348625323 210
1757594469292 0.5633290765154622 211
1757594469301 0.5584987391307168 212
1757594469311 0.5537238351721024 213
1757594469321 0.5490036861045954 214
1757594469330 0.5443376222425094 215
1757594469340 0.5397249826065563 216
1757594469350 0.535165114789853 217
1757594469360 0.5306573748323045 218
1757594469370 0.5262011271025184 219
1757594469380 0.5217957441859885 220
1757594469393 0.5174406067783387 221
1757594469403 0.5131351035822541 222
1757594469413 0.5088786312069279 223
1757594469422 0.5046705940689741 224
1757594469432 0.5005104042939955 225
1757594469441 0.4963974816181598 226
1757594469451 0.49233125328945887 227
1757594469460 0.48831115396847075 228
1757594469470 0.48433662562864943 229
1757594469480 0.4804071174563201 230
1757594469490 0.47652208575062716 231
1757594469500 0.47268099382378836 232
1757594469510 0.46888331190198973 233
1757594469520 0.4651285170272532 234
1757594469530 0.46141609296061487 235
1757594469540 0.4577455300868181 236
1757594469550 0.45411632532074486 237
1757594469560 0.4505279820156999 238
1757594469570 0.4469800098735558 239
1757594469580 0.44347192485684106 240
1757594469590 0.4400032491026312 241
1757594469600 0.43657351083820756 242
1757594469609 0.4331822442983462 243
1757594469619 0.42982898964412514 244
1757594469629 0.4265132928831044 245
1757594469639 0.42323470579078837 246
1757594469648 0.41999278583321187 247
1757594469658 0.4167870960906183 248
1757594469668 0.41361720518211326 249
1757594469679 0.41048268719127107 250
1757594469689 0.4073831215926488 251
1757594469698 0.4043180931791936 252
1757594469708 0.4012871919905527 253
1757594469718 0.3982900132422715 254
1757594469728 0.3953261572559246 255
1757594469738 0.39239522939016724 256
1757594469748 0.38949683997272816 257
1757594469758 0.3866306042333836 258
1757594469768 0.38379614223788516 259
1757594469778 0.38099307882286676 260
1757594469788 0.3782210435317282 261
1757594469798 0.37547967055148174 262
1757594469808 0.3727685986505539 263
1757594469818 0.3700874711175203 264
1757594469828 0.36743593570077693 265
1757594469838 0.3648136445490877 266
1757594469848 0.36222025415300957 267
1757594469858 0.3596554252871892 268
1757594469868 0.3571188229534776 269
1757594469878 0.3546101163248372 270
1757594469889 0.35212897869008475 271
1757594469899 0.3496750873993655 272
1757594469909 0.34724812381040443 273
1757594469919 0.34484777323551014 274
1757594469929 0.34247372488930106 275
1757594469939 0.34012567183716136 276
1757594469949 0.33780331094441346 277
1757594469959 0.33550634282619946 278
1757594469969 0.3332344717980424 279
1757594469979 0.3309874058271408 280
1757594469989 0.32876485648429243 281
1757594469999 0.326566538896541 282
1757594470009 0.3243921717004562 283
1757594470019 0.32224147699609684 284
1757594470029 0.3201141803016021 285
1757594470039 0.3180100105084385 286
1757594470049 0.3159286998372654 287
1757594470059 0.3138699837944347 288
1757594470069 0.3118336011290784 289
1757594470079 0.3098192937908307 290
1757594470090 0.30782680688809627 291
1757594470100 0.30585588864694996 292
1757594470110 0.303906290370565 293
1757594470120 0.3019777663992303 294
1757594470130 0.300070074070908 295
1757594470140 0.29818297368235136 296
1757594470150 0.29631622845073785 297
1757594470160 0.2944696044758581 298
1757594470170 0.29264287070279477 299
1757594470181 0.29083579888515215 300
1757594470191 0.2890481635487575 301
1757594470201 0.28727974195588313 302
1757594470211 0.28553031406995716 303
1757594470221 0.28379966252074795 304
1757594470231 0.28208757257004613 305
1757594470242 0.28039383207779967 306
1757594470252 0.2787182314687257 307
1757594470262 0.27706056369937204 308
1757594470272 0.27542062422564023 309
1757594470282 0.2737982109707385 310
1757594470292 0.2721931242935885 311
1757594470303 0.27060516695765147 312
1757594470313 0.26903414410018894 313
1757594470323 0.2674798632019368 314
1757594470333 0.2659421340571915 315
1757594470343 0.26442076874430775 316
1757594470354 0.2629155815965962 317
1757594470364 0.2614263891736113 318
1757594470375 0.2599530102328346 319
1757594470385 0.25849526570173753 320
1757594470395 0.2570529786502275 321
1757594470406 0.2556259742634558 322
1757594470416 0.2542140798150081 323
1757594470426 0.2528171246404413 324
1757594470437 0.2514349401111905 325
1757594470447 0.2500673596088191 326
1757594470458 0.2487142184996146 327
1757594470468 0.2473753541095378 328
1757594470478 0.24605060569949597 329
1757594470489 0.24473981444094756 330
1757594470499 0.24344282339185214 331
1757594470509 0.24215947747291602 332
1757594470520 0.24088962344418066 333
1757594470530 0.2396331098819049 334
1757594470540 0.23838978715577339 335
1757594470551 0.23715950740639363 336
1757594470561 0.2359421245231038 337
1757594470572 0.23473749412207565 338
1757594470582 0.23354547352469998 339
1757594470593 0.23236592173627318 340
1757594470603 0.23119869942495982 341
1757594470614 0.23004366890102684 342
1757594470624 0.22890069409637503 343
1757594470635 0.22776964054431656 344
1757594470645 0.22665037535963956 345
1757594470655 0.22554276721892907 346
1757594470666 0.224446686341146 347
1757594470676 0.22336200446846557 348
1757594470686 0.22228859484737098 349
1757594470697 0.22122633220999313 350
1757594470707 0.22017509275569896 351
1757594470718 0.21913475413291164 352
1757594470728 0.21810519542119203 353
1757594470739 0.21708629711353214 354
1757594470750 0.21607794109889786 355
1757594470760 0.21508001064498825 356
1757594470771 0.21409239038123265 357
1757594470781 0.2131149662820022 358
1757594470804 0.2121476256500419 359
1757594470818 0.21119025710012485 360
1757594470829 0.2102427505429137 361
1757594470839 0.20930499716903767 362
1757594470850 0.2083768894333695 363
1757594470861 0.20745832103952075 364
1757594470871 0.20654918692452381 365
1757594470882 0.20564938324372548 366
1757594470892 0.20475880735587143 367
1757594470903 0.203877357808378 368
1757594470913 0.20300493432281205 369
1757594470924 0.20214143778054106 370
1757594470934 0.20128677020858146 371
1757594470945 0.20044083476562313 372
1757594470956 0.19960353572823758 373
1757594470966 0.19877477847726538 374
1757594470977 0.19795446948437848 375
1757594470987 0.19714251629880997 376
1757594470998 0.19633882753426762 377
1757594471009 0.19554331285600243 378
1757594471020 0.19475588296805588 379
1757594471030 0.1939764496006574 380
1757594471041 0.19320492549779794 381
1757594471051 0.1924412244049533 382
1757594471062 0.19168526105696929 383
1757594471073 0.19093695116610027 384
1757594471083 0.1901962114101992 385
1757594471094 0.18946295942106892 386
1757594471105 0.18873711377294455 387
1757594471115 0.18801859397114296 388
1757594471126 0.1873073204408347 389
1757594471137 0.18660321451598477 390
1757594471148 0.1859061984284119 391
1757594471158 0.18521619529700306 392
1757594471169 0.1845331291170523 393
1757594471180 0.1838569247497432 394
1757594471191 0.18318750791176777 395
1757594471202 0.18252480516506553 396
1757594471212 0.1818687439067026 397
1757594471223 0.1812192523588765 398
1757594471234 0.18057625955904638 399
1757594471245 0.17993969535018908 400
1757594471256 0.1793094903711737 401
1757594471266 0.17868557604727145 402
1757594471277 0.17806788458076453 403
1757594471288 0.17745634894169246 404
1757594471299 0.17685090285870697 405
1757594471309 0.17625148081003622 406
1757594471320 0.17565801801457598 407
1757594471331 0.17507045042308222 408
1757594471342 0.17448871470947755 409
1757594471352 0.17391274826226685 410
1757594471363 0.17334248917606276 411
1757594471374 0.17277787624321428 412
1757594471385 0.17221884894553893 413
1757594471396 0.17166534744616513 414
1757594471406 0.17111731258146792 415
1757594471417 0.17057468585310936 416
1757594471428 0.170037409420187 417
1757594471439 0.169505426091458 418
1757594471450 0.1689786793176865 419
1757594471461 0.16845711318406525 420
1757594471472 0.16794067240274396 421
1757594471482 0.1674293023054498 422
1757594471493 0.1669229488361886 423
1757594471504 0.16642155854405188 424
1757594471515 0.16592507857610136 425
1757594471526 0.16543345667034906 426
1757594471537 0.16494664114881882 427
1757594471548 0.16446458091070007 428
1757594471559 0.16398722542557928 429
1757594471570 0.1635145247267587 430
1757594471581 0.16304642940465824 431
1757594471592 0.16258289060030284 432
1757594471603 0.16212385999887233 433
1757594471614 0.1616692898233569 434
1757594471625 0.1612191328282719 435
1757594471636 0.16077334229345375 436
1757594471648 0.16033187201794044 437
1757594471658 0.1598946763139114 438
1757594471670 0.15946171000071957 439
1757594471681 0.15903292839898464 440
1757594471693 0.1586082873247619 441
1757594471704 0.15818774308378383 442
1757594471715 0.1577712524657737 443
1757594471727 0.15735877273882187 444
1757594471738 0.15695026164383638 445
1757594471750 0.15654567738906586 446
1757594471761 0.1561449786446768 447
1757594471773 0.1557481245374075 448
1757594471784 0.15535507464528098 449
1757594471795 0.15496578899239005 450
1757594471806 0.15458022804373553 451
1757594471817 0.15419835270013518 452
1757594471828 0.1538201242931921 453
1757594471839 0.15344550458032263 454
1757594471850 0.15307445573984768 455
1757594471862 0.1527069403661387 456
1757594471873 0.1523429214648303 457
1757594471884 0.15198236244808214 458
1757594471895 0.151625227129906 459
1757594471906 0.15127147972154467 460
1757594471917 0.1509210848269021 461
1757594471928 0.15057400743804308 462
1757594471939 0.15023021293073374 463
1757594471950 0.14988966706004436 464
1757594471962 0.14955233595599393 465
1757594471973 0.14921818611926127 466
1757594471984 0.14888718441694113 467
1757594471996 0.14855929807834953 468
1757594472007 0.14823449469088 469
1757594472018 0.1479127421959136 470
1757594472032 0.14759400888477525 471
1757594472043 0.14727826339473843 472
1757594472055 0.14696547470507768 473
1757594472066 0.14665561213317002 474
1757594472077 0.14634864533063976 475
1757594472088 0.14604454427955502 476
1757594472099 0.1457432792886621 477
1757594472110 0.14544482098967437 478
1757594472121 0.145149140333594 479
1757594472133 0.1448562085870879 480
1757594472144 0.14456599732890316 481
1757594472155 0.14427847844632247 482
1757594472166 0.14399362413166286 483
1757594472178 0.1437114068788236 484
1757594472189 0.1434317994798604 485
1757594472200 0.1431547750216156 486
1757594472211 0.14288030688237835 487
1757594472222 0.1426083687285884 488
1757594472234 0.1423389345115783 489
1757594472245 0.1420719784643535 490
1757594472256 0.14180747509841285 491
1757594472267 0.1415453992006051 492
1757594472279 0.14128572583001922 493
1757594472290 0.1410284303149196 494
1757594472302 0.14077348824970945 495
1757594472314 0.14052087549193643 496
1757594472325 0.14027056815932737 497
1757594472336 0.14002254262686373 498
1757594472347 0.1397767755238878 499
