1757518323548 0.15400494542992688 0
1757518323588 0.33848826856073766 1
1757518323626 0.006799411067709194 2
1757518323664 0.008132956642857795 3
1757518323703 1.0402077594582229 4
1757518323742 0.031253320894884445 5
1757518323781 0.02197593963821238 6
1757518323820 0.0013815050569575295 7
1757518323858 0.06387636463655035 8
1757518323897 0.033571297311369125 9
1757518323935 0.12062137652888724 10
1757518323973 0.027529223315911348 11
1757518324012 0.18076812554277755 12
1757518324051 0.22090894200960667 13
1757518324089 0.028105408012747187 14
1757518324128 0.00011815537426044755 15
1757518324167 0.5128204376431669 16
1757518324206 0.16006969204109184 17
1757518324244 0.15105842112211065 18
1757518324283 0.19937990267798708 19
1757518324322 0.04620222052836323 20
1757518324361 6.129163192493842e-05 21
1757518324400 0.07861017276407384 22
1757518324438 0.009748060843786608 23
1757518324477 0.02802789830591476 24
1757518324515 0.2506731085648191 25
1757518324554 0.07599615901316666 26
1757518324593 0.04154986250999513 27
1757518324631 0.03859877642216271 28
1757518324670 0.0064540684851931325 29
1757518324708 0.005173297913315996 30
1757518324748 0.004891263263476812 31
1757518324786 0.17954007549086554 32
1757518324850 0.45926521603705556 33
1757518324892 0.010926649238180841 34
1757518324930 0.08652407279444593 35
1757518324969 0.30874706323867024 36
1757518325008 1.087341493182473 37
1757518325047 0.008201471322172312 38
1757518325086 0.010840448293163812 39
1757518325124 0.027259761841457873 40
1757518325163 0.13544599606543423 41
1757518325202 0.10185683487920665 42
1757518325240 0.02793848969878493 43
1757518325282 1.8289482195647456e-07 44
1757518325321 0.040712526128568835 45
1757518325360 0.15005303368288378 46
1757518325399 0.0008361324298171158 47
1757518325439 0.044533865896655346 48
1757518325480 0.13358419229100815 49
1757518325519 0.0025980554828713342 50
1757518325557 0.12107429775216548 51
1757518325597 0.007325834715328755 52
1757518325635 0.18854999491868313 53
1757518325674 0.0038188421764597013 54
1757518325713 0.00309553220246613 55
1757518325751 0.12477811830585142 56
1757518325790 0.00244579680616985 57
1757518325829 0.016397641658180147 58
1757518325868 0.1205323827474994 59
1757518325906 0.033642877012786385 60
1757518325945 0.01870689078649748 61
1757518325984 2.7793961502143617e-05 62
1757518326022 0.1145272066184193 63
1757518326061 0.12534885647488891 64
1757518326100 0.0003047379758460019 65
1757518326138 0.04106527132148392 66
1757518326177 0.03713203660657151 67
