1757595057089 0.03873310388945493 0
1757595057123 0.20465935501372498 1
1757595057156 0.013852170070458959 2
1757595057190 0.14517740459853892 3
1757595057223 0.0565979024566171 4
1757595057256 0.26374958545856947 5
1757595057290 0.008506071812868736 6
1757595057323 0.1280752534694375 7
1757595057356 0.1815791880833477 8
1757595057389 0.10425195101539513 9
1757595057423 0.01806326348506017 10
1757595057456 0.04383906523185736 11
1757595057489 7.35535212970758e-05 12
1757595057522 0.05922331924183182 13
1757595057555 0.09035002843144424 14
1757595057589 0.0024979041060303447 15
1757595057622 0.16493455345255134 16
1757595057656 0.136619068369714 17
1757595057689 0.0033411909400412874 18
1757595057723 0.022944525997864257 19
1757595057756 0.047509336477335934 20
1757595057790 0.16828479760793605 21
1757595057823 0.13115426598025734 22
1757595057856 0.00987381340190121 23
1757595057889 0.05550994228228727 24
1757595057924 0.06219287344479059 25
1757595057957 0.0002765435407083806 26
1757595057991 0.012034504312489393 27
1757595058025 0.7605513822507884 28
1757595058058 0.12429648024741492 29
1757595058092 0.0002260319097647023 30
1757595058125 0.22413437755119212 31
1757595058159 0.16600178547415162 32
1757595058193 0.0004883306735093874 33
1757595058226 0.21798224737604552 34
1757595058262 0.5033063220494922 35
1757595058298 0.056206826989602825 36
1757595058333 0.016370346893740104 37
1757595058369 0.5780659991056876 38
1757595058416 0.010945705074036081 39
1757595058458 0.006314526598070695 40
1757595058492 0.09172262734834857 41
1757595058526 0.020351512549277202 42
1757595058560 0.0001136874378326309 43
1757595058594 0.014007721010838883 44
1757595058628 0.0601502024128013 45
1757595058663 0.04214019749971149 46
1757595058697 0.006501914105113559 47
1757595058730 0.07460148796432149 48
1757595058764 1.196637641014484 49
1757595058797 0.0031417047409226344 50
1757595058831 0.0031713878615623886 51
1757595058865 0.14516230972139404 52
1757595058898 0.12459976749484641 53
1757595058932 0.0038279654557553254 54
1757595058966 0.08006406890700887 55
1757595059000 0.0012201540356801955 56
1757595059034 0.006602589309497692 57
1757595059067 0.12271171301312048 58
1757595059101 0.08667038936072978 59
1757595059135 0.05515588262170112 60
1757595059168 0.7987903727341652 61
1757595059202 3.3133282182532796e-05 62
1757595059236 0.05877323949664339 63
1757595059270 0.07148331653759318 64
1757595059304 0.022824431012967102 65
1757595059337 0.17641511281314703 66
1757595059371 0.344954703287754 67
1757595059405 0.13309648670947535 68
1757595059439 0.05944176500040223 69
1757595059472 0.0024645701812787005 70
1757595059506 0.01112568635366446 71
1757595059540 0.10368317930169473 72
1757595059574 0.0027166299567420904 73
1757595059607 0.019431015782154 74
1757595059641 0.013822983383472338 75
1757595059675 0.140500315918387 76
1757595059708 0.012871549863659511 77
1757595059742 0.01579493281909258 78
1757595059775 0.05353488166163393 79
1757595059809 3.575417867646934e-05 80
1757595059842 0.06780998943940565 81
1757595059876 0.11095986424973066 82
1757595059910 0.03216250055552738 83
1757595059943 0.38634336411300235 84
1757595059976 0.21358248399221139 85
1757595060010 0.4411217401206159 86
1757595060045 0.040114137002346534 87
1757595060081 0.00013641899150907292 88
1757595060116 0.05151759219828874 89
1757595060151 0.00108477181039319 90
1757595060185 0.22371979879378034 91
1757595060219 0.04478326005901196 92
1757595060253 0.09608892295120638 93
1757595060288 0.009813304374820218 94
1757595060325 0.5514968221708615 95
1757595060360 0.1591192024418947 96
1757595060394 0.00918596388564931 97
1757595060428 0.04637776696477583 98
1757595060462 0.004325235318547468 99
1757595060496 0.0261401192856982 100
1757595060530 0.0025758550601102776 101
1757595060564 0.16571486398204546 102
1757595060598 0.12610206332477536 103
1757595060632 0.23454485010388668 104
1757595060666 0.2723334556372699 105
1757595060700 0.00042400669092444666 106
1757595060734 0.22545778437354994 107
1757595060769 0.01806505711746921 108
1757595060803 4.001647668968068e-08 109
1757595060836 0.07557794346202026 110
1757595060870 0.02884336921768761 111
1757595060904 0.06398509754005666 112
1757595060938 0.24164764926767968 113
1757595060971 0.20332572832991896 114
1757595061005 0.0019006853179629021 115
1757595061039 0.016282996848080024 116
1757595061073 0.11080321943379261 117
1757595061106 0.07077328077731401 118
1757595061140 0.00018484817725302404 119
1757595061174 0.23659213326610903 120
1757595061208 0.10977132129176662 121
1757595061241 0.10468187126780275 122
1757595061275 0.07912509552747644 123
1757595061309 0.049328078359608715 124
1757595061343 0.049130270576904875 125
1757595061377 0.026767350135137893 126
1757595061411 0.026408898314019498 127
1757595061444 0.09577772181863561 128
1757595061478 0.26292270599086404 129
1757595061512 0.004675198398181017 130
1757595061546 0.006151056507427163 131
1757595061580 0.034098862731622256 132
1757595061613 0.002932206940343554 133
1757595061647 0.3764141529956027 134
1757595061681 0.39682422386249605 135
1757595061714 0.003323688829159792 136
1757595061748 0.04007061278635468 137
1757595061782 0.01086280344221071 138
1757595061816 0.037246898188940024 139
1757595061851 0.03351812627173215 140
1757595061884 0.06296511953541996 141
1757595061918 0.2804890356985378 142
1757595061952 0.8185365042148133 143
1757595061986 0.0417099552758346 144
1757595062020 0.0034191618208566626 145
1757595062054 0.3016869808617933 146
1757595062088 0.06538162886192879 147
1757595062122 0.3085192844459796 148
1757595062158 0.018057964228547923 149
1757595062193 0.02797040200404742 150
1757595062227 0.019682507975614612 151
1757595062261 0.07669599549736908 152
1757595062296 0.04390487074448575 153
1757595062331 0.00981671518309452 154
1757595062365 0.015092297302352014 155
1757595062399 0.0015738439395418264 156
1757595062434 0.005274247777071213 157
1757595062468 0.07314637594838598 158
1757595062502 0.0027896163604398607 159
1757595062537 0.03217873724440133 160
1757595062571 0.0038472461438013228 161
1757595062605 0.036652518734561566 162
1757595062640 0.06488104464084575 163
1757595062674 0.05738045938676761 164
1757595062708 0.1130993527349306 165
1757595062743 0.14660493017921972 166
1757595062777 0.005756764215709204 167
1757595062811 0.07275915631287257 168
1757595062845 0.11032405172740009 169
1757595062879 0.03653412032820627 170
1757595062913 0.07859072255983339 171
1757595062948 0.014453371823472309 172
1757595062984 0.005525326649149246 173
1757595063019 0.01920867147876528 174
1757595063053 0.021179246534487408 175
1757595063088 0.03455983018746848 176
1757595063122 0.07761992651780426 177
1757595063156 0.00418320093461646 178
1757595063191 0.2282399454270562 179
1757595063225 0.12515192296360228 180
1757595063259 0.08635742392328714 181
1757595063294 0.012562093636109158 182
1757595063329 0.01767032869714253 183
1757595063363 0.015507751064504856 184
1757595063397 0.0017975605763440544 185
1757595063432 1.3303148349891947 186
1757595063466 0.14287396871825422 187
1757595063500 0.16400677529127144 188
1757595063534 0.009192695471620601 189
1757595063569 0.26448920778112633 190
1757595063603 0.10315399999854939 191
1757595063638 0.018655745405356493 192
1757595063673 0.03812931328800934 193
1757595063707 0.03994949007837733 194
1757595063742 0.018046326462808897 195
1757595063776 0.00199572051811853 196
1757595063811 0.10144744646885402 197
1757595063845 0.03796786981204873 198
1757595063879 0.0786338961867695 199
1757595063914 0.01745429655892821 200
1757595063948 0.0002530652557684652 201
1757595063983 0.014370890105408858 202
1757595064018 0.07720901930544422 203
1757595064052 5.303962017319885e-05 204
1757595064088 0.06413939529374948 205
1757595064122 0.1738345785942825 206
1757595064157 0.14616585288012832 207
1757595064191 0.002379668947592718 208
1757595064226 0.002448393250196476 209
1757595064260 0.03355986165189801 210
1757595064297 0.015328010318921287 211
1757595064332 0.003032120149213433 212
1757595064365 0.11402774027067694 213
1757595064400 0.23291444587740676 214
1757595064434 0.00014613126196283494 215
1757595064468 0.001424519707661084 216
1757595064502 0.02276671702237484 217
1757595064536 0.006213057457966249 218
1757595064571 0.018730949729966553 219
1757595064605 0.07271762335171982 220
1757595064640 0.06601141563469687 221
1757595064674 0.30129322108574264 222
1757595064708 0.930344554635102 223
1757595064742 0.09773659193740089 224
1757595064777 0.0029533687385324067 225
1757595064811 0.002503962723910975 226
1757595064845 0.23847322545551103 227
1757595064880 0.06048747554499055 228
1757595064914 0.023530725787110268 229
1757595064949 0.018984736405824924 230
1757595064984 0.02787483841416927 231
1757595065018 0.013497103983768735 232
1757595065053 0.0011244527800900927 233
1757595065087 0.0015566634009667527 234
1757595065121 0.0792826736807239 235
1757595065156 0.20143565473484015 236
1757595065190 0.7511975776603048 237
1757595065225 0.09368025667145206 238
1757595065259 0.00047657498928940306 239
1757595065293 0.21499169769107393 240
1757595065328 0.0023381209778822903 241
1757595065362 0.04240461670855646 242
1757595065397 0.09157071941693595 243
1757595065431 0.014486357583893187 244
1757595065465 0.06638344102636681 245
1757595065502 0.08895125481893207 246
1757595065547 0.024305677929138354 247
1757595065582 0.14073326665549038 248
1757595065617 0.0021926801115072564 249
1757595065652 0.051503894375748475 250
1757595065687 0.3404135582049554 251
1757595065722 0.010234216437115608 252
1757595065757 0.07647487039348627 253
1757595065791 0.19259764154621548 254
1757595065826 0.17531204739623144 255
1757595065861 0.22026786457208788 256
1757595065896 0.05487534595918803 257
1757595065931 0.531095722788288 258
1757595065965 0.1202778427690543 259
1757595066000 0.01870363585514212 260
1757595066035 0.071181313132677 261
1757595066070 0.00933958676870936 262
1757595066105 0.016856981897050385 263
1757595066140 0.00811063441012299 264
1757595066174 0.09364118313884434 265
1757595066209 6.383070128863211e-05 266
1757595066244 0.256638869438629 267
1757595066279 0.0003254086228844962 268
1757595066314 0.08925454860648804 269
1757595066349 0.00019120025596773435 270
1757595066385 0.021008193124495447 271
1757595066420 0.022924520789581303 272
1757595066456 4.8753216456935206e-05 273
1757595066491 0.16644344926102425 274
1757595066526 0.10654670756006253 275
1757595066561 0.09316575763275392 276
1757595066595 0.052385558752544026 277
1757595066630 0.006153449233270912 278
1757595066665 0.019574211493854674 279
1757595066700 0.48074396314477996 280
1757595066735 0.021824207725880812 281
1757595066770 0.011456698900352074 282
1757595066806 0.07622888254391999 283
1757595066841 0.0004027320769535043 284
1757595066876 0.016066167985252875 285
1757595066911 0.24036805817739165 286
1757595066946 0.006233947539186947 287
1757595066981 0.025826985796539154 288
1757595067016 0.025834845292025222 289
1757595067052 0.003944211142207131 290
1757595067087 0.006653605926720536 291
1757595067122 0.03178756396571659 292
1757595067157 0.15381409426450887 293
1757595067192 0.30838549218253275 294
1757595067228 0.22556897909987242 295
1757595067263 0.03376985132091531 296
1757595067299 0.036779806144711324 297
1757595067334 0.023644120317500385 298
1757595067369 0.0035156587043069292 299
1757595067404 0.08145236046049814 300
1757595067439 0.057692325972035746 301
1757595067474 0.03938344038395751 302
1757595067509 0.03264407057544227 303
1757595067545 0.000622184475570101 304
1757595067579 0.1075197271911966 305
1757595067614 0.0036119489109170642 306
1757595067649 0.17372546850093856 307
1757595067684 0.004085971893227109 308
1757595067719 0.004383559721610102 309
1757595067754 0.0005330225195703047 310
1757595067789 0.01703347320153521 311
1757595067824 0.7095589174227873 312
1757595067859 0.16576885362963012 313
1757595067894 0.017934843403838198 314
1757595067929 0.006490033889943382 315
1757595067964 0.013879310517406105 316
1757595067999 0.00041806907902699 317
1757595068034 0.038658243943051146 318
1757595068070 0.0004002422885860765 319
1757595068105 0.02634551407347118 320
1757595068140 0.024700071403020378 321
1757595068175 0.0007953503747159066 322
1757595068210 0.020479784192351046 323
1757595068245 0.0026353732324664527 324
1757595068281 0.04440546319451229 325
1757595068316 0.010015556608822073 326
1757595068352 0.013224721747409183 327
1757595068387 0.16706657285978707 328
1757595068423 0.09482196741411865 329
1757595068458 0.08000161878164273 330
1757595068496 0.037810437782975936 331
1757595068533 0.0025068787727461424 332
1757595068569 0.0014424932154547313 333
1757595068604 0.01567612272567152 334
1757595068640 0.057425296421767816 335
1757595068676 0.0001524674608388095 336
1757595068711 0.21602921002504893 337
1757595068747 0.3421282767183946 338
1757595068782 0.018803051900419934 339
1757595068818 0.14088460870150973 340
1757595068854 0.05861704498141099 341
1757595068890 0.30978408352977693 342
1757595068925 0.17661166040251286 343
1757595068961 0.004888830941811951 344
1757595068999 0.13234899315199045 345
1757595069036 0.002310226329133524 346
1757595069072 0.0031506137627490506 347
1757595069107 0.2558694164811998 348
1757595069143 0.015445533104579573 349
1757595069178 0.03472890166917158 350
1757595069213 0.05083737606872076 351
1757595069249 0.25795707701732623 352
1757595069285 0.046173020398803 353
1757595069322 0.022891845310844868 354
1757595069358 0.09260997691268882 355
1757595069393 0.6140167800965403 356
1757595069429 0.10214006776259904 357
1757595069465 0.03280025860648573 358
1757595069500 0.03230973398369876 359
1757595069536 0.10661171859717665 360
1757595069574 0.01589798757376909 361
1757595069612 0.004006113590061808 362
1757595069649 0.13683914748944012 363
1757595069684 0.13296939218824777 364
1757595069720 0.4260025302251667 365
1757595069756 0.12127921431511952 366
1757595069791 0.21040090097051298 367
1757595069827 0.07056052051224274 368
1757595069862 0.012086009496518474 369
1757595069898 0.2527568410360231 370
1757595069933 0.057341620110026414 371
1757595069969 0.006815189493775082 372
1757595070004 0.06123955738941968 373
1757595070039 0.010502815692893117 374
1757595070075 0.1296603026466178 375
1757595070110 0.10218029661206253 376
1757595070145 0.015365066657489707 377
1757595070181 0.0004892271205090452 378
1757595070216 0.038521477213111284 379
1757595070251 0.0004532863847820213 380
1757595070287 0.013575917819120301 381
1757595070322 0.006633513809730265 382
1757595070358 0.02754590827680795 383
1757595070394 0.008419271204041226 384
1757595070429 0.12404278992765208 385
1757595070464 0.1284696287839005 386
1757595070500 0.02216699649336753 387
1757595070535 0.07139967881797898 388
1757595070571 0.2022976182379974 389
1757595070607 0.13098076384555882 390
1757595070642 0.5735615286896271 391
1757595070678 0.00014271125386764436 392
1757595070714 0.020697558452949343 393
1757595070749 0.03359919432391983 394
1757595070785 0.007434717170830426 395
1757595070820 0.011586941471280263 396
1757595070856 0.0697906799074555 397
1757595070892 0.09452721574078672 398
1757595070928 0.08367173628566173 399
1757595070963 0.054905082830069944 400
1757595070999 0.13514582100112965 401
1757595071034 0.017985954094338508 402
1757595071070 0.03448823211553419 403
1757595071105 0.05363042221876099 404
1757595071141 0.26168134408599875 405
1757595071177 0.05470921163764012 406
1757595071213 0.009200869533967156 407
1757595071249 1.679406774798065e-05 408
1757595071285 0.130971502158725 409
1757595071321 0.09466531144836661 410
1757595071356 0.007763369391039303 411
1757595071392 0.01605795380509216 412
1757595071428 0.01180100711937249 413
1757595071464 0.060106825224897534 414
1757595071500 0.04392055301359459 415
1757595071536 0.6776851898498792 416
1757595071572 1.2910153598350349e-06 417
1757595071608 0.06706831466026515 418
1757595071644 0.0018647564703032332 419
1757595071680 0.07765133508996337 420
1757595071716 0.010046744172971177 421
1757595071752 0.08172363019236281 422
1757595071788 0.09176853977131644 423
1757595071824 0.1534243355366431 424
1757595071860 0.10807798136109818 425
1757595071896 0.013505498816057438 426
1757595071932 0.15069377653665406 427
1757595071968 0.3615272248443453 428
1757595072004 0.009927773198048778 429
1757595072039 0.011869927093883632 430
1757595072075 0.004371723037183165 431
1757595072112 0.010139021743695884 432
1757595072148 0.020895986692750057 433
1757595072184 0.12483307963476685 434
1757595072220 0.6432663519322029 435
1757595072255 0.03228465152763093 436
1757595072291 0.02349970075290439 437
1757595072327 0.056545323157646446 438
1757595072363 0.001627683698872851 439
1757595072400 0.018230842649077046 440
1757595072435 0.006121448772048709 441
1757595072471 0.2313548484330509 442
1757595072507 0.34756121001782286 443
1757595072543 0.022209444260142427 444
1757595072579 0.1368799872159412 445
1757595072615 0.016165130582890312 446
1757595072652 0.01956028117680205 447
1757595072688 0.014632299306630963 448
1757595072724 0.004258663928275172 449
1757595072760 0.05026514082066535 450
1757595072796 0.028579590148489504 451
1757595072831 0.04430421537751795 452
1757595072867 0.0020649930932833648 453
1757595072903 0.061095112877218104 454
1757595072939 0.053110213593899475 455
1757595072977 0.00037591858028970506 456
1757595073015 0.05083415260321895 457
1757595073052 0.0014963015964336353 458
1757595073088 0.019727527511866884 459
1757595073124 0.0017306018825132457 460
1757595073160 0.22002187416925045 461
1757595073196 0.09246552488089327 462
1757595073232 0.01762838114466468 463
1757595073268 0.011523046591082338 464
1757595073304 0.436600219997143 465
1757595073340 0.06278535037795326 466
1757595073376 0.0009475365949941511 467
1757595073412 0.045048548450697314 468
1757595073448 0.0012846548648239547 469
1757595073485 0.00022442509378481327 470
1757595073521 0.026287574736817955 471
1757595073556 0.008919775150176511 472
1757595073592 0.013863264225496262 473
1757595073629 0.040002430628670385 474
1757595073665 0.014292972375570824 475
1757595073701 0.009089535521702425 476
1757595073737 0.0025489710445112767 477
1757595073773 0.07475543565770275 478
1757595073809 0.08616493720823797 479
1757595073845 0.000758067847069711 480
1757595073881 0.018820977935905783 481
1757595073917 0.00936811838504627 482
1757595073953 0.09417876749453859 483
1757595073989 0.012043835322589062 484
1757595074025 0.15038914988441532 485
1757595074060 0.03211465173618704 486
1757595074097 0.009461610604107714 487
1757595074133 0.08174313233035638 488
1757595074169 0.00024437862886385477 489
1757595074205 0.22708703145038917 490
1757595074241 0.08072863317758361 491
1757595074277 0.11919874573252406 492
1757595074313 0.031218149516331666 493
1757595074349 0.3624349134822032 494
1757595074385 0.11744310001081099 495
1757595074422 0.10243979567632247 496
1757595074458 0.060038936080686764 497
1757595074494 0.051962297137575726 498
1757595074530 0.15383662398450426 499
