1757517778803 169.0822012310746 0
1757517778811 162.79589380896033 1
1757517778819 151.31022636974018 2
1757517778828 135.94618036884845 3
1757517778835 118.11068718625782 4
1757517778844 99.17085295320396 5
1757517778852 80.35556809505186 6
1757517778860 62.68657732523974 7
1757517778868 46.9384988066506 8
1757517778876 33.62522258676697 9
1757517778884 23.00864212942237 10
1757517778893 15.124778860278381 11
1757517778901 9.82200451437886 12
1757517778909 6.806174021220749 13
1757517778917 5.6879566544547835 14
1757517778925 6.028389909954799 15
1757517778933 7.379574147250982 16
1757517778942 9.318379708939158 17
1757517778950 11.4719691785758 18
1757517778958 13.534780267064221 19
1757517778966 15.27732319278256 20
1757517778974 16.547692903205117 21
1757517778983 17.26707099990254 22
1757517778991 17.420699514003548 23
1757517778999 17.04586511447416 24
1757517779008 16.218362490200608 25
1757517779017 15.038738891346213 26
1757517779026 13.61938918095938 27
1757517779036 12.073302293181673 28
1757517779044 10.504982731074787 29
1757517779052 9.003807181216828 30
1757517779060 7.6398436605504 31
1757517779068 6.461970425942097 32
1757517779076 5.497990345498289 33
1757517779084 4.75634489149109 34
1757517779093 4.228987690864837 35
1757517779101 3.8949749360646058 36
1757517779110 3.724361156445687 37
1757517779118 3.6820450560021816 38
1757517779126 3.73128231783528 39
1757517779135 3.836661961143418 40
1757517779143 3.966422574688356 41
1757517779151 4.094058521906012 42
1757517779160 4.199229597899093 43
1757517779168 4.268037825984026 44
1757517779176 4.292770846860826 45
1757517779185 4.271232743048794 46
1757517779193 4.20579129264496 47
1757517779201 4.102267478371699 48
1757517779210 3.9687809960801195 49
1757517779218 3.81464712982708 50
1757517779226 3.6493982813562105 51
1757517779235 3.4819800371050613 52
1757517779243 3.320148948335186 53
1757517779251 3.17007877305098 54
1757517779260 3.0361648906406673 55
1757517779268 2.9210035924222293 56
1757517779277 2.825514187432746 57
1757517779286 2.749167195262529 58
1757517779294 2.6902808975572574 59
1757517779303 2.646350562777097 60
1757517779311 2.6143790098513082 61
1757517779319 2.5911830662617867 62
1757517779328 2.573657166041437 63
1757517779336 2.5589821648512583 64
1757517779345 2.5447738792076167 65
1757517779354 2.529171475582435 66
1757517779363 2.5108703723907486 67
1757517779371 2.489107636934457 68
1757517779380 2.463609941475759 69
1757517779389 2.4345150661189496 70
1757517779398 2.4022778520703003 71
1757517779406 2.367570615504931 72
1757517779415 2.3311865514422156 73
1757517779423 2.2939528126300774 74
1757517779432 2.2566579492006476 75
1757517779440 2.2199964214712566 76
1757517779449 2.1845310950440164 77
1757517779457 2.1506730982770024 78
1757517779466 2.11867723071052 79
1757517779475 2.088650282985237 80
1757517779483 2.0605691576371767 81
1757517779492 2.0343055336175646 82
1757517779500 2.0096539447876087 83
1757517779510 1.986360482234275 84
1757517779518 1.964149816011074 85
1757517779528 1.9427487993027457 86
1757517779536 1.9219055086308858 87
1757517779545 1.9014031384938426 88
1757517779553 1.8810686699955579 89
1757517779562 1.8607766447803202 90
1757517779570 1.840448683833534 91
1757517779579 1.8200495918220454 92
1757517779588 1.7995809868054655 93
1757517779597 1.779073404252241 94
1757517779605 1.758577759783763 95
1757517779614 1.7381569358307405 96
1757517779622 1.7178781028498609 97
1757517779631 1.6978062143212533 98
1757517779640 1.6779989426140525 99
1757517779649 1.6585031631311957 100
1757517779657 1.6393529566437794 101
1757517779666 1.6205689905965388 102
1757517779674 1.602159062281102 103
1757517779683 1.5841195400969665 104
1757517779692 1.566437421261917 105
1757517779700 1.5490927311777933 106
1757517779709 1.5320610160012271 107
1757517779718 1.5153157201208725 108
1757517779726 1.4988302885480422 109
1757517779735 1.4825798854856782 110
1757517779744 1.4665426701150086 111
1757517779752 1.450700615445635 112
1757517779761 1.4350398934651607 113
1757517779770 1.4195508783751338 114
1757517779779 1.4042278389258176 115
1757517779788 1.3890684010732501 116
1757517779797 1.3740728643125657 117
1757517779806 1.3592434504589714 118
1757517779814 1.3445835539674962 119
1757517779823 1.3300970498005111 120
1757517779832 1.3157876999999485 121
1757517779841 1.3016586849544267 122
1757517779849 1.2877122710776616 123
1757517779858 1.273949614141054 124
1757517779867 1.2603706874335037 125
1757517779876 1.2469743165626876 126
1757517779885 1.2337582981065494 127
1757517779894 1.2207195773025408 128
1757517779903 1.2078544601884003 129
1757517779912 1.1951588376431634 130
1757517779921 1.1826284021256486 131
1757517779929 1.1702588420710116 132
1757517779938 1.1580460034164615 133
1757517779947 1.1459860121810252 134
1757517779956 1.1340753560959966 135
1757517779965 1.1223109267388618 136
1757517779974 1.110690026320037 137
1757517779983 1.0992103451487996 138
1757517779992 1.0878699168760355 139
1757517780001 1.0766670589484901 140
1757517780010 1.0656003054241643 141
1757517780020 1.054668338531233 142
1757517780030 1.0438699242510765 143
1757517780039 1.0332038559155032 144
1757517780049 1.0226689084621239 145
1757517780058 1.0122638047002428 146
1757517780067 1.0019871937909532 147
1757517780076 0.9918376411965826 148
1757517780085 0.9818136286411142 149
1757517780097 0.971913562153149 150
1757517780117 0.9621357860253928 151
1757517780127 0.9524786004942228 152
1757517780136 0.9429402810819173 153
1757517780145 0.9335190978108548 154
1757517780154 0.9242133328488765 155
1757517780163 0.9150212955362362 156
1757517780172 0.9059413341404071 157
1757517780181 0.8969718440540703 158
1757517780191 0.8881112724725274 159
1757517780201 0.8793581198436997 160
1757517780210 0.8707109385700447 161
1757517780219 0.8621683295568145 162
1757517780228 0.853728937249663 163
1757517780237 0.8453914437958838 164
1757517780246 0.8371545629088669 165
1757517780256 0.8290170339278725 166
1757517780265 0.8209776164572296 167
1757517780274 0.8130350858531852 168
1757517780283 0.805188229712318 169
1757517780292 0.7974358454117177 170
1757517780301 0.7897767386631228 171
1757517780310 0.7822097229749856 172
1757517780319 0.7747336198689712 173
1757517780328 0.7673472596707376 174
1757517780337 0.7600494826864097 175
1757517780347 0.7528391405839197 176
1757517780356 0.7457150978177032 177
1757517780365 0.7386762329635614 178
1757517780374 0.7317214398627611 179
1757517780383 0.7248496285087588 180
1757517780392 0.7180597256421181 181
1757517780401 0.7113506750481815 182
1757517780410 0.704721437575736 183
1757517780419 0.6981709909127572 184
1757517780429 0.6916983291668896 185
1757517780438 0.685302462304317 186
1757517780447 0.6789824155012544 187
1757517780456 0.6727372284587959 188
1757517780465 0.6665659547252172 189
1757517780474 0.6604676610609392 190
1757517780484 0.6544414268718838 191
1757517780493 0.6484863437268724 192
1757517780502 0.6426015149657994 193
1757517780511 0.6367860553973124 194
1757517780521 0.6310390910784941 195
1757517780530 0.625359759164487 196
1757517780539 0.6197472078132084 197
1757517780549 0.6142005961292949 198
1757517780558 0.6087190941315453 199
1757517780567 0.6033018827297052 200
1757517780577 0.5979481536985157 201
1757517780586 0.5926571096397336 202
1757517780595 0.5874279639256436 203
1757517780605 0.5822599406204283 204
1757517780614 0.5771522743783125 205
1757517780623 0.5721042103195116 206
1757517780633 0.5671150038866853 207
1757517780642 0.5621839206856857 208
1757517780652 0.5573102363151119 209
1757517780661 0.5524932361892029 210
1757517780670 0.5477322153584911 211
1757517780680 0.5430264783321166 212
1757517780689 0.538375338904907 213
1757517780698 0.5337781199916947 214
1757517780708 0.5292341534702283 215
1757517780717 0.524742780033595 216
1757517780727 0.520303349051961 217
1757517780736 0.5159152184432613 218
1757517780745 0.5115777545517659 219
1757517780755 0.5072903320332709 220
1757517780764 0.5030523337456002 221
1757517780774 0.4988631506429919 222
1757517780783 0.4947221816730965 223
1757517780792 0.4906288336755205 224
1757517780802 0.4865825212809937 225
1757517780812 0.48258266681056305 226
1757517780821 0.4786287001743928 227
1757517780831 0.47472005877001994 228
1757517780840 0.4708561873800972 229
1757517780850 0.46703653806978485 230
1757517780859 0.46326057008408683 231
1757517780869 0.45952774974547933 232
1757517780879 0.45583755035218226 233
1757517780888 0.45218945207748834 234
1757517780898 0.4485829418703866 235
1757517780908 0.44501751335783896 236
1757517780918 0.4414926667488257 237
1757517780927 0.43800790874034196 238
1757517780937 0.43456275242537473 239
1757517780946 0.4311567172028505 240
1757517780956 0.42778932868953784 241
1757517780966 0.424460118633755 242
1757517780975 0.4211686248307835 243
1757517780985 0.4179143910398891 244
1757517780994 0.41469696690275987 245
1757517781004 0.4115159078632581 246
1757517781014 0.4083707750883799 247
1757517781027 0.4052611353903149 248
1757517781036 0.40218656114954415 249
1757517781046 0.3991466302388875 250
1757517781057 0.3961409259485086 251
1757517781066 0.3931690369118631 252
1757517781076 0.3902305570325448 253
1757517781086 0.38732508541206123 254
1757517781095 0.3844522262785841 255
1757517781105 0.38161158891664315 256
1757517781115 0.37880278759779673 257
1757517781124 0.3760254415123069 258
1757517781134 0.37327917470183747 259
1757517781144 0.37056361599311194 260
1757517781153 0.36787839893263297 261
1757517781163 0.36522316172237757 262
1757517781173 0.3625975471564752 263
1757517781183 0.3600012025588784 264
1757517781193 0.3574337797219579 265
1757517781202 0.35489493484606444 266
1757517781212 0.3523843284799443 267
1757517781221 0.3499016254620894 268
1757517781231 0.34744649486290774 269
1757517781241 0.3450186099277554 270
1757517781250 0.34261764802076466 271
1757517781260 0.34024329056948605 272
1757517781270 0.3378952230103108 273
1757517781279 0.3355731347346601 274
1757517781289 0.33327671903593786 275
1757517781299 0.3310056730572158 276
1757517781309 0.3287596977396675 277
1757517781318 0.32653849777174454 278
1757517781328 0.32434178153902554 279
1757517781338 0.3221692610748423 280
1757517781347 0.3200206520115505 281
1757517781357 0.31789567353253345 282
1757517781367 0.3157940483248763 283
1757517781376 0.31371550253272007 284
1757517781386 0.3116597657112879 285
1757517781396 0.3096265707815661 286
1757517781406 0.30761565398563095 287
1757517781416 0.30562675484262003 288
1757517781426 0.30365961610532616 289
1757517781436 0.30171398371740926 290
1757517781446 0.2997896067712199 291
1757517781456 0.29788623746621173 292
1757517781465 0.296003631067947 293
1757517781475 0.29414154586768665 294
1757517781485 0.2922997431425226 295
1757517781495 0.2904779871161102 296
1757517781505 0.288676044919916 297
1757517781515 0.28689368655502223 298
1757517781526 0.2851306848544746 299
1757517781537 0.28338681544613775 300
1757517781547 0.2816618567160892 301
1757517781558 0.2799555897725088 302
1757517781568 0.27826779841008425 303
1757517781578 0.27659826907490676 304
1757517781589 0.27494679082985846 305
1757517781598 0.27331315532048234 306
1757517781608 0.2716971567413266 307
1757517781619 0.27009859180276485 308
1757517781628 0.26851725969826085 309
1757517781638 0.26695296207211205 310
1757517781648 0.2654055029876168 311
1757517781658 0.2638746888957031 312
1757517781668 0.2623603286039783 313
1757517781678 0.2608622332462105 314
1757517781687 0.25938021625223984 315
1757517781697 0.25791409331829546 316
1757517781708 0.2564636823777225 317
1757517781718 0.25502880357212293 318
1757517781727 0.25360927922287363 319
1757517781737 0.25220493380306175 320
1757517781747 0.25081559390978125 321
1757517781758 0.2494410882368289 322
1757517781768 0.24808124754776312 323
1757517781778 0.2467359046493308 324
1757517781788 0.24540489436526974 325
1757517781798 0.24408805351045565 326
1757517781808 0.24278522086541407 327
1757517781819 0.24149623715116758 328
1757517781829 0.24022094500443958 329
1757517781838 0.2389591889531843 330
1757517781849 0.23771081539245906 331
1757517781859 0.23647567256062046 332
1757517781869 0.23525361051584157 333
1757517781879 0.23404448111295365 334
1757517781889 0.23284813798059484 335
1757517781899 0.23166443649868035 336
1757517781910 0.23049323377616296 337
1757517781920 0.22933438862910055 338
1757517781930 0.22818776155903042 339
1757517781940 0.2270532147316167 340
1757517781950 0.22593061195559896 341
1757517781961 0.2248198186620191 342
1757517781971 0.22372070188373142 343
1757517781981 0.2226331302351837 344
1757517781991 0.22155697389247694 345
1757517782001 0.22049210457368176 346
1757517782011 0.21943839551943362 347
1757517782021 0.21839572147377273 348
1757517782031 0.21736395866525443 349
1757517782041 0.2163429847882984 350
1757517782052 0.21533267898480163 351
1757517782062 0.2143329218259847 352
1757517782072 0.21334359529448788 353
1757517782082 0.21236458276670453 354
1757517782093 0.21139576899534127 355
1757517782103 0.21043704009222944 356
1757517782113 0.20948828351134366 357
1757517782124 0.20854938803205791 358
1757517782134 0.20762024374262253 359
1757517782144 0.2067007420238602 360
1757517782154 0.20579077553307087 361
1757517782165 0.20489023818816718 362
1757517782175 0.20399902515199475 363
1757517782185 0.20311703281688476 364
1757517782195 0.20224415878938687 365
1757517782206 0.2013803018752283 366
1757517782216 0.20052536206444704 367
1757517782227 0.19967924051674052 368
1757517782237 0.1988418395469934 369
1757517782247 0.19801306261099821 370
1757517782258 0.1971928142913767 371
1757517782268 0.19638100028366018 372
1757517782278 0.19557752738258097 373
1757517782289 0.19478230346851919 374
1757517782299 0.19399523749414638 375
1757517782309 0.19321623947122238 376
1757517782320 0.19244522045759324 377
1757517782330 0.1916820925443299 378
1757517782341 0.19092676884305068 379
1757517782352 0.19017916347340844 380
1757517782362 0.18943919155073508 381
1757517782372 0.1887067691738487 382
1757517782383 0.18798181341302309 383
1757517782393 0.18726424229810892 384
1757517782403 0.1865539748068075 385
1757517782414 0.1858509308531043 386
1757517782424 0.18515503127584476 387
1757517782435 0.18446619782746107 388
1757517782445 0.18378435316284467 389
1757517782456 0.18310942082836018 390
1757517782466 0.1824413252510077 391
1757517782477 0.18177999172771409 392
1757517782487 0.1811253464147725 393
1757517782498 0.1804773163174154 394
1757517782508 0.17983582927951378 395
1757517782519 0.17920081397342363 396
1757517782529 0.1785721998899455 397
1757517782540 0.17794991732842855 398
1757517782550 0.1773338973869937 399
1757517782560 0.17672407195287676 400
1757517782571 0.17612037369291095 401
1757517782581 0.17552273604411348 402
1757517782591 0.17493109320440817 403
1757517782602 0.17434538012345288 404
1757517782612 0.1737655324935905 405
1757517782623 0.1731914867409199 406
1757517782634 0.17262318001647178 407
1757517782644 0.17206055018749897 408
1757517782655 0.1715035358288834 409
1757517782666 0.17095207621464617 410
1757517782676 0.170406111309567 411
1757517782687 0.16986558176091132 412
1757517782697 0.16933042889026065 413
1757517782708 0.16880059468544528 414
1757517782718 0.1682760217925848 415
1757517782729 0.16775665350822241 416
1757517782740 0.16724243377156164 417
1757517782751 0.16673330715680248 418
1757517782761 0.16622921886557127 419
1757517782772 0.16573011471944857 420
1757517782783 0.16523594115258866 421
1757517782794 0.1647466452044355 422
1757517782804 0.16426217451252495 423
1757517782815 0.16378247730538448 424
1757517782826 0.16330750239551395 425
1757517782836 0.16283719917246167 426
1757517782847 0.16237151759598284 427
1757517782858 0.1619104081892881 428
1757517782868 0.16145382203236702 429
1757517782879 0.16100171075540815 430
1757517782890 0.16055402653229223 431
1757517782900 0.1601107220741696 432
1757517782911 0.15967175062311578 433
1757517782921 0.15923706594587103 434
1757517782932 0.15880662232765153 435
1757517782943 0.15838037456604137 436
1757517782954 0.15795827796496403 437
1757517782964 0.1575402883287175 438
1757517782975 0.15712636195609572 439
1757517782986 0.15671645563457806 440
1757517782996 0.156310526634584 441
1757517783007 0.1559085327038193 442
1757517783018 0.15551043206166282 443
1757517783029 0.15511618339364894 444
1757517783040 0.15472574584600543 445
1757517783051 0.1543390790202597 446
1757517783061 0.15395614296791524 447
1757517783072 0.15357689818518916 448
1757517783083 0.15320130560782028 449
1757517783097 0.1528293266059346 450
1757517783110 0.15246092297898087 451
1757517783124 0.15209605695072226 452
1757517783139 0.15173469116429342 453
1757517783150 0.15137678867731752 454
1757517783161 0.15102231295707993 455
1757517783172 0.15067122787576992 456
1757517783183 0.15032349770576892 457
1757517783194 0.14997908711500554 458
1757517783205 0.14963796116236205 459
1757517783216 0.1493000852931409 460
1757517783227 0.14896542533458615 461
1757517783238 0.1486339474914528 462
1757517783249 0.1483056183416433 463
1757517783260 0.1479804048318831 464
1757517783271 0.1476582742734601 465
1757517783282 0.1473391943380091 466
1757517783293 0.1470231330533493 467
1757517783304 0.14671005879937452 468
1757517783315 0.1463999403039928 469
1757517783326 0.1460927466391083 470
1757517783337 0.14578844721666612 471
1757517783348 0.14548701178473136 472
1757517783359 0.1451884104236221 473
1757517783370 0.14489261354208882 474
1757517783381 0.14459959187354085 475
1757517783392 0.14430931647231374 476
1757517783403 0.1440217587099878 477
1757517783414 0.14373689027174735 478
1757517783426 0.14345468315278545 479
1757517783437 0.1431751096547493 480
1757517783447 0.14289814238223497 481
1757517783459 0.14262375423931412 482
1757517783470 0.14235191842611308 483
1757517783481 0.1420826084354262 484
1757517783492 0.14181579804937233 485
1757517783503 0.14155146133609006 486
1757517783514 0.14128957264647607 487
1757517783525 0.14103010661095863 488
1757517783536 0.14077303813630937 489
1757517783548 0.1405183424024991 490
1757517783559 0.140265994859585 491
1757517783570 0.14001597122463624 492
1757517783581 0.13976824747870006 493
1757517783592 0.13952279986379978 494
1757517783604 0.13927960487996924 495
1757517783615 0.13903863928232868 496
1757517783626 0.13879988007818286 497
1757517783640 0.13856330452416574 498
1757517783651 0.13832889012341626 499
