1757594683769 128.85679246642144 0
1757594683779 95.83073141324299 1
1757594683790 74.3142878527873 2
1757594683801 53.746520348359454 3
1757594683812 35.19651414919882 4
1757594683822 27.843620494497568 5
1757594683833 26.757322648143006 6
1757594683844 14.462162129747737 7
1757594683854 12.63089014838925 8
1757594683864 12.478850708567883 9
1757594683875 9.173213541860335 10
1757594683886 7.0110406331422865 11
1757594683896 10.792582823390301 12
1757594683906 7.280805547236738 13
1757594683916 6.015620645053966 14
1757594683927 6.144334706768962 15
1757594683938 3.859423579452651 16
1757594683949 6.369648122580991 17
1757594683960 3.873142988273557 18
1757594683971 2.698643312598336 19
1757594683982 2.9013547633521894 20
1757594683994 4.2518797434197095 21
1757594684004 2.1981181764259494 22
1757594684014 3.125247707147769 23
1757594684024 5.194764856754417 24
1757594684036 4.1662216275875155 25
1757594684047 2.9429774783956435 26
1757594684057 3.6405177701713014 27
1757594684068 3.0444401912320522 28
1757594684078 3.342257296297085 29
1757594684089 1.4773725721618118 30
1757594684099 2.9558673451253537 31
1757594684110 6.419755311696238 32
1757594684120 2.246061302219335 33
1757594684130 2.953413018194809 34
1757594684141 2.3243097907630634 35
1757594684152 1.959723081020487 36
1757594684163 4.1005247824529665 37
1757594684173 2.436512475917316 38
1757594684184 2.113214567978676 39
1757594684194 3.808747725202722 40
1757594684205 2.607745236536456 41
1757594684216 4.731938034609804 42
1757594684228 5.100402876176974 43
1757594684239 2.2708359120197477 44
1757594684249 2.7677974950163167 45
1757594684258 2.5890570791885197 46
1757594684268 3.138745202161273 47
1757594684278 2.130725519720173 48
1757594684288 2.4305227193253622 49
1757594684298 1.5633947072558498 50
1757594684308 2.4450004077818104 51
1757594684317 2.9070624858008416 52
1757594684327 1.5834429550987792 53
1757594684336 3.121619922222678 54
1757594684346 3.1068323198613674 55
1757594684356 3.4432131173094236 56
1757594684366 2.9112438429384975 57
1757594684375 3.042835806836858 58
1757594684385 3.668745755700771 59
1757594684395 1.5509050110597256 60
1757594684404 3.362431633704734 61
1757594684414 4.24411310707253 62
1757594684424 1.9659377750480078 63
1757594684434 2.6453945759494792 64
1757594684444 2.5665393066752062 65
1757594684453 2.5100380651161296 66
1757594684463 1.0207868438634864 67
1757594684474 3.1641490564528985 68
1757594684484 2.4895443640455146 69
1757594684494 2.793345979909773 70
1757594684504 3.3496134072950565 71
1757594684514 2.5902778810167035 72
1757594684523 2.228210625566001 73
1757594684533 2.722346457576756 74
1757594684543 2.176360185740052 75
1757594684553 2.6791203711589824 76
1757594684563 2.751862155816192 77
1757594684573 3.390895845041478 78
1757594684583 1.7265870251937805 79
1757594684593 2.149909324941936 80
1757594684602 1.8264301459920085 81
1757594684612 2.4349191941764916 82
1757594684622 1.9716109964117063 83
1757594684632 1.8283766286361307 84
1757594684642 1.9347079558473497 85
1757594684652 1.798541594862635 86
1757594684662 3.5368204729698265 87
1757594684672 1.5691855750599069 88
1757594684682 2.7237752492293215 89
1757594684695 2.7750457096470647 90
1757594684708 1.4426518779612776 91
1757594684718 0.7459544008313279 92
1757594684728 0.9699472194022133 93
1757594684737 2.3473729023628778 94
1757594684747 0.44648810717710624 95
1757594684757 0.83748609856755 96
1757594684768 3.7709428601891233 97
1757594684777 1.1600710587286218 98
1757594684787 1.1394647811236305 99
1757594684797 0.40899754615246964 100
1757594684807 1.7368303119699502 101
1757594684818 3.2614390029504867 102
1757594684828 2.4126322362575605 103
1757594684838 1.8951496166841004 104
1757594684848 1.864417962144393 105
1757594684858 1.2764315139438385 106
1757594684868 0.731162406179235 107
1757594684879 1.43198988690966 108
1757594684891 1.3825748600587657 109
1757594684903 0.9495896348898675 110
1757594684914 1.5360721801795691 111
1757594684927 2.075469866163211 112
1757594684938 1.7176667701973871 113
1757594684949 1.7916769066157556 114
1757594684960 1.1469467755004557 115
1757594684971 2.364226767026025 116
1757594684984 1.3007042086168517 117
1757594685030 2.586813988709828 118
1757594685043 1.375823733432996 119
1757594685056 0.8236187808553809 120
1757594685066 0.8683506175571362 121
1757594685078 2.5040842479939602 122
1757594685089 0.971503491724266 123
1757594685101 0.8645350990856628 124
1757594685112 1.1893086603848704 125
1757594685124 1.644038268038943 126
1757594685135 0.9434388049880206 127
1757594685147 1.083962543270715 128
1757594685160 2.173876023298315 129
1757594685172 2.0033822084125226 130
1757594685184 1.1554974583839053 131
1757594685198 1.2649043192993552 132
1757594685210 2.0641063155335337 133
1757594685223 1.1445001737632625 134
1757594685235 1.3686708552047058 135
1757594685248 1.800855625116507 136
1757594685260 2.1105204047802775 137
1757594685272 1.6135132412398874 138
1757594685284 1.2361266064541379 139
1757594685296 1.4322037939230603 140
1757594685308 1.6068104154012752 141
1757594685320 0.836335558721385 142
1757594685332 1.9884694112986092 143
1757594685345 1.1386433973108598 144
1757594685358 0.8163888994740948 145
1757594685372 0.783261956066876 146
1757594685387 1.0643734767914887 147
1757594685408 1.0027012702207105 148
1757594685419 1.500365833675506 149
1757594685430 0.9710561825905207 150
1757594685441 1.180339444387372 151
1757594685451 1.3199614883547002 152
1757594685462 1.187369715406478 153
1757594685472 1.2671382461227043 154
1757594685482 0.823028393594677 155
1757594685493 1.3224253113789037 156
1757594685506 1.5425583439806942 157
1757594685519 1.03894933236905 158
1757594685531 0.9355576714138716 159
1757594685544 0.7404766787861037 160
1757594685557 1.0551508145528319 161
1757594685570 1.2022937915639063 162
1757594685582 0.7390862052218152 163
1757594685594 1.5395958263791734 164
1757594685607 0.8698538700632532 165
1757594685620 1.5628764978669112 166
1757594685632 0.7912293235934049 167
1757594685644 1.331327984231275 168
1757594685655 0.7888555254339201 169
1757594685667 0.7444255865724453 170
1757594685677 1.3576052827389933 171
1757594685688 1.002729592760653 172
1757594685699 1.0436731095915102 173
1757594685710 0.6526304852841421 174
1757594685721 0.9664996199982939 175
1757594685732 1.0939539607912718 176
1757594685742 2.070236912444529 177
1757594685753 0.49424559477823127 178
1757594685764 1.0983229758812898 179
1757594685775 1.0858509429837961 180
1757594685785 0.898801142697127 181
1757594685795 0.5809338019557737 182
1757594685806 0.6191816631537714 183
1757594685816 0.8131023967077212 184
1757594685827 0.810294261484661 185
1757594685838 0.8758470147475946 186
1757594685849 1.5780844098943798 187
1757594685859 0.5412921622504462 188
1757594685870 1.1450237107406267 189
1757594685880 0.9470839965358987 190
1757594685890 1.3150675211486433 191
1757594685901 1.2697991563983124 192
1757594685911 0.873878185864232 193
1757594685922 0.4587731986720442 194
1757594685932 0.8754856972233597 195
1757594685943 0.9650305446065566 196
1757594685953 0.9630616324908253 197
1757594685963 0.6818537532673548 198
1757594685974 0.641834247294463 199
1757594685984 0.7413064877658477 200
1757594685995 0.6480114665236861 201
1757594686005 1.4737551170545184 202
1757594686015 0.4748598352620052 203
1757594686026 0.5090756091500576 204
1757594686037 0.606590231084811 205
1757594686047 0.7315299541631669 206
1757594686057 0.3316230824720776 207
1757594686068 0.9377603378601435 208
1757594686079 1.4087185681551904 209
1757594686089 0.5252076834728538 210
1757594686100 0.8073533077660289 211
1757594686110 0.5549506939576799 212
1757594686120 0.41216645112346795 213
1757594686131 0.5959150641703715 214
1757594686141 0.5569233458410625 215
1757594686152 0.6047799263125189 216
1757594686163 0.8130280068005674 217
1757594686174 0.6013138349277009 218
1757594686185 0.7614279105996741 219
1757594686198 0.593983825169722 220
1757594686209 0.412946464431368 221
1757594686220 0.6676361057116948 222
1757594686230 0.44641964042192384 223
1757594686241 0.4578893450507794 224
1757594686252 0.468570001817909 225
1757594686262 0.6959589908882233 226
1757594686273 0.7233125454664664 227
1757594686284 0.6396525876697053 228
1757594686294 0.5710943040522506 229
1757594686305 0.42327941490650267 230
1757594686316 0.4072543975345536 231
1757594686327 0.6219645232013988 232
1757594686338 0.5508991097080456 233
1757594686348 0.784312800819581 234
1757594686359 0.5838410112658513 235
1757594686370 0.20388918969649994 236
1757594686381 0.7004212181629078 237
1757594686392 0.6351761396449804 238
1757594686403 0.6230190863626202 239
1757594686413 0.6125986155625546 240
1757594686424 0.8175637168542952 241
1757594686435 0.4314651271215995 242
1757594686445 0.32753422002104926 243
1757594686456 1.1453284599018785 244
1757594686467 0.7070472373957672 245
1757594686477 0.45964939029331386 246
1757594686488 0.34956448743697693 247
1757594686499 0.8991589403885969 248
1757594686510 0.5012149124474062 249
1757594686520 0.3728228384085407 250
1757594686531 0.4212656546227955 251
1757594686542 0.4199867175718538 252
1757594686553 0.5697852264739509 253
1757594686564 0.5462089963777121 254
1757594686575 0.3821072336278982 255
1757594686586 0.538111168058814 256
1757594686597 0.5022021496603487 257
1757594686608 0.583020975531796 258
1757594686619 0.3059718988425837 259
1757594686629 0.5096934115471898 260
1757594686641 0.2825871508850559 261
1757594686652 0.655460010481826 262
1757594686662 0.27090464975469736 263
1757594686673 0.26403627930900986 264
1757594686684 0.826117934333623 265
1757594686695 0.3854892471638491 266
1757594686706 0.37090973468613175 267
1757594686717 0.6344117317997736 268
1757594686728 0.48456520708103484 269
1757594686739 0.5656627891704452 270
1757594686749 0.33784917243674245 271
1757594686760 0.3627417821244431 272
1757594686771 0.4300626918455295 273
1757594686782 0.40925365736911745 274
1757594686793 0.3358035409451762 275
1757594686804 0.6697656983538569 276
1757594686815 0.5579044853560106 277
1757594686826 0.5134461804697275 278
1757594686837 0.2291305763576532 279
1757594686848 0.4485043407101924 280
1757594686859 0.5045400984149929 281
1757594686870 0.4552352760696701 282
1757594686881 0.28935804365894857 283
1757594686892 0.10228912835232422 284
1757594686903 0.44451311866888427 285
1757594686914 0.3599140644957676 286
1757594686925 0.1757300818094573 287
1757594686936 0.42808471134615517 288
1757594686947 0.19372359811655598 289
1757594686958 0.4014217762112862 290
1757594686969 0.5719543833964245 291
1757594686980 0.22740797284882402 292
1757594686991 0.5691426417127259 293
1757594687002 0.5334401416548439 294
1757594687013 0.6484072390520343 295
1757594687024 0.3688802346565787 296
1757594687035 0.6305875308837011 297
1757594687046 0.41856706789581455 298
1757594687057 0.31184390105662224 299
1757594687068 0.2748979457369233 300
1757594687080 0.3672425502994828 301
1757594687091 0.35199342704001857 302
1757594687102 0.36253739271135516 303
1757594687114 0.21820691587594873 304
1757594687125 0.2704203860550323 305
1757594687136 0.6645005796234174 306
1757594687148 0.34600985644723015 307
1757594687159 0.4430689114343021 308
1757594687170 0.1531869756215408 309
1757594687182 0.49033921943505376 310
1757594687193 0.24507150210740308 311
1757594687204 0.6742209212859345 312
1757594687216 0.46191915018572305 313
1757594687227 0.46766155920219626 314
1757594687239 0.27020267947946947 315
1757594687250 0.48590121101381056 316
1757594687262 0.25700632439716864 317
1757594687274 0.24145188111027535 318
1757594687286 0.44853001143148635 319
1757594687299 0.2812029159650364 320
1757594687311 0.2959395646020876 321
1757594687322 0.42798199655679053 322
1757594687334 0.1278495395129249 323
1757594687346 0.3531212441795807 324
1757594687358 0.22317611325658865 325
1757594687370 0.3593679017586668 326
1757594687382 0.2100227450140305 327
1757594687394 0.4735732752343139 328
1757594687405 0.400811860988931 329
1757594687416 0.2517928734257588 330
1757594687428 0.3260779513113543 331
1757594687439 0.4123718629407916 332
1757594687451 0.2050972139887173 333
1757594687462 0.2557728466267748 334
1757594687474 0.21084935930319781 335
1757594687485 0.2184784382324184 336
1757594687497 0.4763308304082618 337
1757594687508 0.31399167847714426 338
1757594687520 0.3602121933562664 339
1757594687531 0.3114161740503163 340
1757594687543 0.24135215391306591 341
1757594687554 0.3745294407666631 342
1757594687566 0.25170520545332037 343
1757594687577 0.2092907473668012 344
1757594687589 0.24257860541728668 345
1757594687600 0.2320097027012037 346
1757594687612 0.14777257342027675 347
1757594687624 0.29005837388056765 348
1757594687637 0.24344329178606317 349
1757594687650 0.37957758433987926 350
1757594687664 0.2268927687804404 351
1757594687677 0.20867119615274363 352
1757594687692 0.38901318502959575 353
1757594687707 0.3023803772801472 354
1757594687721 0.3787866949291726 355
1757594687734 0.30259129972361887 356
1757594687751 0.4076170234009505 357
1757594687765 0.3950911500396813 358
1757594687778 0.2212128553624185 359
1757594687791 0.22807222808788222 360
1757594687804 0.2784220593442011 361
1757594687817 0.20993467597643917 362
1757594687830 0.23971339775115633 363
1757594687843 0.13944860755468907 364
1757594687856 0.13547841911197678 365
1757594687869 0.2229448477343561 366
1757594687885 0.2413040843631989 367
1757594687898 0.24609288420116812 368
1757594687910 0.19479106033274016 369
1757594687922 0.1417333093764792 370
1757594687935 0.2682070840727412 371
1757594687947 0.29122674823744393 372
1757594687958 0.1300908219717831 373
1757594687970 0.16377649802863317 374
1757594687982 0.3860234605812115 375
1757594687995 0.11765124021870166 376
1757594688008 0.09893774990113427 377
1757594688022 0.123737000312962 378
1757594688036 0.1357234551122607 379
1757594688049 0.3155444689333519 380
1757594688062 0.22254743370279964 381
1757594688076 0.3230030830286128 382
1757594688089 0.28678667133298685 383
1757594688104 0.26443591260236643 384
1757594688117 0.4055642194950556 385
1757594688131 0.0908728794331441 386
1757594688144 0.19640594611694656 387
1757594688156 0.14118406497766883 388
1757594688169 0.24614716442171466 389
1757594688181 0.3700365630235566 390
1757594688193 0.31896359972558 391
1757594688205 0.18475340315783076 392
1757594688217 0.2443849664035537 393
1757594688229 0.24805219244258378 394
1757594688241 0.22060040765965674 395
1757594688253 0.317931217341911 396
1757594688265 0.25309005900814735 397
1757594688277 0.34038518159943476 398
1757594688289 0.25948584644027917 399
1757594688303 0.3205197463170393 400
1757594688316 0.18705596560603913 401
1757594688329 0.2901731794594576 402
1757594688342 0.21675764040793338 403
1757594688355 0.14911099146056425 404
1757594688369 0.2741927678606567 405
1757594688381 0.15328465862656132 406
1757594688395 0.12947030446357907 407
1757594688408 0.13944748604590482 408
1757594688421 0.15034320951566524 409
1757594688434 0.19256394090050943 410
1757594688447 0.27552123298036746 411
1757594688461 0.21050491402358018 412
1757594688474 0.24069364934813584 413
1757594688486 0.08337622711865697 414
1757594688498 0.054770809416484746 415
1757594688511 0.12417283295025043 416
1757594688524 0.19602255851686579 417
1757594688536 0.10773003146527645 418
1757594688548 0.11086906679061032 419
1757594688560 0.12038754794447457 420
1757594688573 0.47591017761989035 421
1757594688585 0.22821614617563124 422
1757594688597 0.19551174868747598 423
1757594688609 0.2523021933078458 424
1757594688621 0.38394489321619746 425
1757594688633 0.2772692966254581 426
1757594688645 0.156668046389217 427
1757594688657 0.4091460230708438 428
1757594688669 0.15137027841761047 429
1757594688682 0.13862935733718654 430
1757594688694 0.14833129248681068 431
1757594688706 0.24365260045071513 432
1757594688718 0.1888196481218076 433
1757594688730 0.09433961410385272 434
1757594688742 0.13968494658327782 435
1757594688755 0.13342232040688362 436
1757594688767 0.15185946517434093 437
1757594688779 0.07390977004374243 438
1757594688791 0.4143927264677 439
1757594688803 0.20972612870084395 440
1757594688815 0.14032532153546562 441
1757594688827 0.148661606570529 442
1757594688839 0.17837900169701804 443
1757594688852 0.11308003374582598 444
1757594688864 0.207503827887678 445
1757594688877 0.15427610733809738 446
1757594688889 0.08120211665539413 447
1757594688901 0.4302586233193541 448
1757594688914 0.3208409349637159 449
1757594688926 0.25029276012087165 450
1757594688938 0.22834298519527896 451
1757594688950 0.17510794160332524 452
1757594688963 0.11091176733954664 453
1757594688975 0.18489729112514372 454
1757594688987 0.3774297184651057 455
1757594689000 0.2038428108256699 456
1757594689012 0.19371163273729872 457
1757594689024 0.09219425139078977 458
1757594689036 0.1912124274144003 459
1757594689049 0.19462380572372853 460
1757594689061 0.12498350173302462 461
1757594689073 0.1424157596724925 462
1757594689085 0.23643347670829332 463
1757594689098 0.15432676332979406 464
1757594689110 0.268763238831109 465
1757594689123 0.14516301676918095 466
1757594689135 0.16033353138133905 467
1757594689147 0.22215024578152567 468
1757594689159 0.17014117469898804 469
1757594689175 0.25540490199840044 470
1757594689187 0.15116848929119198 471
1757594689199 0.29014206544253257 472
1757594689212 0.14932269284832989 473
1757594689224 0.1756769401781275 474
1757594689236 0.17753117161431728 475
1757594689249 0.10316737770044515 476
1757594689261 0.1472672205583945 477
1757594689274 0.10567458218008764 478
1757594689286 0.13030868270192894 479
1757594689299 0.1443272828099908 480
1757594689311 0.21573030943867982 481
1757594689323 0.09653724082082839 482
1757594689336 0.18290943578271482 483
1757594689348 0.102369118119789 484
1757594689360 0.16253545724981636 485
1757594689373 0.18655727142282952 486
1757594689385 0.09589103054064002 487
1757594689398 0.1793038780296702 488
1757594689411 0.20478798223980754 489
1757594689423 0.14201521547231935 490
1757594689436 0.24612401429931863 491
1757594689448 0.13727843507263615 492
1757594689460 0.15112196474233758 493
1757594689473 0.23209567647831228 494
1757594689485 0.3171019545878203 495
1757594689498 0.14272804810582082 496
1757594689510 0.3125545359326773 497
1757594689523 0.19808674631543216 498
1757594689535 0.12974004755772833 499
