1757594889561 0.5672839881889502 0
1757594889595 0.0006365352474519822 1
1757594889628 0.7396235367538202 2
1757594889662 0.19755621964838627 3
1757594889696 0.05128616204186664 4
1757594889729 0.0008251766678983312 5
1757594889763 0.021405980220982536 6
1757594889797 0.07806271205520358 7
1757594889830 0.16400461864771854 8
1757594889863 0.003991961586790686 9
1757594889896 0.032913615512135445 10
1757594889929 0.07343612987068757 11
1757594889963 0.0630858528954799 12
1757594889996 0.017319976945672763 13
1757594890029 0.007876044530005274 14
1757594890062 0.002242442371721734 15
1757594890096 0.00468067933135403 16
1757594890129 0.007416366066109559 17
1757594890162 0.0063388346720038916 18
1757594890195 0.05751816539446752 19
1757594890228 0.0027745248006650555 20
1757594890261 0.0588429067837874 21
1757594890294 0.015804744633903876 22
1757594890328 0.0014089905963653702 23
1757594890362 0.07891788774519752 24
1757594890395 0.0848855850871086 25
1757594890428 0.10578080188676992 26
1757594890461 0.0990425573180359 27
1757594890495 0.016005541956968673 28
1757594890528 0.07021744666023118 29
1757594890561 0.06832297467958037 30
1757594890594 0.0010967148717572638 31
1757594890627 0.866190775249291 32
1757594890660 0.13661604999972657 33
1757594890694 0.06948131248886101 34
1757594890727 0.047179574553208585 35
1757594890762 0.00016847706550711 36
1757594890795 0.003453619358040336 37
1757594890844 0.12880801446626766 38
1757594890878 0.009593315230445352 39
1757594890912 0.009330301690622374 40
1757594890945 0.0006660406325678217 41
1757594890980 0.137172331503662 42
1757594891014 0.01288873242283195 43
1757594891048 0.02278476767489958 44
1757594891081 0.0007233537533273507 45
1757594891115 3.1357420659441453 46
1757594891148 0.06922813262167171 47
1757594891182 0.01678748611364976 48
1757594891215 0.028395867210642464 49
1757594891249 0.030232926847781144 50
1757594891282 0.003385998545475654 51
1757594891316 0.06035665695779997 52
1757594891349 0.17148300207820366 53
1757594891382 0.18821992750564756 54
1757594891416 0.009776518858628428 55
1757594891450 0.0005206444315659616 56
1757594891483 0.3753666536951057 57
1757594891517 0.008103242732428998 58
1757594891552 0.30943716783368286 59
1757594891586 0.1042036135501298 60
1757594891619 0.0005820449294811894 61
1757594891653 0.029754280476560757 62
1757594891686 0.2793545599101147 63
1757594891720 0.0049780818029817875 64
1757594891753 0.3484720185336787 65
1757594891787 0.00041620124564598 66
1757594891821 0.24814446561881323 67
1757594891855 0.00011486496836130934 68
1757594891888 0.09472288619118663 69
1757594891922 0.038495620765837735 70
1757594891956 0.050569277159919476 71
1757594891990 0.11296770662931264 72
1757594892023 0.04673886354309672 73
1757594892057 0.11129779165443901 74
1757594892091 0.17126248410189998 75
1757594892124 0.1458604434477278 76
1757594892158 0.03486807082609122 77
1757594892192 0.025807043616910243 78
1757594892226 0.20420669980495507 79
1757594892259 0.10310124400301984 80
1757594892293 0.07301366177017084 81
1757594892327 0.6326947994931934 82
1757594892361 0.14926829626129984 83
1757594892395 0.022106962312030305 84
1757594892428 0.036642189826664284 85
1757594892462 0.013792011978922037 86
1757594892496 0.02293828248487448 87
1757594892530 0.05516289821027555 88
1757594892563 0.01443183898871856 89
1757594892596 0.33627724422816146 90
1757594892630 0.036430429848392704 91
1757594892663 0.10606235538996989 92
1757594892697 0.03801943076442626 93
1757594892731 0.2466669362050151 94
1757594892765 0.06271069293195076 95
1757594892799 0.023499544673364743 96
1757594892833 0.007478022895937726 97
1757594892867 0.19499430965107936 98
1757594892902 0.004172488317924151 99
1757594892937 0.030857208891297665 100
1757594892971 2.0943721785498433 101
1757594893006 0.024821623428904503 102
1757594893040 0.2677380155609087 103
1757594893074 1.8685864733959695e-05 104
1757594893107 0.13613143271172054 105
1757594893141 0.07241930379233963 106
1757594893175 0.08914843883475052 107
1757594893208 0.9695100216080915 108
1757594893243 0.08755807311402784 109
1757594893276 0.0028404209551603447 110
1757594893310 0.006729005050055746 111
1757594893344 0.028039643239000493 112
1757594893378 0.031188664957105032 113
1757594893412 0.04801045298769971 114
1757594893446 0.1743939675809099 115
1757594893480 0.012070581633244449 116
1757594893513 0.022349910066798283 117
1757594893547 0.2123835813484724 118
1757594893581 0.06910537437983191 119
1757594893615 5.4055580516451265e-05 120
1757594893649 0.04900550281638234 121
1757594893683 0.01790121739864985 122
1757594893718 0.0894047142331641 123
1757594893753 0.002872868024491155 124
1757594893786 0.1355050377762122 125
1757594893820 0.033555716342433047 126
1757594893854 0.02645898174618772 127
1757594893888 0.0028169938816629846 128
1757594893922 0.024188864932085264 129
1757594893956 0.07175953891105132 130
1757594893990 0.02622251639042105 131
1757594894025 0.38557810128232356 132
1757594894059 0.0264455521772897 133
1757594894093 0.034475280231298464 134
1757594894127 0.006060750397759046 135
1757594894162 0.04178350705442638 136
1757594894196 0.0943521308189195 137
1757594894230 0.06494703275505 138
1757594894263 0.0022634597330046646 139
1757594894297 0.08008249551338498 140
1757594894332 0.15468850985611665 141
1757594894366 0.006161202574752659 142
1757594894400 0.0003893822395014123 143
1757594894434 0.016100945002183405 144
1757594894468 0.018289137380470374 145
1757594894502 0.07644670865406439 146
1757594894536 0.14904002121091633 147
1757594894570 0.15186149020448206 148
1757594894604 0.03665108465373545 149
1757594894638 0.0352258403042685 150
1757594894672 0.039285191690113 151
1757594894706 0.03237590251545685 152
1757594894740 0.1720767461062537 153
1757594894774 0.02704389873389966 154
1757594894809 0.11940971523443604 155
1757594894843 0.0006077495815724429 156
1757594894877 0.07749300731186061 157
1757594894911 0.005799924400219109 158
1757594894945 0.12191982246299236 159
1757594894979 0.014554357841095718 160
1757594895014 0.06784990667408687 161
1757594895048 0.035481453109529874 162
1757594895082 0.0061203516206405715 163
1757594895118 0.02416037620286027 164
1757594895152 0.016371478284254292 165
1757594895186 0.27039600417262744 166
1757594895220 0.04237752409716795 167
1757594895255 0.0001977645141912835 168
1757594895289 1.7259519882978773e-06 169
1757594895324 0.6435426842746822 170
1757594895358 0.026491022389215718 171
1757594895392 0.002577154851901378 172
1757594895426 0.0195178504893137 173
1757594895466 0.007360409240097601 174
1757594895507 0.00908993148254095 175
1757594895541 0.07113165102771683 176
1757594895576 0.06990576263332832 177
1757594895610 0.015661306177699338 178
1757594895644 0.039175576621295394 179
1757594895678 0.01790619746359837 180
1757594895712 0.010754024402927345 181
1757594895746 1.6254255963679811 182
1757594895780 0.025392749803461935 183
1757594895815 0.04805986842212834 184
1757594895850 0.43250415768354394 185
1757594895885 0.04636015619974094 186
1757594895920 2.3269654328204545e-05 187
1757594895954 0.05483848546791988 188
1757594895989 0.1865766352001079 189
1757594896024 0.0007913829060473337 190
1757594896058 0.15906078261161707 191
1757594896092 0.00015099511710813074 192
1757594896127 0.23717544786279593 193
1757594896161 0.1541456031886472 194
1757594896196 0.3209574422550804 195
1757594896233 0.002974332064081638 196
1757594896268 0.07629062354342572 197
1757594896303 0.27076252330194595 198
1757594896337 0.00022417195503890365 199
1757594896372 0.0002446785840289158 200
1757594896406 0.09269385450992931 201
1757594896441 0.003196349382718498 202
1757594896475 0.0035329326322559654 203
1757594896509 0.15743485453226166 204
1757594896544 0.2992197241003544 205
1757594896578 1.3422098445744244e-07 206
1757594896613 0.1572344010790339 207
1757594896647 0.4520972768543162 208
1757594896682 0.020636050957453623 209
1757594896716 0.027661405529013066 210
1757594896751 0.2761165628884483 211
1757594896785 0.013150592801547714 212
1757594896820 0.40807865389288084 213
1757594896855 0.00047478947192399325 214
1757594896889 0.02818168688860191 215
1757594896924 0.02801800196090808 216
1757594896959 0.06175087557670026 217
1757594896993 0.18911387577018582 218
1757594897028 0.008807451301209057 219
1757594897063 0.07845642396645645 220
1757594897098 0.345487899039403 221
1757594897133 0.03414472623269912 222
1757594897168 0.070481127863694 223
1757594897202 0.002334369729598439 224
1757594897236 0.03689025223174567 225
1757594897271 0.009965674374035302 226
1757594897305 0.05670218252014374 227
1757594897340 0.24991319863246134 228
1757594897375 0.031275403355551394 229
1757594897409 0.06923439864661114 230
1757594897445 0.029001100224550925 231
1757594897482 0.030790039599897817 232
1757594897520 0.0006535566161838045 233
1757594897557 0.0008111105760142691 234
1757594897595 0.035667590292659986 235
1757594897631 0.07598586543324357 236
1757594897667 0.015973517802020477 237
1757594897704 0.010543031685103498 238
1757594897740 0.021577620239799096 239
1757594897777 0.17589220752045728 240
1757594897813 0.0022667543328928562 241
1757594897850 0.059850206850728734 242
1757594897888 0.08932562471288008 243
1757594897924 0.05636968261158702 244
1757594897960 0.02892717864388691 245
1757594897996 0.028933503605694195 246
1757594898032 0.07047830135522047 247
1757594898069 0.04627505230901692 248
1757594898105 0.18660957472676987 249
1757594898142 0.03444868411678741 250
1757594898177 0.37594091354364345 251
1757594898214 0.032931005295383856 252
1757594898249 0.0004259939308219169 253
1757594898285 0.7716128637150561 254
1757594898322 0.026180688360769637 255
1757594898358 0.23964495775058464 256
1757594898395 0.0008350717423137722 257
1757594898431 0.003216435082424178 258
1757594898467 4.5380837771685896e-05 259
1757594898503 0.0047880058830456745 260
1757594898539 0.019399035429884016 261
1757594898574 0.13385420838793635 262
1757594898610 0.07803724849493393 263
1757594898645 0.01333187004366718 264
1757594898681 0.015022871766722533 265
1757594898716 0.08293609210573868 266
1757594898752 0.16892880087036208 267
1757594898787 0.005797375384112771 268
1757594898822 0.004895798729892673 269
1757594898857 0.021111699821677415 270
1757594898892 0.011802569344162715 271
1757594898927 0.010726274042876913 272
1757594898962 0.013920328692883618 273
1757594898998 0.009597894860886148 274
1757594899033 1.0977019625962312 275
1757594899069 0.9271304494798909 276
1757594899104 0.03406428357016562 277
1757594899139 0.17885754123699354 278
1757594899175 0.04939331369682014 279
1757594899210 0.04111128362876886 280
1757594899245 0.019954986070323578 281
1757594899280 0.05647965487640307 282
1757594899315 0.06253575782194709 283
1757594899350 0.021587266068920734 284
1757594899385 0.044246117808545815 285
1757594899421 0.721554534448185 286
1757594899456 0.01413062197072462 287
1757594899492 0.006582333807270532 288
1757594899528 0.0022106313922684163 289
1757594899564 0.1462030772318804 290
1757594899600 0.015719726059230325 291
1757594899635 0.019944849016531603 292
1757594899671 0.023196587356700545 293
1757594899707 0.18446996615669956 294
1757594899742 0.0170890141018032 295
1757594899777 0.08272111945850988 296
1757594899812 0.031173042761593106 297
1757594899848 0.04903822518357933 298
1757594899883 0.04035641376507392 299
1757594899919 0.0068110623893688944 300
1757594899954 0.04799246282556906 301
1757594899988 0.10258984824196936 302
1757594900024 0.11024601179365302 303
1757594900059 0.003956666665449404 304
1757594900095 0.0037267229256800175 305
1757594900130 0.045714341244466744 306
1757594900166 0.000636641197888657 307
1757594900203 0.005324082162996824 308
1757594900238 0.010022887759530086 309
1757594900274 0.11570271772819593 310
1757594900309 0.017935718214724304 311
1757594900344 0.020625949664044425 312
1757594900379 0.030535307802152637 313
1757594900414 0.01979356967080942 314
1757594900449 0.06853590927302666 315
1757594900484 0.2660768458904718 316
1757594900520 0.17068010890179044 317
1757594900555 0.9574700256018382 318
1757594900590 0.0019288824172087806 319
1757594900625 0.002106270923508899 320
1757594900660 0.03476100399593986 321
1757594900696 0.013871734646042055 322
1757594900731 0.20412753884459514 323
1757594900767 0.0008083041993675725 324
1757594900802 0.012991947643452342 325
1757594900837 0.0017643575407831605 326
1757594900873 0.14516277739849615 327
1757594900908 0.0016752172576289038 328
1757594900944 0.007319067598426869 329
1757594900979 2.4785490653947014e-05 330
1757594901014 0.006928932134644369 331
1757594901050 0.008722182940796288 332
1757594901086 0.0018137733128579137 333
1757594901121 0.6976877881281367 334
1757594901157 0.015032505074598454 335
1757594901192 0.03797350698967322 336
1757594901228 0.1749633381959519 337
1757594901263 0.3290446773488348 338
1757594901299 0.016339585531299036 339
1757594901334 1.2788696035082137 340
1757594901370 0.01896800263457841 341
1757594901405 0.01635211174455588 342
1757594901441 0.01227496680038362 343
1757594901476 0.03464852624037214 344
1757594901511 0.32867925640388945 345
1757594901547 0.019674474324302645 346
1757594901582 0.021254617816918994 347
1757594901617 0.03964420865082162 348
1757594901652 0.018933138760523178 349
1757594901688 0.06173927171254209 350
1757594901723 0.012692386018754156 351
1757594901759 0.07340154023493256 352
1757594901795 0.010364456229688398 353
1757594901831 0.06372470856428578 354
1757594901867 0.005542695396176295 355
1757594901902 5.925091032313982e-07 356
1757594901938 0.6149696636369175 357
1757594901975 0.013933213318004402 358
1757594902011 0.010575759972800325 359
1757594902048 0.0239624778317174 360
1757594902085 0.05677785452774199 361
1757594902121 0.05363371603254277 362
1757594902157 0.04391922904806737 363
1757594902193 0.143479272651851 364
1757594902229 0.08784864478604995 365
1757594902264 0.058029276287522163 366
1757594902300 0.003679319151304008 367
1757594902336 0.15304387586818421 368
1757594902372 0.03358875494861686 369
1757594902409 0.0503095240322824 370
1757594902445 1.2061659111113672 371
1757594902481 0.00010904063727922533 372
1757594902517 0.035435887389507384 373
1757594902552 0.1653529148699995 374
1757594902588 0.0870181866539971 375
1757594902623 0.002837203170362804 376
1757594902659 0.053906783373496914 377
1757594902695 0.007800037394033963 378
1757594902731 0.0028665506762815722 379
1757594902767 0.7826891551723829 380
1757594902803 0.03801214259174247 381
1757594902839 0.040526241909314364 382
1757594902875 0.1568753941674481 383
1757594902913 0.23419637653045355 384
1757594902949 0.01740574901088845 385
1757594902985 0.004500863591191667 386
1757594903023 0.26855849910137125 387
1757594903059 0.010879567122171934 388
1757594903096 0.01436169453452708 389
1757594903132 0.014415729537316287 390
1757594903167 0.01297083314185116 391
1757594903203 0.02603747044511975 392
1757594903239 0.01823375900382302 393
1757594903275 0.4410141260695941 394
1757594903311 0.40899275025780546 395
1757594903348 0.03470635254343413 396
1757594903383 0.0034948488760574658 397
1757594903419 0.4092344678373641 398
1757594903455 0.0007217954090676261 399
1757594903491 0.2645222896931246 400
1757594903527 0.06072709290131087 401
1757594903563 0.007942789142394071 402
1757594903599 0.007462798462043199 403
1757594903635 0.36091495412096214 404
1757594903671 0.0714298938201309 405
1757594903708 0.022813639331234783 406
1757594903743 0.04004433917276262 407
1757594903780 0.2630706079854664 408
1757594903816 0.032163280249895905 409
1757594903851 0.17347662945892284 410
1757594903888 0.07050172313232966 411
1757594903925 0.1469438871903704 412
1757594903962 0.13779614492423212 413
1757594903999 0.23490315841180207 414
1757594904035 0.044899866771949085 415
1757594904072 0.01768754228175645 416
1757594904108 0.019492568881737254 417
1757594904145 0.1237587005664965 418
1757594904182 0.04699173727415226 419
1757594904219 0.06508430452836811 420
1757594904255 0.0007859724992829755 421
1757594904292 0.16056634566020214 422
1757594904329 0.028638997269605556 423
1757594904365 0.050508744243954934 424
1757594904402 0.10314635999417959 425
1757594904438 0.016495801059843315 426
1757594904474 0.11385869128738904 427
1757594904510 0.025612411225763167 428
1757594904546 0.05849105482691843 429
1757594904584 0.01682082373671927 430
1757594904620 0.4187556643960142 431
1757594904657 0.06628964254264481 432
1757594904693 0.05595036352436796 433
1757594904729 0.027599076059217704 434
1757594904766 0.06322892083184017 435
1757594904802 0.08762331515549403 436
1757594904839 0.03806660053504675 437
1757594904875 0.0006118798038712149 438
1757594904911 0.013440067243173705 439
1757594904947 0.023025114436479487 440
1757594904983 0.0029554518454759874 441
1757594905019 0.018623787692247065 442
1757594905055 0.0013491491649132259 443
1757594905092 0.04147944401092188 444
1757594905128 0.30734372259459913 445
1757594905168 0.02068362887539365 446
1757594905204 0.01436117977436173 447
1757594905240 0.01280995564723358 448
1757594905276 0.004572104228214812 449
1757594905312 0.0007631917303621751 450
1757594905348 0.007889728278246794 451
1757594905384 0.023873708381676358 452
1757594905420 0.1344135951621585 453
1757594905466 0.159275403636104 454
1757594905506 0.15784813841994427 455
1757594905542 0.005374587174627337 456
1757594905579 0.014625613180836834 457
1757594905615 0.25633259035530304 458
1757594905652 0.005816773394633225 459
1757594905689 0.046510994058454616 460
1757594905725 0.5723060040691523 461
1757594905761 0.036564114163976105 462
1757594905797 0.07539289311843556 463
1757594905833 0.01362625178413874 464
1757594905870 0.024674472427149548 465
1757594905906 0.025936969474192533 466
1757594905943 0.01969878351317894 467
1757594905979 0.00044676922190596205 468
1757594906016 0.000913079733890225 469
1757594906052 0.04078871328884319 470
1757594906088 0.17433659958421738 471
1757594906125 0.0002689475370671592 472
1757594906161 0.003142382384153364 473
1757594906198 0.06281812296225119 474
1757594906234 0.11882191204564546 475
1757594906270 0.8964702837210037 476
1757594906307 0.0480610027351448 477
1757594906343 0.08701057247068347 478
1757594906380 0.0002412367445038242 479
1757594906416 0.13163912919369433 480
1757594906453 0.2138675075567681 481
1757594906489 0.22075337809229495 482
1757594906525 0.003745695880063176 483
1757594906561 0.04368322026443023 484
1757594906597 0.08980238573481952 485
1757594906635 0.03106126622206892 486
1757594906672 0.0066783138118925115 487
1757594906709 0.41844487987521 488
1757594906745 0.0010596368348047055 489
1757594906782 0.09734212934335292 490
1757594906819 0.04001541596997123 491
1757594906856 0.07293608022218544 492
1757594906893 0.5871540335295664 493
1757594906929 0.013232233577845759 494
1757594906965 0.1031696182005549 495
1757594907001 0.027248961871875036 496
1757594907037 0.1296386968632369 497
1757594907075 0.08940825822320116 498
1757594907112 0.034697424438416766 499
