1757513158683 171.12695372882473 0
1757513158695 168.12031261016276 1
1757513158705 167.85123245142842 2
1757513158716 167.5581768695519 3
1757513158726 167.26592766765322 4
1757513158736 166.97425560089982 5
1757513158747 166.68316164027178 6
1757513158758 166.39264459602433 7
1757513158768 166.10270330159054 8
1757513158778 165.8133365926087 9
1757513158789 165.5245433071215 10
1757513158800 165.23632228556752 11
1757513158809 164.9486723707792 12
1757513158819 164.66159240798012 13
1757513158829 164.37508124476796 14
1757513158840 164.0891377311257 15
1757513158850 163.80376071940475 16
1757513158861 163.51894906432523 17
1757513158871 163.23470162296968 18
1757513158881 162.95101725477718 19
1757513158891 162.66789482154093 20
1757513158901 162.38533318740048 21
1757513158911 162.1033312188382 22
1757513158921 161.82188778467545 23
1757513158930 161.54100175606357 24
1757513158940 161.26067200648504 25
1757513158950 160.98089741174266 26
1757513158961 160.7016768499588 27
1757513158971 160.42300920156814 28
1757513158981 160.1448933493143 29
1757513158991 159.86732817824452 30
1757513159001 159.59031257570345 31
1757513159012 159.31384543133052 32
1757513159022 159.03792563705548 33
1757513159032 158.76255208708798 34
1757513159042 158.48772367792145 35
1757513159053 158.21343930832117 36
1757513159063 157.9396978793242 37
1757513159073 157.66649829422911 38
1757513159084 157.39383945859802 39
1757513159094 157.12172028024875 40
1757513159104 156.85013966924612 41
1757513159114 156.57909653790531 42
1757513159124 156.3085898007777 43
1757513159134 156.03861837465635 44
1757513159145 155.76918117856292 45
1757513159156 155.5002771337468 46
1757513159167 155.2319051636811 47
1757513159177 154.9640641940547 48
1757513159187 154.6967531527713 49
1757513159197 154.42997096994102 50
1757513159208 154.16371657787937 51
1757513159218 153.89798891110095 52
1757513159229 153.63278690631458 53
1757513159239 153.36810950241812 54
1757513159250 153.10395564049682 55
1757513159260 152.8403242638141 56
1757513159271 152.5772143178111 57
1757513159281 152.31462475009945 58
1757513159291 152.05255451046017 59
1757513159301 151.79100255083287 60
1757513159312 151.52996782531946 61
1757513159322 151.26944929017026 62
1757513159332 151.00944590378825 63
1757513159343 150.74995662671964 64
1757513159353 150.4909804216491 65
1757513159363 150.23251625339938 66
1757513159373 149.97456308892234 67
1757513159384 149.71711989729397 68
1757513159394 149.46018564971598 69
1757513159405 149.2037593195052 70
1757513159415 148.94783988209272 71
1757513159425 148.69242631501598 72
1757513159435 148.43751759792042 73
1757513159445 148.18311271254714 74
1757513159456 147.9292106427331 75
1757513159466 147.6758103744082 76
1757513159477 147.42291089558637 77
1757513159487 147.17051119636722 78
1757513159497 146.91861026892263 79
1757513159508 146.66720710750388 80
1757513159518 146.4163007084253 81
1757513159529 146.16589007007042 82
1757513159539 145.9159741928814 83
1757513159550 145.66655207935526 84
1757513159561 145.4176227340421 85
1757513159571 145.16918516353905 86
1757513159582 144.92123837648697 87
1757513159594 144.67378138356264 88
1757513159604 144.42681319748178 89
1757513159616 144.18033283298647 90
1757513159627 143.93433930684674 91
1757513159638 143.6888316378531 92
1757513159648 143.4438088468146 93
1757513159661 143.19926995655203 94
1757513159675 142.95521399189732 95
1757513159686 142.7116399796851 96
1757513159696 142.46854694875148 97
1757513159706 142.22593392992965 98
1757513159717 141.98379995604336 99
1757513159728 141.7421440619051 100
1757513159738 141.50096528431138 101
1757513159749 141.26026266203854 102
1757513159760 141.0200352358364 103
1757513159772 140.78028204842988 104
1757513159782 140.54100214450787 105
1757513159792 140.30219457072343 106
1757513159803 140.0638583756886 107
1757513159814 139.825992609972 108
1757513159824 139.58859632608807 109
1757513159834 139.3516685785039 110
1757513159845 139.11520842362506 111
1757513159855 138.8792149197971 112
1757513159866 138.64368712729913 113
1757513159877 138.40862410834353 114
1757513159888 138.17402492706483 115
1757513159899 137.93988864952286 116
1757513159910 137.70621434369392 117
1757513159920 137.47300107947024 118
1757513159931 137.24024792865305 119
1757513159942 137.00795396495 120
1757513159953 136.77611826397197 121
1757513159964 136.5447399032252 122
1757513159975 136.31381796211386 123
1757513159986 136.08335152193058 124
1757513159996 135.85333966585404 125
1757513160007 135.62378147894503 126
1757513160018 135.39467604814507 127
1757513160030 135.16602246226773 128
1757513160041 134.93781981199766 129
1757513160052 134.71006718988681 130
1757513160064 134.4827636903494 131
1757513160076 134.25590840965828 132
1757513160087 134.02950044594192 133
1757513160098 133.80353889918013 134
1757513160109 133.57802287119742 135
1757513160120 133.35295146566364 136
1757513160131 133.12832378808912 137
1757513160142 132.9041389458178 138
1757513160153 132.68039604802493 139
1757513160164 132.45709420571512 140
1757513160175 132.2342325317177 141
1757513160186 132.01181014067961 142
1757513160197 131.7898261490673 143
1757513160208 131.56827967515656 144
1757513160219 131.3471698390354 145
1757513160230 131.12649576259372 146
1757513160241 130.90625656952528 147
1757513160252 130.68645138531957 148
1757513160264 130.4670793372611 149
1757513160275 130.24813955442292 150
1757513160287 130.02963116766568 151
1757513160297 129.81155330963117 152
1757513160308 129.59390511474166 153
1757513160320 129.376685719193 154
1757513160331 129.15989426095197 155
1757513160342 128.94352987975537 156
1757513160353 128.72759171710103 157
1757513160365 128.51207891624875 158
1757513160376 128.2969906222147 159
1757513160388 128.08232598176747 160
1757513160399 127.86808414342467 161
1757513160410 127.6542642574491 162
1757513160421 127.44086547584789 163
1757513160432 127.22788695236235 164
1757513160444 127.01532784247168 165
1757513160455 126.8031873033853 166
1757513160467 126.59146449403798 167
1757513160479 126.38015857509227 168
1757513160490 126.16926870892637 169
1757513160501 125.9587940596369 170
1757513160512 125.74873379303551 171
1757513160523 125.53908707663912 172
1757513160534 125.32985307967317 173
1757513160546 125.1210309730644 174
1757513160557 124.91261992943946 175
1757513160568 124.7046191231175 176
1757513160580 124.49702773011141 177
1757513160591 124.28984492812194 178
1757513160602 124.08306989653339 179
1757513160614 123.87670181641074 180
1757513160624 123.67073987049773 181
1757513160636 123.46518324321093 182
1757513160647 123.26003112063812 183
1757513160659 123.05528269053416 184
1757513160670 122.85093714231594 185
1757513160682 122.64699366706088 186
1757513160694 122.443451457505 187
1757513160705 122.24030970803386 188
1757513160717 122.03756761468586 189
1757513160728 121.83522437514281 190
1757513160740 121.63327918873092 191
1757513160751 121.43173125641539 192
1757513160762 121.23057978079667 193
1757513160774 121.02982396610832 194
1757513160786 120.82946301821285 195
1757513160797 120.62949614459787 196
1757513160808 120.42992255437365 197
1757513160820 120.23074145826921 198
1757513160831 120.03195206862785 199
1757513160843 119.83355359940704 200
1757513160854 119.63554526617216 201
1757513160866 119.43792628609259 202
1757513160882 119.24069587794153 203
1757513160894 119.04385326208978 204
1757513160905 118.84739766050401 205
1757513160917 118.65132829674162 206
1757513160929 118.455644395951 207
1757513160941 118.2603451848632 208
1757513160954 118.06542989179239 209
1757513160966 117.87089774663288 210
1757513160978 117.67674798085213 211
1757513160990 117.48297982749077 212
1757513161002 117.28959252115756 213
1757513161016 117.09658529802864 214
1757513161029 116.90395739584112 215
1757513161042 116.71170805388995 216
1757513161054 116.51983651302771 217
1757513161066 116.32834201566003 218
1757513161079 116.13722380573908 219
1757513161090 115.94648112876598 220
1757513161102 115.75611323178289 221
1757513161113 115.56611936337227 222
1757513161124 115.3764987736532 223
1757513161136 115.18725071427718 224
1757513161147 114.99837443842556 225
1757513161158 114.80986920080778 226
1757513161170 114.62173425765604 227
1757513161182 114.43396886672329 228
1757513161194 114.24657228727852 229
1757513161207 114.05954378010678 230
1757513161220 113.87288260750326 231
1757513161232 113.68658803327003 232
1757513161244 113.50065932271465 233
1757513161255 113.31509574264612 234
1757513161267 113.12989656137223 235
1757513161282 112.94506104869441 236
1757513161296 112.76058847590875 237
1757513161316 112.57647811579754 238
1757513161328 112.39272924263126 239
1757513161340 112.20934113216154 240
1757513161351 112.02631306162155 241
1757513161363 111.84364430971877 242
1757513161375 111.66133415663617 243
1757513161388 111.47938188402696 244
1757513161399 111.29778677501032 245
1757513161411 111.11654811417051 246
1757513161423 110.93566518755438 247
1757513161435 110.75513728266596 248
1757513161446 110.57496368846334 249
1757513161458 110.39514369535945 250
1757513161470 110.21567659521321 251
1757513161482 110.03656168133291 252
1757513161494 109.8577982484676 253
1757513161505 109.67938559280725 254
1757513161517 109.50132301197904 255
1757513161529 109.32360980504407 256
1757513161541 109.1462452724946 257
1757513161553 108.9692287162508 258
1757513161564 108.79255943965947 259
1757513161576 108.6162367474864 260
1757513161588 108.44025994591985 261
1757513161600 108.26462834256348 262
1757513161612 108.08934124643329 263
1757513161625 107.91439796795615 264
1757513161637 107.73979781896676 265
1757513161649 107.56554011270427 266
1757513161661 107.39162416380901 267
1757513161672 107.21804928831999 268
1757513161684 107.0448148036727 269
1757513161696 106.87192002869416 270
1757513161708 106.69936428360265 271
1757513161721 106.52714689000352 272
1757513161732 106.35526717088453 273
1757513161744 106.18372445061705 274
1757513161756 106.01251805494914 275
1757513161768 105.84164731100508 276
1757513161783 105.67111154728141 277
1757513161797 105.50091009364569 278
1757513161808 105.331042281331 279
1757513161821 105.161507442935 280
1757513161834 104.99230491241681 281
1757513161846 104.82343402509426 282
1757513161858 104.6548941176402 283
1757513161869 104.48668452807988 284
1757513161882 104.31880459579008 285
1757513161894 104.15125366149388 286
1757513161906 103.98403106725729 287
1757513161918 103.81713615649136 288
1757513161930 103.65056827394181 289
1757513161942 103.48432676569368 290
1757513161953 103.31841097916309 291
1757513161966 103.15282026309899 292
1757513161978 102.98755396757431 293
1757513161990 102.82261144398991 294
1757513162002 102.65799204506833 295
1757513162013 102.49369512485023 296
1757513162026 102.3297200386944 297
1757513162038 102.16606614327281 298
1757513162050 102.0027327965679 299
1757513162062 101.83971935787281 300
1757513162074 101.67702518778376 301
1757513162086 101.51464964820168 302
1757513162098 101.35259210232734 303
1757513162110 101.19085191465895 304
1757513162122 101.02942845098947 305
1757513162134 100.86832107840574 306
1757513162146 100.70752916528109 307
1757513162157 100.54705208127854 308
1757513162169 100.38688919734318 309
1757513162181 100.22703988570336 310
1757513162193 100.06750351986483 311
1757513162205 99.90827947461105 312
1757513162217 99.7493671259967 313
1757513162229 99.59076585134994 314
1757513162242 99.43247502926515 315
1757513162254 99.27449403960367 316
1757513162265 99.11682226348883 317
1757513162278 98.95945908330486 318
1757513162290 98.8024038826938 319
1757513162302 98.64565604655239 320
1757513162314 98.48921496102997 321
1757513162326 98.33308001352617 322
1757513162339 98.17725059268737 323
1757513162351 98.0217260884046 324
1757513162363 97.8665058918127 325
1757513162375 97.71158939528316 326
1757513162389 97.55697599242662 327
1757513162401 97.40266507808742 328
1757513162413 97.24865604834187 329
1757513162425 97.09494830049505 330
1757513162437 96.94154123308053 331
1757513162449 96.7884342458528 332
1757513162460 96.63562673979187 333
1757513162472 96.48311811709328 334
1757513162484 96.33090778117064 335
1757513162497 96.17899513665381 336
1757513162510 96.02737958938037 337
1757513162522 95.87606054639879 338
1757513162534 95.7250374159642 339
1757513162546 95.57430960753473 340
1757513162558 95.42387653177185 341
1757513162570 95.27373760053297 342
1757513162582 95.12389222687561 343
1757513162595 94.974339825049 344
1757513162607 94.8250798104941 345
1757513162619 94.6761115998418 346
1757513162631 94.52743461090857 347
1757513162643 94.37904826269535 348
1757513162656 94.23095197538564 349
1757513162668 94.08314517034125 350
1757513162680 93.935627270101 351
1757513162693 93.78839769837819 352
1757513162706 93.64145588005744 353
1757513162718 93.49480124119336 354
1757513162730 93.34843320900754 355
1757513162742 93.20235121188685 356
1757513162753 93.05655467937943 357
1757513162765 92.91104304219276 358
1757513162777 92.7658157321926 359
1757513162790 92.62087218240005 360
1757513162802 92.47621182698822 361
1757513162814 92.33183410127971 362
1757513162826 92.18773844174684 363
1757513162839 92.04392428600605 364
1757513162851 91.9003910728159 365
1757513162863 91.75713824207826 366
1757513162875 91.61416523483042 367
1757513162888 91.47147149324795 368
1757513162901 91.32905646063918 369
1757513162913 91.18691958144316 370
1757513162925 91.04506030122826 371
1757513162938 90.90347806669074 372
1757513162950 90.76217232564795 373
1757513162963 90.6211425270421 374
1757513162975 90.48038812093408 375
1757513162988 90.33990855850153 376
1757513163001 90.19970329203765 377
1757513163013 90.05977177494786 378
1757513163025 89.92011346174786 379
1757513163038 89.78072780806122 380
1757513163050 89.64161427061809 381
1757513163063 89.50277230725213 382
1757513163075 89.36420137689663 383
1757513163088 89.2259009395852 384
1757513163101 89.087870456447 385
1757513163113 88.95010938970687 386
1757513163125 88.81261720267986 387
1757513163138 88.67539335977251 388
1757513163150 88.53843732647806 389
1757513163163 88.40174856937533 390
1757513163176 88.26532655612495 391
1757513163188 88.12917075547085 392
1757513163201 87.99328063723333 393
1757513163213 87.85765567230956 394
1757513163226 87.72229533267166 395
1757513163239 87.58719909136153 396
1757513163252 87.45236642249353 397
1757513163264 87.31779680124724 398
1757513163277 87.18348970386889 399
1757513163289 87.04944460766603 400
1757513163302 86.91566099100861 401
1757513163315 86.78213833332407 402
1757513163327 86.6488761150979 403
1757513163340 86.51587381786729 404
1757513163352 86.38313092422416 405
1757513163365 86.25064691780823 406
1757513163378 86.11842128330814 407
1757513163390 85.98645350645758 408
1757513163404 85.85474307403375 409
1757513163416 85.72328947385401 410
1757513163429 85.59209219477697 411
1757513163441 85.4611507266968 412
1757513163454 85.33046456054225 413
1757513163466 85.20003318827447 414
1757513163479 85.06985610288604 415
1757513163492 84.93993279839754 416
1757513163506 84.81026276985574 417
1757513163518 84.68084551333088 418
1757513163531 84.55168052591559 419
1757513163543 84.42276730572317 420
1757513163556 84.29410535188347 421
1757513163569 84.16569416454267 422
1757513163582 84.03753324486016 423
1757513163594 83.90962209500684 424
1757513163608 83.78196021816291 425
1757513163620 83.65454711851658 426
1757513163633 83.52738230125964 427
1757513163647 83.40046527258862 428
1757513163660 83.27379553969989 429
1757513163672 83.14737261079 430
1757513163685 83.02119599505095 431
1757513163698 82.89526520267088 432
1757513163711 82.7695797448299 433
1757513163724 82.64413913369863 434
1757513163737 82.51894288243744 435
1757513163749 82.39399050519216 436
1757513163762 82.26928151709399 437
1757513163774 82.14481543425654 438
1757513163787 82.02059177377326 439
1757513163800 81.89661005371734 440
1757513163814 81.77286979313733 441
1757513163827 81.6493705120569 442
1757513163840 81.52611173147119 443
1757513163855 81.40309297334704 444
1757513163880 81.28031376061932 445
1757513163895 81.1577736171894 446
1757513163909 81.03547206792167 447
1757513163923 80.91340863864549 448
1757513163936 80.79158285614787 449
1757513163949 80.66999424817672 450
1757513163962 80.5486423434355 451
1757513163975 80.42752667158071 452
1757513163991 80.30664676322434 453
1757513164005 80.18600214992655 454
1757513164019 80.06559236419702 455
1757513164031 79.94541693949223 456
1757513164044 79.82547541021216 457
1757513164057 79.70576731170127 458
1757513164071 79.58629218024376 459
1757513164084 79.46704955306247 460
1757513164097 79.34803896831804 461
1757513164111 79.22925996510511 462
1757513164123 79.11071208345216 463
1757513164138 78.99239486431776 464
1757513164150 78.87430784959108 465
1757513164164 78.75645058208761 466
1757513164177 78.63882260554843 467
1757513164190 78.52142346463772 468
1757513164203 78.40425270494167 469
1757513164217 78.28730987296628 470
1757513164230 78.17059451613433 471
1757513164243 78.05410618278526 472
1757513164257 77.93784442217219 473
1757513164269 77.82180878446101 474
1757513164283 77.70599882072644 475
1757513164296 77.59041408295202 476
1757513164309 77.47505412402843 477
1757513164323 77.35991849775043 478
1757513164337 77.24500675881487 479
1757513164349 77.13031846282034 480
1757513164363 77.01585316626401 481
1757513164376 76.9016104265402 482
1757513164390 76.78758980193868 483
1757513164403 76.6737908516417 484
1757513164417 76.560213135725 485
1757513164431 76.44685621515133 486
1757513164444 76.33371965177439 487
1757513164457 76.2208030083317 488
1757513164471 76.10810584844558 489
1757513164484 75.99562773662139 490
1757513164497 75.88336823824429 491
1757513164510 75.77132691957895 492
1757513164523 75.65950334776639 493
1757513164537 75.54789709082272 494
1757513164550 75.43650771763774 495
1757513164563 75.3253347979734 496
1757513164577 75.21437790246017 497
1757513164590 75.10363660259723 498
1757513164603 74.9931104707496 499
