1757517995220 120.19034857999071 0
1757517995229 88.95627204565261 1
1757517995239 64.50310056841819 2
1757517995248 47.15992448863088 3
1757517995257 37.01386540740625 4
1757517995266 27.461478302291937 5
1757517995275 31.141289535393202 6
1757517995285 16.219837565986712 7
1757517995294 9.769985688227155 8
1757517995303 11.930891102184955 9
1757517995312 5.521323682470808 10
1757517995321 4.115888891426956 11
1757517995330 7.297396480533414 12
1757517995340 3.2686732286640483 13
1757517995349 4.972410996610274 14
1757517995358 10.807019375716578 15
1757517995367 4.116914958142258 16
1757517995376 2.839343193575278 17
1757517995386 3.8686313897700444 18
1757517995395 1.6636140851227381 19
1757517995404 2.0747722965391135 20
1757517995414 2.1117839842439787 21
1757517995423 4.115298585470394 22
1757517995433 2.4173427378414836 23
1757517995443 5.23382006339195 24
1757517995452 6.815348386508301 25
1757517995462 4.518109532118634 26
1757517995471 2.9935415771101144 27
1757517995481 2.1057765197663385 28
1757517995490 4.095526733683533 29
1757517995499 1.7494194915281902 30
1757517995509 3.706335383035102 31
1757517995518 1.9988755245941168 32
1757517995528 2.5305995699566752 33
1757517995538 3.017324717305954 34
1757517995547 4.405733100012762 35
1757517995556 3.7494648856872215 36
1757517995566 4.909233936801352 37
1757517995575 4.884156374454926 38
1757517995585 4.332500347892134 39
1757517995594 2.071992818864212 40
1757517995603 3.106288970301305 41
1757517995613 2.928267463060613 42
1757517995622 3.1716901368357955 43
1757517995632 2.6490305952590303 44
1757517995641 2.8750835076774504 45
1757517995650 2.2097849618403287 46
1757517995660 5.013687386500736 47
1757517995669 2.062666112985277 48
1757517995678 3.1282465211528905 49
1757517995687 2.1409509679840975 50
1757517995697 1.5603852653020633 51
1757517995706 2.015348325396947 52
1757517995715 3.4222128313712847 53
1757517995725 2.7327934681460557 54
1757517995734 4.673008927444913 55
1757517995743 2.7686521434967113 56
1757517995753 1.9961590832585216 57
1757517995762 2.8058030942302126 58
1757517995771 4.694663882119694 59
1757517995781 2.381135708453986 60
1757517995791 2.830590959890274 61
1757517995800 1.0817194841407132 62
1757517995809 0.5437474938090157 63
1757517995819 2.023759277207828 64
1757517995828 1.2915737521973356 65
1757517995838 3.249201668181979 66
1757517995848 1.841302614686781 67
1757517995857 2.0415634534811726 68
1757517995867 0.5880641312244153 69
1757517995876 3.074455573995359 70
1757517995886 5.748475442924737 71
1757517995896 4.2831705778965885 72
1757517995905 3.256156259874345 73
1757517995915 2.0247210242300975 74
1757517995924 4.291875471197475 75
1757517995934 2.619450487945856 76
1757517995943 2.3304853048488474 77
1757517995953 2.854440312777468 78
1757517995962 3.3795020952456913 79
1757517995972 1.3229739118513417 80
1757517995982 2.259350940656596 81
1757517995995 1.8823239740692352 82
1757517996005 2.7472417059742553 83
1757517996014 1.8768882362083945 84
1757517996024 2.4120608958905065 85
1757517996034 1.8139393472038734 86
1757517996044 3.6809926904905734 87
1757517996054 2.0827090212711425 88
1757517996064 0.7143327437926587 89
1757517996073 2.0109498857112404 90
1757517996083 1.8723562246275185 91
1757517996093 1.614865537206439 92
1757517996102 2.5758929282467684 93
1757517996112 2.2436822064269033 94
1757517996121 1.4747989432669724 95
1757517996131 1.1384711757419648 96
1757517996140 0.9741498468459723 97
1757517996150 1.1066867505806064 98
1757517996159 0.7158929118545175 99
1757517996169 1.1744597011878855 100
1757517996178 1.5483067151887118 101
1757517996188 1.291118313312432 102
1757517996200 3.004070504666091 103
1757517996210 2.043259024748297 104
1757517996220 1.1474309700465328 105
1757517996229 1.5227750481154732 106
1757517996239 1.2277250649785556 107
1757517996249 2.557974121458584 108
1757517996258 2.4229259365118705 109
1757517996268 1.1796712304622483 110
1757517996278 1.2798853047815144 111
1757517996288 2.1219997730596867 112
1757517996298 2.427679268533119 113
1757517996308 1.2484240709642214 114
1757517996317 0.636665336136575 115
1757517996327 1.919715401309835 116
1757517996337 1.4147345301378302 117
1757517996347 2.1065873120363476 118
1757517996357 0.4525538817683891 119
1757517996367 1.2530034433205377 120
1757517996377 1.7144696318620578 121
1757517996387 2.389314461014581 122
1757517996397 1.353758184408819 123
1757517996406 0.690193608927788 124
1757517996416 1.7642377587015499 125
1757517996426 0.9413244358533255 126
1757517996437 1.6244020462681634 127
1757517996450 0.5573071542559158 128
1757517996468 2.142345047394456 129
1757517996483 1.7467602857816291 130
1757517996494 1.8345024227606377 131
1757517996504 0.8575457546310171 132
1757517996514 0.842590988978012 133
1757517996524 1.939159058562828 134
1757517996533 1.65868607006753 135
1757517996543 0.5437336690853459 136
1757517996553 1.013262118381368 137
1757517996564 1.6330908519999638 138
1757517996574 1.8781757255508975 139
1757517996584 1.4653552749030068 140
1757517996593 0.753577913831062 141
1757517996603 1.1157515836283798 142
1757517996613 1.3661497979694548 143
1757517996623 1.4593838908717471 144
1757517996633 1.1229547974136436 145
1757517996643 1.7573050380906887 146
1757517996653 0.6164181140084823 147
1757517996663 1.345996483910835 148
1757517996673 1.0770288032806963 149
1757517996683 0.9041025226187515 150
1757517996693 1.45822909263443 151
1757517996703 1.1125033741908759 152
1757517996714 1.500868714302789 153
1757517996724 1.9047246331542207 154
1757517996734 0.7767406452291331 155
1757517996744 1.3556890932620218 156
1757517996754 0.6001898414419339 157
1757517996764 1.130122423354143 158
1757517996774 1.0572578306161695 159
1757517996784 1.3885245527699077 160
1757517996795 0.9222817369840164 161
1757517996805 0.5834160664460096 162
1757517996815 1.8310490706965905 163
1757517996825 0.9277027611234705 164
1757517996835 0.5740704389821858 165
1757517996845 0.8114731968683182 166
1757517996855 0.6808023075822471 167
1757517996865 0.9044669709085632 168
1757517996875 1.103954485477611 169
1757517996885 0.7510468356892004 170
1757517996896 0.8716520729924561 171
1757517996906 1.0838019354775217 172
1757517996916 0.8768501452154367 173
1757517996926 1.4090569858934745 174
1757517996937 0.7811446150159679 175
1757517996947 0.5534757050245901 176
1757517996957 0.9181513700981823 177
1757517996967 0.8547723773928779 178
1757517996978 0.5654367861702504 179
1757517996988 0.9083392307874687 180
1757517996998 0.5717850197362356 181
1757517997008 0.6920671007444891 182
1757517997019 0.8713838666088712 183
1757517997029 1.3667888375629413 184
1757517997039 0.9333448067756573 185
1757517997050 1.1223120083860534 186
1757517997060 0.46757937507095654 187
1757517997070 0.7062941856109435 188
1757517997081 0.5191746574613436 189
1757517997091 1.1190265177468777 190
1757517997101 0.5736177925739931 191
1757517997112 0.8377278359065824 192
1757517997122 0.444476351064867 193
1757517997132 0.8224032027188021 194
1757517997142 0.34145917205612275 195
1757517997152 1.2077203752306944 196
1757517997163 1.521257481191493 197
1757517997173 0.4773108603306165 198
1757517997183 0.32791416404748114 199
1757517997194 0.9546609741774025 200
1757517997205 0.9909319222316911 201
1757517997215 1.2050089466679246 202
1757517997226 0.8216174493601434 203
1757517997236 1.35656225059099 204
1757517997247 0.46148314083326897 205
1757517997257 1.358870083160614 206
1757517997267 0.7896383729724101 207
1757517997278 0.4434245464601253 208
1757517997288 0.8406064511642225 209
1757517997299 0.23485754249270252 210
1757517997309 1.0229792900101877 211
1757517997320 0.8576994653105545 212
1757517997330 1.0994981726037953 213
1757517997341 0.43668907091756426 214
1757517997351 0.5222092199106436 215
1757517997362 0.7573955107892486 216
1757517997372 1.1142483775625343 217
1757517997383 0.9613237356882597 218
1757517997394 0.7831441098382533 219
1757517997404 0.43933033648465014 220
1757517997415 0.8061273891638892 221
1757517997425 0.8355841454239665 222
1757517997436 0.6094585013278898 223
1757517997446 0.4068272267009357 224
1757517997457 0.3670344291374784 225
1757517997467 0.4946305180686105 226
1757517997478 0.6753912663941664 227
1757517997489 0.7325089144941429 228
1757517997499 0.5631521351500471 229
1757517997510 1.1412013371514322 230
1757517997520 0.4312168688852273 231
1757517997531 0.5916689662367284 232
1757517997541 0.7523022879389449 233
1757517997552 0.44587899469773734 234
1757517997562 0.29682616500063896 235
1757517997573 0.19465582405129064 236
1757517997583 0.4106634167534263 237
1757517997594 0.7011330844013857 238
1757517997605 0.43642847300959353 239
1757517997615 0.46239543249686255 240
1757517997626 0.3728589281120849 241
1757517997636 0.7077587990340353 242
1757517997647 0.27664349083492934 243
1757517997658 0.45536140261048097 244
1757517997668 0.6496158382620334 245
1757517997679 0.583295161873381 246
1757517997689 0.3275877493084902 247
1757517997700 0.6936431718866336 248
1757517997711 0.5257576534198748 249
1757517997721 0.5068033073996245 250
1757517997732 0.5281720885244142 251
1757517997743 0.4438243277190395 252
1757517997753 0.53674881898436 253
1757517997764 0.3840614970151243 254
1757517997774 0.2678989900318623 255
1757517997785 0.5850530591396939 256
1757517997796 0.33251408056428566 257
1757517997807 0.6405174919184838 258
1757517997817 0.7908885364009418 259
1757517997828 0.8005674553327652 260
1757517997839 0.31794294186957317 261
1757517997849 0.6470672157401646 262
1757517997860 0.7487794798603082 263
1757517997870 0.655877957592318 264
1757517997881 0.6997195799296096 265
1757517997892 0.4127930120380198 266
1757517997903 0.548546569725034 267
1757517997913 0.6135233401285108 268
1757517997924 0.4856737842157 269
1757517997935 0.5440603149911336 270
1757517997946 0.9778437741346693 271
1757517997957 0.3224396025919778 272
1757517997968 0.7153994600871503 273
1757517997978 0.41351094199656874 274
1757517997989 0.4608529304025034 275
1757517998000 0.4817180002387074 276
1757517998011 0.4031201245241753 277
1757517998022 0.3832808466339126 278
1757517998033 0.23630395554323924 279
1757517998043 0.3399831766195584 280
1757517998054 0.3646359114781879 281
1757517998065 0.15762119094423527 282
1757517998076 0.4592652066230149 283
1757517998087 0.4901198595218524 284
1757517998098 0.3018670196476421 285
1757517998109 0.5411239786251744 286
1757517998120 0.27158892610741286 287
1757517998131 0.4143803108657122 288
1757517998142 0.4539437105768669 289
1757517998152 0.4529447747097998 290
1757517998163 0.6369485704869459 291
1757517998175 0.5072041675009173 292
1757517998186 0.5541478955607441 293
1757517998197 0.659777191456229 294
1757517998209 0.21013155320094493 295
1757517998220 0.22170307938274042 296
1757517998231 0.21511801713120743 297
1757517998241 0.4727805937577439 298
1757517998252 0.30237914475070027 299
1757517998263 0.26094135197769946 300
1757517998274 0.40009011034574055 301
1757517998285 0.3125529767693603 302
1757517998296 0.22754067560241298 303
1757517998307 0.4882675844725021 304
1757517998318 0.3879947680227503 305
1757517998329 0.15752566681314148 306
1757517998340 0.42898912966424546 307
1757517998351 0.741771933946156 308
1757517998362 0.33293113665997426 309
1757517998373 0.40558665206298566 310
1757517998384 0.49469200322314166 311
1757517998395 0.4282325609340531 312
1757517998406 0.3091362469611741 313
1757517998417 0.11364914564616499 314
1757517998428 0.5580723331466378 315
1757517998439 0.5443105426661944 316
1757517998450 0.3434576841929003 317
1757517998461 0.7377689558817828 318
1757517998473 0.571023567934762 319
1757517998484 0.38650056826056656 320
1757517998495 0.4945396823363441 321
1757517998506 0.3652810863209825 322
1757517998517 0.5968494380804347 323
1757517998528 0.4416542687962151 324
1757517998539 0.1241074571625762 325
1757517998550 0.2981270148667548 326
1757517998562 0.45424878270933267 327
1757517998573 0.19028857616397163 328
1757517998584 0.26087815969047917 329
1757517998595 0.3572885951532684 330
1757517998607 0.3789354161578123 331
1757517998618 0.16516765362310443 332
1757517998629 0.36386079337910526 333
1757517998641 0.3394018436926752 334
1757517998653 0.4026284155807576 335
1757517998665 0.21031326142785764 336
1757517998676 0.2847400619473381 337
1757517998688 0.24082398276749684 338
1757517998699 0.28387256404228395 339
1757517998711 0.2294652512769562 340
1757517998722 0.2740376962119802 341
1757517998733 0.33673806311661114 342
1757517998745 0.17069023732639 343
1757517998756 0.42722381078230354 344
1757517998767 0.3840544533460535 345
1757517998779 0.5228277842269659 346
1757517998790 0.16815972779519306 347
1757517998801 0.26764010799636284 348
1757517998813 0.2733660004786882 349
1757517998824 0.49699817335174024 350
1757517998836 0.22649260571352098 351
1757517998847 0.29842738911242883 352
1757517998858 0.31826711389548107 353
1757517998870 0.09233027640927435 354
1757517998881 0.3653060036291311 355
1757517998892 0.33452509489310944 356
1757517998903 0.18255477466327613 357
1757517998915 0.17834840145073755 358
1757517998927 0.2543071597203633 359
1757517998938 0.36161210734990346 360
1757517998949 0.17613631655989823 361
1757517998961 0.31028936010479086 362
1757517998972 0.15669601337204633 363
1757517998983 0.33852470953498703 364
1757517998995 0.13999308397895427 365
1757517999006 0.23227699727253298 366
1757517999018 0.0788275306173504 367
1757517999029 0.23287628223797519 368
1757517999040 0.1407492466124208 369
1757517999051 0.2342521413045482 370
1757517999063 0.24713968748758897 371
1757517999074 0.2591596538452544 372
1757517999085 0.40774312070198804 373
1757517999097 0.1440461067293148 374
1757517999108 0.3991672389871565 375
1757517999120 0.2237513266024554 376
1757517999131 0.2885071131364994 377
1757517999142 0.2653059000910328 378
1757517999154 0.13268184794473564 379
1757517999165 0.2457394360865523 380
1757517999177 0.27240240126309073 381
1757517999188 0.14815324785611278 382
1757517999200 0.2796002435772974 383
1757517999211 0.26073447284326196 384
1757517999223 0.19700533015179822 385
1757517999235 0.29262780898798557 386
1757517999246 0.14207962075126684 387
1757517999258 0.22467138744433787 388
1757517999269 0.1872069502183269 389
1757517999281 0.13144110648129556 390
1757517999292 0.34909895819816555 391
1757517999308 0.36528515930747146 392
1757517999320 0.2887087790205548 393
1757517999331 0.3227422312082551 394
1757517999343 0.2048925885464504 395
1757517999355 0.13240538344805583 396
1757517999366 0.2563827960667622 397
1757517999378 0.21275289877318648 398
1757517999389 0.3605810201103131 399
1757517999401 0.1134822863260359 400
1757517999412 0.5634446330233195 401
1757517999424 0.22852911144631005 402
1757517999436 0.1322658353373044 403
1757517999447 0.19193160155233663 404
1757517999459 0.22381727725509637 405
1757517999471 0.2290691531875842 406
1757517999482 0.3322137010424001 407
1757517999494 0.2337579609412717 408
1757517999506 0.2150017625332054 409
1757517999518 0.17248412162663934 410
1757517999530 0.3103493572513864 411
1757517999541 0.19795212421967587 412
1757517999553 0.21765643792733047 413
1757517999564 0.17373786041484068 414
1757517999576 0.16730364722476526 415
1757517999588 0.38781465806784077 416
1757517999599 0.1444636109935111 417
1757517999611 0.10144746721736048 418
1757517999623 0.2419302647785555 419
1757517999635 0.40176412032137343 420
1757517999647 0.1782913828683318 421
1757517999659 0.1121220088679874 422
1757517999670 0.21249852079924322 423
1757517999682 0.164012908884139 424
1757517999694 0.24158759903837942 425
1757517999706 0.22120680334798584 426
1757517999718 0.1571402869124615 427
1757517999730 0.11848355628802319 428
1757517999741 0.3129950503870723 429
1757517999753 0.15709450797820526 430
1757517999765 0.1330733819915167 431
1757517999777 0.18200578191895816 432
1757517999788 0.2265777658158963 433
1757517999800 0.19105801688711893 434
1757517999812 0.15138119546857073 435
1757517999824 0.278700333992567 436
1757517999836 0.16649761506172148 437
1757517999848 0.11408171797953925 438
1757517999859 0.12733215912730772 439
1757517999871 0.20582299225500675 440
1757517999883 0.27103491781845324 441
1757517999895 0.33489077357288005 442
1757517999907 0.18420583300263824 443
1757517999918 0.1465451343107542 444
1757517999931 0.15458084216138748 445
1757517999942 0.10532159868533567 446
1757517999954 0.16482588008500806 447
1757517999966 0.20188585053840546 448
1757517999978 0.07736066477229636 449
1757517999990 0.14635870525030345 450
1757518000002 0.08646793322109456 451
1757518000014 0.2880521183356165 452
1757518000026 0.17171655953499257 453
1757518000038 0.23481664090710025 454
1757518000050 0.08186720984308482 455
1757518000062 0.18879318252682328 456
1757518000074 0.22257495581535194 457
1757518000086 0.14789070642659694 458
1757518000098 0.1651990461347416 459
1757518000110 0.114392426239009 460
1757518000122 0.14550413049231914 461
1757518000134 0.15555240833005946 462
1757518000146 0.13456254938239653 463
1757518000158 0.19606847792568535 464
1757518000170 0.20023442884370188 465
1757518000182 0.22830907315712828 466
1757518000194 0.31203551901764115 467
1757518000206 0.10805798459369201 468
1757518000218 0.17465377848785704 469
1757518000230 0.14676511189894764 470
1757518000242 0.16285245897063175 471
1757518000255 0.11704994437744667 472
1757518000267 0.1727655844233136 473
1757518000279 0.19465368455184662 474
1757518000290 0.15233375515981235 475
1757518000302 0.18186786759280704 476
1757518000314 0.09538652835736364 477
1757518000327 0.12928021418914537 478
1757518000339 0.18295515377698168 479
1757518000351 0.08991579328013305 480
1757518000363 0.1829263402771036 481
1757518000376 0.10571556277576483 482
1757518000388 0.10328637904925429 483
1757518000400 0.2498018295830844 484
1757518000412 0.10379350723586822 485
1757518000425 0.10879218103088102 486
1757518000437 0.16968520162188794 487
1757518000449 0.15025750981608674 488
1757518000461 0.27066977750088167 489
1757518000474 0.2108472790136408 490
1757518000486 0.1944418835118764 491
1757518000498 0.1463222621794998 492
1757518000510 0.30779030761653264 493
1757518000523 0.2023113318155747 494
1757518000535 0.2565242371124396 495
1757518000547 0.11946228475499654 496
1757518000559 0.13393910930367703 497
1757518000571 0.107089078209509 498
1757518000583 0.12049173151443544 499
