1757513987062 171.17106140101154 0
1757513987070 164.8073216935128 1
1757513987078 153.18016673143887 2
1757513987086 137.62683212820636 3
1757513987094 119.57156294279552 4
1757513987102 100.39829488525638 5
1757513987111 81.35105593543872 6
1757513987119 63.46418926558456 7
1757513987131 47.521879819737265 8
1757513987139 34.04438322051883 9
1757513987147 23.29686141150335 10
1757513987156 15.315824647443907 11
1757513987164 9.947819980647521 12
1757513987172 6.895115637197706 13
1757513987180 5.763611433023835 14
1757513987188 6.108951068368738 15
1757513987196 7.477716575776658 16
1757513987205 9.44155048043567 17
1757513987213 11.622993514167874 18
1757513987221 13.712678828083224 19
1757513987229 15.478240671963729 20
1757513987238 16.765848677252755 21
1757513987246 17.49565799483772 22
1757513987255 17.65267539316149 23
1757513987263 17.274598591982247 24
1757513987274 16.438115461746495 25
1757513987282 15.244980975158203 26
1757513987291 13.808954366732772 27
1757513987301 12.244407260936052 28
1757513987310 10.657132909110496 29
1757513987320 9.137619919740967 30
1757513987330 7.756818372009461 31
1757513987340 6.56423369344114 32
1757513987350 5.588040412321734 33
1757513987367 4.836815221111132 34
1757513987385 4.302444000673573 35
1757513987399 3.9637547643474798 36
1757513987411 3.7904600330683547 37
1757513987422 3.7470490192859236 38
1757513987434 3.7963430509430234 39
1757513987445 3.9025083061849264 40
1757513987458 4.033400626817814 41
1757513987469 4.1621918409102765 42
1757513987481 4.268291179159317 43
1757513987492 4.337626189799766 44
1757513987503 4.362383762474006 45
1757513987517 4.340333528848886 46
1757513987528 4.273864167545281 47
1757513987542 4.168859944320538 48
1757513987556 4.033532599735931 49
1757513987568 3.87730510542375 50
1757513987581 3.709821470588075 51
1757513987593 3.540133097903761 52
1757513987606 3.3760892095102397 53
1757513987619 3.2239381919307957 54
1757513987632 3.0881294656223126 55
1757513987643 2.9712923192033873 56
1757513987655 2.87435927696717 57
1757513987668 2.796796841944501 58
1757513987679 2.7369054416663197 59
1757513987688 2.692152468374289 60
1757513987697 2.6595067060196764 61
1757513987708 2.635748394618592 62
1757513987717 2.6177359508226417 63
1757513987726 2.60261727572187 64
1757513987734 2.587980086915935 65
1757513987743 2.5719413973440846 66
1757513987752 2.5531808548736645 67
1757513987760 2.5309260156278155 68
1757513987769 2.504899731490985 69
1757513987777 2.4752407673763126 70
1757513987786 2.442408679411927 71
1757513987795 2.4070830818934748 72
1757513987803 2.370065933015743 73
1757513987812 2.332193603584715 74
1757513987821 2.2942634703348745 75
1757513987829 2.2569777789594045 76
1757513987841 2.2209056975435373 77
1757513987849 2.186462933984455 78
1757513987858 2.153907085404098 79
1757513987868 2.12334604967991 80
1757513987878 2.0947563524242154 81
1757513987888 2.0680080943828747 82
1757513987899 2.0428933530314834 83
1757513987915 2.019155215656106 84
1757513987926 1.99651511260663 85
1757513987937 1.9746966934218682 86
1757513987948 1.9534450860416759 87
1757513987960 1.9325409507028213 88
1757513987980 1.9118092471393695 89
1757513988008 1.8911230502886278 90
1757513988026 1.8704030615509766 91
1757513988040 1.8496136661134734 92
1757513988053 1.8287564871574922 93
1757513988066 1.8078623969681713 94
1757513988079 1.7869828796861056 95
1757513988090 1.7661815197950554 96
1757513988099 1.7455262340831126 97
1757513988108 1.7250826913723096 98
1757513988118 1.7049091901581228 99
1757513988127 1.685053102753413 100
1757513988136 1.6655488554228095 101
1757513988145 1.6464173035936898 102
1757513988154 1.6276662824416162 103
1757513988163 1.6092920659367602 104
1757513988172 1.5912814493832945 105
1757513988181 1.5736141774215449 106
1757513988190 1.5562654661279496 107
1757513988199 1.5392084084822126 108
1757513988208 1.5224161013519628 109
1757513988217 1.505863384011521 110
1757513988226 1.4895281285744881 111
1757513988234 1.4733920680532968 112
1757513988244 1.4574411855882734 113
1757513988253 1.4416657172715772 114
1757513988262 1.4260598404392861 115
1757513988271 1.4106211296302589 116
1757513988281 1.3953498645608247 117
1757513988291 1.3802482698215552 118
1757513988300 1.3653197562033346 119
1757513988309 1.3505682203189329 120
1757513988318 1.335997444155326 121
1757513988327 1.3216106208445004 122
1757513988336 1.3074100184959696 123
1757513988346 1.2933967813132576 124
1757513988355 1.2795708570283346 125
1757513988364 1.265931032242625 126
1757513988373 1.252475052605367 127
1757513988383 1.239199802716185 128
1757513988392 1.2261015208699206 129
1757513988401 1.2131760258223394 130
1757513988410 1.200418936145571 131
1757513988419 1.1878258669558213 132
1757513988428 1.1753925933614993 133
1757513988437 1.1631151744870463 134
1757513988446 1.1509900360484135 135
1757513988456 1.1390140129536575 136
1757513988465 1.1271843561304566 137
1757513988474 1.11549870968159 138
1757513988484 1.1039550655531651 139
1757513988493 1.0925517032405987 140
1757513988502 1.0812871217687214 141
1757513988511 1.0701599704055198 142
1757513988521 1.059168983453219 143
1757513988531 1.0483129231547497 144
1757513988542 1.0375905333904516 145
1757513988552 1.027000505533317 146
1757513988563 1.016541456667842 147
1757513988573 1.0062119194182413 148
1757513988585 0.9960103419092804 149
1757513988595 0.9859350959074589 150
1757513988605 0.9759844909500973 151
1757513988616 0.966156792238906 152
1757513988627 0.9564502402156475 153
1757513988637 0.9468630700074644 154
1757513988648 0.9373935292835658 155
1757513988658 0.9280398934610821 156
1757513988669 0.9188004775985241 157
1757513988679 0.9096736446888091 158
1757513988689 0.9006578103886759 159
1757513988698 0.8917514444813128 160
1757513988707 0.882953069557406 161
1757513988717 0.8742612575163947 162
1757513988726 0.8656746245387815 163
1757513988736 0.8571918251714932 164
1757513988745 0.8488115461130812 165
1757513988754 0.840532500196691 166
1757513988764 0.8323534209597823 167
1757513988773 0.8242730580719004 168
1757513988783 0.8162901737764608 169
1757513988792 0.8084035403972344 170
1757513988801 0.8006119388713515 171
1757513988811 0.7929141582013716 172
1757513988820 0.7853089956712401 173
1757513988829 0.7777952576435705 174
1757513988839 0.7703717607475163 175
1757513988848 0.7630373332740968 176
1757513988858 0.75579081661556 177
1757513988868 0.7486310666138313 178
1757513988878 0.741556954716114 179
1757513988887 0.7345673688698671 180
1757513988897 0.7276612141226034 181
1757513988908 0.7208374129208474 182
1757513988918 0.7140949051266559 183
1757513988927 0.7074326477883629 184
1757513988937 0.7008496147136245 185
1757513988948 0.6943447958991863 186
1757513988958 0.6879171968721641 187
1757513988968 0.6815658379943011 188
1757513988978 0.6752897537736928 189
1757513988988 0.6690879922197933 190
1757513988998 0.6629596142675738 191
1757513989008 0.6569036932868139 192
1757513989018 0.6509193146832901 193
1757513989027 0.6450055755905927 194
1757513989037 0.6391615846449403 195
1757513989047 0.6333864618308797 196
1757513989058 0.6276793383827786 197
1757513989067 0.6220393567260294 198
1757513989077 0.6164656704421492 199
1757513989087 0.6109574442433123 200
1757513989097 0.6055138539442364 201
1757513989107 0.6001340864218814 202
1757513989117 0.5948173395564699 203
1757513989127 0.589562822150174 204
1757513989137 0.5843697538222757 205
1757513989146 0.5792373648819407 206
1757513989156 0.5741648961812599 207
1757513989166 0.5691515989524808 208
1757513989176 0.5641967346338431 209
1757513989186 0.5592995746887912 210
1757513989196 0.5544594004228826 211
1757513989206 0.5496755028024248 212
1757513989215 0.544947182277965 213
1757513989225 0.5402737486150825 214
1757513989235 0.5356545207339846 215
1757513989244 0.5310888265586313 216
1757513989254 0.5265760028754474 217
1757513989264 0.5221153952010017 218
1757513989274 0.5177063576577469 219
1757513989284 0.513348252856454 220
1757513989293 0.5090404517840776 221
1757513989303 0.5047823336955255 222
1757513989313 0.5005732860081555 223
1757513989323 0.4964127041978117 224
1757513989333 0.4922999916955335 225
1757513989343 0.48823455978431846 226
1757513989353 0.4842158274954977 227
1757513989363 0.48024322150459053 228
1757513989373 0.4763161760266552 229
1757513989383 0.47243413271131135 230
1757513989393 0.46859654053770927 231
1757513989403 0.4648028557098469 232
1757513989413 0.46105254155253167 233
1757513989422 0.4573450684084244 234
1757513989432 0.4536799135364401 235
1757513989442 0.45005656101181274 236
1757513989452 0.44647450162799335 237
1757513989461 0.4429332328005054 238
1757513989471 0.43943225847284895 239
1757513989481 0.43597108902443055 240
1757513989490 0.4325492411804205 241
1757513989500 0.42916623792353026 242
1757513989510 0.4258216084075025 243
1757513989520 0.42251488787221503 244
1757513989530 0.41924561756028395 245
1757513989540 0.4160133446349757 246
1757513989550 0.4128176220993783 247
1757513989563 0.4096580087166821 248
1757513989576 0.4065340689315317 249
1757513989587 0.4034453727923612 250
1757513989598 0.40039149587471967 251
1757513989608 0.3973720192055309 252
1757513989618 0.39438652918830336 253
1757513989628 0.3914346175293058 254
1757513989638 0.3885158811647023 255
1757513989648 0.38562992218868913 256
1757513989658 0.38277634778261815 257
1757513989669 0.3799547701451606 258
1757513989679 0.3771648064234904 259
1757513989689 0.3744060786454997 260
1757513989700 0.3716782136530461 261
1757513989710 0.3689808430362363 262
1757513989720 0.36631360306871286 263
1757513989731 0.36367613464392345 264
1757513989741 0.3610680832123912 265
1757513989751 0.3584890987199171 266
1757513989762 0.3559388355467121 267
1757513989772 0.35341695244742904 268
1757513989782 0.35092311249209024 269
1757513989794 0.3484569830078476 270
1757513989807 0.3460182355216043 271
1757513989818 0.34360654570342836 272
1757513989828 0.34122159331079716 273
1757513989838 0.3388630621336118 274
1757513989850 0.3365306399399868 275
1757513989861 0.33422401842282035 276
1757513989871 0.33194289314709746 277
1757513989881 0.3296869634979543 278
1757513989891 0.3274559326294875 279
1757513989901 0.3252495074142618 280
1757513989912 0.32306739839356985 281
1757513989922 0.32090931972839476 282
1757513989932 0.31877498915105695 283
1757513989942 0.316664127917588 284
1757513989952 0.3145764607607642 285
1757513989962 0.31251171584381415 286
1757513989972 0.3104696247148058 287
1757513989983 0.3084499222616717 288
1757513989993 0.30645234666788324 289
1757513990004 0.3044766393687572 290
1757513990014 0.3025225450083823 291
1757513990024 0.30058981139715096 292
1757513990034 0.29867818946991054 293
1757513990044 0.2967874332446791 294
1757513990055 0.2949172997819672 295
1757513990065 0.29306754914466515 296
1757513990075 0.2912379443584792 297
1757513990086 0.28942825137295486 298
1757513990096 0.2876382390230108 299
1757513990106 0.28586767899104526 300
1757513990116 0.2841163457695482 301
1757513990126 0.2823840166242502 302
1757513990137 0.2806704715577889 303
1757513990147 0.2789754932738673 304
1757513990157 0.2772988671419421 305
1757513990167 0.2756403811623772 306
1757513990179 0.2739998259320962 307
1757513990195 0.2723769946107189 308
1757513990210 0.270771682887157 309
1757513990229 0.26918368894669814 310
1757513990241 0.2676128134385106 311
1757513990253 0.2660588594436429 312
1757513990265 0.2645216324434378 313
1757513990276 0.26300094028839177 314
1757513990287 0.26149659316744966 315
1757513990298 0.2600084035777296 316
1757513990308 0.25853618629465197 317
1757513990319 0.2570797583424861 318
1757513990329 0.25563893896531653 319
1757513990339 0.2542135495983909 320
1757513990350 0.25280341383987026 321
1757513990360 0.2514083574229744 322
1757513990370 0.25002820818849525 323
1757513990381 0.2486627960577018 324
1757513990392 0.2473119530056125 325
1757513990402 0.2459755130346265 326
1757513990413 0.24465331214852865 327
1757513990423 0.2433451883268375 328
1757513990434 0.2420509814995173 329
1757513990444 0.24077053352202565 330
1757513990455 0.239503688150701 331
1757513990465 0.23825029101849649 332
1757513990475 0.23701018961102785 333
1757513990487 0.23578323324296416 334
1757513990498 0.23456927303473063 335
1757513990509 0.2333681618895258 336
1757513990521 0.23217975447065656 337
1757513990532 0.23100390717917907 338
1757513990543 0.2298404781318384 339
1757513990554 0.22868932713931128 340
1757513990565 0.22755031568473955 341
1757513990575 0.22642330690256177 342
1757513990586 0.22530816555761526 343
1757513990596 0.2242047580245341 344
1757513990607 0.22311295226741776 345
1757513990617 0.22203261781977596 346
1757513990628 0.22096362576474124 347
1757513990638 0.21990584871554836 348
1757513990649 0.21885916079627526 349
1757513990659 0.21782343762284057 350
1757513990670 0.2167985562842628 351
1757513990680 0.21578439532416038 352
1757513990692 0.21478083472250561 353
1757513990703 0.2137877558776196 354
1757513990714 0.21280504158841215 355
1757513990724 0.21183257603684943 356
1757513990735 0.2108702447706627 357
1757513990746 0.20991793468628944 358
1757513990757 0.20897553401203148 359
1757513990767 0.20804293229144702 360
1757513990778 0.20712002036695398 361
1757513990789 0.20620669036365713 362
1757513990799 0.20530283567339438 363
1757513990810 0.20440835093897858 364
1757513990820 0.20352313203866004 365
1757513990831 0.20264707607079727 366
1757513990842 0.2017800813387158 367
1757513990852 0.2009220473357806 368
1757513990863 0.20007287473065785 369
1757513990875 0.1992324653527744 370
1757513990886 0.198400722177966 371
1757513990897 0.1975775493143168 372
1757513990907 0.19676285198817914 373
1757513990918 0.19595653653038886 374
1757513990928 0.19515851036264417 375
1757513990939 0.1943686819840796 376
1757513990950 0.1935869609580061 377
1757513990961 0.19281325789882447 378
1757513990971 0.19204748445911496 379
1757513990982 0.19128955331689135 380
1757513990993 0.19053937816302685 381
1757513991004 0.1897968736888281 382
1757513991015 0.18906195557379604 383
1757513991026 0.18833454047352632 384
1757513991036 0.1876145460077695 385
1757513991047 0.18690189074865862 386
1757513991058 0.18619649420906895 387
1757513991069 0.18549827683115178 388
1757513991080 0.1848071599750015 389
1757513991090 0.18412306590746924 390
1757513991101 0.18344591779113095 391
1757513991112 0.1827756396733897 392
1757513991123 0.18211215647572018 393
1757513991134 0.181455393983057 394
1757513991145 0.18080527883330855 395
1757513991156 0.18016173850702324 396
1757513991167 0.17952470131716916 397
1757513991178 0.17889409639905793 398
1757513991189 0.1782698537003971 399
1757513991201 0.17765190397146438 400
1757513991229 0.17704017875541275 401
1757513991245 0.17643461037869493 402
1757513991256 0.17583513194162131 403
1757513991267 0.17524167730901985 404
1757513991278 0.17465418110103906 405
1757513991289 0.17407257868404252 406
1757513991301 0.17349680616164462 407
1757513991312 0.17292680036584174 408
1757513991323 0.17236249884826887 409
1757513991333 0.17180383987155415 410
1757513991344 0.17125076240079948 411
1757513991355 0.1707032060951573 412
1757513991366 0.1701611112995181 413
1757513991378 0.16962441903630526 414
1757513991388 0.1690930709973697 415
1757513991399 0.16856700953599446 416
1757513991412 0.16804617765898558 417
1757513991427 0.16753051901888802 418
1757513991458 0.1670199779062699 419
1757513991474 0.16651449924212858 420
1757513991488 0.16601402857038108 421
1757513991502 0.1655185120504483 422
1757513991516 0.16502789644993712 423
1757513991534 0.16454212913741703 424
1757513991546 0.16406115807527571 425
1757513991558 0.1635849318126795 426
1757513991569 0.16311339947860795 427
1757513991580 0.16264651077498982 428
1757513991593 0.16218421596991384 429
1757513991604 0.16172646589092549 430
1757513991616 0.16127321191842048 431
1757513991627 0.16082440597909903 432
1757513991639 0.16038000053952522 433
1757513991650 0.15993994859974534 434
1757513991662 0.15950420368700505 435
1757513991673 0.15907271984952953 436
1757513991684 0.1586454516503908 437
1757513991695 0.1582223541614455 438
1757513991706 0.15780338295735205 439
1757513991718 0.15738849410966094 440
1757513991730 0.15697764418097593 441
1757513991742 0.15657079021919207 442
1757513991753 0.1561678897518019 443
1757513991765 0.15576890078027242 444
1757513991776 0.1553737817744936 445
1757513991788 0.15498249166729391 446
1757513991800 0.15459498984902378 447
1757513991811 0.15421123616220533 448
1757513991823 0.15383119089625052 449
1757513991835 0.1534548147822431 450
1757513991847 0.15308206898778262 451
1757513991858 0.15271291511189763 452
1757513991870 0.15234731518000985 453
1757513991882 0.15198523163898017 454
1757513991893 0.1516266273521929 455
1757513991904 0.15127146559471383 456
1757513991915 0.15091971004851024 457
1757513991927 0.1505713247977152 458
1757513991938 0.1502262743239655 459
1757513991949 0.14988452350178708 460
1757513991961 0.149546037594041 461
1757513991972 0.14921078224742054 462
1757513991983 0.14887872348800965 463
1757513991995 0.14854982771689207 464
1757513992006 0.14822406170581326 465
1757513992018 0.1479013925928948 466
1757513992030 0.14758178787840698 467
1757513992041 0.1472652154205836 468
1757513992052 0.14695164343149525 469
1757513992064 0.1466410404729668 470
1757513992076 0.14633337545255073 471
1757513992087 0.1460286176195445 472
1757513992098 0.14572673656105684 473
1757513992109 0.1454277021981216 474
1757513992121 0.14513148478186624 475
1757513992133 0.14483805488970908 476
1757513992145 0.14454738342162485 477
1757513992156 0.14425944159643314 478
1757513992167 0.14397420094815166 479
1757513992179 0.14369163332237814 480
1757513992190 0.14341171087272572 481
1757513992201 0.14313440605729413 482
1757513992213 0.1428596916351889 483
1757513992225 0.14258754066308113 484
1757513992236 0.14231792649180489 485
1757513992249 0.1420508227630005 486
1757513992260 0.1417862034057944 487
1757513992272 0.14152404263352417 488
1757513992283 0.14126431494049163 489
1757513992295 0.14100699509877013 490
1757513992307 0.14075205815503547 491
1757513992318 0.1404994794274495 492
1757513992330 0.1402492345025628 493
1757513992341 0.14000129923227148 494
1757513992353 0.13975564973080187 495
1757513992364 0.13951226237173173 496
1757513992376 0.139271113785046 497
1757513992390 0.13903218085423463 498
1757513992402 0.13879544071341302 499
