1757501602988 169.9830616064311 0
1757501602998 167.01545268442013 1
1757501603008 166.74986025208972 2
1757501603018 166.46060603275302 3
1757501603028 166.1721487601648 4
1757501603038 165.88426089019978 5
1757501603048 165.5969434154888 6
1757501603058 165.3101951553771 7
1757501603067 165.02401495298594 8
1757501603077 164.7384016536404 9
1757501603086 164.45335410507988 10
1757501603096 164.16887115744663 11
1757501603106 163.88495166328676 12
1757501603116 163.6015944775429 13
1757501603125 163.31879845754608 14
1757501603135 163.03656246301773 15
1757501603144 162.75488535605507 16
1757501603155 162.47376600113597 17
1757501603164 162.19320326510328 18
1757501603174 161.91319601716964 19
1757501603185 161.63374312890764 20
1757501603196 161.35484347424332 21
1757501603207 161.07649592945282 22
1757501603217 160.79869937315934 23
1757501603227 160.5214526863262 24
1757501603237 160.24475475224892 25
1757501603247 159.96860445655693 26
1757501603257 159.69300068720148 27
1757501603267 159.41794233445648 28
1757501603277 159.14342829090953 29
1757501603287 158.86945745145934 30
1757501603297 158.59602871330705 31
1757501603307 158.3231409759575 32
1757501603317 158.05079314120823 33
1757501603327 157.77898411314965 34
1757501603337 157.5077127981564 35
1757501603347 157.23697810488096 36
1757501603357 156.96677894425574 37
1757501603367 156.69711422948214 38
1757501603377 156.42798287602534 39
1757501603387 156.15938380161478 40
1757501603397 155.89131592623445 41
1757501603407 155.62377817211927 42
1757501603417 155.3567694637522 43
1757501603427 155.09028872785512 44
1757501603437 154.82433489339041 45
1757501603446 154.55890689154876 46
1757501603457 154.2940036557502 47
1757501603467 154.02962412163708 48
1757501603477 153.76576722706807 49
1757501603487 153.50243191211771 50
1757501603496 153.23961711906543 51
1757501603506 152.97732179239404 52
1757501603516 152.7155448787898 53
1757501603526 152.45428532712663 54
1757501603536 152.1935420884729 55
1757501603546 151.9333141160777 56
1757501603557 151.67360036537218 57
1757501603567 151.41439979396353 58
1757501603577 151.1557113616262 59
1757501603587 150.89753403030355 60
1757501603597 150.6398667640997 61
1757501603607 150.38270852927397 62
1757501603617 150.1260582942395 63
1757501603628 149.86991502955485 64
1757501603638 149.6142777079245 65
1757501603648 149.35914530418623 66
1757501603658 149.10451679531693 67
1757501603668 148.85039116041892 68
1757501603679 148.59676738071985 69
1757501603689 148.34364443956773 70
1757501603699 148.09102132242575 71
1757501603709 147.838897016868 72
1757501603721 147.58727051257506 73
1757501603732 147.33614080132705 74
1757501603742 147.08550687700625 75
1757501603753 146.83536773558325 76
1757501603764 146.58572237511981 77
1757501603774 146.33656979575997 78
1757501603785 146.08790899972712 79
1757501603795 145.83973899132013 80
1757501603806 145.59205877690977 81
1757501603816 145.34486736493025 82
1757501603826 145.09816376587975 83
1757501603836 144.85194699231158 84
1757501603846 144.60621605883338 85
1757501603857 144.36096998210135 86
1757501603867 144.1162077808143 87
1757501603878 143.87192847571248 88
1757501603888 143.62813108957025 89
1757501603898 143.3848146471943 90
1757501603908 143.14197817541483 91
1757501603919 142.89962070308837 92
1757501603929 142.65774126108778 93
1757501603939 142.41633888229865 94
1757501603949 142.17541260161647 95
1757501603960 141.93496145594207 96
1757501603970 141.6949844841761 97
1757501603981 141.4554807272168 98
1757501603991 141.21644922795582 99
1757501604001 140.97788903126948 100
1757501604011 140.73979918401994 101
1757501604021 140.50217873504843 102
1757501604031 140.2650267351715 103
1757501604042 140.02834223717576 104
1757501604053 139.79212429581656 105
1757501604064 139.55637196780967 106
1757501604074 139.32108431183093 107
1757501604085 139.0862603885089 108
1757501604095 138.8518992604242 109
1757501604105 138.61799999210083 110
1757501604116 138.38456165000656 111
1757501604127 138.1515833025444 112
1757501604137 137.91906402005452 113
1757501604148 137.6870028748016 114
1757501604158 137.4553989409796 115
1757501604169 137.22425129470244 116
1757501604180 136.9935590139988 117
1757501604191 136.7633211788131 118
1757501604204 136.53353687099593 119
1757501604217 136.30420517430503 120
1757501604229 136.075325174397 121
1757501604240 135.8468959588264 122
1757501604251 135.61891661703945 123
1757501604261 135.39138624036954 124
1757501604273 135.16430392203742 125
1757501604284 134.93766875714235 126
1757501604295 134.71147984266014 127
1757501604305 134.4857362774396 128
1757501604316 134.26043716219658 129
1757501604327 134.03558159951461 130
1757501604337 133.81116869383317 131
1757501604348 133.58719755145145 132
1757501604359 133.3636672805201 133
1757501604370 133.14057699103776 134
1757501604380 132.91792579484908 135
1757501604391 132.69571280563792 136
1757501604401 132.4739371389268 137
1757501604412 132.25259791206898 138
1757501604422 132.03169424424792 139
1757501604433 131.81122525647095 140
1757501604443 131.59119007156772 141
1757501604454 131.371587814185 142
1757501604465 131.15241761078155 143
1757501604475 130.93367858962893 144
1757501604486 130.71536988079998 145
1757501604497 130.49749061617234 146
1757501604507 130.28003992942124 147
1757501604518 130.0630169560144 148
1757501604529 129.8464208332131 149
1757501604539 129.63025070006046 150
1757501604550 129.41450569738694 151
1757501604562 129.19918496779854 152
1757501604573 128.98428765567803 153
1757501604584 128.76981290717993 154
1757501604595 128.55575987022414 155
1757501604606 128.34212769449672 156
1757501604617 128.128915531442 157
1757501604628 127.91612253426128 158
1757501604639 127.70374785790877 159
1757501604650 127.49179065908687 160
1757501604661 127.28025009624349 161
1757501604673 127.06912532956673 162
1757501604683 126.85841552098496 163
1757501604694 126.64811983415747 164
1757501604705 126.43823743447575 165
1757501604716 126.22876748905661 166
1757501604727 126.01970916674085 167
1757501604738 125.81106163808832 168
1757501604748 125.60282407537302 169
1757501604759 125.39499565258373 170
1757501604771 125.18757554541521 171
1757501604782 124.98056293126699 172
1757501604793 124.77395698924009 173
1757501604803 124.56775690013313 174
1757501604814 124.36196184643819 175
1757501604825 124.15657101233782 176
1757501604836 123.95158358370031 177
1757501604847 123.74699874807848 178
1757501604857 123.54281569470326 179
1757501604869 123.33903361448189 180
1757501604880 123.13565169999431 181
1757501604891 122.93266914548701 182
1757501604902 122.73008514687567 183
1757501604913 122.52789890173408 184
1757501604924 122.32610960929507 185
1757501604935 122.1247164704468 186
1757501604946 121.92371868772828 187
1757501604957 121.7231154653255 188
1757501604968 121.52290600906932 189
1757501604979 121.3230895264288 190
1757501604990 121.12366522651425 191
1757501605002 120.92463232006597 192
1757501605013 120.72599001945593 193
1757501605024 120.52773753868176 194
1757501605034 120.32987409336626 195
1757501605045 120.13239890074982 196
1757501605056 119.93531117968921 197
1757501605068 119.73861015065685 198
1757501605080 119.54229503573191 199
1757501605090 119.34636505859896 200
1757501605102 119.15081944454799 201
1757501605113 118.9556574204659 202
1757501605125 118.76087821483723 203
1757501605136 118.56648105773755 204
1757501605147 118.37246518083069 205
1757501605158 118.17882981736898 206
1757501605169 117.98557420218452 207
1757501605180 117.79269757169021 208
1757501605191 117.60019916387247 209
1757501605202 117.40807821829121 210
1757501605213 117.21633397607592 211
1757501605225 117.02496567991996 212
1757501605238 116.83397257408105 213
1757501605249 116.643353904374 214
1757501605261 116.45310891816966 215
1757501605272 116.26323686439211 216
1757501605283 116.07373699351261 217
1757501605295 115.88460855755179 218
1757501605306 115.69585081006811 219
1757501605318 115.50746300616247 220
1757501605329 115.31944440247113 221
1757501605340 115.1317942571617 222
1757501605351 114.9445118299332 223
1757501605363 114.7575963820099 224
1757501605375 114.57104717613764 225
1757501605386 114.38486347658433 226
1757501605397 114.19904454913294 227
1757501605408 114.01358966108087 228
1757501605420 113.82849808123456 229
1757501605431 113.64376907990662 230
1757501605443 113.45940192891557 231
1757501605454 113.27539590157893 232
1757501605465 113.09175027271132 233
1757501605478 112.90846431862263 234
1757501605490 112.72553731711304 235
1757501605501 112.54296854746995 236
1757501605513 112.36075729046658 237
1757501605525 112.17890282835691 238
1757501605536 111.99740444487455 239
1757501605548 111.81626142522573 240
1757501605559 111.63547305609161 241
1757501605571 111.45503862562052 242
1757501605583 111.27495742342788 243
1757501605595 111.09522874059058 244
1757501605606 110.91585186964727 245
1757501605617 110.736826104591 246
1757501605629 110.55815074086894 247
1757501605641 110.37982507537956 248
1757501605652 110.20184840646782 249
1757501605664 110.02422003392338 250
1757501605675 109.84693925897737 251
1757501605687 109.67000538429812 252
1757501605698 109.49341771399097 253
1757501605709 109.31717555359074 254
1757501605720 109.1412782100637 255
1757501605732 108.96572499180088 256
1757501605745 108.79051520861665 257
1757501605756 108.6156481717463 258
1757501605768 108.44112319383993 259
1757501605782 108.26693958896414 260
1757501605793 108.09309667259532 261
1757501605805 107.91959376161725 262
1757501605816 107.74643017432119 263
1757501605828 107.57360523039753 264
1757501605840 107.40111825093722 265
1757501605851 107.22896855842814 266
1757501605863 107.05715547674976 267
1757501605874 106.88567833117365 268
1757501605886 106.71453644835668 269
1757501605898 106.54372915634136 270
1757501605910 106.37325578455217 271
1757501605921 106.20311566379053 272
1757501605933 106.03330812623523 273
1757501605944 105.86383250543597 274
1757501605956 105.69468813631373 275
1757501605967 105.52587435515679 276
1757501605979 105.35739049961542 277
1757501605991 105.18923590870314 278
1757501606002 105.02140992279061 279
1757501606014 104.85391188360418 280
1757501606025 104.68674113422297 281
1757501606037 104.51989701907578 282
1757501606049 104.35337888393786 283
1757501606060 104.18718607592784 284
1757501606072 104.0213179435071 285
1757501606084 103.85577383647544 286
1757501606096 103.69055310596586 287
1757501606108 103.52565510444654 288
1757501606120 103.36107918571429 289
1757501606131 103.19682470489296 290
1757501606143 103.03289101843042 291
1757501606154 102.86927748409784 292
1757501606165 102.70598346098221 293
1757501606177 102.5430083094891 294
1757501606190 102.3803513913353 295
1757501606202 102.21801206954831 296
1757501606213 102.05598970846431 297
1757501606225 101.894283673723 298
1757501606237 101.73289333226671 299
1757501606248 101.57181805233711 300
1757501606260 101.41105720347201 301
1757501606272 101.2506101565035 302
1757501606284 101.09047628355492 303
1757501606296 100.93065495803735 304
1757501606308 100.77114555464772 305
1757501606320 100.61194744936682 306
1757501606332 100.45306001945465 307
1757501606344 100.29448264344859 308
1757501606356 100.13621470116206 309
1757501606368 99.9782555736792 310
1757501606380 99.82060464335443 311
1757501606392 99.66326129381005 312
1757501606405 99.50622490992967 313
1757501606417 99.34949487786066 314
1757501606429 99.1930705850094 315
1757501606441 99.0369514200359 316
1757501606453 98.88113677285644 317
1757501606465 98.72562603463749 318
1757501606477 98.57041859779252 319
1757501606490 98.41551385598083 320
1757501606502 98.26091120410705 321
1757501606514 98.10661003831214 322
1757501606526 97.95260975597962 323
1757501606537 97.79890975572353 324
1757501606549 97.64550943739269 325
1757501606561 97.49240820206666 326
1757501606573 97.33960545205005 327
1757501606585 97.18710059087455 328
1757501606598 97.0348930232925 329
1757501606610 96.88298215527632 330
1757501606622 96.73136739401502 331
1757501606634 96.58004814791306 332
1757501606646 96.42902382658565 333
1757501606658 96.27829384085877 334
1757501606670 96.12785760276368 335
1757501606682 95.9777145255364 336
1757501606695 95.82786402361647 337
1757501606707 95.6783055126392 338
1757501606719 95.52903840943932 339
1757501606731 95.38006213204447 340
1757501606743 95.23137609967466 341
1757501606755 95.08297973273915 342
1757501606766 94.93487245283274 343
1757501606779 94.78705368273555 344
1757501606791 94.63952284640729 345
1757501606803 94.49227936899078 346
1757501606816 94.34532267680133 347
1757501606828 94.19865219733158 348
1757501606839 94.05226735924312 349
1757501606852 93.90616759236968 350
1757501606864 93.76035232770914 351
1757501606875 93.61482099742626 352
1757501606888 93.46957303484562 353
1757501606900 93.32460787445201 354
1757501606913 93.17992495188778 355
1757501606925 93.03552370394961 356
1757501606937 92.8914035685858 357
1757501606949 92.74756398489487 358
1757501606962 92.60400439312242 359
1757501606975 92.46072423465934 360
1757501606987 92.31772295203876 361
1757501607000 92.17499998893437 362
1757501607012 92.03255479015652 363
1757501607024 91.89038680165221 364
1757501607037 91.7484954704996 365
1757501607049 91.60688024491007 366
1757501607061 91.46554057422055 367
1757501607073 91.32447590889544 368
1757501607086 91.1836857005215 369
1757501607099 91.04316940180671 370
1757501607112 90.90292646657922 371
1757501607124 90.76295634978214 372
1757501607136 90.6232585074732 373
1757501607148 90.48383239682065 374
1757501607160 90.34467747610388 375
1757501607173 90.2057932047082 376
1757501607185 90.06717904312399 377
1757501607198 89.92883445294396 378
1757501607211 89.79075889686047 379
1757501607223 89.65295183866446 380
1757501607236 89.51541274324187 381
1757501607248 89.37814107657154 382
1757501607261 89.24113630572401 383
1757501607273 89.1043978988565 384
1757501607285 88.96792532521603 385
1757501607298 88.8317180551297 386
1757501607311 88.69577556000823 387
1757501607324 88.56009731234282 388
1757501607336 88.42468278570014 389
1757501607349 88.2895314547216 390
1757501607362 88.15464279512287 391
1757501607374 88.02001628368966 392
1757501607387 87.88565139827425 393
1757501607400 87.75154761779717 394
1757501607413 87.61770442224113 395
1757501607425 87.48412129265127 396
1757501607438 87.35079771113027 397
1757501607450 87.21773316084011 398
1757501607463 87.08492712599626 399
1757501607475 86.95237909186723 400
1757501607487 86.82008854477132 401
1757501607500 86.68805497207569 402
1757501607513 86.55627786219334 403
1757501607526 86.42475670458113 404
1757501607538 86.29349098973734 405
1757501607551 86.16248020919969 406
1757501607563 86.03172385554258 407
1757501607576 85.90122142237726 408
1757501607588 85.77097240434568 409
1757501607601 85.64097629712299 410
1757501607615 85.51123259741027 411
1757501607627 85.3817408029369 412
1757501607640 85.25250041245546 413
1757501607653 85.12351092574201 414
1757501607666 84.99477184359137 415
1757501607678 84.86628266781644 416
1757501607692 84.7380429012463 417
1757501607707 84.6100520477226 418
1757501607720 84.48230961209998 419
1757501607733 84.35481510024175 420
1757501607746 84.22756801901758 421
1757501607760 84.10056787630323 422
1757501607774 83.97381418097814 423
1757501607787 83.84730644292159 424
1757501607800 83.72104417301124 425
1757501607813 83.59502688312277 426
1757501607826 83.46925408612593 427
1757501607839 83.34372529588333 428
1757501607852 83.21844002724704 429
1757501607865 83.09339779605911 430
1757501607879 82.96859811914698 431
1757501607892 82.84404051432253 432
1757501607905 82.71972450037953 433
1757501607918 82.59564959709317 434
1757501607932 82.47181532521485 435
1757501607948 82.3482212064741 436
1757501607963 82.22486676357306 437
1757501607982 82.1017515201855 438
1757501607999 81.9788750009575 439
1757501608012 81.85623673150064 440
1757501608025 81.73383623839325 441
1757501608038 81.61167304917791 442
1757501608051 81.48974669235842 443
1757501608064 81.3680566973991 444
1757501608076 81.24660259472194 445
1757501608089 81.12538391570406 446
1757501608102 81.00440019267808 447
1757501608116 80.88365095892652 448
1757501608129 80.7631357486828 449
1757501608142 80.64285409712868 450
1757501608155 80.52280554039073 451
1757501608168 80.40298961554025 452
1757501608181 80.28340586059056 453
1757501608194 80.16405381449366 454
1757501608208 80.04493301714143 455
1757501608221 79.926043009361 456
1757501608234 79.80738333291288 457
1757501608247 79.68895353049096 458
1757501608260 79.57075314571868 459
1757501608273 79.45278172314758 460
1757501608286 79.335038808256 461
1757501608299 79.21752394744661 462
1757501608316 79.10023668804388 463
1757501608329 78.98317657829412 464
1757501608342 78.86634316736122 465
1757501608355 78.74973600532503 466
1757501608368 78.63335464318276 467
1757501608381 78.51719863284177 468
1757501608394 78.40126752712176 469
1757501608407 78.28556087975105 470
1757501608420 78.1700782453659 471
1757501608433 78.05481917950641 472
1757501608446 77.93978323861784 473
1757501608458 77.82496998004513 474
1757501608471 77.71037896203408 475
1757501608485 77.59600974372792 476
1757501608498 77.48186188516544 477
1757501608511 77.36793494727937 478
1757501608524 77.25422849189592 479
1757501608537 77.14074208172913 480
1757501608550 77.02747528038381 481
1757501608563 76.91442765234953 482
1757501608576 76.80159876300256 483
1757501608590 76.68898817859908 484
1757501608604 76.57659546627963 485
1757501608618 76.46442019406139 486
1757501608632 76.35246193084002 487
1757501608645 76.24072024638656 488
1757501608659 76.12919471134536 489
1757501608672 76.01788489723357 490
1757501608685 75.9067903764378 491
1757501608698 75.79591072221216 492
1757501608712 75.6852455086782 493
1757501608725 75.57479431082194 494
1757501608739 75.46455670449247 495
1757501608752 75.35453226639912 496
1757501608765 75.24472057411013 497
1757501608778 75.13512120605309 498
1757501608791 75.025733741509 499
