1757517783666 168.9733841766258 0
1757517783675 162.69597451450497 1
1757517783684 151.2259953418516 2
1757517783692 135.88166278457322 3
1757517783700 118.06694412231028 4
1757517783708 99.14617724483762 5
1757517783717 80.34598211043593 6
1757517783725 62.686526427401695 7
1757517783733 46.94163365593267 8
1757517783742 33.62517325318993 9
1757517783750 22.999704326739323 10
1757517783758 15.102454463991737 11
1757517783766 9.783362041668608 12
1757517783774 6.750017476891602 13
1757517783783 5.614811155846253 14
1757517783791 5.9403284616890435 15
1757517783799 7.279921108442728 16
1757517783807 9.211332696793544 17
1757517783816 11.362182664868723 18
1757517783824 13.426951587107984 19
1757517783832 15.175815978412993 20
1757517783841 16.456225072534192 21
1757517783849 17.188485403782494 22
1757517783857 17.35682609716388 23
1757517783866 16.99747480457621 24
1757517783875 16.185205605411646 25
1757517783885 15.019655078974417 26
1757517783894 13.612471985813102 27
1757517783902 12.076099437520268 28
1757517783910 10.514712942860179 29
1757517783919 9.017575686506161 30
1757517783927 7.654840929889348 31
1757517783935 6.4756420618157176 32
1757517783944 5.50816974052937 33
1757517783952 4.761344122062504 34
1757517783960 4.227645733305986 35
1757517783969 3.8866654616583878 36
1757517783977 3.7089647086811093 37
1757517783986 3.659892243589427 38
1757517783994 3.703075743689649 39
1757517784003 3.803384984175126 40
1757517784011 3.9292427486214034 41
1757517784019 4.054232788019928 42
1757517784028 4.15801716075628 43
1757517784037 4.226625253602264 44
1757517784045 4.2522124451904615 45
1757517784053 4.232407780656915 46
1757517784062 4.169378296095232 47
1757517784070 4.068734658119968 48
1757517784079 3.9383909468067952 49
1757517784087 3.7874733025442935 50
1757517784096 3.625350348865159 51
1757517784104 3.4608351516252993 52
1757517784113 3.301585987732936 53
1757517784121 3.1537129473867576 54
1757517784130 3.021580485755673 55
1757517784139 2.9077831129904457 56
1757517784147 2.8132626819423687 57
1757517784156 2.7375310588212396 58
1757517784164 2.6789609216982027 59
1757517784173 2.635109409509926 60
1757517784182 2.6030436137660167 61
1757517784190 2.579642705654556 62
1757517784199 2.5618580913822746 63
1757517784207 2.5469197362506706 64
1757517784216 2.5324831543815596 65
1757517784224 2.516717119833022 66
1757517784233 2.4983366476371347 67
1757517784241 2.4765890834623274 68
1757517784250 2.45120320860719 69
1757517784258 2.422312189508239 70
1757517784267 2.3903611265794793 71
1757517784275 2.3560090817461474 72
1757517784284 2.3200340065287928 73
1757517784292 2.283247174297918 74
1757517784301 2.246421747786914 75
1757517784309 2.210238164889792 76
1757517784317 2.1752472450343068 77
1757517784326 2.1418504079881697 78
1757517784335 2.110295219736862 79
1757517784343 2.080683661776328 80
1757517784352 2.0529900544509525 81
1757517784361 2.0270854200148616 82
1757517784370 2.0027651968680753 83
1757517784378 1.9797775519133565 84
1757517784387 1.9578500179292628 85
1757517784395 1.9367127434739935 86
1757517784404 1.916117226367573 87
1757517784413 1.8958499597352405 88
1757517784421 1.8757409145837785 89
1757517784430 1.855667189436956 90
1757517784439 1.8355524617211159 91
1757517784448 1.8153630738142024 92
1757517784456 1.7951016840830964 93
1757517784465 1.7747994216227183 94
1757517784474 1.7545074190546555 95
1757517784483 1.734288479336957 96
1757517784491 1.714209479308934 97
1757517784500 1.6943349428586338 98
1757517784509 1.6747220461684629 99
1757517784518 1.6554171594822533 100
1757517784526 1.6364538938515578 101
1757517784535 1.6178525134786172 102
1757517784544 1.5996204974047885 103
1757517784553 1.5817539883450076 104
1757517784561 1.5642398490604434 105
1757517784570 1.54705805370367 106
1757517784579 1.5301841679017418 107
1757517784588 1.513591711317698 108
1757517784596 1.4972542444451193 109
1757517784605 1.4811470722906106 110
1757517784614 1.4652485069899408 111
1757517784623 1.4495406758370766 112
1757517784631 1.4340098982589253 113
1757517784640 1.4186466835368825 114
1757517784649 1.4034454200837616 115
1757517784667 1.3884038371443508 116
1757517784679 1.3735223218308596 117
1757517784689 1.3588031697902851 118
1757517784698 1.344249838135508 119
1757517784707 1.3298662562388384 120
1757517784716 1.3156562352061796 121
1757517784725 1.301623001767295 122
1757517784733 1.2877688681286321 123
1757517784743 1.2740950369420745 124
1757517784751 1.2606015305424312 125
1757517784760 1.2472872263020651 126
1757517784769 1.2341499753852871 127
1757517784778 1.221186780187149 128
1757517784787 1.20839400597753 129
1757517784796 1.1957676043037804 130
1757517784805 1.183303329043313 131
1757517784814 1.170996930143043 132
1757517784823 1.1588443145737486 133
1757517784832 1.1468416684596072 134
1757517784841 1.13498553839584 135
1757517784850 1.1232728734066422 136
1757517784859 1.1117010316790017 137
1757517784868 1.1002677580761642 138
1757517784877 1.088971139500982 139
1757517784888 1.0778095455147445 140
1757517784897 1.0667815613341878 141
1757517784906 1.0558859195659696 142
1757517784915 1.0451214359412277 143
1757517784924 1.0344869530287861 144
1757517784933 1.0239812945649351 145
1757517784942 1.0136032317519215 146
1757517784966 1.0033514617327295 147
1757517784975 0.9932245975044617 148
1757517784985 0.9832211678212232 149
1757517784993 0.9733396251677543 150
1757517785002 0.9635783596474126 151
1757517785012 0.9539357165962922 152
1757517785021 0.9444100158726726 153
1757517785030 0.9349995710353896 154
1757517785039 0.9257027069725787 155
1757517785048 0.9165177749313657 156
1757517785057 0.9074431642930085 157
1757517785066 0.8984773108058605 158
1757517785076 0.8896187013084382 159
1757517785085 0.8808658752311975 160
1757517785094 0.8722174233521066 161
1757517785104 0.8636719843962054 162
1757517785113 0.8552282401189164 163
1757517785122 0.8468849095046175 164
1757517785131 0.8386407426586171 165
1757517785140 0.8304945148838285 166
1757517785150 0.8224450213265616 167
1757517785159 0.8144910724604749 168
1757517785168 0.8066314905643028 169
1757517785177 0.7988651072453054 170
1757517785186 0.7911907619729021 171
1757517785196 0.7836073015184776 172
1757517785205 0.7761135801499426 173
1757517785214 0.7687084604025272 174
1757517785223 0.7613908142386899 175
1757517785232 0.7541595244171729 176
1757517785242 0.7470134859103578 177
1757517785251 0.7399516072367573 178
1757517785261 0.7329728116076686 179
1757517785270 0.7260760378207044 180
1757517785279 0.7192602408652662 181
1757517785288 0.7125243922335484 182
1757517785297 0.7058674799544382 183
1757517785307 0.6992885083855624 184
1757517785316 0.6927864978102419 185
1757517785326 0.6863604838923436 186
1757517785335 0.6800095170426492 187
1757517785345 0.6737326617471009 188
1757517785354 0.6675289959007166 189
1757517785363 0.6613976101823281 190
1757517785373 0.6553376074958139 191
1757517785382 0.6493481024937422 192
1757517785391 0.6434282211902538 193
1757517785400 0.6375771006622847 194
1757517785409 0.631793888831882 195
1757517785419 0.6260777443178757 196
1757517785428 0.6204278363423821 197
1757517785437 0.6148433446764713 198
1757517785446 0.6093234596095753 199
1757517785456 0.603867381928563 200
1757517785465 0.598474322894573 201
1757517785474 0.5931435042083539 202
1757517785483 0.5878741579576434 203
1757517785493 0.5826655265429366 204
1757517785502 0.5775168625805378 205
1757517785511 0.5724274287837683 206
1757517785521 0.5673964978250131 207
1757517785530 0.5624233521823135 208
1757517785539 0.5575072839748276 209
1757517785548 0.5526475947917048 210
1757517785559 0.5478435955186819 211
1757517785568 0.5430946061662291 212
1757517785578 0.538399955702357 213
1757517785587 0.5337589818924144 214
1757517785597 0.5291710311473773 215
1757517785606 0.5246354583813965 216
1757517785616 0.520151626878517 217
1757517785626 0.5157189081681557 218
1757517785635 0.5113366819082947 219
1757517785644 0.5070043357752186 220
1757517785654 0.5027212653584068 221
1757517785664 0.4984868740592631 222
1757517785673 0.49430057299238944 223
1757517785683 0.49016178088835555 224
1757517785693 0.4860699239970689 225
1757517785703 0.48202443599115063 226
1757517785713 0.4780247578689091 227
1757517785722 0.47407033785674835 228
1757517785732 0.4701606313110619 229
1757517785741 0.4662951006197627 230
1757517785751 0.46247321510372785 231
1757517785760 0.4586944509185269 232
1757517785770 0.45495829095676893 233
1757517785779 0.4512642247514513 234
1757517785789 0.4476117483805932 235
1757517785798 0.4440003643734515 236
1757517785808 0.4404295816184852 237
1757517785818 0.43689891527319946 238
1757517785828 0.43340788667593905 239
1757517785837 0.42995602325959026 240
1757517785847 0.4265428584671746 241
1757517785858 0.4231679316692122 242
1757517785867 0.41983078808274615 243
1757517785877 0.4165309786918992 244
1757517785886 0.4132680601698145 245
1757517785896 0.4100415948018652 246
1757517785908 0.4068511504100213 247
1757517785918 0.4036963002782667 248
1757517785927 0.40057662307900854 249
1757517785937 0.3974917028003957 250
1757517785947 0.39444112867458825 251
1757517785957 0.3914244951068436 252
1757517785966 0.3884414016055373 253
1757517785976 0.38549145271304414 254
1757517785986 0.3825742579375447 255
1757517785995 0.37968943168573277 256
1757517786005 0.37683659319647705 257
1757517786014 0.37401536647544037 258
1757517786024 0.37122538023064355 259
1757517786034 0.3684662678090255 260
1757517786043 0.3657376671339392 261
1757517786053 0.36303922064363714 262
1757517786063 0.36037057523068894 263
1757517786072 0.35773138218232786 264
1757517786082 0.3551212971217239 265
1757517786092 0.35253997995013364 266
1757517786101 0.34998709478991635 267
1757517786111 0.3474623099284025 268
1757517786121 0.344965297762574 269
1757517786131 0.34249573474454376 270
1757517786141 0.3400533013278267 271
1757517786151 0.33763768191434884 272
1757517786161 0.3352485648022314 273
1757517786170 0.33288564213428556 274
1757517786180 0.33054860984724566 275
1757517786190 0.32823716762169475 276
1757517786200 0.32595101883270866 277
1757517786210 0.3236898705011926 278
1757517786219 0.3214534332458852 279
1757517786229 0.31924142123606675 280
1757517786239 0.31705355214491915 281
1757517786249 0.31488954710354716 282
1757517786259 0.3127491306556661 283
1757517786269 0.3106320307129282 284
1757517786279 0.30853797851087705 285
1757517786289 0.30646670856553987 286
1757517786298 0.3044179586306307 287
1757517786308 0.3023914696553676 288
1757517786318 0.3003869857428666 289
1757517786328 0.29840425410915367 290
1757517786338 0.29644302504272796 291
1757517786348 0.29450305186469933 292
1757517786358 0.29258409088949566 293
1757517786368 0.2906859013860999 294
1757517786378 0.2888082455398458 295
1757517786388 0.2869508884147299 296
1757517786398 0.2851135979162569 297
1757517786407 0.28329614475479914 298
1757517786417 0.2814983024094565 299
1757517786427 0.27971984709242514 300
1757517786437 0.27796055771385664 301
1757517786447 0.2762202158471949 302
1757517786457 0.274498605695007 303
1757517786467 0.2727955140552703 304
1757517786477 0.2711107302881368 305
1757517786487 0.2694440462831457 306
1757517786497 0.26779525642689195 307
1757517786507 0.26616415757113926 308
1757517786517 0.2645505490013695 309
1757517786528 0.2629542324057701 310
1757517786538 0.26137501184463696 311
1757517786548 0.25981269372020016 312
1757517786558 0.2582670867468679 313
1757517786568 0.2567380019218661 314
1757517786578 0.2552252524962828 315
1757517786588 0.2537286539465174 316
1757517786598 0.2522480239460961 317
1757517786608 0.2507831823378941 318
1757517786618 0.24933395110671086 319
1757517786628 0.24790015435224402 320
1757517786638 0.2464816182624002 321
1757517786649 0.24507817108699084 322
1757517786659 0.24368964311176627 323
1757517786669 0.24231586663281085 324
1757517786680 0.24095667593127934 325
1757517786690 0.23961190724847056 326
1757517786700 0.23828139876123927 327
1757517786710 0.23696499055773876 328
1757517786720 0.23566252461348988 329
1757517786730 0.2343738447677631 330
1757517786740 0.23309879670029238 331
1757517786750 0.23183722790827874 332
1757517786760 0.23058898768372277 333
1757517786771 0.22935392709104482 334
1757517786781 0.22813189894501212 335
1757517786791 0.22692275778895413 336
1757517786801 0.22572635987327203 337
1757517786811 0.2245425631342308 338
1757517786821 0.22337122717303196 339
1757517786832 0.22221221323517085 340
1757517786842 0.2210653841900571 341
1757517786852 0.21993060451091567 342
1757517786862 0.21880774025493935 343
1757517786873 0.21769665904371935 344
1757517786883 0.21659723004392178 345
1757517786893 0.2155093239482315 346
1757517786903 0.2144328129565259 347
1757517786913 0.21336757075731894 348
1757517786924 0.21231347250943874 349
1757517786934 0.21127039482393964 350
1757517786944 0.21023821574626286 351
1757517786955 0.20921681473862516 352
1757517786965 0.20820607266263974 353
1757517786976 0.2072058717621568 354
1757517786986 0.20621609564634294 355
1757517786996 0.20523662927296835 356
1757517787007 0.2042673589319134 357
1757517787018 0.20330817222889971 358
1757517787028 0.20235895806941864 359
1757517787039 0.201419606642884 360
1757517787049 0.20049000940697193 361
1757517787059 0.19957005907218606 362
1757517787070 0.19865964958660223 363
1757517787080 0.19775867612081713 364
1757517787090 0.1968670350531061 365
1757517787100 0.19598462395474864 366
1757517787111 0.19511134157555962 367
1757517787121 0.19424708782959785 368
1757517787132 0.19339176378107398 369
1757517787142 0.19254527163041546 370
1757517787152 0.19170751470053354 371
1757517787163 0.1908783974232521 372
1757517787173 0.19005782532592158 373
1757517787184 0.18924570501819127 374
1757517787194 0.188441944178965 375
1757517787205 0.1876464515435139 376
1757517787215 0.18685913689075756 377
1757517787225 0.18607991103071003 378
1757517787236 0.18530868579207888 379
1757517787246 0.1845453740100307 380
1757517787257 0.1837898895141085 381
1757517787267 0.18304214711629901 382
1757517787278 0.18230206259926118 383
1757517787288 0.18156955270469585 384
1757517787299 0.1808445351218656 385
1757517787309 0.18012692847626127 386
1757517787319 0.17941665231841236 387
1757517787330 0.17871362711283734 388
1757517787341 0.17801777422713325 389
1757517787351 0.17732901592120393 390
1757517787362 0.17664727533663055 391
1757517787372 0.17597247648616224 392
1757517787383 0.17530454424335212 393
1757517787393 0.1746434043323198 394
1757517787404 0.17398898331763568 395
1757517787414 0.17334120859434674 396
1757517787425 0.17270000837811633 397
1757517787435 0.17206531169548742 398
1757517787446 0.17143704837427703 399
1757517787456 0.170815149034081 400
1757517787467 0.17019954507690493 401
1757517787478 0.16959016867790755 402
1757517787488 0.16898695277626116 403
1757517787499 0.16838983106613073 404
1757517787510 0.16779873798775546 405
1757517787520 0.16721360871865285 406
1757517787531 0.1666343791649223 407
1757517787541 0.16606098595266575 408
1757517787552 0.16549336641950887 409
1757517787562 0.1649314586062285 410
1757517787573 0.16437520124848615 411
1757517787584 0.16382453376866615 412
1757517787595 0.16327939626780508 413
1757517787606 0.16273972951763577 414
1757517787616 0.16220547495271526 415
1757517787627 0.16167657466265942 416
1757517787638 0.16115297138447165 417
1757517787649 0.16063460849496386 418
1757517787660 0.16012143000327664 419
1757517787670 0.15961338054347762 420
1757517787681 0.15911040536727447 421
1757517787692 0.15861245033679353 422
1757517787702 0.1581194619174605 423
1757517787713 0.15763138717096994 424
1757517787724 0.1571481737483312 425
1757517787734 0.15666976988300743 426
1757517787745 0.15619612438414013 427
1757517787755 0.15572718662984944 428
1757517787766 0.15526290656061806 429
1757517787777 0.1548032346727662 430
1757517787788 0.1543481220119936 431
1757517787798 0.1538975201670021 432
1757517787809 0.15345138126320615 433
1757517787820 0.1530096579565063 434
1757517787831 0.15257230342715328 435
1757517787841 0.1521392713736699 436
1757517787852 0.15171051600686183 437
1757517787863 0.15128599204389498 438
1757517787874 0.15086565470244184 439
1757517787885 0.1504494596949044 440
1757517787896 0.15003736322270542 441
1757517787907 0.14962932197064618 442
1757517787918 0.14922529310133784 443
1757517787929 0.1488252342496943 444
1757517787939 0.14842910351749677 445
1757517787950 0.148036859468021 446
1757517787961 0.14764846112072771 447
1757517787972 0.14726386794602517 448
1757517787983 0.14688303986008547 449
1757517787994 0.14650593721972754 450
1757517788005 0.14613252081736428 451
1757517788016 0.14576275187600302 452
1757517788028 0.1453965920443138 453
1757517788039 0.14503400339175712 454
1757517788050 0.14467494840376027 455
1757517788060 0.14431938997696403 456
1757517788071 0.14396729141451764 457
1757517788082 0.14361861642143461 458
1757517788093 0.14327332910000465 459
1757517788104 0.14293139394525345 460
1757517788115 0.142592775840468 461
1757517788126 0.14225744005276564 462
1757517788137 0.14192535222872207 463
1757517788147 0.14159647839004746 464
1757517788158 0.14127078492931963 465
1757517788169 0.14094823860575822 466
1757517788180 0.14062880654106374 467
1757517788191 0.14031245621528982 468
1757517788202 0.13999915546277936 469
1757517788213 0.1396888724681384 470
1757517788224 0.13938157576226326 471
1757517788235 0.139077234218415 472
1757517788245 0.13877581704833258 473
1757517788256 0.13847729379841073 474
1757517788267 0.13818163434589534 475
1757517788278 0.13788880889515318 476
1757517788289 0.13759878797396272 477
1757517788300 0.1373115424298643 478
1757517788311 0.13702704342654368 479
1757517788322 0.13674526244026206 480
1757517788333 0.13646617125633104 481
1757517788344 0.13618974196562292 482
1757517788354 0.1359159469611276 483
1757517788365 0.13564475893454855 484
1757517788376 0.13537615087293556 485
1757517788388 0.135110096055362 486
1757517788399 0.13484656804963968 487
1757517788410 0.1345855407090696 488
1757517788421 0.13432698816923555 489
1757517788432 0.13407088484482893 490
1757517788443 0.1338172054265215 491
1757517788455 0.1335659248778589 492
1757517788466 0.13331701843220883 493
1757517788477 0.1330704615897295 494
1757517788488 0.13282623011438063 495
1757517788499 0.13258430003097582 496
1757517788513 0.13234464762225048 497
1757517788524 0.132107249425986 498
1757517788536 0.1318720822321531 499
