1757517921131 175.96464882232368 0
1757517921139 175.3060567481888 1
1757517921148 174.65002680538672 2
1757517921156 173.99654894229 3
1757517921165 173.34561314689512 4
1757517921174 172.69720944666378 5
1757517921182 172.05132790836814 6
1757517921191 171.40795863793406 7
1757517921200 170.76709178028892 8
1757517921208 170.12871751920252 9
1757517921217 169.4928260771412 10
1757517921226 168.85940771510627 11
1757517921234 168.22845273248657 12
1757517921243 167.59995146690773 13
1757517921251 166.9738942940748 14
1757517921260 166.35027162763046 15
1757517921269 165.72907391899847 16
1757517921277 165.11029165723573 17
1757517921286 164.493915368885 18
1757517921295 163.87993561782469 19
1757517921304 163.26834300512562 20
1757517921312 162.6591281688945 21
1757517921321 162.0522817841389 22
1757517921330 161.44779456261492 23
1757517921340 160.8456572526821 24
1757517921349 160.24586063916138 25
1757517921358 159.64839554318613 26
1757517921367 159.05325282206599 27
1757517921375 158.46042336913644 28
1757517921384 157.8698981136215 29
1757517921393 157.28166802048761 30
1757517921401 156.6957240903082 31
1757517921410 156.1120573591148 32
1757517921419 155.53065889826698 33
1757517921427 154.95151981430234 34
1757517921436 154.3746312488044 35
1757517921444 153.79998437826043 36
1757517921453 153.22757041392822 37
1757517921462 152.6573806016926 38
1757517921471 152.0894062219318 39
1757517921479 151.52363858938085 40
1757517921488 150.96006905299618 41
1757517921497 150.39868899581893 42
1757517921505 149.83948983484152 43
1757517921515 149.28246302087226 44
1757517921524 148.7276000384036 45
1757517921533 148.17489240547653 46
1757517921541 147.62433167354985 47
1757517921550 147.07590942736644 48
1757517921559 146.5296172848255 49
1757517921568 145.98544689684502 50
1757517921577 145.4433899472386 51
1757517921586 144.90343815257796 52
1757517921594 144.36558326207023 53
1757517921603 143.82981705742475 54
1757517921612 143.2961313527268 55
1757517921621 142.7645179943065 56
1757517921630 142.23496886061625 57
1757517921639 141.70747586209953 58
1757517921648 141.18203094106738 59
1757517921657 140.65862607156959 60
1757517921666 140.13725325927138 61
1757517921675 139.61790454132785 62
1757517921684 139.10057198626066 63
1757517921693 138.5852476938284 64
1757517921702 138.07192379491477 65
1757517921711 137.56059245139414 66
1757517921720 137.05124585601288 67
1757517921729 136.54387623226916 68
1757517921738 136.03847583429106 69
1757517921747 135.5350369467129 70
1757517921758 135.03355188455723 71
1757517921767 134.53401299311372 72
1757517921776 134.03641264782095 73
1757517921785 133.5407432541433 74
1757517921794 133.04699724745726 75
1757517921803 132.55516709293065 76
1757517921812 132.06524528540433 77
1757517921821 131.57722434927783 78
1757517921830 131.0910968383883 79
1757517921839 130.60685533589844 80
1757517921848 130.12449245417676 81
1757517921857 129.6440008346859 82
1757517921867 129.16537314786498 83
1757517921876 128.6886020930153 84
1757517921885 128.21368039818807 85
1757517921894 127.74060082007 86
1757517921903 127.26935614386744 87
1757517921912 126.79993918319985 88
1757517921921 126.33234277998089 89
1757517921930 125.86655980431063 90
1757517921939 125.4025831543616 91
1757517921948 124.94040575627218 92
1757517921958 124.48002056403146 93
1757517921967 124.02142055937023 94
1757517921976 123.56459875165422 95
1757517921985 123.10954817777137 96
1757517921994 122.65626190202478 97
1757517922003 122.20473301602469 98
1757517922012 121.75495463858056 99
1757517922021 121.30691991559063 100
1757517922030 120.86062201994133 101
1757517922040 120.41605415139263 102
1757517922049 119.97320953647903 103
1757517922058 119.53208142839921 104
1757517922067 119.09266310691248 105
1757517922076 118.6549478782348 106
1757517922086 118.21892907493161 107
1757517922095 117.78460005581537 108
1757517922104 117.35195420584056 109
1757517922113 116.92098493600433 110
1757517922122 116.49168568323887 111
1757517922132 116.06404991031194 112
1757517922141 115.63807110572203 113
1757517922150 115.21374278359997 114
1757517922159 114.79105848360554 115
1757517922168 114.37001177082824 116
1757517922178 113.95059623568444 117
1757517922187 113.53280549381911 118
1757517922196 113.11663318600671 119
1757517922205 112.70207297804915 120
1757517922214 112.28911856068048 121
1757517922223 111.87776364946687 122
1757517922233 111.46800198470696 123
1757517922242 111.0598273313365 124
1757517922251 110.65323347882945 125
1757517922261 110.24821424110287 126
1757517922270 109.84476345641743 127
1757517922279 109.4428749872848 128
1757517922289 109.04254272037002 129
1757517922298 108.64376056639433 130
1757517922307 108.24652246004415 131
1757517922316 107.85082235987346 132
1757517922326 107.45665424821024 133
1757517922335 107.06401213106209 134
1757517922346 106.6728900380255 135
1757517922372 106.2832820221875 136
1757517922384 105.89518216003793 137
1757517922393 105.50858455137531 138
1757517922402 105.12348331921302 139
1757517922412 104.73987260968975 140
1757517922421 104.35774659197732 141
1757517922430 103.97709945819 142
1757517922440 103.59792542329355 143
1757517922450 103.22021872501529 144
1757517922459 102.84397362375486 145
1757517922468 102.46918440249266 146
1757517922478 102.09584536670262 147
1757517922487 101.72395084426225 148
1757517922496 101.35349518536567 149
1757517922505 100.98447276243337 150
1757517922515 100.61687797002635 151
1757517922524 100.25070522475771 152
1757517922534 99.88594896520407 153
1757517922544 99.52260365182367 154
1757517922553 99.16066376686345 155
1757517922563 98.80012381427872 156
1757517922572 98.44097831964432 157
1757517922581 98.08322183006942 158
1757517922591 97.72684891411365 159
1757517922600 97.3718541617027 160
1757517922611 97.01823218404051 161
1757517922620 96.66597761352972 162
1757517922630 96.31508510368668 163
1757517922640 95.96554932905495 164
1757517922649 95.61736498512862 165
1757517922658 95.27052678826158 166
1757517922668 94.92502947559214 167
1757517922677 94.58086780495684 168
1757517922687 94.2380365548106 169
1757517922697 93.89653052414563 170
1757517922706 93.55634453240741 171
1757517922716 93.2174734194177 172
1757517922725 92.87991204529222 173
1757517922735 92.54365529035996 174
1757517922745 92.20869805508453 175
1757517922754 91.87503525998474 176
1757517922764 91.54266184555458 177
1757517922774 91.21157277218471 178
1757517922783 90.88176302008371 179
1757517922793 90.55322758920046 180
1757517922802 90.22596149914679 181
1757517922812 89.89995978911638 182
1757517922821 89.57521751781215 183
1757517922831 89.25172976336634 184
1757517922841 88.92949162326481 185
1757517922851 88.60849821427044 186
1757517922861 88.28874467234634 187
1757517922870 87.9702261525808 188
1757517922880 87.65293782911252 189
1757517922889 87.33687489505364 190
1757517922899 87.02203256241694 191
1757517922910 86.70840606203808 192
1757517922920 86.39599064350557 193
1757517922930 86.08478157508334 194
1757517922939 85.77477414363808 195
1757517922949 85.46596365456575 196
1757517922959 85.1583454317191 197
1757517922969 84.85191481733477 198
1757517922979 84.54666717195904 199
1757517922988 84.24259787437752 200
1757517922998 83.93970232154267 201
1757517923008 83.6379759285011 202
1757517923017 83.33741412832309 203
1757517923027 83.0380123720322 204
1757517923037 82.73976612853247 205
1757517923050 82.44267088453915 206
1757517923060 82.14672214450884 207
1757517923070 81.85191543056739 208
1757517923080 81.55824628244227 209
1757517923090 81.26571025739335 210
1757517923099 80.97430293014101 211
1757517923109 80.6840198927992 212
1757517923119 80.39485675480843 213
1757517923129 80.1068091428631 214
1757517923140 79.8198727008475 215
1757517923151 79.53404308976555 216
1757517923162 79.24931598767337 217
1757517923175 78.96568708961509 218
1757517923186 78.68315210755013 219
1757517923196 78.40170677029194 220
1757517923206 78.12134682343788 221
1757517923216 77.84206802930544 222
1757517923226 77.56386616686393 223
1757517923236 77.28673703167118 224
1757517923246 77.0106764358063 225
1757517923256 76.73568020780456 226
1757517923266 76.46174419259384 227
1757517923276 76.18886425142902 228
1757517923286 75.91703626182752 229
1757517923296 75.64625611750428 230
1757517923306 75.37651972831029 231
1757517923316 75.10782302016612 232
1757517923326 74.84016193500116 233
1757517923336 74.57353243068833 234
1757517923345 74.3079304809815 235
1757517923356 74.043352075454 236
1757517923366 73.77979321943597 237
1757517923376 73.51724993395088 238
1757517923386 73.25571825565424 239
1757517923396 72.99519423677333 240
1757517923406 72.73567394504398 241
1757517923416 72.47715346364946 242
1757517923426 72.21962889116094 243
1757517923436 71.96309634147556 244
1757517923446 71.70755194375634 245
1757517923456 71.45299184237174 246
1757517923466 71.19941219683602 247
1757517923477 70.9468091817498 248
1757517923486 70.69517898674007 249
1757517923497 70.4445178163994 250
1757517923507 70.19482189023083 251
1757517923516 69.94608744258464 252
1757517923526 69.69831072260348 253
1757517923537 69.45148799416103 254
1757517923547 69.20561553580563 255
1757517923557 68.96068964070233 256
1757517923567 68.71670661657417 257
1757517923577 68.47366278564684 258
1757517923587 68.2315544845885 259
1757517923597 67.99037806445513 260
1757517923608 67.7501298906331 261
1757517923618 67.51080634278262 262
1757517923628 67.27240381478144 263
1757517923638 67.03491871466852 264
1757517923648 66.79834746458886 265
1757517923658 66.5626865007371 266
1757517923668 66.32793227330257 267
1757517923678 66.09408124641305 268
1757517923689 65.8611298980824 269
1757517923699 65.62907472015347 270
1757517923709 65.39791221824342 271
1757517923719 65.167638911691 272
1757517923729 64.93825133350073 273
1757517923739 64.70974603029165 274
1757517923750 64.48211956223948 275
1757517923760 64.25536850302753 276
1757517923770 64.02948943978987 277
1757517923780 63.80447897306132 278
1757517923790 63.58033371672202 279
1757517923800 63.357050297946536 280
1757517923811 63.134625357150604 281
1757517923821 62.91305554793867 282
1757517923831 62.69233753705298 283
1757517923841 62.47246800432145 284
1757517923852 62.25344364260482 285
1757517923862 62.03526115774652 286
1757517923872 61.81791726852085 287
1757517923883 61.60140870658345 288
1757517923893 61.38573221641822 289
1757517923903 61.170884555288396 290
1757517923913 60.95686249318506 291
1757517923924 60.74366281277794 292
1757517923934 60.53128230936525 293
1757517923944 60.319717790823155 294
1757517923954 60.10896607755668 295
1757517923965 59.899024002450794 296
1757517923975 59.68988841082068 297
1757517923985 59.48155616036211 298
1757517923996 59.27402412110385 299
1757517924006 59.06728917535818 300
1757517924016 58.861348217673154 301
1757517924027 58.65619815478325 302
1757517924037 58.45183590556325 303
1757517924047 58.24825840097777 304
1757517924058 58.04546258403608 305
1757517924069 57.84344540974283 306
1757517924079 57.64220384505166 307
1757517924090 57.44173486881857 308
1757517924100 57.242035471753276 309
1757517924110 57.0431026563742 310
1757517924121 56.84493343696102 311
1757517924131 56.64752483950895 312
1757517924142 56.45087390168169 313
1757517924152 56.25497767276562 314
1757517924162 56.059833213625176 315
1757517924173 55.86543759665587 316
1757517924183 55.6717879057386 317
1757517924194 55.478881236196194 318
1757517924204 55.286714694746 319
1757517924214 55.09528539945736 320
1757517924225 54.90459047970501 321
1757517924235 54.71462707612463 322
1757517924246 54.52539234056983 323
1757517924257 54.336883436066536 324
1757517924268 54.14909753676978 325
1757517924278 53.962031827919624 326
1757517924289 53.775683505797105 327
1757517924299 53.59004977768117 328
1757517924310 53.405127861805155 329
1757517924320 53.22091498731386 330
1757517924331 53.03740839421946 331
1757517924341 52.85460533336104 332
1757517924352 52.672503066359 333
1757517924363 52.49109886557471 334
1757517924373 52.3103900140673 335
1757517924384 52.13037380555209 336
1757517924394 51.95104754435696 337
1757517924405 51.77240854538295 338
1757517924415 51.59445413406124 339
1757517924426 51.41718164631121 340
1757517924437 51.24058842849972 341
1757517924448 51.064671837400724 342
1757517924458 50.88942924015292 343
1757517924469 50.714858014219075 344
1757517924480 50.54095554734659 345
1757517924490 50.367719237524874 346
1757517924502 50.195146492947785 347
1757517924513 50.02323473197029 348
1757517924523 49.85198138307134 349
1757517924534 49.68138388481145 350
1757517924545 49.51143968579504 351
1757517924556 49.342146244629106 352
1757517924567 49.17350102988595 353
1757517924578 49.00550152006112 354
1757517924589 48.83814520353697 355
1757517924600 48.67142957854238 356
1757517924611 48.50535215311374 357
1757517924622 48.33991044505681 358
1757517924633 48.17510198190873 359
1757517924644 48.01092430089829 360
1757517924655 47.84737494890914 361
1757517924666 47.684451482440835 362
1757517924677 47.522151467571575 363
1757517924687 47.3604724799203 364
1757517924698 47.19941210460789 365
1757517924709 47.03896793622265 366
1757517924720 46.8791375787796 367
1757517924731 46.71991864568604 368
1757517924741 46.56130875970255 369
1757517924752 46.40330555290782 370
1757517924763 46.245906666660694 371
1757517924775 46.08910975156434 372
1757517924786 45.93291246742921 373
1757517924796 45.77731248323789 374
1757517924807 45.62230747710763 375
1757517924818 45.46789513625477 376
1757517924829 45.31407315696029 377
1757517924840 45.16083924453115 378
1757517924851 45.008191113268026 379
1757517924862 44.85612648642775 380
1757517924873 44.70464309618867 381
1757517924884 44.55373868361519 382
1757517924894 44.40341099862381 383
1757517924905 44.25365779994713 384
1757517924916 44.10447685509922 385
1757517924927 43.95586594034204 386
1757517924938 43.80782284064954 387
1757517924948 43.66034534967479 388
1757517924959 43.513431269714886 389
1757517924970 43.367078411676765 390
1757517924981 43.22128459504399 391
1757517924992 43.07604764784283 392
1757517925003 42.93136540660806 393
1757517925014 42.787235716350224 394
1757517925025 42.64365643052135 395
1757517925036 42.50062541098319 396
1757517925047 42.35814052797165 397
1757517925058 42.21619966006705 398
1757517925069 42.07480069415826 399
1757517925080 41.933941525411385 400
1757517925091 41.79362005723768 401
1757517925102 41.6538342012603 402
1757517925113 41.514581877281564 403
1757517925124 41.37586101325174 404
1757517925135 41.23766954523665 405
1757517925146 41.10000541738481 406
1757517925157 40.96286658189748 407
1757517925168 40.826250998995164 408
1757517925179 40.69015663688697 409
1757517925190 40.55458147173881 410
1757517925201 40.41952348764226 411
1757517925212 40.28498067658319 412
1757517925224 40.15095103841121 413
1757517925234 40.017432580807686 414
1757517925245 39.884423319255944 415
1757517925256 39.7519212770096 416
1757517925267 39.61992448506339 417
1757517925279 39.48843098212084 418
1757517925290 39.35743881456555 419
1757517925301 39.22694603643009 420
1757517925312 39.09695070936565 421
1757517925323 38.96745090261347 422
1757517925334 38.838444692972764 423
1757517925345 38.70993016477291 424
1757517925356 38.581905409843415 425
1757517925368 38.45436852748345 426
1757517925379 38.32731762443324 427
1757517925391 38.20075081484454 428
1757517925402 38.0746662202515 429
1757517925413 37.94906196954177 430
1757517925424 37.82393619892758 431
1757517925436 37.69928705191613 432
1757517925447 37.57511267928241 433
1757517925458 37.45141123903886 434
1757517925469 37.32818089640796 435
1757517925481 37.205419823793854 436
1757517925492 37.08312620075355 437
1757517925503 36.9612982139691 438
1757517925514 36.83993405721973 439
1757517925526 36.719031931353264 440
1757517925537 36.59859004425917 441
1757517925548 36.4786066108403 442
1757517925559 36.35907985298525 443
1757517925571 36.240007999541156 444
1757517925582 36.121389286285904 445
1757517925593 36.00322195590152 446
1757517925604 35.88550425794669 447
1757517925616 35.76823444882918 448
1757517925627 35.65141079177937 449
1757517925638 35.53503155682398 450
1757517925649 35.419095020758 451
1757517925660 35.30359946711903 452
1757517925671 35.188543186160686 453
1757517925683 35.07392447482564 454
1757517925694 34.959741636719926 455
1757517925709 34.84599298208642 456
1757517925726 34.73267682777844 457
1757517925742 34.619791497234615 458
1757517925756 34.50733532045159 459
1757517925767 34.395306633959954 460
1757517925779 34.28370378079699 461
1757517925791 34.17252511048212 462
1757517925802 34.061768978990415 463
1757517925813 33.951433748728434 464
1757517925825 33.84151778850814 465
1757517925836 33.73201947352119 466
1757517925847 33.622937185315095 467
1757517925859 33.51426931176781 468
1757517925870 33.40601424706178 469
1757517925882 33.29817039166079 470
1757517925893 33.19073615228392 471
1757517925904 33.08370994188164 472
1757517925916 32.97709017961129 473
1757517925927 32.87087529081229 474
1757517925938 32.76506370698209 475
1757517925950 32.65965386575187 476
1757517925961 32.55464421086233 477
1757517925973 32.450033192139976 478
1757517925984 32.34581926547298 479
1757517925996 32.242000892787054 480
1757517926008 32.13857654202212 481
1757517926019 32.03554468710861 482
1757517926031 31.932903807943955 483
1757517926042 31.83065239036831 484
1757517926054 31.72878892614287 485
1757517926065 31.62731191292426 486
1757517926076 31.52621985424391 487
1757517926088 31.425511259482967 488
1757517926099 31.32518464385012 489
1757517926111 31.2252385283588 490
1757517926122 31.12567143980411 491
1757517926134 31.026481910739744 492
1757517926145 30.927668479455964 493
1757517926157 30.82922968995674 494
1757517926168 30.731164091937433 495
1757517926180 30.633470240762122 496
1757517926191 30.53614669744175 497
1757517926203 30.439192028611455 498
1757517926214 30.3426048065087 499
