1757517926240 171.8285243581711 0
1757517926248 171.76414903008998 1
1757517926257 171.6418828810067 2
1757517926266 171.46760054456945 3
1757517926275 171.24662037506343 4
1757517926284 170.98375406362547 5
1757517926293 170.68335241635427 6
1757517926302 170.34934746829026 7
1757517926310 169.9852911290351 8
1757517926319 169.59439056807807 9
1757517926328 169.1795405529886 10
1757517926336 168.74335295341893 11
1757517926345 168.28818361969223 12
1757517926353 167.81615683782462 13
1757517926362 167.32918755396966 14
1757517926371 166.82900155120032 15
1757517926380 166.31715375075478 16
1757517926389 165.7950447987363 17
1757517926398 165.26393608815738 18
1757517926406 164.7249633552046 19
1757517926415 164.1791489780434 20
1757517926424 163.62741309629376 21
1757517926432 163.07058365965625 22
1757517926442 162.50940550511083 23
1757517926451 161.94454855356813 24
1757517926460 161.3766152089597 25
1757517926469 160.806147035386 26
1757517926477 160.23363078117075 27
1757517926486 159.65950381237928 28
1757517926495 159.08415901264735 29
1757517926504 158.50794920088336 30
1757517926513 157.93119111357615 31
1757517926521 157.35416899406084 32
1757517926530 156.777137827085 33
1757517926539 156.20032625332615 34
1757517926547 155.6239391952581 35
1757517926556 155.04816022267926 36
1757517926565 154.47315368353645 37
1757517926574 153.89906662314436 38
1757517926583 153.3260305126988 39
1757517926592 152.754162805924 40
1757517926600 152.1835683408396 41
1757517926610 151.61434060200696 42
1757517926619 151.04656285705912 43
1757517926627 150.4803091800142 44
1757517926636 149.91564537258145 45
1757517926646 149.3526297936241 46
1757517926655 148.79131410588803 47
1757517926664 148.2317439482371 48
1757517926673 147.6739595408053 49
1757517926682 147.11799622974723 50
1757517926691 146.56388497759858 51
1757517926700 146.0116528046752 52
1757517926709 145.4613231863835 53
1757517926718 144.91291641084035 54
1757517926727 144.36644990076556 55
1757517926736 143.82193850320417 56
1757517926745 143.27939475029663 57
1757517926754 142.7388290939807 58
1757517926763 142.20025011722916 59
1757517926772 141.6636647241678 60
1757517926780 141.12907831117911 61
1757517926789 140.59649492089636 62
1757517926799 140.0659173807912 63
1757517926807 139.53734742789803 64
1757517926816 139.01078582105524 65
1757517926825 138.48623244192072 66
1757517926834 137.963686385869 67
1757517926843 137.44314604379494 68
1757517926852 136.92460917572367 69
1757517926861 136.4080729770486 70
1757517926870 135.89353413813782 71
1757517926880 135.38098889796458 72
1757517926889 134.87043309236523 73
1757517926898 134.36186219746156 74
1757517926907 133.85527136872332 75
1757517926916 133.35065547612115 76
1757517926925 132.84800913574458 77
1757517926934 132.3473267382521 78
1757517926943 131.84860247445687 79
1757517926952 131.35183035835362 80
1757517926961 130.85700424781896 81
1757517926970 130.36411786323595 82
1757517926978 129.87316480424474 83
1757517926988 129.3841385648026 84
1757517926997 128.89703254672983 85
1757517927006 128.4118400718856 86
1757517927015 127.92855439311879 87
1757517927024 127.4471687041096 88
1757517927033 126.96767614821032 89
1757517927042 126.49006982640367 90
1757517927051 126.01434280443708 91
1757517927060 125.54048811924564 92
1757517927070 125.0684987847129 93
1757517927079 124.59836779684728 94
1757517927088 124.13008813843112 95
1757517927098 123.66365278318695 96
1757517927107 123.19905469952549 97
1757517927116 122.73628685389592 98
1757517927125 122.27534221380098 99
1757517927134 121.8162137504915 100
1757517927143 121.35889444138422 101
1757517927152 120.90337727222489 102
1757517927161 120.44965523902574 103
1757517927171 119.99772134979409 104
1757517927180 119.54756862608335 105
1757517927189 119.09919010437085 106
1757517927199 118.65257883729456 107
1757517927208 118.20772789474894 108
1757517927217 117.7646303648621 109
1757517927226 117.32327935486555 110
1757517927236 116.88366799186674 111
1757517927245 116.44578942353209 112
1757517927255 116.00963681869057 113
1757517927264 115.57520336786607 114
1757517927273 115.14248228375067 115
1757517927283 114.71146680161337 116
1757517927292 114.28215017966177 117
1757517927301 113.85452569935589 118
1757517927310 113.42858666567729 119
1757517927320 113.0043264073691 120
1757517927329 112.58173827713037 121
1757517927338 112.16081565179273 122
1757517927347 111.74155193245552 123
1757517927357 111.32394054461248 124
1757517927366 110.90797493824198 125
1757517927375 110.49364858788564 126
1757517927385 110.08095499270895 127
1757517927395 109.66988767654176 128
1757517927404 109.26044018790732 129
1757517927414 108.8526061000398 130
1757517927423 108.44637901088488 131
1757517927432 108.0417525430987 132
1757517927442 107.63872034402846 133
1757517927452 107.23727608569033 134
1757517927462 106.83741346473751 135
1757517927472 106.43912620242452 136
1757517927481 106.04240804456153 137
1757517927497 105.64725276146682 138
1757517927515 105.2536541479117 139
1757517927524 104.86160602306458 140
1757517927534 104.4711022304272 141
1757517927543 104.08213663777134 142
1757517927553 103.69470313707096 143
1757517927562 103.3087956444291 144
1757517927572 102.92440810000744 145
1757517927581 102.5415344679522 146
1757517927591 102.16016873631256 147
1757517927601 101.78030491696893 148
1757517927610 101.40193704554721 149
1757517927620 101.02505918134065 150
1757517927629 100.6496654072272 151
1757517927639 100.27574982958664 152
1757517927648 99.90330657821666 153
1757517927658 99.53232980624814 154
1757517927667 99.16281369006046 155
1757517927677 98.79475242919476 156
1757517927686 98.42814024626928 157
1757517927696 98.06297138689374 158
1757517927706 97.69924011958003 159
1757517927715 97.3369407356571 160
1757517927725 96.97606754918549 161
1757517927734 96.61661489686875 162
1757517927744 96.25857713796513 163
1757517927753 95.90194865420325 164
1757517927763 95.5467238496947 165
1757517927772 95.19289715084439 166
1757517927782 94.84046300626761 167
1757517927791 94.48941588670053 168
1757517927801 94.13975028491326 169
1757517927810 93.79146071562745 170
1757517927820 93.44454171542519 171
1757517927829 93.09898784266493 172
1757517927839 92.75479367739665 173
1757517927849 92.4119538212754 174
1757517927858 92.07046289747417 175
1757517927868 91.73031555060263 176
1757517927878 91.39150644661892 177
1757517927887 91.05403027274491 178
1757517927897 90.71788173738496 179
1757517927907 90.38305557003896 180
1757517927916 90.0495465212194 181
1757517927926 89.71734936236743 182
1757517927936 89.38645888577084 183
1757517927946 89.05686990447883 184
1757517927955 88.72857725222279 185
1757517927965 88.40157578333128 186
1757517927975 88.07586037264633 187
1757517927985 87.75142591544726 188
1757517927994 87.42826732736344 189
1757517928004 87.10637954429623 190
1757517928014 86.78575752233844 191
1757517928025 86.4663962376908 192
1757517928034 86.148290686585 193
1757517928044 85.83143588520248 194
1757517928054 85.51582686959394 195
1757517928063 85.20145869560125 196
1757517928073 84.88832643877768 197
1757517928083 84.57642519430956 198
1757517928093 84.26575007693825 199
1757517928103 83.95629622088043 200
1757517928113 83.64805877975202 201
1757517928123 83.3410329264906 202
1757517928133 83.03521385327613 203
1757517928146 82.73059677145793 204
1757517928156 82.42717691147347 205
1757517928166 82.12494952277582 206
1757517928176 81.82390987375543 207
1757517928185 81.52405325166588 208
1757517928195 81.22537496254765 209
1757517928205 80.92787033115289 210
1757517928215 80.63153470087117 211
1757517928225 80.33636343365636 212
1757517928235 80.04235190994802 213
1757517928245 79.74949552860275 214
1757517928255 79.45778970681707 215
1757517928265 79.16722988005607 216
1757517928274 78.87781150197863 217
1757517928284 78.58953004436707 218
1757517928294 78.30238099705173 219
1757517928304 78.01635986784164 220
1757517928314 77.73146218245088 221
1757517928324 77.44768348442777 222
1757517928334 77.16501933508343 223
1757517928344 76.8834653134201 224
1757517928354 76.60301701606282 225
1757517928364 76.32367005718442 226
1757517928374 76.04542006844106 227
1757517928384 75.76826269889821 228
1757517928394 75.49219361496127 229
1757517928404 75.21720850030995 230
1757517928414 74.94330305582419 231
1757517928424 74.67047299951872 232
1757517928434 74.39871406647474 233
1757517928444 74.1280220087683 234
1757517928455 73.85839259540727 235
1757517928464 73.58982161225936 236
1757517928475 73.32230486198716 237
1757517928485 73.0558381639806 238
1757517928495 72.79041735428898 239
1757517928505 72.52603828555611 240
1757517928515 72.2626968269522 241
1757517928525 72.00038886411048 242
1757517928535 71.73911029905759 243
1757517928545 71.47885705015156 244
1757517928555 71.21962505201382 245
1757517928565 70.96141025546729 246
1757517928575 70.70420862746758 247
1757517928585 70.44801615104264 248
1757517928595 70.19282882522609 249
1757517928605 69.93864266499372 250
1757517928616 69.6854537011989 251
1757517928626 69.43325798051154 252
1757517928636 69.18205156535288 253
1757517928647 68.93183053383306 254
1757517928657 68.68259097968814 255
1757517928668 68.43432901221868 256
1757517928678 68.18704075622594 257
1757517928688 67.94072235195155 258
1757517928698 67.69536995501427 259
1757517928709 67.45097973635052 260
1757517928719 67.20754788215075 261
1757517928729 66.96507059380035 262
1757517928740 66.7235440878186 263
1757517928750 66.48296459579647 264
1757517928760 66.24332836433959 265
1757517928770 66.0046316550053 266
1757517928780 65.76687074424471 267
1757517928791 65.53004192334201 268
1757517928801 65.29414149835605 269
1757517928811 65.05916579006075 270
1757517928822 64.82511113388681 271
1757517928833 64.5919738798625 272
1757517928843 64.35975039255595 273
1757517928853 64.12843705101663 274
1757517928864 63.89803024871805 275
1757517928875 63.668526393499164 276
1757517928885 63.439921907507966 277
1757517928895 63.21221322714335 278
1757517928905 62.985396802998935 279
1757517928916 62.75946909980665 280
1757517928926 62.53442659637867 281
1757517928936 62.310265785553106 282
1757517928947 62.08698317413636 283
1757517928957 61.86457528284841 284
1757517928967 61.643038646266476 285
1757517928978 61.42236981277041 286
1757517928988 61.202565344487034 287
1757517928998 60.98362181723451 288
1757517929008 60.76553582046962 289
1757517929019 60.548303957231084 290
1757517929029 60.331922844087046 291
1757517929040 60.11638911107941 292
1757517929050 59.90169940167193 293
1757517929060 59.6878503726947 294
1757517929070 59.474838694291606 295
1757517929080 59.262661049867745 296
1757517929091 59.0513141360353 297
1757517929101 58.840794662560896 298
1757517929111 58.631099352314386 299
1757517929122 58.4222249412148 300
1757517929133 58.214168178179335 301
1757517929143 58.00692582507074 302
1757517929153 57.80049465664622 303
1757517929164 57.59487146050521 304
1757517929174 57.390053037039245 305
1757517929184 57.186036199378975 306
1757517929195 56.98281777334539 307
1757517929205 56.78039459739752 308
1757517929216 56.57876352258312 309
1757517929226 56.37792141248697 310
1757517929236 56.17786514318209 311
1757517929247 55.97859160317994 312
1757517929257 55.78009769337907 313
1757517929268 55.582380327017916 314
1757517929278 55.38543642962324 315
1757517929288 55.18926293896327 316
1757517929299 54.993856804996554 317
1757517929309 54.79921498982515 318
1757517929320 54.60533446764554 319
1757517929330 54.41221222469955 320
1757517929340 54.21984525922689 321
1757517929351 54.028230581417795 322
1757517929361 53.837365213363995 323
1757517929371 53.64724618901202 324
1757517929382 53.45787055411601 325
1757517929392 53.26923536619003 326
1757517929403 53.081337694460785 327
1757517929413 52.89417461982234 328
1757517929424 52.707743234787735 329
1757517929435 52.522040643443766 330
1757517929445 52.3370639614047 331
1757517929456 52.15281031576425 332
1757517929466 51.96927684505401 333
1757517929477 51.786460699192865 334
1757517929488 51.604359039444695 335
1757517929498 51.42296903837216 336
1757517929509 51.2422878797914 337
1757517929519 51.06231275872764 338
1757517929530 50.88304088136965 339
1757517929540 50.70446946502551 340
1757517929551 50.526595738078626 341
1757517929562 50.349416939942635 342
1757517929573 50.17293032101828 343
1757517929584 49.99713314264886 344
1757517929594 49.822022677076944 345
1757517929605 49.6475962074005 346
1757517929616 49.47385102752953 347
1757517929627 49.30078444214345 348
1757517929637 49.128393766647804 349
1757517929648 48.95667632713045 350
1757517929659 48.785629460320855 351
1757517929669 48.61525051354597 352
1757517929680 48.44553684468868 353
1757517929691 48.276485822145005 354
1757517929702 48.1080948247832 355
1757517929712 47.9403612419009 356
1757517929723 47.773282473183905 357
1757517929734 47.606855928664395 358
1757517929745 47.44107902868047 359
1757517929756 47.275949203834024 360
1757517929767 47.11146389495022 361
1757517929777 46.9476205530368 362
1757517929788 46.784416639242814 363
1757517929799 46.62184962481852 364
1757517929810 46.459916991075694 365
1757517929820 46.29861622934605 366
1757517929831 46.13794484094278 367
1757517929842 45.97790033711924 368
1757517929853 45.81848023903056 369
1757517929864 45.65968207769279 370
1757517929875 45.50150339394468 371
1757517929886 45.343941738408006 372
1757517929897 45.18699467144875 373
1757517929908 45.030659763137336 374
1757517929919 44.874934593210945 375
1757517929930 44.71981675103488 376
1757517929941 44.56530383556279 377
1757517929952 44.41139345530045 378
1757517929963 44.258083228265065 379
1757517929974 44.10537078195041 380
1757517929985 43.95325375328634 381
1757517929996 43.80172978860186 382
1757517930006 43.650796543589 383
1757517930017 43.50045168326321 384
1757517930029 43.35069288192769 385
1757517930040 43.20151782313567 386
1757517930051 43.052924199654306 387
1757517930062 42.90490971342587 388
1757517930073 42.75747207553422 389
1757517930084 42.61060900616483 390
1757517930094 42.464318234571714 391
1757517930105 42.318597499038944 392
1757517930116 42.17344454684548 393
1757517930127 42.02885713422953 394
1757517930138 41.884833026351735 395
1757517930149 41.74136999726101 396
1757517930160 41.59846582985791 397
1757517930171 41.4561183158595 398
1757517930182 41.31432525576457 399
1757517930193 41.173084458818956 400
1757517930204 41.03239374297878 401
1757517930215 40.89225093487765 402
1757517930226 40.75265386979191 403
1757517930238 40.613600391604194 404
1757517930249 40.47508835277153 405
1757517930260 40.33711561428924 406
1757517930271 40.19968004565842 407
1757517930282 40.06277952485058 408
1757517930293 39.92641193827468 409
1757517930304 39.790575180743126 410
1757517930315 39.65526715543847 411
1757517930326 39.52048577387975 412
1757517930337 39.38622895588945 413
1757517930348 39.252494629560445 414
1757517930359 39.11928073122218 415
1757517930370 38.98658520540884 416
1757517930382 38.854406004826274 417
1757517930393 38.72274109031933 418
1757517930404 38.59158843083888 419
1757517930415 38.46094600340987 420
1757517930427 38.3308117931001 421
1757517930438 38.20118379298587 422
1757517930449 38.07206000412281 423
1757517930460 37.94343843551105 424
1757517930471 37.815317104066175 425
1757517930482 37.687694034585526 426
1757517930494 37.560567259718525 427
1757517930505 37.433934819934194 428
1757517930516 37.30779476349025 429
1757517930527 37.18214514640206 430
1757517930538 37.056984032411634 431
1757517930549 36.932309492956755 432
1757517930560 36.80811960714062 433
1757517930572 36.68441246170095 434
1757517930583 36.56118615097949 435
1757517930594 36.43843877689126 436
1757517930605 36.31616844889576 437
1757517930617 36.19437328396522 438
1757517930628 36.073051406555486 439
1757517930639 35.95220094857601 440
1757517930651 35.83182004936009 441
1757517930662 35.71190685563528 442
1757517930675 35.59245952149378 443
1757517930686 35.4734762083634 444
1757517930698 35.35495508497757 445
1757517930710 35.23689432734731 446
1757517930721 35.11929211873058 447
1757517930733 35.00214664960534 448
1757517930744 34.88545611763883 449
1757517930756 34.76921872766067 450
1757517930767 34.65343269163249 451
1757517930779 34.53809622862082 452
1757517930790 34.42320756476885 453
1757517930804 34.30876493326635 454
1757517930816 34.19476657432396 455
1757517930828 34.081210735143834 456
1757517930839 33.968095669891575 457
1757517930851 33.85541963966942 458
1757517930862 33.74318091248767 459
1757517930874 33.6313777632376 460
1757517930886 33.52000847366396 461
1757517930897 33.40907133233739 462
1757517930909 33.29856463462754 463
1757517930920 33.188486682675624 464
1757517930932 33.07883578536794 465
1757517930943 32.96961025830776 466
1757517930955 32.86080842379042 467
1757517930967 32.752428610774786 468
1757517930979 32.64446915485802 469
1757517930991 32.53692839824755 470
1757517931003 32.42980468973673 471
1757517931014 32.323096384677505 472
1757517931027 32.2168018449536 473
1757517931039 32.11091943895529 474
1757517931050 32.00544754155359 475
1757517931062 31.900384534074337 476
1757517931075 31.795728804271334 477
1757517931086 31.691478746302682 478
1757517931098 31.58763276070288 479
1757517931109 31.48418925436035 480
1757517931121 31.381146640488755 481
1757517931132 31.27850333860418 482
1757517931144 31.17625777449939 483
1757517931155 31.07440838021863 484
1757517931167 30.97295359403217 485
1757517931178 30.871891860412408 486
1757517931190 30.771221630008984 487
1757517931201 30.670941359623445 488
1757517931212 30.57104951218545 489
1757517931224 30.47154455672794 490
1757517931236 30.372424968362846 491
1757517931247 30.273689228257034 492
1757517931259 30.175335823608183 493
1757517931270 30.077363247620113 494
1757517931282 29.979769999479718 495
1757517931294 29.882554584332752 496
1757517931305 29.785715513259394 497
1757517931317 29.689251303252046 498
1757517931329 29.59316047719029 499
