1757594628941 1.1078412436575902 0
1757594628951 0.5991465558034831 1
1757594628960 0.6271594553392627 2
1757594628970 0.3630614736656525 3
1757594628980 0.15583697605040583 4
1757594628989 0.24163316489016123 5
1757594628998 0.1747497981031507 6
1757594629007 0.05332901014746587 7
1757594629016 0.08827653685374404 8
1757594629026 0.06955616792380132 9
1757594629035 0.13344059162018718 10
1757594629044 0.10369268431384443 11
1757594629054 0.12358291622308215 12
1757594629063 0.10017671999025125 13
1757594629072 0.12463111302109837 14
1757594629082 0.11694724760030191 15
1757594629091 0.11561247931706602 16
1757594629101 0.07137484601562714 17
1757594629110 0.1021441434934889 18
1757594629120 0.09266986038261807 19
1757594629130 0.07755412790684967 20
1757594629139 0.09075092417796833 21
1757594629149 0.15912692808224235 22
1757594629158 0.11614545405240802 23
1757594629168 0.09409903641408894 24
1757594629177 0.07486296329692915 25
1757594629187 0.05936981527046488 26
1757594629196 0.20891039156280347 27
1757594629205 0.04116924766952049 28
1757594629214 0.10636080687423742 29
1757594629224 0.07167736027503897 30
1757594629233 0.1057283490771487 31
1757594629243 0.11044194842446545 32
1757594629252 0.09230433386961885 33
1757594629261 0.12012086698443851 34
1757594629271 0.09389129126095448 35
1757594629280 0.07019005219679156 36
1757594629290 0.07205653760833937 37
1757594629299 0.10181574090803347 38
1757594629308 0.11095394649078048 39
1757594629318 0.14347920018706747 40
1757594629328 0.04219927071201857 41
1757594629337 0.13112803529138312 42
1757594629346 0.08944827933067788 43
1757594629356 0.14279912280795534 44
1757594629365 0.09348587176667762 45
1757594629375 0.06321921707410343 46
1757594629384 0.10935076485639052 47
1757594629394 0.08522383707605367 48
1757594629404 0.0615320531411848 49
1757594629414 0.08144216304290063 50
1757594629423 0.11341295046767298 51
1757594629433 0.051034881224127714 52
1757594629442 0.07409297810732093 53
1757594629452 0.06741708493299885 54
1757594629463 0.11339633186939076 55
1757594629473 0.048254916476246364 56
1757594629482 0.07598428301967979 57
1757594629492 0.0853049715912056 58
1757594629501 0.10706642028150558 59
1757594629511 0.11872156136414373 60
1757594629523 0.08204307127398534 61
1757594629533 0.12909905547992087 62
1757594629543 0.11523860575344329 63
1757594629552 0.10487620386004137 64
1757594629562 0.07989442323179291 65
1757594629572 0.10091003786290209 66
1757594629582 0.1538476618492198 67
1757594629591 0.08942551588039256 68
1757594629601 0.052745976189935095 69
1757594629610 0.09190624612677026 70
1757594629620 0.07900169487545285 71
1757594629630 0.09099888397743525 72
1757594629639 0.08851939977214161 73
1757594629649 0.07785630832104798 74
1757594629658 0.10555514069687434 75
1757594629668 0.09145364915982086 76
1757594629678 0.06147249845345843 77
1757594629688 0.05495235495067069 78
1757594629697 0.12083965449392507 79
1757594629707 0.08837244228446789 80
1757594629717 0.1123289166394275 81
1757594629727 0.07976871713591313 82
1757594629736 0.10103253157851863 83
1757594629746 0.07683749128626913 84
1757594629756 0.0954267971129504 85
1757594629765 0.06836793606830113 86
1757594629775 0.07058035252932766 87
1757594629785 0.15593723772434262 88
1757594629795 0.06517419599485076 89
1757594629805 0.1351407661397921 90
1757594629814 0.04695916272782066 91
1757594629824 0.07706494667173741 92
1757594629834 0.08951492101450438 93
1757594629844 0.06848135085342894 94
1757594629853 0.04782154324065158 95
1757594629863 0.1052527893510468 96
1757594629873 0.08057197602696457 97
1757594629883 0.0832014941122665 98
1757594629893 0.10028370189407847 99
1757594629903 0.07713526555611716 100
1757594629913 0.11142688695230932 101
1757594629922 0.058844613353576915 102
1757594629932 0.06529423573632696 103
1757594629942 0.053561480277485876 104
1757594629952 0.09791507513353238 105
1757594629962 0.08640840144794208 106
1757594629972 0.10132115253062712 107
1757594629982 0.07900818865539863 108
1757594629992 0.058332099418157084 109
1757594630001 0.0811663472024796 110
1757594630011 0.10887461956741011 111
1757594630021 0.08378054971463804 112
1757594630031 0.1090535133980405 113
1757594630041 0.10501272043441165 114
1757594630050 0.05452847161985922 115
1757594630060 0.07864911535308293 116
1757594630070 0.041900620850261035 117
1757594630080 0.09989765217284309 118
1757594630090 0.05059822902639993 119
1757594630100 0.0525432758627196 120
1757594630110 0.0762737058026473 121
1757594630120 0.20482583366543367 122
1757594630130 0.059940110143318355 123
1757594630140 0.08092883563333374 124
1757594630157 0.06605719482668691 125
1757594630182 0.09026342469746278 126
1757594630192 0.06185748907735968 127
1757594630203 0.07270529626734946 128
1757594630212 0.05198636638543035 129
1757594630223 0.0789281493057493 130
1757594630233 0.12248423695401564 131
1757594630242 0.06405606295625672 132
1757594630253 0.07762948915085058 133
1757594630263 0.11224054056798906 134
1757594630273 0.10289888761217533 135
1757594630283 0.11363517219865625 136
1757594630293 0.07470753414008627 137
1757594630303 0.07601275774000107 138
1757594630313 0.05751261385151015 139
1757594630322 0.06718960582134507 140
1757594630332 0.05402919841559478 141
1757594630342 0.06992938701908749 142
1757594630352 0.11018723091687244 143
1757594630362 0.06322950334711874 144
1757594630372 0.11985764246476784 145
1757594630382 0.11503118743035833 146
1757594630392 0.09649144650062069 147
1757594630402 0.08790507615808169 148
1757594630412 0.054083735944758314 149
1757594630422 0.10295547539539866 150
1757594630432 0.10770785587970791 151
1757594630442 0.07320851018078064 152
1757594630452 0.06803997492710048 153
1757594630462 0.07605184451451745 154
1757594630472 0.09417857092592476 155
1757594630482 0.10868585342114453 156
1757594630493 0.06671058277463096 157
1757594630503 0.07775107640884998 158
1757594630513 0.12079331085447599 159
1757594630523 0.07731803057814832 160
1757594630533 0.0881636999372304 161
1757594630543 0.11391091200855191 162
1757594630553 0.10372363640874147 163
1757594630563 0.07841207725100914 164
1757594630573 0.104351698382428 165
1757594630584 0.12697917391286023 166
1757594630594 0.0741189322703496 167
1757594630604 0.11765396691032687 168
1757594630614 0.23082702711733658 169
1757594630624 0.11077413563142215 170
1757594630634 0.07575714077287231 171
1757594630645 0.1320222519686004 172
1757594630655 0.06463097190625551 173
1757594630665 0.1268756144198126 174
1757594630675 0.10813569320407095 175
1757594630685 0.12688512538262875 176
1757594630695 0.07300746386976661 177
1757594630706 0.11387072510656196 178
1757594630716 0.11295729489098001 179
1757594630726 0.11134377072100306 180
1757594630736 0.07600875110479781 181
1757594630746 0.08464380167338567 182
1757594630757 0.1419087727699385 183
1757594630767 0.08464508386106315 184
1757594630777 0.05565602898426037 185
1757594630787 0.08476705433497254 186
1757594630798 0.10223945885640219 187
1757594630808 0.07557267917981217 188
1757594630818 0.1057552592828932 189
1757594630828 0.07476316972856382 190
1757594630839 0.08028637702451538 191
1757594630849 0.09789399744954654 192
1757594630859 0.0746407675755792 193
1757594630870 0.12522606913774095 194
1757594630880 0.05711221471649411 195
1757594630890 0.14118093611756435 196
1757594630901 0.09735419214393827 197
1757594630912 0.0760835174398293 198
1757594630922 0.084010361359611 199
1757594630933 0.07927117241859233 200
1757594630943 0.10800685707903167 201
1757594630954 0.07563589773014313 202
1757594630965 0.07813990030540723 203
1757594630975 0.08390865543622021 204
1757594630986 0.03768686081176694 205
1757594630997 0.0637881474905336 206
1757594631008 0.09461898994825732 207
1757594631018 0.0762460398009722 208
1757594631029 0.09950351985012455 209
1757594631039 0.1570785966403466 210
1757594631050 0.10725448544493599 211
1757594631061 0.14256781425923712 212
1757594631073 0.1220520988942502 213
1757594631084 0.2174848595823797 214
1757594631094 0.09583067086645841 215
1757594631105 0.11654751080622801 216
1757594631115 0.08684704180397948 217
1757594631125 0.04865003283215303 218
1757594631136 0.07371630065125057 219
1757594631146 0.17215910956203137 220
1757594631157 0.11299301754870231 221
1757594631167 0.09887306409924561 222
1757594631178 0.057876810922167364 223
1757594631188 0.06480439304916494 224
1757594631199 0.05126871242183058 225
1757594631210 0.10478038109626757 226
1757594631220 0.0793275865128514 227
1757594631230 0.08940668379255037 228
1757594631241 0.12134545314133648 229
1757594631252 0.09541693015312454 230
1757594631262 0.1191148006351278 231
1757594631273 0.09094918402833356 232
1757594631284 0.10573725459340841 233
1757594631294 0.05521426608285786 234
1757594631305 0.14358811530426485 235
1757594631315 0.07813671631096647 236
1757594631326 0.06145984764524686 237
1757594631337 0.06945267414639472 238
1757594631347 0.06787932473888117 239
1757594631359 0.1304688776116301 240
1757594631370 0.1303285987231838 241
1757594631380 0.0983392287856025 242
1757594631391 0.09261475396251653 243
1757594631402 0.09944420722359351 244
1757594631413 0.09811625770592945 245
1757594631424 0.055208259683629475 246
1757594631434 0.09672310658617189 247
1757594631445 0.08423103643823684 248
1757594631456 0.17030111281636157 249
1757594631466 0.038377344956608855 250
1757594631477 0.0844545908910677 251
1757594631488 0.05982373067684763 252
1757594631499 0.0495112740116424 253
1757594631509 0.07266278060899423 254
1757594631520 0.09105372025196791 255
1757594631531 0.05131250094208361 256
1757594631541 0.08579909688885891 257
1757594631552 0.713202732784161 258
1757594631563 0.07443896041957969 259
1757594631574 0.08949427771080623 260
1757594631585 0.06361349952678293 261
1757594631595 0.061911939779206455 262
1757594631606 0.1226621333099863 263
1757594631617 0.083067651720564 264
1757594631627 0.07482979936639877 265
1757594631638 0.06183287586913666 266
1757594631649 0.08521805686594347 267
1757594631660 0.07692069753371282 268
1757594631670 0.08035787025177014 269
1757594631681 0.0951333519706977 270
1757594631692 0.08747242071128239 271
1757594631703 0.07626243507537041 272
1757594631714 0.08945945107543862 273
1757594631725 0.08021922274313349 274
1757594631736 0.10130018633262136 275
1757594631746 0.07156166620361798 276
1757594631757 0.07604290867899603 277
1757594631768 0.11687540379876651 278
1757594631779 0.1114848219432207 279
1757594631790 0.07700600776251904 280
1757594631801 0.09554197888018977 281
1757594631812 0.11624142862880384 282
1757594631823 0.13095094074611174 283
1757594631833 0.05859417633031392 284
1757594631844 0.13193839989516384 285
1757594631855 0.0824143510138282 286
1757594631865 0.09387360835594064 287
1757594631876 0.11070059767631411 288
1757594631887 0.0437284990438118 289
1757594631898 0.08678774356242829 290
1757594631909 0.07890080641785452 291
1757594631920 0.10446655997957338 292
1757594631931 0.12307171089165438 293
1757594631942 0.08944240718843183 294
1757594631953 0.04951844075386618 295
1757594631964 0.08402033879688406 296
1757594631975 0.11960009285701548 297
1757594631986 0.09263142083773737 298
1757594631997 0.07629238165553914 299
1757594632008 0.10652372292163592 300
1757594632019 0.08570149270278646 301
1757594632030 0.09266014890887969 302
1757594632041 0.06476209394256138 303
1757594632052 0.09689023613694978 304
1757594632063 0.08442757305663523 305
1757594632074 0.06652224244684471 306
1757594632085 0.09238847899621588 307
1757594632096 0.08661474513596745 308
1757594632107 0.05560512309553452 309
1757594632118 0.07896374049555559 310
1757594632132 0.1270282181770686 311
