1757517793464 169.08220123107446 0
1757517793472 162.7958938089595 1
1757517793481 156.75259734141204 2
1757517793489 150.9428449012107 3
1757517793498 145.3575399365636 4
1757517793506 139.98794174168825 5
1757517793514 134.8256514983864 6
1757517793522 129.8625988661385 7
1757517793530 125.09102909912791 8
1757517793539 120.50349066948765 9
1757517793548 116.09282337682936 10
1757517793556 111.85214692493744 11
1757517793564 107.77484994724907 12
1757517793573 103.85457946346068 13
1757517793581 100.08523075030747 14
1757517793589 96.46093761022038 15
1757517793598 92.97606302221526 16
1757517793606 89.6251901599745 17
1757517793615 86.40311376268339 18
1757517793623 83.30483184474997 19
1757517793632 80.32553773107306 20
1757517793640 77.46061240506508 21
1757517793648 74.70561715712142 22
1757517793657 72.05628652173456 23
1757517793665 69.50852149189127 24
1757517793674 67.05838299985307 25
1757517793684 64.70208565385637 26
1757517793693 62.43599172065367 27
1757517793701 60.25660534424519 28
1757517793710 58.16056699150946 29
1757517793718 56.1446481158137 30
1757517793726 54.20574603003544 31
1757517793735 52.34087898076571 32
1757517793743 50.54718141578481 33
1757517793752 48.82189943721596 34
1757517793760 47.16238643305488 35
1757517793769 45.56609888007257 36
1757517793777 44.030592311351086 37
1757517793786 42.55351744198349 38
1757517793794 41.13261644672682 39
1757517793803 39.76571938363205 40
1757517793811 38.450740757920705 41
1757517793820 37.18567622059533 42
1757517793828 35.96859939649101 43
1757517793837 34.79765883668332 44
1757517793845 33.671075090369094 45
1757517793854 32.58713789152386 46
1757517793862 31.544203455832218 47
1757517793871 30.540691883555585 48
1757517793879 29.575084664181073 49
1757517793888 28.645922278851014 50
1757517793896 27.751801896736282 51
1757517793904 26.891375161662342 52
1757517793913 26.063346065445476 53
1757517793921 25.266468904535266 54
1757517793930 24.49954631669121 55
1757517793939 23.76142739455378 56
1757517793948 23.051005873089295 57
1757517793956 22.36721838800981 58
1757517793965 21.709042802384314 59
1757517793974 21.075496598759972 60
1757517793982 20.465635334228807 61
1757517793991 19.878551155964246 62
1757517794000 19.313371374858168 63
1757517794008 18.76925709497746 64
1757517794017 18.24540189665046 65
1757517794025 17.741030571078852 66
1757517794034 17.255397904454394 67
1757517794043 16.78778750963826 68
1757517794051 16.337510703538104 69
1757517794060 15.903905428388974 70
1757517794069 15.486335215218014 71
1757517794077 15.084188187838787 72
1757517794086 14.69687610578416 73
1757517794095 14.323833444652964 74
1757517794104 13.964516512403184 75
1757517794113 13.618402600181536 76
1757517794121 13.284989166336974 77
1757517794130 12.963793052316786 78
1757517794138 12.654349729195351 79
1757517794147 12.35621257363672 80
1757517794156 12.06895217213497 81
1757517794165 11.792155652427027 82
1757517794186 11.525426041011912 83
1757517794195 11.26838164575356 84
1757517794204 11.020655462585434 85
1757517794213 10.781894605372694 86
1757517794222 10.55175975802415 87
1757517794230 10.329924647983782 88
1757517794240 10.11607554026404 89
1757517794249 9.909910751216758 90
1757517794257 9.711140181268524 91
1757517794266 9.51948486587939 92
1757517794275 9.334676544009877 93
1757517794284 9.156457243412333 94
1757517794292 8.984578882087566 95
1757517794301 8.818802885274673 96
1757517794310 8.658899817365485 97
1757517794319 8.50464902816099 98
1757517794328 8.355838312907498 99
1757517794337 8.212263585573844 100
1757517794345 8.073728564852674 101
1757517794354 7.9400444723867825 102
1757517794363 7.811029742743553 103
1757517794372 7.686509744677868 104
1757517794381 7.566316513242071 105
1757517794390 7.450288492319078 106
1757517794399 7.3382702871713335 107
1757517794407 7.230112426614049 108
1757517794416 7.125671134436769 109
1757517794425 7.02480810971209 110
1757517794434 6.927390315643839 111
1757517794443 6.833289776622096 112
1757517794452 6.742383383163129 113
1757517794461 6.654552704427905 114
1757517794471 6.569683808022326 115
1757517794480 6.4876670867948745 116
1757517794489 6.408397092359194 117
1757517794498 6.331772375078335 118
1757517794508 6.257695330259234 119
1757517794517 6.186072050314628 120
1757517794526 6.116812182659773 121
1757517794536 6.049828793120221 122
1757517794545 5.985038234635913 123
1757517794555 5.922360021054555 124
1757517794564 5.861716705816759 125
1757517794573 5.803033765340886 126
1757517794582 5.746239486926083 127
1757517794591 5.691264860995721 128
1757517794600 5.638043477513688 129
1757517794609 5.586511426409477 130
1757517794618 5.536607201857296 131
1757517794627 5.488271610258035 132
1757517794636 5.441447681780529 133
1757517794645 5.396080585323129 134
1757517794654 5.352117546763031 135
1757517794663 5.309507770364395 136
1757517794673 5.26820236322366 137
1757517794683 5.22815426263253 138
1757517794693 5.189318166246304 139
1757517794702 5.151650464947544 140
1757517794711 5.115109178300918 141
1757517794720 5.079653892498148 142
1757517794729 5.04524570069602 143
1757517794738 5.011847145655584 144
1757517794748 4.979422164591231 145
1757517794757 4.947936036145853 146
1757517794766 4.917355329407955 147
1757517794775 4.887647854892259 148
1757517794784 4.858782617407228 149
1757517794795 4.830729770736616 150
1757517794805 4.803460574063922 151
1757517794816 4.776947350073098 152
1757517794826 4.751163444659639 153
1757517794836 4.726083188190204 154
1757517794845 4.701681858250309 155
1757517794854 4.677935643822669 156
1757517794863 4.654821610840625 157
1757517794883 4.6323176690632915 158
1757517794895 4.6104025402217035 159
1757517794905 4.589055727385755 160
1757517794915 4.568257485506057 161
1757517794924 4.547988793083653 162
1757517794933 4.528231324925439 163
1757517794942 4.508967425942171 164
1757517794952 4.490180085949291 165
1757517794961 4.471852915431689 166
1757517794970 4.453970122235106 167
1757517794979 4.436516489148299 168
1757517794989 4.419477352341686 169
1757517794998 4.402838580629281 170
1757517795007 4.38658655552226 171
1757517795016 4.3707081520433295 172
1757517795025 4.355190720272927 173
1757517795034 4.340022067598542 174
1757517795044 4.325190441640546 175
1757517795053 4.310684513828142 176
1757517795063 4.29649336360019 177
1757517795072 4.2826064632074905 178
1757517795082 4.269013663092381 179
1757517795091 4.255705177824584 180
1757517795100 4.2426715725707576 181
1757517795109 4.229903750077965 182
1757517795118 4.217392938151008 183
1757517795127 4.205130677604521 184
1757517795136 4.193108810672109 185
1757517795146 4.181319469854004 186
1757517795155 4.169755067187527 187
1757517795165 4.158408283923053 188
1757517795174 4.147272060590784 189
1757517795184 4.136339587442754 190
1757517795193 4.12560429525594 191
1757517795202 4.11505984648248 192
1757517795212 4.104700126733899 193
1757517795221 4.094519236586325 194
1757517795230 4.084511483694459 195
1757517795239 4.07467137520259 196
1757517795249 4.064993610441189 197
1757517795258 4.055473073898102 198
1757517795267 4.046104828453963 199
1757517795277 4.036884108871691 200
1757517795286 4.027806315530212 201
1757517795295 4.0188670083933795 202
1757517795305 4.0100619012049386 203
1757517795314 4.0013868559005745 204
1757517795323 3.9928378772296376 205
1757517795332 3.984411107577541 206
1757517795342 3.976102821981984 207
1757517795351 3.967909423335039 208
1757517795360 3.9598274377645004 209
1757517795370 3.951853510187214 210
1757517795379 3.9439844000283237 211
1757517795389 3.936216977099681 212
1757517795398 3.928548217631732 213
1757517795408 3.9209752004527703 214
1757517795417 3.913495103310123 215
1757517795426 3.906105199327953 216
1757517795436 3.898802853596192 217
1757517795446 3.8915855198860205 218
1757517795455 3.8844507374867736 219
1757517795465 3.8773961281599574 220
1757517795474 3.8704193932056703 221
1757517795483 3.863518310637402 222
1757517795493 3.85669073246098 223
1757517795502 3.849934582053832 224
1757517795512 3.8432478516406077 225
1757517795522 3.836628599861811 226
1757517795531 3.8300749494315753 227
1757517795541 3.823585084881585 228
1757517795550 3.817157250387528 229
1757517795560 3.810789747675454 230
1757517795569 3.8044809340044368 231
1757517795579 3.7982292202231585 232
1757517795588 3.7920330688975414 233
1757517795598 3.785890992506435 234
1757517795608 3.779801551703331 235
1757517795617 3.7737633536412036 236
1757517795627 3.7677750503582614 237
1757517795636 3.761835337222394 238
1757517795647 3.7559429514320946 239
1757517795657 3.7500966705715753 240
1757517795677 3.744295311218276 241
1757517795689 3.738537727600804 242
1757517795702 3.73282281030513 243
1757517795712 3.7271494850277174 244
1757517795722 3.721516711373273 245
1757517795732 3.7159234816961297 246
1757517795742 3.7103688199828744 247
1757517795752 3.704851780775471 248
1757517795762 3.6993714481326303 249
1757517795772 3.6939269346286805 250
1757517795782 3.688517380387989 251
1757517795792 3.6831419521540365 252
1757517795802 3.6777998423916425 253
1757517795812 3.672490268421175 254
1757517795822 3.6672124715834675 255
1757517795832 3.661965716434468 256
1757517795842 3.656749289968593 257
1757517795852 3.6515625008693204 258
1757517795862 3.6464046787864435 259
1757517795872 3.6412751736389084 260
1757517795882 3.6361733549421045 261
1757517795892 3.631098611158956 262
1757517795902 3.626050349073735 263
1757517795912 3.6210279931879406 264
1757517795922 3.616030985137355 265
1757517795933 3.611058783129471 266
1757517795943 3.6061108614005475 267
1757517795952 3.601186709691763 268
1757517795962 3.596285832743412 269
1757517795973 3.5914077498068773 270
1757517795983 3.5865519941734902 271
1757517795993 3.5817181127196203 272
1757517796003 3.576905665467713 273
1757517796013 3.57211422516235 274
1757517796022 3.5673433768609835 275
1757517796032 3.5625927175387373 276
1757517796042 3.5578618557069284 277
1757517796052 3.553150411044432 278
1757517796063 3.5484580140419064 279
1757517796073 3.5437843056581224 280
1757517796083 3.5391289369879573 281
1757517796093 3.5344915689417804 282
1757517796103 3.529871871935708 283
1757517796112 3.525269525592397 284
1757517796123 3.520684218451991 285
1757517796133 3.5161156476928026 286
1757517796143 3.5115635188614838 287
1757517796153 3.507027545612181 288
1757517796163 3.502507449454647 289
1757517796174 3.4980029595106594 290
1757517796184 3.4935138122786342 291
1757517796194 3.4890397514060965 292
1757517796204 3.484580527469875 293
1757517796214 3.4801358977634638 294
1757517796224 3.4757056260914134 295
1757517796234 3.4712894825708336 296
1757517796244 3.4668872434390465 297
1757517796255 3.462498690868005 298
1757517796265 3.4581236127845236 299
1757517796275 3.45376180269656 300
1757517796285 3.4494130595252943 301
1757517796295 3.4450771874424073 302
1757517796305 3.4407539957130004 303
1757517796315 3.436443298543486 304
1757517796325 3.4321449149344114 305
1757517796335 3.4278586685381587 306
1757517796345 3.423584387521095 307
1757517796355 3.419321904430396 308
1757517796365 3.415071056065028 309
1757517796375 3.4108316833508514 310
1757517796385 3.406603631219809 311
1757517796395 3.402386748492984 312
1757517796406 3.3981808877673716 313
1757517796416 3.3939859053063315 314
1757517796426 3.389801660933271 315
1757517796437 3.3856280179291627 316
1757517796447 3.3814648429327816 317
1757517796458 3.3773120058445314 318
1757517796468 3.3731693797330804 319
1757517796478 3.3690368407449043 320
1757517796488 3.3649142680167925 321
1757517796498 3.360801543591083 322
1757517796508 3.35669855233338 323
1757517796518 3.3526051818530505 324
1757517796529 3.3485213224260444 325
1757517796539 3.3444468669201686 326
1757517796550 3.340381710722602 327
1757517796560 3.336325751669803 328
1757517796570 3.3322788899793365 329
1757517796580 3.3282410281840193 330
1757517796590 3.324212071067911 331
1757517796601 3.3201919256044 332
1757517796611 3.316180500896056 333
1757517796621 3.3121777081163257 334
1757517796631 3.308183460453098 335
1757517796642 3.304197673053878 336
1757517796652 3.3002202629725477 337
1757517796663 3.2962511491179387 338
1757517796673 3.292290252203769 339
1757517796684 3.2883374947000865 340
1757517796695 3.2843928007862644 341
1757517796705 3.280456096305277 342
1757517796716 3.2765273087194076 343
1757517796726 3.272606367067267 344
1757517796736 3.268693201922018 345
1757517796747 3.264787745350863 346
1757517796757 3.260889930875753 347
1757517796767 3.2569996934352052 348
1757517796778 3.2531169693472424 349
1757517796788 3.249241696273426 350
1757517796799 3.2453738131838907 351
1757517796810 3.241513260323447 352
1757517796820 3.237659979178635 353
1757517796830 3.2338139124457523 354
1757517796841 3.2299750039997037 355
1757517796851 3.226143198863882 356
1757517796861 3.222318443180833 357
1757517796872 3.218500684183687 358
1757517796882 3.2146898701686495 359
1757517796893 3.2108859504678966 360
1757517796903 3.207088875423602 361
1757517796913 3.2032985963624117 362
1757517796924 3.1995150655708557 363
1757517796935 3.1957382362712674 364
1757517796946 3.191968062598536 365
1757517796956 3.1882044995773393 366
1757517796967 3.1844475031001798 367
1757517796977 3.1806970299059083 368
1757517796987 3.1769530375588646 369
1757517796998 3.1732154844286637 370
1757517797008 3.169484329670379 371
1757517797019 3.1657595332054664 372
1757517797029 3.1620410557031224 373
1757517797040 3.1583288585620224 374
1757517797050 3.154622903892813 375
1757517797060 3.1509231545008287 376
1757517797071 3.1472295738694966 377
1757517797081 3.1435421261439487 378
1757517797092 3.1398607761153277 379
1757517797102 3.136185489205312 380
1757517797113 3.1325162314511723 381
1757517797123 3.1288529694911102 382
1757517797134 3.1251956705502084 383
1757517797144 3.1215443024264937 384
1757517797155 3.117898833477459 385
1757517797165 3.1142592326070675 386
1757517797176 3.1106254692529776 387
1757517797187 3.106997513373963 388
1757517797197 3.1033753354380953 389
1757517797208 3.0997589064106648 390
1757517797219 3.0961481977429495 391
1757517797229 3.0925431813609046 392
1757517797240 3.088943829654276 393
1757517797250 3.0853501154660874 394
1757517797261 3.08176201208219 395
1757517797271 3.0781794932212643 396
1757517797282 3.0746025330250157 397
1757517797293 3.071031106048574 398
1757517797304 3.0674651872511505 399
1757517797315 3.063904751987066 400
1757517797325 3.0603497759967815 401
1757517797336 3.0568002353983936 402
1757517797347 3.053256106679065 403
1757517797357 3.0497173666869846 404
1757517797368 3.0461839926232703 405
1757517797379 3.042655962034225 406
1757517797389 3.0391332528037447 407
1757517797400 3.03561584314585 408
1757517797411 3.032103711597557 409
1757517797422 3.0285968370117162 410
1757517797432 3.025095198550243 411
1757517797443 3.021598775677337 412
1757517797454 3.0181075481529565 413
1757517797465 3.014621496026545 414
1757517797475 3.0111405996306573 415
1757517797486 3.0076648395749404 416
1757517797497 3.00419419674028 417
1757517797508 3.0007286522728966 418
1757517797518 2.997268187578812 419
1757517797529 2.9938127843183198 420
1757517797540 2.9903624244005256 421
1757517797551 2.98691708997828 422
1757517797562 2.983476763442903 423
1757517797573 2.980041427419239 424
1757517797584 2.976611064760821 425
1757517797594 2.973185658545051 426
1757517797605 2.9697651920686066 427
1757517797617 2.966349648842867 428
1757517797627 2.962939012589497 429
1757517797638 2.959533267236125 430
1757517797649 2.956132396912127 431
1757517797661 2.952736385944473 432
1757517797672 2.949345218853704 433
1757517797683 2.945958880350073 434
1757517797694 2.9425773553295853 435
1757517797705 2.9392006288703114 436
1757517797716 2.9358286862287253 437
1757517797727 2.932461512836133 438
1757517797738 2.92909909429509 439
1757517797749 2.9257414163761055 440
1757517797760 2.922388465014189 441
1757517797771 2.9190402263057 442
1757517797782 2.9156966865050387 443
1757517797793 2.9123578320216303 444
1757517797804 2.9090236494168433 445
1757517797815 2.905694125400988 446
1757517797826 2.90236924683045 447
1757517797837 2.8990490007048315 448
1757517797847 2.8957333741641578 449
1757517797858 2.892422354486191 450
1757517797869 2.88911592908374 451
1757517797880 2.8858140855021195 452
1757517797891 2.8825168114165436 453
1757517797902 2.879224094629729 454
1757517797913 2.875935923069333 455
1757517797924 2.872652284785758 456
1757517797935 2.869373167949722 457
1757517797946 2.8660985608499985 458
1757517797957 2.8628284518912124 459
1757517797968 2.8595628295916704 460
1757517797979 2.8563016825812984 461
1757517797991 2.853044999599425 462
1757517798003 2.8497927694929004 463
1757517798015 2.846544981214037 464
1757517798026 2.8433016238186735 465
1757517798037 2.8400626864642895 466
1757517798049 2.8368281584081374 467
1757517798060 2.8335980290054263 468
1757517798071 2.8303722877075606 469
1757517798082 2.827150924060389 470
1757517798094 2.8239339277024618 471
1757517798105 2.8207212883634485 472
1757517798116 2.8175129958624168 473
1757517798128 2.8143090401063393 474
1757517798139 2.8111094110883985 475
1757517798150 2.807914098886605 476
1757517798161 2.8047230936621657 477
1757517798172 2.8015363856581423 478
1757517798183 2.798353965197946 479
1757517798195 2.7951758226839205 480
1757517798206 2.7920019485960297 481
1757517798217 2.7888323334904617 482
1757517798228 2.785666967998371 483
1757517798239 2.7825058428244978 484
1757517798251 2.779348948746014 485
1757517798262 2.7761962766111674 486
1757517798273 2.7730478173382522 487
1757517798284 2.7699035619142074 488
1757517798295 2.7667635013935987 489
1757517798307 2.7636276268974846 490
1757517798318 2.7604959296122002 491
1757517798330 2.757368400788386 492
1757517798344 2.7542450317398535 493
1757517798355 2.7511258138425703 494
1757517798366 2.7480107385335737 495
1757517798377 2.74489979731009 496
1757517798388 2.7417929817284326 497
1757517798400 2.7386902834031117 498
1757517798411 2.7355916940058598 499
