1757594579303 125.4332958429708 0
1757594579313 93.59901425614689 1
1757594579322 65.0216728161821 2
1757594579331 48.78390466755116 3
1757594579341 31.46296457609289 4
1757594579350 20.41046068302644 5
1757594579359 22.017244792906276 6
1757594579368 16.3499545245957 7
1757594579378 17.486714897543884 8
1757594579387 12.407338980639343 9
1757594579396 9.10291258243232 10
1757594579405 10.88257208922988 11
1757594579414 8.635377687953845 12
1757594579423 7.626417140770485 13
1757594579433 1.4483219470604316 14
1757594579442 4.611774567023964 15
1757594579451 2.217822050444125 16
1757594579461 5.165585529289664 17
1757594579470 6.0587995838306 18
1757594579479 3.815044566017914 19
1757594579489 3.6550486358914918 20
1757594579498 2.560680834486083 21
1757594579507 6.941293358999224 22
1757594579517 4.635539562729945 23
1757594579526 7.20373244051257 24
1757594579535 2.914630757454686 25
1757594579544 4.136454009331462 26
1757594579553 4.953335843585709 27
1757594579563 0.6035119656632113 28
1757594579572 3.953848328238695 29
1757594579581 2.2622145823330673 30
1757594579590 6.006476969709954 31
1757594579600 2.3804028429165056 32
1757594579609 4.6892916656904315 33
1757594579618 2.4425307734722645 34
1757594579627 5.715074389439436 35
1757594579637 1.6095849503988107 36
1757594579646 2.9986196340218076 37
1757594579655 3.0044176283971464 38
1757594579664 4.140112120916821 39
1757594579674 3.655956073215358 40
1757594579683 1.7220271175012698 41
1757594579693 2.8469345296100865 42
1757594579702 3.753454255008197 43
1757594579711 2.630334990362731 44
1757594579721 2.493307337308044 45
1757594579730 3.1375533652093472 46
1757594579739 4.233774203776417 47
1757594579749 3.095190686392517 48
1757594579758 2.4580810222023013 49
1757594579767 2.792161827679952 50
1757594579777 2.883521548171843 51
1757594579786 3.596965601095517 52
1757594579795 2.3808147998716467 53
1757594579804 2.095228916970141 54
1757594579814 1.005094612807228 55
1757594579823 4.471563997190668 56
1757594579832 3.425198614781306 57
1757594579842 2.6126436173995073 58
1757594579852 4.580860830829752 59
1757594579862 2.607703652102062 60
1757594579871 1.6922979646371703 61
1757594579881 1.8237017331988317 62
1757594579890 3.3445779565772114 63
1757594579899 2.50872358945396 64
1757594579908 2.3229559675054254 65
1757594579917 3.364581328926941 66
1757594579927 2.9554502094772443 67
1757594579936 0.8230662414176183 68
1757594579945 1.842185726793646 69
1757594579955 0.689562858461977 70
1757594579965 0.9016453065317952 71
1757594579975 3.8443024305075313 72
1757594579984 1.3445545365623635 73
1757594579997 2.8765931439715713 74
1757594580006 2.5224925139689027 75
1757594580016 1.9717063357214581 76
1757594580026 3.0045375516369237 77
1757594580035 2.2239819240029095 78
1757594580045 1.520777340445788 79
1757594580055 2.9038334254762925 80
1757594580065 3.5527399074765524 81
1757594580076 1.9028091848955462 82
1757594580086 1.9749984745443168 83
1757594580097 2.143930881384379 84
1757594580107 4.14462576836122 85
1757594580117 1.9372239120948227 86
1757594580127 1.7602852809934084 87
1757594580136 1.7910018339213467 88
1757594580146 1.6982223974008108 89
1757594580156 2.1623955912104296 90
1757594580166 0.5476428436113693 91
1757594580176 1.145568405740211 92
1757594580186 1.9516907635140737 93
1757594580195 1.3806227608843182 94
1757594580205 1.7016547087955047 95
1757594580216 3.479968123659781 96
1757594580226 2.456223772402305 97
1757594580236 1.4121688825960996 98
1757594580246 1.3940320640318176 99
1757594580255 2.1243637574858716 100
1757594580265 2.7611049268695704 101
1757594580275 1.0687557820602764 102
1757594580285 2.2173645770069195 103
1757594580295 1.6606500626820473 104
1757594580305 0.7966826879831298 105
1757594580314 1.4459258112444267 106
1757594580324 2.071397743782843 107
1757594580334 2.8254892349756235 108
1757594580343 2.631810886493328 109
1757594580353 1.2575654685849975 110
1757594580363 1.2055635422490136 111
1757594580373 2.021617008808267 112
1757594580382 1.6538677757408229 113
1757594580392 1.335593980184694 114
1757594580402 1.0428580670209486 115
1757594580412 1.912933186456068 116
1757594580421 1.1829718966115093 117
1757594580431 2.7564514839157614 118
1757594580441 1.2696926231204695 119
1757594580450 1.7389224730973836 120
1757594580460 2.205681127080355 121
1757594580470 0.6335661046636333 122
1757594580480 1.5521388593522014 123
1757594580490 1.4014002189729964 124
1757594580499 1.5480271949293272 125
1757594580509 1.2236254664676938 126
1757594580521 1.0931458706240011 127
1757594580531 0.8658083341381859 128
1757594580541 0.35833574300591003 129
1757594580551 1.3899189915512555 130
1757594580562 1.1357476563526403 131
1757594580571 2.584420937696022 132
1757594580581 1.825796871662654 133
1757594580591 2.167849944914652 134
1757594580600 1.0727691447777414 135
1757594580610 1.6525649453413398 136
1757594580621 1.104425780197205 137
1757594580631 0.6599490617631557 138
1757594580640 1.259287270002723 139
1757594580650 1.0342016809039114 140
1757594580660 1.4989407232086778 141
1757594580670 0.7204556170333585 142
1757594580680 0.9473161725202345 143
1757594580690 0.9780062470882558 144
1757594580700 1.0223790677840323 145
1757594580710 1.0568090356802842 146
1757594580720 0.8917459781584351 147
1757594580729 1.0018608586154005 148
1757594580739 1.1667082353199942 149
1757594580749 1.1018316086484752 150
1757594580759 1.1181905926514326 151
1757594580769 1.6382442968002706 152
1757594580779 0.5277632048809981 153
1757594580789 2.290970343660791 154
1757594580799 0.699229264766361 155
1757594580809 0.43760894995591715 156
1757594580819 1.1569543311096238 157
1757594580829 1.077171302914837 158
1757594580839 1.3231294182407947 159
1757594580849 1.6082327686051705 160
1757594580860 0.6153715182994257 161
1757594580870 1.4910566703273729 162
1757594580880 1.2907618212361422 163
1757594580890 1.12156851560898 164
1757594580900 0.8246037990181946 165
1757594580911 1.1185435165263917 166
1757594580921 1.1477249049624831 167
1757594580931 1.219475839146837 168
1757594580941 0.7349378138147459 169
1757594580951 0.48643838584819526 170
1757594580974 0.8562874707470663 171
1757594580988 0.8533146038748352 172
1757594580998 0.4301189500877122 173
1757594581008 0.6305452218885589 174
1757594581018 0.7486682792794793 175
1757594581029 1.059341508499294 176
1757594581039 0.8760931636386444 177
1757594581049 1.6460579589072057 178
1757594581059 0.8259351083542332 179
1757594581070 0.8310624703743955 180
1757594581080 1.210597673911004 181
1757594581090 0.3320737355144489 182
1757594581100 1.975350648495988 183
1757594581110 0.9413107066331885 184
1757594581121 1.2365839328879695 185
1757594581131 0.5738713085217559 186
1757594581141 0.19828003622451243 187
1757594581151 1.0271581981813989 188
1757594581162 0.700055601216967 189
1757594581172 1.2662134106377092 190
1757594581183 0.9907582988017143 191
1757594581193 0.9478976557433142 192
1757594581204 0.3925028401564429 193
1757594581214 0.5987533101167416 194
1757594581225 0.9480069279796816 195
1757594581235 0.6132128963349267 196
1757594581245 0.8991811777730353 197
1757594581256 1.0973315895334292 198
1757594581266 0.5701857558733542 199
1757594581276 0.49140803873811584 200
1757594581286 1.6607407949554098 201
1757594581297 1.0886128242333997 202
1757594581308 1.5808632054636547 203
1757594581318 0.5644617631975012 204
1757594581328 0.6171835818655868 205
1757594581338 1.0491616217787272 206
1757594581349 1.1231880213591412 207
1757594581364 0.4555819768349597 208
1757594581376 0.894638279847184 209
1757594581386 0.8285489366834562 210
1757594581397 0.8303865455390047 211
1757594581407 0.8159763652321483 212
1757594581418 0.6340544421621307 213
1757594581428 0.6423193218475791 214
1757594581439 0.6267154653718243 215
1757594581450 0.6611499279773256 216
1757594581460 0.4935385197302235 217
1757594581471 0.40071706884011526 218
1757594581484 0.7034838570085671 219
1757594581494 0.9501136393570241 220
1757594581505 0.44372824437245073 221
1757594581515 0.6204162537458953 222
1757594581526 0.5625549940886828 223
1757594581536 0.5189670036593433 224
1757594581547 0.3837999663932345 225
1757594581557 0.47793813920303424 226
1757594581568 0.7601483928193391 227
1757594581578 0.9028661801551402 228
1757594581588 0.4701818569930411 229
1757594581599 0.6918401687911643 230
1757594581609 0.5265437655937829 231
1757594581620 0.7250208000054408 232
1757594581630 0.6260515390074275 233
1757594581641 0.48697860189866754 234
1757594581651 0.7161861006798734 235
1757594581661 0.6042256961283836 236
1757594581672 0.35188606056398336 237
1757594581682 0.8588376638977534 238
1757594581692 0.8896098647210009 239
1757594581703 0.27112134872613847 240
1757594581713 0.659416035027184 241
1757594581723 1.3379951457967558 242
1757594581734 0.3456567572015544 243
1757594581744 0.2868616206182766 244
1757594581754 0.43703081272124444 245
1757594581765 0.608022854776194 246
1757594581775 0.6990611607154638 247
1757594581785 0.5842699260947827 248
1757594581796 0.9128705568179211 249
1757594581806 0.3536865540191253 250
1757594581817 0.8125866807207021 251
1757594581828 0.3412448263329145 252
1757594581838 0.3869806175425966 253
1757594581848 0.547646342639669 254
1757594581860 0.9684501276304712 255
1757594581872 0.3381300112173474 256
1757594581883 0.6617812129344953 257
1757594581895 0.6561791061960767 258
1757594581906 0.4647361397954223 259
1757594581916 0.36850919203031307 260
1757594581927 0.3949349682764553 261
1757594581938 0.6425021234197856 262
1757594581949 0.2801577815440227 263
1757594581960 0.3098954321220986 264
1757594581973 0.5117474017812458 265
1757594581987 0.22653780852776204 266
1757594581998 0.4174194770178441 267
1757594582009 0.47404339223008835 268
1757594582020 0.3947934906988248 269
1757594582031 0.5476014373529264 270
1757594582042 0.6563081201297893 271
1757594582053 0.33404255371484304 272
1757594582064 0.3568172864892641 273
1757594582075 0.1471320539714122 274
1757594582088 0.4526076243097557 275
1757594582099 0.48207997140842257 276
1757594582109 0.30742919193037604 277
1757594582120 0.7003748504307789 278
1757594582131 0.5140193634811439 279
1757594582143 0.33310243169427983 280
1757594582154 0.38032177693174357 281
1757594582164 0.5464273100377881 282
1757594582175 0.3782962441683184 283
1757594582185 0.5374244599918979 284
1757594582196 0.40869499989342434 285
1757594582206 0.5041645644865429 286
1757594582217 0.5202313166324964 287
1757594582227 0.626010418606345 288
1757594582238 0.4101123118945382 289
1757594582248 0.172750492835576 290
1757594582259 0.4885987358317296 291
1757594582270 0.30246303141160036 292
1757594582280 0.27073898567299864 293
1757594582292 0.38141817313690257 294
1757594582303 0.43958963476595186 295
1757594582314 0.28575162176481395 296
1757594582325 0.533038087700795 297
1757594582336 0.32379652760301286 298
1757594582347 0.2916093526234696 299
1757594582358 0.19319107126452217 300
1757594582369 0.3400776591628662 301
1757594582380 0.38821741403099885 302
1757594582391 0.2589143851733666 303
1757594582402 0.2569186452537324 304
1757594582414 0.1826813546916021 305
1757594582425 0.33091429373852016 306
1757594582435 0.43498102257410554 307
1757594582446 0.20611930420697813 308
1757594582457 0.6867780933890558 309
1757594582468 0.42199869063028056 310
1757594582479 0.2993957032654052 311
1757594582490 0.362061964355843 312
1757594582501 0.362935807411299 313
1757594582512 0.5825288421944215 314
1757594582522 0.3388183514064814 315
1757594582533 0.3047241943633409 316
1757594582545 0.22496094270312808 317
1757594582556 0.5392172685240696 318
1757594582567 0.25529353122767284 319
1757594582578 0.36248932366241304 320
1757594582589 0.1872936958661769 321
1757594582600 0.15863128578908745 322
1757594582611 0.4237083854923498 323
1757594582625 0.44847622518849367 324
1757594582636 0.35327719394988544 325
1757594582648 0.23239194211514547 326
1757594582659 0.32686358485018874 327
1757594582670 0.22126337834251986 328
1757594582681 0.46243274212005087 329
1757594582693 0.18990623979572063 330
1757594582704 0.29207563585077706 331
1757594582715 0.38749063416200175 332
1757594582726 0.3794294861657936 333
1757594582737 0.21159247185774438 334
1757594582748 0.408457800150612 335
1757594582759 0.321192197317931 336
1757594582770 0.27433356540078035 337
1757594582781 0.15887929787152627 338
1757594582794 0.4349664747189133 339
1757594582806 0.3321957821198776 340
1757594582818 0.3746216214916496 341
1757594582829 0.14113913400169464 342
1757594582840 0.1787021208491544 343
1757594582851 0.07747627747169943 344
1757594582863 0.21240155711103417 345
1757594582874 0.231639075737022 346
1757594582885 0.2610818762098875 347
1757594582897 0.2713504300511895 348
1757594582908 0.21645356564180712 349
1757594582919 0.2329952357801366 350
1757594582931 0.3664106539216968 351
1757594582942 0.30420635476436264 352
1757594582953 0.20012816594336263 353
1757594582964 0.2721658390952244 354
1757594582975 0.1263362426768001 355
1757594582987 1.2813461236475656 356
1757594582999 0.3554481712844733 357
1757594583011 0.14194490012184785 358
1757594583022 0.36044995634608906 359
1757594583035 0.16863216257900687 360
1757594583046 0.16062807712314006 361
1757594583058 0.2954431937963544 362
1757594583069 0.13545893478628965 363
1757594583081 0.2817205483395676 364
1757594583092 0.08647295781609679 365
1757594583104 0.2944088814107606 366
1757594583116 0.21433769470481828 367
1757594583127 0.23264609155241076 368
1757594583139 0.1410710935293133 369
1757594583150 0.4198996018189987 370
1757594583162 0.14605199195670773 371
1757594583173 0.37706230756918346 372
1757594583185 0.20402645918884516 373
1757594583197 0.16724566999633506 374
1757594583208 0.19681611342836697 375
1757594583220 0.20082255671367957 376
1757594583231 0.2890513204922896 377
1757594583243 0.2906561968598125 378
1757594583255 0.268170547548733 379
1757594583267 0.09739642394552668 380
1757594583279 0.25234749692353303 381
1757594583291 0.26099329895679524 382
1757594583304 0.3162589285709996 383
1757594583316 0.2079839408023759 384
1757594583328 0.25879359304987304 385
1757594583340 0.18816206831374255 386
1757594583352 0.4288216207739741 387
1757594583365 0.1848584137561635 388
1757594583377 0.1556443183148225 389
1757594583389 0.17992951444564456 390
1757594583402 0.20446490899232705 391
1757594583414 0.2413614428180731 392
1757594583425 0.19697295689460065 393
1757594583437 0.1616715241807733 394
1757594583449 0.2220168575592675 395
1757594583461 0.16354133464766682 396
1757594583472 0.16818727690751997 397
1757594583484 0.24608995596072059 398
1757594583496 0.1817423983852418 399
1757594583508 0.3576632330528967 400
1757594583520 0.22569411279364915 401
1757594583531 0.3427189074350022 402
1757594583543 0.34810741738138684 403
1757594583555 0.16329612920716777 404
1757594583567 0.312381582983119 405
1757594583579 0.22326564180950564 406
1757594583591 0.2796928147763143 407
1757594583603 0.18628486965941377 408
1757594583615 0.47327561529764023 409
1757594583626 0.2445436114026356 410
1757594583639 0.18249355325279928 411
1757594583656 0.18820082871817426 412
1757594583669 0.2889165995278462 413
1757594583681 0.3101277243397273 414
1757594583693 0.285323271798998 415
1757594583705 0.13937346761909372 416
1757594583717 0.22314796372970805 417
1757594583729 0.31385127084222364 418
1757594583741 0.29165882201263593 419
1757594583753 0.32225581281426985 420
1757594583765 0.07285363684963472 421
1757594583776 0.11330729344516396 422
1757594583788 0.4687435545406433 423
1757594583800 0.13689112053300045 424
1757594583812 0.3314941828476342 425
1757594583824 0.2691891891848776 426
1757594583835 0.3865925799458557 427
1757594583847 0.16955532511221985 428
1757594583859 0.1508572083493767 429
1757594583871 0.214199239292178 430
1757594583882 0.20088977803669883 431
1757594583894 0.2482824488550643 432
1757594583906 1.0200967563565284 433
1757594583918 0.16360067325462285 434
1757594583931 0.33192317536865285 435
1757594583942 0.29274266379418057 436
1757594583954 0.20404231623881086 437
1757594583966 0.247103404661436 438
1757594583978 0.22446886575379613 439
1757594583990 0.13122365748614853 440
1757594584002 0.12174024475962668 441
1757594584014 0.21815018612336778 442
1757594584025 0.09520152824382509 443
1757594584037 0.18633462183370555 444
1757594584049 0.27365858209246063 445
1757594584061 0.21781668684394648 446
1757594584073 0.15237071344992512 447
1757594584085 0.15265183977433985 448
1757594584098 0.28906382270023634 449
1757594584110 0.16011136401477066 450
1757594584123 0.29260111649516274 451
1757594584135 0.27323328410171105 452
1757594584148 0.11853534066364528 453
1757594584161 0.9290652344912488 454
1757594584174 0.20365846039069618 455
1757594584186 0.333638598305287 456
1757594584198 0.1568372596136058 457
1757594584210 0.15438639633806484 458
1757594584222 0.127022972450305 459
1757594584234 0.1490738687786936 460
1757594584246 0.15825194849958463 461
1757594584258 0.25463764740735434 462
1757594584270 0.22978453431885035 463
1757594584281 0.11295337960576896 464
1757594584294 0.15614215232538647 465
1757594584305 0.13516695663620631 466
1757594584317 0.13458770292909794 467
1757594584330 0.17825426173676687 468
1757594584344 0.16414585369186663 469
1757594584358 0.19745870699493034 470
1757594584371 0.23267893138684462 471
1757594584385 0.15142401422234178 472
1757594584399 0.13398830499489472 473
1757594584412 0.08893544538453271 474
1757594584426 0.13069956475830424 475
1757594584439 0.20714107876255028 476
1757594584453 0.26344059425212213 477
1757594584466 0.14116864909304014 478
1757594584480 0.19358702556792837 479
1757594584493 0.1736922536960101 480
1757594584507 0.15796125379533463 481
1757594584520 0.2464798899243539 482
1757594584534 0.33476942682136385 483
1757594584546 0.1610639019288224 484
1757594584559 0.14389434467397977 485
1757594584572 0.1584947492380447 486
1757594584584 0.17204166850737812 487
1757594584597 0.09327006921347146 488
1757594584609 0.15654549853565528 489
1757594584621 0.17084659758095533 490
1757594584633 0.2448734731229579 491
1757594584646 0.07154211596704864 492
1757594584658 0.12139402416065093 493
1757594584670 0.07565515972050288 494
1757594584682 0.16215699936848568 495
1757594584694 0.09196391124716147 496
1757594584706 0.17385145395558646 497
1757594584718 0.14394173080616277 498
1757594584730 0.23198128614823724 499
