1757594402954 169.3239456503903 0
1757594402962 168.68893475333715 1
1757594402971 167.48705186147964 2
1757594402979 165.7833997938347 3
1757594402987 163.63956853672815 4
1757594402995 161.11333215149597 5
1757594403003 158.25848290423096 6
1757594403012 155.12477265429482 7
1757594403020 151.75793694622894 8
1757594403028 148.19978176133867 9
1757594403036 144.48831664257594 10
1757594403044 140.65792102934677 11
1757594403052 136.7395332290154 12
1757594403061 132.7608535949452 13
1757594403069 128.74655524919748 14
1757594403077 124.71849714267762 15
1757594403085 120.69593543802434 16
1757594403094 116.6957301742684 17
1757594403102 112.73254496382494 18
1757594403110 108.81903811235897 19
1757594403118 104.96604406641212 20
1757594403127 101.18274450391166 21
1757594403135 97.47682870712866 22
1757594403144 93.85464311134187 23
1757594403152 90.32133011828775 24
1757594403160 86.88095641185674 25
1757594403169 83.53663112344486 26
1757594403178 80.29061427311954 27
1757594403187 77.14441596645662 28
1757594403195 74.09888686062283 29
1757594403203 71.15430043114603 30
1757594403212 68.31042757627768 31
1757594403221 65.56660409177852 32
1757594403229 62.92179153756397 33
1757594403237 60.37463200087476 34
1757594403245 57.923497239999676 35
1757594403254 55.56653266924788 36
1757594403262 53.301696620889345 37
1757594403271 51.126795293873386 38
1757594403279 49.039513772926334 39
1757594403287 47.037443475608534 40
1757594403296 45.118106359383646 41
1757594403304 43.27897619603903 42
1757594403313 41.51749719706632 43
1757594403321 39.83110025097487 44
1757594403330 38.21721701210707 45
1757594403339 36.673292060332436 46
1757594403348 35.196793332105926 47
1757594403356 33.78522100570902 48
1757594403365 32.4361150070856 49
1757594403373 31.14706128746329 50
1757594403382 29.915697009883115 51
1757594403390 28.739714768797626 52
1757594403399 27.616865954969235 53
1757594403407 26.544963366959934 54
1757594403416 25.521883160485988 55
1757594403425 24.545566217749723 56
1757594403433 23.614019010508144 57
1757594403442 22.72531402302484 58
1757594403450 21.877589794137908 59
1757594403459 21.069050631378726 60
1757594403467 20.29796604439295 61
1757594403476 19.562669939745167 62
1757594403485 18.86155961452456 63
1757594403494 18.193094581957812 64
1757594403502 17.55579525843291 65
1757594403510 16.948241537910995 66
1757594403519 16.369071276629363 67
1757594403528 15.816978708226321 68
1757594403536 15.290712806935659 69
1757594403545 14.789075614275204 70
1757594403553 14.310920542659066 71
1757594403561 13.855150667584365 72
1757594403570 13.420717018452539 73
1757594403579 13.006616876670796 74
1757594403587 12.611892088416825 75
1757594403596 12.235627398331722 76
1757594403605 11.87694880941209 77
1757594403613 11.535021973493192 78
1757594403622 11.209050615939235 79
1757594403630 10.898274997469349 80
1757594403639 10.601970415449948 81
1757594403648 10.319445746450082 82
1757594403656 10.050042031399526 83
1757594403665 9.793131104281144 84
1757594403674 9.548114264942296 85
1757594403682 9.31442099630435 86
1757594403691 9.091507725988274 87
1757594403699 8.878856632149992 88
1757594403708 8.675974493128594 89
1757594403716 8.4823915803469 90
1757594403725 8.297660593769873 91
1757594403734 8.121355639111545 92
1757594403743 7.953071245890466 93
1757594403751 7.7924214253561805 94
1757594403760 7.639038767252451 95
1757594403769 7.49257357433574 96
1757594403777 7.352693033534746 97
1757594403786 7.219080422612425 98
1757594403795 7.0914343511804585 99
1757594403803 6.969468034905575 100
1757594403812 6.852908601752227 101
1757594403820 6.74149642910866 102
1757594403829 6.634984510656767 103
1757594403838 6.533137851859925 104
1757594403847 6.435732892962757 105
1757594403856 6.342556958417391 106
1757594403864 6.25340773167575 107
1757594403873 6.168092754312159 108
1757594403882 6.086428948468555 109
1757594403891 6.008242161642683 110
1757594403900 5.93336673286932 111
1757594403909 5.861645079373662 112
1757594403917 5.7929273028070405 113
1757594403926 5.727070814204752 114
1757594403935 5.66393997683616 115
1757594403943 5.603405766147937 116
1757594403952 5.545345446029419 117
1757594403961 5.489642260660666 118
1757594403970 5.436185141230536 119
1757594403978 5.3848684268415 120
1757594403987 5.3355915989450455 121
1757594403996 5.288259028678802 122
1757594404006 5.242779736502281 123
1757594404015 5.199067163553821 124
1757594404024 5.157038954175885 125
1757594404032 5.116616749079971 126
1757594404041 5.077725988645069 127
1757594404050 5.040295725866208 128
1757594404059 5.004258448491415 129
1757594404068 4.969549909905096 130
1757594404077 4.936108968337208 131
1757594404086 4.903877433995681 132
1757594404095 4.872799923738487 133
1757594404104 4.842823722919217 134
1757594404113 4.813898654057362 135
1757594404122 4.785976952000207 136
1757594404131 4.759013145259447 137
1757594404140 4.732963943220271 138
1757594404150 4.707788128934664 139
1757594404160 4.683446457225208 140
1757594404173 4.659901557837657 141
1757594404182 4.637117843394042 142
1757594404191 4.6150614219092265 143
1757594404200 4.593700013646039 144
1757594404209 4.573002872093752 145
1757594404218 4.5529407088666956 146
1757594404227 4.5334856223284525 147
1757594404236 4.5146110297567725 148
1757594404244 4.496291602873898 149
1757594404253 4.4785032065750014 150
1757594404263 4.461222840695694 151
1757594404272 4.444428584667936 152
1757594404281 4.428099544920022 153
1757594404290 4.41221580488492 154
1757594404300 4.396758377486141 155
1757594404309 4.381709159978296 156
1757594404318 4.367050891025109 157
1757594404327 4.352767109902744 158
1757594404336 4.338842117723031 159
1757594404348 4.325260940575707 160
1757594404365 4.312009294493711 161
1757594404376 4.299073552150899 162
1757594404385 4.286440711205395 163
1757594404394 4.274098364207056 164
1757594404403 4.262034669989926 165
1757594404413 4.250238326476907 166
1757594404422 4.238698544825027 167
1757594404431 4.227405024845044 168
1757594404440 4.216347931631686 169
1757594404449 4.205517873343807 170
1757594404458 4.194905880077742 171
1757594404467 4.184503383778508 172
1757594404477 4.174302199137986 173
1757594404486 4.164294505429881 174
1757594404495 4.154472829235902 175
1757594404505 4.144830028017644 176
1757594404514 4.135359274492962 177
1757594404523 4.126054041775993 178
1757594404532 4.116908089243508 179
1757594404541 4.107915449090905 180
1757594404550 4.099070413543976 181
1757594404559 4.0903675226933 182
1757594404569 4.0818015529209655 183
1757594404578 4.073367505889641 184
1757594404587 4.065060598066522 185
1757594404596 4.056876250755096 186
1757594404606 4.048810080610088 187
1757594404615 4.040857890611243 188
1757594404625 4.033015661473371 189
1757594404634 4.025279543470979 190
1757594404643 4.017645848657151 191
1757594404652 4.010111043456894 192
1757594404661 4.002671741616614 193
1757594404670 3.995324697492222 194
1757594404680 3.988066799658957 195
1757594404689 3.9808950648271364 196
1757594404699 3.9738066320489778 197
1757594404708 3.9667987572015297 198
1757594404717 3.959868807733059 199
1757594404726 3.9530142576590888 200
1757594404736 3.9462326827963468 201
1757594404745 3.939521756222666 202
1757594404755 3.93287924395193 203
1757594404764 3.926303000813525 204
1757594404773 3.9197909665260795 205
1757594404783 3.9133411619562724 206
1757594404792 3.9069516855536053 207
1757594404802 3.9006207099522103 208
1757594404812 3.894346478732152 209
1757594404821 3.8881273033320003 210
1757594404831 3.8819615601053346 211
1757594404841 3.875847687514643 212
1757594404850 3.8697841834552302 213
1757594404860 3.863769602703462 214
1757594404870 3.857802554482979 215
1757594404879 3.851881700143305 216
1757594404889 3.8460057509454852 217
1757594404898 3.8401734659492255 218
1757594404908 3.834383649997351 219
1757594404918 3.8286351517920076 220
1757594404927 3.822926862059005 221
1757594404937 3.817257711795605 222
1757594404946 3.8116266705978616 223
1757594404956 3.8060327450638165 224
1757594404965 3.800474977268697 225
1757594404975 3.7949524433090134 226
1757594404984 3.78946425191199 227
1757594404994 3.7840095431073455 228
1757594405003 3.778587486958355 229
1757594405013 3.7731972823496767 230
1757594405023 3.767838155828857 231
1757594405032 3.7625093604993007 232
1757594405043 3.757210174962121 233
1757594405052 3.751939902304596 234
1757594405062 3.746697869133015 235
1757594405071 3.741483424648066 236
1757594405081 3.736295939760256 237
1757594405091 3.731134806244202 238
1757594405100 3.725999435929241 239
1757594405113 3.7208892599253707 240
1757594405122 3.715803727882136 241
1757594405132 3.7107423072798253 242
1757594405142 3.7057044827505834 243
1757594405151 3.7006897554287086 244
1757594405161 3.695697642328461 245
1757594405170 3.690727675748287 246
1757594405181 3.6857794027001116 247
1757594405191 3.6808523843626717 248
1757594405200 3.6759461955577395 249
1757594405210 3.671060424248194 250
1757594405219 3.6661946710569477 251
1757594405229 3.66134854880581 252
1757594405239 3.656521682073383 253
1757594405248 3.651713706771083 254
1757594405258 3.6469242697365587 255
1757594405268 3.642153028343658 256
1757594405277 3.6373996501282644 257
1757594405288 3.6326638124291577 258
1757594405307 3.6279452020434975 259
1757594405319 3.623243514895956 260
1757594405329 3.6185584557212023 261
1757594405339 3.613889737758924 262
1757594405349 3.609237082460899 263
1757594405359 3.604600219209743 264
1757594405369 3.5999788850485386 265
1757594405379 3.595372824421133 266
1757594405389 3.590781788922504 267
1757594405399 3.586205537058806 268
1757594405408 3.5816438340166292 269
1757594405418 3.577096451441077 270
1757594405428 3.5725631672226346 271
1757594405438 3.5680437652915007 272
1757594405448 3.563538035420448 273
1757594405458 3.5590457730345726 274
1757594405467 3.5545667790284106 275
1757594405477 3.550100859589802 276
1757594405487 3.5456478260303324 277
1757594405497 3.5412074946221197 278
1757594405507 3.536779686440435 279
1757594405517 3.53236422721212 280
1757594405527 3.5279609471697944 281
1757594405536 3.5235696809109163 282
1757594405546 3.5191902672622857 283
1757594405556 3.5148225491492098 284
1757594405566 3.5104663734694825 285
1757594405576 3.506121590971747 286
1757594405586 3.5017880561381585 287
1757594405595 3.4974656270713202 288
1757594405605 3.493154165384963 289
1757594405615 3.4888535360986386 290
1757594405625 3.484563607535977 291
1757594405635 3.4802842512264043 292
1757594405645 3.476015341810383 293
1757594405655 3.4717567569477263 294
1757594405665 3.467508377229166 295
1757594405675 3.463270086090884 296
1757594405685 3.459041769731852 297
1757594405695 3.454823317033982 298
1757594405705 3.4506146194850507 299
1757594405715 3.446415571103991 300
1757594405725 3.442226068368732 301
1757594405734 3.4380460101465897 302
1757594405744 3.4338752976265186 303
1757594405754 3.429713834254098 304
1757594405764 3.425561525668121 305
1757594405774 3.4214182796395662 306
1757594405784 3.417284006012451 307
1757594405794 3.4131586166464776 308
1757594405805 3.409042025361576 309
1757594405814 3.404934147884263 310
1757594405824 3.400834901795522 311
1757594405834 3.3967442064804545 312
1757594405844 3.392661983079553 313
1757594405854 3.3885881544412615 314
1757594405864 3.3845226450761703 315
1757594405875 3.380465381112734 316
1757594405884 3.376416290254023 317
1757594405894 3.3723753017359615 318
1757594405904 3.3683423462870867 319
1757594405914 3.36431735608899 320
1757594405925 3.3603002647384126 321
1757594405935 3.35629100721022 322
1757594405945 3.352289519821679 323
1757594405955 3.348295740197535 324
1757594405965 3.3443096072363416 325
1757594405975 3.340331061077739 326
1757594405985 3.336360043070604 327
1757594405995 3.3323964957421746 328
1757594406005 3.328440362768137 329
1757594406015 3.32449158894353 330
1757594406025 3.320550120154388 331
1757594406035 3.316615903350397 332
1757594406045 3.3126888865181447 333
1757594406056 3.308769018655345 334
1757594406066 3.304856249745457 335
1757594406076 3.3009505307334583 336
1757594406086 3.29705181350189 337
1757594406096 3.293160050847852 338
1757594406106 3.2892751964605065 339
1757594406116 3.2853972048992737 340
1757594406127 3.2815260315725236 341
1757594406137 3.277661632717105 342
1757594406147 3.2738039653780078 343
1757594406157 3.269952987389116 344
1757594406167 3.2661086573539984 345
1757594406177 3.262270934627587 346
1757594406188 3.2584397792981457 347
1757594406198 3.2546151521696918 348
1757594406208 3.2507970147451504 349
1757594406219 3.2469853292097284 350
1757594406229 3.243180058414691 351
1757594406239 3.2393811658618907 352
1757594406249 3.235588615688246 353
1757594406260 3.2318023726511003 354
1757594406270 3.2280224021136545 355
1757594406280 3.2242486700308497 356
1757594406290 3.2204811429356406 357
1757594406301 3.2167197879257405 358
1757594406311 3.212964572650488 359
1757594406321 3.2092154652982328 360
1757594406332 3.205472434583999 361
1757594406342 3.2017354497373853 362
1757594406352 3.198004480490955 363
1757594406362 3.1942794970686936 364
1757594406373 3.1905604701749897 365
1757594406383 3.1868473709837866 366
1757594406393 3.1831401711279237 367
1757594406404 3.1794388426889295 368
1757594406414 3.175743358187013 369
1757594406424 3.172053690571148 370
1757594406435 3.1683698132096674 371
1757594406446 3.1646916998809624 372
1757594406456 3.161019324764296 373
1757594406467 3.1573526624311214 374
1757594406477 3.153691687836365 375
1757594406487 3.1500363763100654 376
1757594406498 3.1463867035491626 377
1757594406508 3.14274264560953 378
1757594406518 3.139104178898151 379
1757594406529 3.1354712801655475 380
1757594406540 3.13184392649833 381
1757594406550 3.1282220953120556 382
1757594406561 3.1246057643439733 383
1757594406571 3.1209949116463647 384
1757594406582 3.1173895155797036 385
1757594406592 3.113789554806134 386
1757594406603 3.110195008283034 387
1757594406613 3.106605855256816 388
1757594406624 3.103022075256878 389
1757594406634 3.09944364808951 390
1757594406645 3.095870553832252 391
1757594406656 3.0923027728281625 392
1757594406666 3.0887402856802697 393
1757594406676 3.0851830732462133 394
1757594406687 3.08163111663296 395
1757594406697 3.078084397191631 396
1757594406708 3.0745428965125474 397
1757594406718 3.071006596420278 398
1757594406729 3.0674754789687904 399
1757594406740 3.0639495264369927 400
1757594406750 3.0604287213238734 401
1757594406761 3.0569130463442598 402
1757594406771 3.0534024844243626 403
1757594406782 3.0498970186975916 404
1757594406793 3.0463966325002976 405
1757594406803 3.0429013093678434 406
1757594406814 3.039411033030524 407
1757594406825 3.035925787409751 408
1757594406835 3.032445556614229 409
1757594406846 3.028970324936366 410
1757594406857 3.025500076848506 411
1757594406867 3.022034796999527 412
1757594406878 3.018574470211306 413
1757594406889 3.015119081475413 414
1757594406900 3.0116686159498007 415
1757594406910 3.008223058955512 416
1757594406921 3.0047823959736952 417
1757594406932 3.001346612642374 418
1757594406942 2.997915694753453 419
1757594406953 2.9944896282499647 420
1757594406963 2.9910683992229274 421
1757594406974 2.987651993908776 422
1757594406985 2.9842403986864694 423
1757594406997 2.980833600074838 424
1757594407008 2.977431584730002 425
1757594407018 2.974034339442776 426
1757594407030 2.9706418511362274 427
1757594407041 2.9672541068630722 428
1757594407051 2.9638710938034 429
1757594407062 2.9604927992623487 430
1757594407073 2.9571192106677118 431
1757594407084 2.9537503155677842 432
1757594407095 2.9503861016290944 433
1757594407106 2.9470265566343232 434
1757594407117 2.9436716684801714 435
1757594407128 2.940321425175329 436
1757594407139 2.9369758148384526 437
1757594407150 2.933634825696167 438
1757594407161 2.9302984460812085 439
1757594407171 2.9269666644305197 440
1757594407182 2.9236394692833874 441
1757594407194 2.920316849279663 442
1757594407205 2.9169987931580046 443
1757594407216 2.9136852897541323 444
1757594407227 2.9103763279991526 445
1757594407237 2.907071896917936 446
1757594407248 2.9037719856274617 447
1757594407259 2.900476583335238 448
1757594407270 2.8971856793377913 449
1757594407281 2.893899263019099 450
1757594407292 2.8906173238491566 451
1757594407303 2.887339851382464 452
1757594407314 2.8840668352567076 453
1757594407325 2.8807982651912694 454
1757594407336 2.87753413098585 455
1757594407347 2.8742744225193015 456
1757594407357 2.871019129748108 457
1757594407368 2.867768242705246 458
1757594407379 2.864521751498875 459
1757594407390 2.8612796463111088 460
1757594407401 2.8580419173968807 461
1757594407412 2.85480855508266 462
1757594407423 2.8515795497654426 463
1757594407434 2.84835489191143 464
1757594407445 2.8451345720551093 465
1757594407456 2.8419185807980614 466
1757594407467 2.838706908807957 467
1757594407477 2.835499546817455 468
1757594407489 2.83229648562325 469
1757594407499 2.8290977160850352 470
1757594407510 2.825903229124551 471
1757594407522 2.8227130157245868 472
1757594407533 2.8195270669280843 473
1757594407544 2.8163453738372106 474
1757594407555 2.8131679276124366 475
1757594407566 2.8099947194716735 476
1757594407577 2.8068257406893617 477
1757594407588 2.8036609825957153 478
1757594407599 2.800500436575789 479
1757594407610 2.7973440940687553 480
1757594407621 2.794191946566996 481
1757594407632 2.7910439856154476 482
1757594407643 2.7879002028107007 483
1757594407654 2.7847605898003702 484
1757594407665 2.781625138282251 485
1757594407676 2.778493840003671 486
1757594407687 2.7753666867607283 487
1757594407698 2.7722436703976605 488
1757594407709 2.7691247828060486 489
1757594407722 2.766010015924293 490
1757594407733 2.7628993617368316 491
1757594407745 2.75979281227355 492
1757594407756 2.7566903596091596 493
1757594407767 2.7535919958625246 494
1757594407778 2.750497713196171 495
1757594407789 2.747407503815521 496
1757594407800 2.7443213599684495 497
1757594407811 2.7412392739446063 498
1757594407823 2.738161238074945 499
