1757518104147 159.4437533883052 0
1757518104156 158.31502058858788 1
1757518104166 155.5759411461395 2
1757518104175 148.23763273150107 3
1757518104184 144.69623793706126 4
1757518104193 138.9744656435724 5
1757518104203 129.92735962672566 6
1757518104212 135.19004430101558 7
1757518104221 127.80703978524967 8
1757518104230 130.20681339079428 9
1757518104240 116.4332095082954 10
1757518104249 115.6139253458239 11
1757518104258 103.11629643017534 12
1757518104267 111.81097272247045 13
1757518104277 96.12877803699475 14
1757518104286 98.3579736630185 15
1757518104295 107.94186321813865 16
1757518104305 108.24036560420033 17
1757518104314 94.22347624744494 18
1757518104323 90.14533450212022 19
1757518104332 83.51873084982527 20
1757518104342 88.73848128738467 21
1757518104351 84.09763124292077 22
1757518104362 71.88887743446716 23
1757518104371 74.44282461142049 24
1757518104381 70.14093522101933 25
1757518104391 66.70262992103363 26
1757518104400 67.86468544869561 27
1757518104410 61.52204044338464 28
1757518104420 58.907622777283166 29
1757518104429 63.7674686227314 30
1757518104439 63.169151615127426 31
1757518104448 62.819927283656895 32
1757518104458 64.20166232870879 33
1757518104468 61.337064876259475 34
1757518104478 52.35239122570364 35
1757518104487 53.59271428081927 36
1757518104496 58.43222936621295 37
1757518104506 57.0096292694922 38
1757518104515 49.16850367032484 39
1757518104525 50.039797412827994 40
1757518104534 45.01426735950531 41
1757518104544 43.028939529530675 42
1757518104553 52.30332980989781 43
1757518104563 42.64048757987117 44
1757518104572 39.28947691643284 45
1757518104581 40.96659535722422 46
1757518104591 42.55277790895139 47
1757518104601 39.88594578155595 48
1757518104611 38.405775008215336 49
1757518104621 38.72749545734889 50
1757518104631 37.435124646639245 51
1757518104641 36.773723169421224 52
1757518104651 31.177535163981183 53
1757518104661 33.55629948486392 54
1757518104670 32.0591045962682 55
1757518104680 30.31821934207818 56
1757518104689 23.599563931280098 57
1757518104699 37.679890147638616 58
1757518104708 32.77142512074798 59
1757518104718 27.37139999018696 60
1757518104728 27.716631655829264 61
1757518104737 28.469990871201247 62
1757518104747 26.777735753272054 63
1757518104756 26.01143155977718 64
1757518104766 27.192366677640535 65
1757518104775 19.914859165506755 66
1757518104785 21.45622297360495 67
1757518104794 19.44010535334047 68
1757518104804 19.212393386850383 69
1757518104814 20.982153316311138 70
1757518104824 20.855235476975608 71
1757518104833 25.236182324147894 72
1757518104843 20.30988320505969 73
1757518104852 18.380869890281165 74
1757518104862 14.484004068565312 75
1757518104872 22.89931840975878 76
1757518104882 17.633073675157398 77
1757518104891 18.40744482403079 78
1757518104901 20.882381630157614 79
1757518104911 16.908281153377764 80
1757518104921 15.321914327848637 81
1757518104931 14.518209380593026 82
1757518104941 15.476085001534845 83
1757518104950 20.461915444530135 84
1757518104960 10.999811750417196 85
1757518104969 16.46662589663 86
1757518104979 14.49997852758168 87
1757518104989 19.308850476437584 88
1757518104999 14.578266983988081 89
1757518105009 12.336976349938261 90
1757518105019 9.222050282326617 91
1757518105032 6.865679146356409 92
1757518105042 13.618822276739314 93
1757518105052 11.658439634858576 94
1757518105062 8.013208435245707 95
1757518105071 5.836572071920913 96
1757518105082 13.54252899041055 97
1757518105092 14.01733397525501 98
1757518105102 11.001557853170503 99
1757518105112 6.643773200825439 100
1757518105122 16.24558404589099 101
1757518105132 11.346013482305475 102
1757518105142 10.0997123994577 103
1757518105152 11.99896349574757 104
1757518105162 11.777851973995375 105
1757518105172 12.170122253048039 106
1757518105182 12.547465667625945 107
1757518105191 8.509902975478692 108
1757518105201 9.218547340721601 109
1757518105211 12.073561716442677 110
1757518105221 11.494268014527258 111
1757518105231 6.203949370545548 112
1757518105241 7.792024383314633 113
1757518105251 8.635030088566694 114
1757518105261 8.197664918296637 115
1757518105271 10.671424282494376 116
1757518105281 10.92231279156247 117
1757518105291 5.418595527856222 118
1757518105301 8.68373028809371 119
1757518105311 6.699854226437105 120
1757518105321 6.008675706350335 121
1757518105331 5.44554380206247 122
1757518105340 4.098422519970557 123
1757518105350 8.963367937128275 124
1757518105361 7.398267317585451 125
1757518105372 8.349400051112074 126
1757518105382 3.7377929278986826 127
1757518105393 8.76421909866438 128
1757518105402 9.50387399762193 129
1757518105412 9.032525658160488 130
1757518105423 10.548804672394562 131
1757518105434 13.835838011291635 132
1757518105447 8.239815463180602 133
1757518105457 7.576768527731702 134
1757518105467 10.705467828687686 135
1757518105478 3.0097959170355506 136
1757518105487 4.224605043051445 137
1757518105498 5.84781303017673 138
1757518105508 5.859278124313396 139
1757518105528 7.333614234672752 140
1757518105542 4.739413171895936 141
1757518105552 4.399942015001596 142
1757518105562 8.222278518899545 143
1757518105572 6.762770665912415 144
1757518105582 5.236943101403629 145
1757518105593 11.344601039317073 146
1757518105603 4.576359627147807 147
1757518105613 5.512651821101158 148
1757518105623 3.681257904031708 149
1757518105633 9.65897144539674 150
1757518105643 8.484627267198222 151
1757518105653 5.370169720553952 152
1757518105663 9.978743729356804 153
1757518105673 1.9890598358891376 154
1757518105683 3.2766146669338467 155
1757518105693 4.320718493821679 156
1757518105703 3.2748789513989864 157
1757518105714 4.592372299483316 158
1757518105725 4.116049352855628 159
1757518105736 4.618169515062019 160
1757518105747 3.9813523623744933 161
1757518105766 5.6896259168161745 162
1757518105780 6.713473176177903 163
1757518105791 5.938936961169608 164
1757518105801 7.321042615829543 165
1757518105812 2.9997598685749995 166
1757518105823 1.2545601637570507 167
1757518105833 7.4887200700175365 168
1757518105843 3.0028552410737657 169
1757518105854 3.3113886163742254 170
1757518105876 3.68771084406916 171
1757518105901 5.957468557220477 172
1757518105918 6.893307138024341 173
1757518105929 4.3931508375174335 174
1757518105941 5.077011466855091 175
1757518105952 4.744830963422505 176
1757518105962 3.65424661145315 177
1757518105973 5.822035270256971 178
1757518105985 8.260339404724265 179
1757518105996 5.318437012106102 180
1757518106006 0.44609454534453896 181
1757518106017 6.176616844225641 182
1757518106028 7.188301114335039 183
1757518106039 4.114363261754545 184
1757518106050 3.9927749983627128 185
1757518106061 6.078831844719481 186
1757518106072 7.190580345277662 187
1757518106082 4.920858193245941 188
1757518106093 4.654865228456702 189
1757518106103 5.834366763329326 190
1757518106114 3.574429857891557 191
1757518106124 4.509770026303265 192
1757518106135 7.773080569320123 193
1757518106145 4.231381271362141 194
1757518106155 6.25162337512053 195
1757518106166 6.028137193245853 196
1757518106177 7.158895635043006 197
1757518106187 6.7924476479282605 198
1757518106198 4.062283747847655 199
1757518106208 2.764153392010983 200
1757518106219 5.988654105466001 201
1757518106229 2.904411538981176 202
1757518106240 0.9849940766001046 203
1757518106251 1.488717305491495 204
1757518106262 2.768766308877892 205
1757518106272 2.585991027702199 206
1757518106283 2.6464179686048936 207
1757518106293 2.784079024845142 208
1757518106304 3.094736360766143 209
1757518106315 3.710771035882125 210
1757518106325 3.722618706820076 211
1757518106336 5.289371289542196 212
1757518106346 6.252558275608193 213
1757518106357 2.4307023301721524 214
1757518106367 4.877541122625717 215
1757518106378 4.088900457853848 216
1757518106388 2.5996139826459097 217
1757518106399 2.152591600109902 218
1757518106409 3.756116860921414 219
1757518106420 4.183895798518818 220
1757518106430 3.4124469960540447 221
1757518106441 1.531989352447026 222
1757518106452 5.12186307824349 223
1757518106462 1.18006124720065 224
1757518106473 2.059086114872775 225
1757518106484 3.7403516167537116 226
1757518106495 5.636905830017112 227
1757518106506 2.459574836169472 228
1757518106517 1.7063648860410865 229
1757518106528 8.299012886566453 230
1757518106539 3.17458524086585 231
1757518106549 2.611316086900686 232
1757518106560 4.534020810269134 233
1757518106570 3.875094121751343 234
1757518106581 2.2689808018882385 235
1757518106592 4.127075158411156 236
1757518106603 5.6165517169601795 237
1757518106613 3.9751679969803093 238
1757518106624 5.269343848352645 239
1757518106635 3.467767317407484 240
1757518106646 2.2787072498756524 241
1757518106657 5.13977395015251 242
1757518106667 2.9149133329633434 243
1757518106678 3.6276062509997624 244
1757518106689 4.572164239976702 245
1757518106699 2.604489544701467 246
1757518106710 5.133502296790204 247
1757518106721 5.134561706418038 248
1757518106732 1.6469551561644007 249
1757518106742 2.9709144041848634 250
1757518106753 1.0231345951947035 251
1757518106764 6.9930588915138445 252
1757518106775 6.122709743615515 253
1757518106785 3.7368137289961605 254
1757518106796 1.6797138700081127 255
1757518106807 5.4456924385517 256
1757518106818 6.919303258681413 257
1757518106828 4.098061476223111 258
1757518106839 3.8080774684535164 259
1757518106850 1.497924867732469 260
1757518106861 2.724678745618089 261
1757518106872 1.6532205125441566 262
1757518106883 4.097649644096534 263
1757518106894 3.3530174009033584 264
1757518106904 3.373215089003904 265
1757518106915 7.080661465278371 266
1757518106926 2.9296870290778614 267
1757518106937 3.2328569860674663 268
1757518106948 1.4724225733191534 269
1757518106959 3.9324312317178665 270
1757518106969 5.584457212984147 271
1757518106980 1.9554624846903224 272
1757518106991 2.503005730514772 273
1757518107002 1.6818874825039112 274
1757518107013 3.8044117635523524 275
1757518107024 5.810570182907746 276
1757518107035 4.472592116028642 277
1757518107046 2.8118655475483507 278
1757518107056 6.131805819437908 279
1757518107067 2.472176004287971 280
1757518107078 3.957911051771289 281
1757518107089 2.6278459422870175 282
1757518107100 2.417973117609952 283
1757518107111 4.171129335120411 284
1757518107122 2.0197062617372055 285
1757518107134 1.8246008278601273 286
1757518107146 3.8192630796882954 287
1757518107159 1.195735671920459 288
1757518107171 2.0539679069071024 289
1757518107182 4.284900007941744 290
1757518107194 1.7756190798343974 291
1757518107207 3.46466270971661 292
1757518107219 2.563008075374193 293
1757518107230 4.6026253775203845 294
1757518107241 3.8400605751217705 295
1757518107253 3.1659921888473126 296
1757518107264 5.356446350787674 297
1757518107275 3.206151050785282 298
1757518107286 2.6482916536892347 299
1757518107297 3.451954122569119 300
1757518107308 3.4443984454267516 301
1757518107320 1.8464706654477971 302
1757518107331 4.1294801361523525 303
1757518107342 3.7685380306094687 304
1757518107353 4.318595653408396 305
1757518107364 5.10628232899634 306
1757518107375 1.6717150918363746 307
1757518107386 5.6137589193924 308
1757518107397 4.717761574828101 309
1757518107409 1.0594562955459468 310
1757518107420 5.130868303556622 311
1757518107431 4.853156532330313 312
1757518107442 3.4851015853407232 313
1757518107454 3.223101638434503 314
1757518107465 3.883969816987552 315
1757518107477 2.138516618279153 316
1757518107488 2.9016996374465593 317
1757518107499 4.000096309580285 318
1757518107511 1.2440688061830492 319
1757518107522 3.315650202280616 320
1757518107533 5.830937559346494 321
1757518107545 3.2111179361110955 322
1757518107556 2.477013297241386 323
1757518107567 4.505140185377751 324
1757518107579 0.6903857621546221 325
1757518107590 2.5102857889643704 326
1757518107601 4.2112909899073685 327
1757518107613 1.7046228240937302 328
1757518107624 2.7833919179889275 329
1757518107635 3.08796275072575 330
1757518107647 4.214170339805028 331
1757518107658 2.8705289400772998 332
1757518107669 2.2228796423339094 333
1757518107681 7.671454600357082 334
1757518107692 3.099172867895485 335
1757518107703 3.4454163595876723 336
1757518107714 5.093893289866028 337
1757518107725 1.9494918628504547 338
1757518107736 5.45094592289731 339
1757518107748 5.876376918087915 340
1757518107759 3.465657679829744 341
1757518107774 3.4458748665242456 342
1757518107785 4.081753171563104 343
1757518107796 2.1425165093475678 344
1757518107807 4.824939982226433 345
1757518107819 3.9963165771366165 346
1757518107830 3.1382973989284912 347
1757518107842 4.632430954288858 348
1757518107853 2.3418127180872976 349
1757518107865 3.806679003518468 350
1757518107876 2.3371717444031237 351
1757518107887 3.4228038126802125 352
1757518107899 3.6113411986212016 353
1757518107910 3.012908515172262 354
1757518107921 3.141591805704484 355
1757518107933 4.108462159943655 356
1757518107944 6.093922360659507 357
1757518107956 4.097883000901647 358
1757518107968 3.9330081508497603 359
1757518107979 1.082996228223128 360
1757518107991 2.5094118692722427 361
1757518108002 4.5279936511736745 362
1757518108015 3.906307712102172 363
1757518108028 5.645783120527334 364
1757518108040 2.1833735998244115 365
1757518108052 1.0449047328812036 366
1757518108064 5.043979875171794 367
1757518108076 3.5729448071558876 368
1757518108087 2.9831796980135863 369
1757518108099 1.789716803338085 370
1757518108111 5.888300415833917 371
1757518108122 2.371080045781598 372
1757518108134 5.015267714661648 373
1757518108146 4.459682491966757 374
1757518108158 2.595360231577367 375
1757518108169 4.147453572844254 376
1757518108181 2.9750521633731424 377
1757518108192 2.1177588597917754 378
1757518108204 4.6649903564097865 379
1757518108215 3.556602379126932 380
1757518108227 0.7481700991686356 381
1757518108238 4.057933653293619 382
1757518108250 1.7163065033014195 383
1757518108262 2.583425686615819 384
1757518108274 4.118035449526043 385
1757518108286 5.497331987254634 386
1757518108297 3.6287999233396504 387
1757518108309 4.2365313610789705 388
1757518108321 3.964631980991015 389
1757518108332 3.642450189408773 390
1757518108344 3.911736330476261 391
1757518108356 2.472925488291845 392
1757518108368 1.7802522450043143 393
1757518108379 2.5967855401113162 394
1757518108391 2.702936132883389 395
1757518108403 3.4919163103550854 396
1757518108414 2.9988869116669945 397
1757518108426 2.882184990180012 398
1757518108438 3.495813511090895 399
1757518108449 3.547385170668095 400
1757518108461 3.7472113581703197 401
1757518108473 3.721108103670018 402
1757518108485 2.7396454750656614 403
1757518108496 3.477125006845493 404
1757518108508 1.6851116353978313 405
1757518108520 3.0292659288583703 406
1757518108535 4.191917941288219 407
1757518108554 3.2777801654894714 408
1757518108569 2.5691787952583334 409
1757518108582 2.2155178314419626 410
1757518108594 4.910036210271464 411
1757518108607 4.844132926655492 412
1757518108620 2.682330466994238 413
1757518108632 2.4675672169061538 414
1757518108646 3.574472424361718 415
1757518108659 3.3046504695784717 416
1757518108671 2.8906914455924366 417
1757518108683 3.584512734037753 418
1757518108697 2.246182099994751 419
1757518108716 3.3310535437786553 420
1757518108734 5.6461561278151144 421
1757518108749 3.0479214719250165 422
1757518108763 5.138262283546094 423
1757518108776 2.0967348199419424 424
1757518108788 2.6807196595662486 425
1757518108802 5.705396473323915 426
1757518108814 1.2542003837833418 427
1757518108827 3.197376943644082 428
1757518108840 3.416871245894898 429
1757518108852 2.885205257550507 430
1757518108865 2.6650501756086027 431
1757518108877 3.61326940951601 432
1757518108889 4.562671567981434 433
1757518108902 2.649821288992696 434
1757518108914 3.2547012463271714 435
1757518108926 2.8080566227446773 436
1757518108938 4.645327772235644 437
1757518108950 3.1061491574675415 438
1757518108962 3.2327472451476966 439
1757518108974 1.3024335575124681 440
1757518108986 3.007169258954641 441
1757518108999 3.452714348414174 442
1757518109011 4.121453964922434 443
1757518109023 2.0539055942489863 444
1757518109035 5.162194032032728 445
1757518109047 3.5116865149315277 446
1757518109060 1.715774809202483 447
1757518109072 3.5706536195265137 448
1757518109084 5.7107848420020195 449
1757518109096 5.425903034780391 450
1757518109108 2.2006430795631524 451
1757518109120 3.3290317862786645 452
1757518109132 4.204013053749814 453
1757518109144 2.876922922190264 454
1757518109156 2.2728376877438876 455
1757518109169 4.241496538923087 456
1757518109181 2.42014724633749 457
1757518109193 1.53495787270401 458
1757518109205 1.363281463395099 459
1757518109217 2.406541312036362 460
1757518109229 1.8348234830988202 461
1757518109241 2.2164727656877354 462
1757518109253 3.2267664178027946 463
1757518109265 2.9811614076510544 464
1757518109277 3.1961888047212272 465
1757518109290 1.785699930215888 466
1757518109302 4.034451183398693 467
1757518109314 2.442518161736919 468
1757518109326 3.724829458839209 469
1757518109338 2.046160874733265 470
1757518109350 5.40903391483597 471
1757518109363 4.105340049818532 472
1757518109375 3.416622950675568 473
1757518109387 1.9445089040286088 474
1757518109399 5.169627138286839 475
1757518109411 1.999414776933146 476
1757518109423 4.025791726333616 477
1757518109436 3.2393449937068155 478
1757518109448 2.9215524596793507 479
1757518109460 2.484181295198739 480
1757518109472 6.545075053977376 481
1757518109485 2.9699483783069667 482
1757518109499 2.587131041290276 483
1757518109513 3.067606298273477 484
1757518109527 3.050675798542771 485
1757518109540 2.4769440980274653 486
1757518109553 2.95945328878834 487
1757518109566 3.644143214023885 488
1757518109578 3.917867818523072 489
1757518109591 2.0785544518651617 490
1757518109603 2.5227711284193317 491
1757518109615 2.903589696315435 492
1757518109627 3.315183432214757 493
1757518109640 3.0430042259727523 494
1757518109652 5.963505780997316 495
1757518109665 4.801223396050284 496
1757518109677 2.729843020916113 497
1757518109690 1.5580057869102812 498
1757518109702 2.6573576309182068 499
