1757517936467 169.18394982041002 0
1757517936476 169.12060768717652 1
1757517936484 169.00030393108025 2
1757517936493 168.8288190324509 3
1757517936502 168.61138615770494 4
1757517936511 168.35273996546903 5
1757517936519 168.05716163937694 6
1757517936528 167.72852031809683 7
1757517936537 167.37031111470242 8
1757517936545 166.98568992965565 9
1757517936554 166.57750526684057 10
1757517936562 166.14832726188615 11
1757517936571 165.70047412795802 12
1757517936580 165.23603621749646 13
1757517936588 164.75689788960628 14
1757517936597 164.26475736300713 15
1757517936606 163.76114472378197 16
1757517936614 163.2474382462929 17
1757517936623 162.72487917466174 18
1757517936631 162.19458510144943 19
1757517936640 161.65756206975007 20
1757517936648 161.1147155148964 21
1757517936657 160.5668601525168 22
1757517936666 160.01472891074548 23
1757517936676 159.4589809959935 24
1757517936685 158.90020917394162 25
1757517936693 158.3389463401416 26
1757517936702 157.77567144796595 27
1757517936711 157.21081485547396 28
1757517936721 156.64476314711303 29
1757517936731 156.07786348099148 30
1757517936739 155.51042750771563 31
1757517936748 154.9427349024562 32
1757517936757 154.37503654796924 33
1757517936766 153.8075574026906 34
1757517936775 153.24049908476465 35
1757517936783 152.67404219989936 36
1757517936792 152.10834843824807 37
1757517936801 151.5435624630711 38
1757517936810 150.97981361172256 39
1757517936819 150.41721742750897 40
1757517936828 149.85587703914013 41
1757517936837 149.29588440288003 42
1757517936846 148.73732142098285 43
1757517936855 148.18026094871274 44
1757517936864 147.6247677009882 45
1757517936872 147.07089906864047 46
1757517936881 146.5187058532501 47
1757517936890 145.96823292869044 48
1757517936899 145.41951983664063 49
1757517936908 144.87260132266908 50
1757517936917 144.32750781878627 51
1757517936926 143.78426587781914 52
1757517936934 143.24289856439495 53
1757517936943 142.70342580687458 54
1757517936952 142.1658647141129 55
1757517936961 141.63022986057553 56
1757517936970 141.0965335429567 57
1757517936978 140.56478601114213 58
1757517936987 140.03499567608552 59
1757517936996 139.5071692968995 60
1757517937005 138.98131214923623 61
1757517937015 138.45742817682847 62
1757517937024 137.93552012786864 63
1757517937032 137.41558967775046 64
1757517937042 136.89763753951914 65
1757517937051 136.38166356327937 66
1757517937060 135.86766682564604 67
1757517937068 135.35564571024054 68
1757517937077 134.84559798013157 69
1757517937086 134.33752084301585 70
1757517937095 133.83141100987325 71
1757517937104 133.32726474774424 72
1757517937113 132.8250779272205 73
1757517937122 132.32484606516581 74
1757517937131 131.82656436316535 75
1757517937140 131.33022774211275 76
1757517937149 130.83583087332383 77
1757517937158 130.3433682065303 78
1757517937167 129.85283399506224 79
1757517937176 129.36422231850122 80
1757517937185 128.8775271030516 81
1757517937194 128.3927421398689 82
1757517937203 127.9098611015378 83
1757517937212 127.42887755689634 84
1757517937221 126.94978498436154 85
1757517937230 126.47257678391065 86
1757517937239 125.99724628785238 87
1757517937248 125.52378677051566 88
1757517937257 125.05219145694952 89
1757517937266 124.5824535307444 90
1757517937275 124.11456614105877 91
1757517937284 123.64852240893637 92
1757517937293 123.18431543297226 93
1757517937302 122.72193829440953 94
1757517937311 122.26138406170494 95
1757517937320 121.80264579463616 96
1757517937330 121.34571654798233 97
1757517937339 120.8905893748225 98
1757517937348 120.43725732950053 99
1757517937357 119.98571347027465 100
1757517937367 119.53595086169615 101
1757517937376 119.08796257673423 102
1757517937385 118.64174169868431 103
1757517937394 118.19728132286684 104
1757517937403 117.75457455815062 105
1757517937412 117.31361452830875 106
1757517937422 116.87439437323235 107
1757517937431 116.4369072500085 108
1757517937440 116.00114633388314 109
1757517937449 115.56710481911048 110
1757517937458 115.13477591971547 111
1757517937468 114.70415287016094 112
1757517937477 114.27522892594524 113
1757517937486 113.84799736412266 114
1757517937496 113.42245148376438 115
1757517937505 112.99858460636274 116
1757517937515 112.57639007618636 117
1757517937525 112.15586126058346 118
1757517937534 111.73699155025248 119
1757517937543 111.31977435946635 120
1757517937552 110.90420312627634 121
1757517937562 110.4902713126682 122
1757517937571 110.07797240470946 123
1757517937581 109.66729991266114 124
1757517937590 109.25824737107041 125
1757517937599 108.8508083388495 126
1757517937608 108.44497639932581 127
1757517937618 108.04074516028666 128
1757517937628 107.63810825400594 129
1757517937637 107.23705933725797 130
1757517937646 106.83759209131956 131
1757517937656 106.4397002219632 132
1757517937665 106.04337745944198 133
1757517937675 105.64861755846242 134
1757517937685 105.25541429815593 135
1757517937695 104.86376148203719 136
1757517937705 104.47365293796273 137
1757517937714 104.0850825180797 138
1757517937724 103.69804409877335 139
1757517937744 103.31253158060632 140
1757517937758 102.92853888826068 141
1757517937767 102.54605997046953 142
1757517937777 102.16508879994976 143
1757517937786 101.78561937333134 144
1757517937796 101.4076457110864 145
1757517937805 101.03116185745066 146
1757517937815 100.65616188034899 147
1757517937825 100.28263987131712 148
1757517937834 99.91058994542138 149
1757517937844 99.54000624117616 150
1757517937853 99.17088292046638 151
1757517937863 98.80321416845936 152
1757517937872 98.43699419352511 153
1757517937881 98.07221722714961 154
1757517937891 97.7088775238523 155
1757517937900 97.3469693610978 156
1757517937909 96.98648703921437 157
1757517937919 96.62742488130097 158
1757517937929 96.2697772331501 159
1757517937938 95.9135384631535 160
1757517937948 95.55870296222024 161
1757517937958 95.20526514368719 162
1757517937967 94.85321944323603 163
1757517937977 94.5025603188012 164
1757517937986 94.15328225048884 165
1757517937996 93.80537974048595 166
1757517938005 93.45884731297629 167
1757517938015 93.11367951405308 168
1757517938025 92.76987091163407 169
1757517938034 92.42741609537232 170
1757517938044 92.08630967657427 171
1757517938053 91.74654628811106 172
1757517938063 91.40812058433471 173
1757517938072 91.0710272409915 174
1757517938082 90.7352609551399 175
1757517938091 90.4008164450609 176
1757517938101 90.06768845017908 177
1757517938111 89.73587173097198 178
1757517938120 89.40536106889405 179
1757517938130 89.07615126628473 180
1757517938140 88.74823714629075 181
1757517938149 88.4216135527808 182
1757517938160 88.09627535026263 183
1757517938170 87.77221742380085 184
1757517938180 87.44943467893476 185
1757517938189 87.12792204159571 186
1757517938199 86.80767445802691 187
1757517938208 86.4886868946991 188
1757517938218 86.17095433823341 189
1757517938228 85.85447179531762 190
1757517938238 85.53923429262568 191
1757517938248 85.22523687674051 192
1757517938258 84.91247461407062 193
1757517938268 84.60094259077302 194
1757517938277 84.29063591267227 195
1757517938287 83.9815497051818 196
1757517938297 83.67367911322738 197
1757517938307 83.367019301166 198
1757517938317 83.06156545270893 199
1757517938327 82.75731277084523 200
1757517938337 82.45425647776226 201
1757517938349 82.1523918147696 202
1757517938359 81.85171404222291 203
1757517938369 81.552218439446 204
1757517938379 81.25390030465546 205
1757517938389 80.95675495488565 206
1757517938399 80.66077772591119 207
1757517938409 80.36596397217285 208
1757517938418 80.07230906670237 209
1757517938428 79.7798084010491 210
1757517938438 79.48845738520214 211
1757517938448 79.1982514475203 212
1757517938458 78.90918603465529 213
1757517938468 78.62125661147971 214
1757517938477 78.33445866101428 215
1757517938487 78.04878768435367 216
1757517938497 77.76423920059364 217
1757517938507 77.48080874676114 218
1757517938516 77.19849187773933 219
1757517938527 76.91728416619792 220
1757517938537 76.63718120252041 221
1757517938547 76.35817859473387 222
1757517938556 76.08027196843808 223
1757517938566 75.80345696673322 224
1757517938576 75.52772925015198 225
1757517938586 75.25308449658846 226
1757517938596 74.9795184012274 227
1757517938606 74.70702667647711 228
1757517938616 74.43560505189754 229
1757517938626 74.16524927413383 230
1757517938636 73.89595510684543 231
1757517938646 73.62771833064032 232
1757517938656 73.36053474300414 233
1757517938666 73.09440015823408 234
1757517938675 72.8293104073719 235
1757517938685 72.56526133813475 236
1757517938695 72.30224881484982 237
1757517938705 72.04026871838664 238
1757517938715 71.77931694609126 239
1757517938725 71.51938941171947 240
1757517938736 71.26048204537173 241
1757517938747 71.0025907934267 242
1757517938757 70.74571161847642 243
1757517938767 70.48984049926085 244
1757517938777 70.23497343060278 245
1757517938787 69.98110642334399 246
1757517938797 69.72823550428006 247
1757517938807 69.47635671609751 248
1757517938817 69.22546611730847 249
1757517938827 68.97555978218769 250
1757517938837 68.72663380070928 251
1757517938847 68.47868427848496 252
1757517938858 68.23170733669882 253
1757517938868 67.9856991120471 254
1757517938878 67.74065575667275 255
1757517938888 67.49657343810772 256
1757517938898 67.25344833920725 257
1757517938908 67.0112766580913 258
1757517938918 66.77005460808083 259
1757517938928 66.52977841763779 260
1757517938939 66.29044433030566 261
1757517938949 66.05204860464578 262
1757517938959 65.81458751418006 263
1757517938969 65.5780573473295 264
1757517938980 65.34245440735374 265
1757517938990 65.10777501229401 266
1757517939000 64.87401549490932 267
1757517939010 64.64117220262297 268
1757517939021 64.40924149745892 269
1757517939031 64.17821975598596 270
1757517939041 63.948103369257005 271
1757517939051 63.718888742754 272
1757517939062 63.49057229632728 273
1757517939072 63.26315046413888 274
1757517939083 63.03661969460549 275
1757517939093 62.810976450340334 276
1757517939103 62.58621720809683 277
1757517939114 62.36233845871203 278
1757517939124 62.13933670704878 279
1757517939135 61.91720847194074 280
1757517939145 61.6959502861361 281
1757517939155 61.475558696240455 282
1757517939166 61.256030262663586 283
1757517939176 61.037361559561326 284
1757517939186 60.81954917478272 285
1757517939196 60.60258970981332 286
1757517939207 60.38647977972097 287
1757517939217 60.17121601310221 288
1757517939227 59.95679505202599 289
1757517939238 59.74321355198242 290
1757517939248 59.53046818182507 291
1757517939259 59.31855562372249 292
1757517939269 59.10747257309788 293
1757517939280 58.89721573858314 294
1757517939291 58.687781841960955 295
1757517939301 58.47916761811353 296
1757517939311 58.27136981497058 297
1757517939322 58.0643851934556 298
1757517939332 57.858210527435126 299
1757517939343 57.65284260366599 300
1757517939353 57.44827822174348 301
1757517939364 57.244514194050055 302
1757517939374 57.04154734570456 303
1757517939385 56.83937451451011 304
1757517939395 56.637992550903284 305
1757517939405 56.43739831790464 306
1757517939416 56.23758869106646 307
1757517939426 56.03856055842374 308
1757517939437 55.8403108204446 309
1757517939448 55.642836389977234 310
1757517939458 55.44613419220432 311
1757517939469 55.25020116459113 312
1757517939479 55.055034256836365 313
1757517939489 54.860630430823875 314
1757517939500 54.666986660573315 315
1757517939510 54.47409993219156 316
1757517939521 54.281967243822876 317
1757517939531 54.09058560560413 318
1757517939542 53.899952039611954 319
1757517939553 53.71006357981892 320
1757517939563 53.52091727204336 321
1757517939573 53.332510173902776 322
1757517939584 53.144839354765814 323
1757517939594 52.95790189570655 324
1757517939605 52.771694889455894 325
1757517939616 52.58621544035577 326
1757517939626 52.40146066431184 327
1757517939636 52.217427688747904 328
1757517939647 52.03411365255916 329
1757517939658 51.85151570606693 330
1757517939668 51.669631010970434 331
1757517939679 51.48845674030453 332
1757517939690 51.30799007839232 333
1757517939700 51.128228220799514 334
1757517939711 50.94916837429039 335
1757517939722 50.77080775678226 336
1757517939732 50.59314359730108 337
1757517939743 50.41617313593637 338
1757517939754 50.23989362379709 339
1757517939765 50.06430232296834 340
1757517939775 49.88939650646491 341
1757517939786 49.71517345818999 342
1757517939797 49.54163047289063 343
1757517939807 49.368764856113586 344
1757517939818 49.196573924162706 345
1757517939829 49.02505500405513 346
1757517939840 48.854205433479635 347
1757517939850 48.684022560752155 348
1757517939861 48.51450374477395 349
1757517939872 48.34564635498957 350
1757517939882 48.17744777134406 351
1757517939893 48.009905384240355 352
1757517939904 47.8430165944985 353
1757517939914 47.676778813312595 354
1757517939925 47.511189462210375 355
1757517939935 47.34624597301147 356
1757517939947 47.18194578778426 357
1757517939957 47.018286358808204 358
1757517939968 46.855265148530506 359
1757517939979 46.6928796295249 360
1757517939989 46.53112728445391 361
1757517940000 46.37000560602409 362
1757517940011 46.20951209695036 363
1757517940022 46.049644269912 364
1757517940033 45.89039964751535 365
1757517940043 45.73177576225256 366
1757517940054 45.57377015646204 367
1757517940065 45.41638038228983 368
1757517940076 45.259604001650125 369
1757517940087 45.10343858618386 370
1757517940101 44.94788171722364 371
1757517940112 44.79293098575141 372
1757517940122 44.63858399236197 373
1757517940133 44.48483834722294 374
1757517940144 44.33169167003729 375
1757517940155 44.17914159000476 376
1757517940166 44.02718574578415 377
1757517940177 43.87582178545412 378
1757517940188 43.725047366477696 379
1757517940198 43.574860155662286 380
1757517940209 43.42525782912362 381
1757517940220 43.276238072248354 382
1757517940231 43.127798579656 383
1757517940242 42.979937055162864 384
1757517940252 42.832651211744675 385
1757517940263 42.685938771499856 386
1757517940275 42.53979746561359 387
1757517940285 42.3942250343203 388
1757517940296 42.24921922686828 389
1757517940307 42.104777801483046 390
1757517940318 41.960898525331736 391
1757517940329 41.8175791744869 392
1757517940340 41.67481753389055 393
1757517940351 41.532611397319684 394
1757517940362 41.390958567350125 395
1757517940372 41.24985685532055 396
1757517940383 41.10930408129911 397
1757517940394 40.96929807404643 398
1757517940405 40.829836670982516 399
1757517940416 40.69091771815095 400
1757517940427 40.552539070184814 401
1757517940438 40.414698590271925 402
1757517940449 40.27739415012117 403
1757517940460 40.14062362992718 404
1757517940471 40.004384918337536 405
1757517940482 39.86867591241834 406
1757517940493 39.733494517620215 407
1757517940504 39.598838647745595 408
1757517940515 39.4647062249141 409
1757517940526 39.33109517952991 410
1757517940537 39.19800345024849 411
1757517940549 39.06542898394344 412
1757517940560 38.93336973567353 413
1757517940571 38.80182366864974 414
1757517940582 38.67078875420296 415
1757517940593 38.54026297175124 416
1757517940604 38.41024430876721 417
1757517940616 38.28073076074617 418
1757517940627 38.15172033117355 419
1757517940638 38.023211031493375 420
1757517940650 37.895200881075894 421
1757517940661 37.7676879071856 422
1757517940672 37.640670144951095 423
1757517940683 37.51414563733115 424
1757517940694 37.38811243508562 425
1757517940705 37.26256859674264 426
1757517940716 37.137512188568245 427
1757517940728 37.01294128453555 428
1757517940739 36.88885396629306 429
1757517940751 36.7652483231345 430
1757517940763 36.64212245196772 431
1757517940774 36.51947445728521 432
1757517940786 36.39730245113239 433
1757517940797 36.27560455307837 434
1757517940809 36.1543788901851 435
1757517940820 36.03362359697767 436
1757517940831 35.91333681541472 437
1757517940843 35.79351669485763 438
1757517940854 35.674161392042336 439
1757517940866 35.555269071048436 440
1757517940877 35.436837903270785 441
1757517940889 35.318866067389244 442
1757517940900 35.201351749340475 443
1757517940911 35.08429314228799 444
1757517940922 34.96768844659368 445
1757517940933 34.85153586978929 446
1757517940945 34.735833626546324 447
1757517940956 34.62057993864962 448
1757517940967 34.505773034966694 449
1757517940979 34.391411151421096 450
1757517940990 34.27749253096251 451
1757517941004 34.16401542354005 452
1757517941016 34.05097808607361 453
1757517941027 33.93837878242601 454
1757517941039 33.82621578337458 455
1757517941051 33.71448736658483 456
1757517941062 33.60319181658147 457
1757517941074 33.49232742472179 458
1757517941085 33.38189248916806 459
1757517941096 33.27188531486023 460
1757517941108 33.16230421348849 461
1757517941119 33.05314750346698 462
1757517941130 32.94441350990646 463
1757517941141 32.83610056458695 464
1757517941153 32.728207005931836 465
1757517941164 32.620731178981266 466
1757517941176 32.5136714353645 467
1757517941187 32.40702613327532 468
1757517941199 32.300793637443945 469
1757517941210 32.194972319112225 470
1757517941222 32.08956055600698 471
1757517941233 31.984556732313987 472
1757517941245 31.879959238652216 473
1757517941256 31.775766472047653 474
1757517941268 31.671976835908985 475
1757517941279 31.56858874000056 476
1757517941291 31.465600600417094 477
1757517941303 31.36301083955943 478
1757517941315 31.260817886108335 479
1757517941326 31.15902017499917 480
1757517941337 31.057616147397944 481
1757517941349 30.956604250675554 482
1757517941361 30.855982938382652 483
1757517941372 30.75575067022569 484
1757517941383 30.655905912041565 485
1757517941395 30.556447135774093 486
1757517941406 30.45737281944836 487
1757517941418 30.358681447147127 488
1757517941429 30.260371508986047 489
1757517941441 30.162441501090264 490
1757517941452 30.064889925569872 491
1757517941464 29.96771529049542 492
1757517941475 29.870916109875132 493
1757517941487 29.774490903630955 494
1757517941499 29.678438197573822 495
1757517941510 29.582756523381256 496
1757517941522 29.48744441857364 497
1757517941533 29.392500426489747 498
1757517941545 29.297923096265503 499
