1757518053561 8.197347711022589 0
1757518053570 4.446019192167743 1
1757518053580 1.2034379699003444 2
1757518053589 2.810020314843076 3
1757518053598 2.6156657934485255 4
1757518053607 2.074704763449542 5
1757518053617 1.7994274914593238 6
1757518053626 3.141312933182052 7
1757518053636 0.9823748902027978 8
1757518053646 1.3477095772833876 9
1757518053656 1.5975745936701722 10
1757518053665 2.5665571596912 11
1757518053674 2.340813290832252 12
1757518053684 0.9733780665262834 13
1757518053694 2.116482659662203 14
1757518053703 1.4789546990444868 15
1757518053713 1.0045920405217228 16
1757518053722 1.3793753840496037 17
1757518053732 1.239009522691191 18
1757518053742 0.7818615089226505 19
1757518053751 1.1236401991631353 20
1757518053761 0.756893402428812 21
1757518053771 0.34608692552326364 22
1757518053781 0.5330126829065759 23
1757518053791 0.4418029616305048 24
1757518053801 0.5933577863844777 25
1757518053811 0.26800366134789466 26
1757518053820 0.4359828844069196 27
1757518053830 0.24173358424749078 28
1757518053839 0.37727606402803776 29
1757518053849 0.3449915410259476 30
1757518053859 0.43001883257234763 31
1757518053868 0.39444986542472243 32
1757518053877 0.254789744406349 33
1757518053887 0.14262765176630263 34
1757518053896 0.247701549014366 35
1757518053906 0.13894547832635615 36
1757518053915 0.1578894039406553 37
1757518053925 0.2195136167994568 38
1757518053934 0.1382737308936498 39
1757518053944 0.19653770257741685 40
1757518053953 0.23176253526083493 41
1757518053963 0.1385176011923515 42
1757518053972 0.10705740854485396 43
1757518053982 0.2008243512496667 44
1757518053991 0.20781366631929424 45
1757518054001 0.16904935585323796 46
1757518054011 0.163825467456393 47
1757518054020 0.16219915260857803 48
1757518054030 0.21874608110680396 49
1757518054040 0.0809380506161084 50
1757518054050 0.13050527642045887 51
1757518054060 0.15538264834338936 52
1757518054069 0.12712796120872946 53
1757518054079 0.090826387103068 54
1757518054089 0.07427584344663195 55
1757518054098 0.15259450433503358 56
1757518054108 0.1268134366225257 57
1757518054118 0.07711114886656079 58
1757518054128 0.07750190570964681 59
1757518054137 0.17107868889974756 60
1757518054147 0.16178675564123937 61
1757518054157 0.10442352258219818 62
1757518054167 0.059753886445120405 63
1757518054176 0.26046874900221934 64
1757518054186 0.0624651130102028 65
1757518054196 0.1573625906609537 66
1757518054205 0.113653308271487 67
1757518054215 0.16369265060433313 68
1757518054225 0.14265631483887134 69
1757518054235 0.10129380341075808 70
1757518054245 0.10635893350907032 71
1757518054255 0.11818780662149292 72
1757518054265 0.14672912462399318 73
1757518054275 0.06665359906395005 74
1757518054284 0.18543702709177426 75
1757518054294 0.12613990731500696 76
1757518054304 0.11344077301172333 77
1757518054314 0.0898701393659045 78
1757518054324 0.16004653956367668 79
1757518054334 0.1694440119565909 80
1757518054344 0.10656150512662647 81
1757518054354 0.09363799984159338 82
1757518054364 0.1038309232134614 83
1757518054374 0.08112958275220523 84
1757518054384 0.07186352033475056 85
1757518054393 0.09403657867569556 86
1757518054404 0.13768879556352073 87
1757518054414 0.12040217779799431 88
1757518054424 0.11579072438675783 89
1757518054434 0.10489061467109342 90
1757518054444 0.09222179861621198 91
1757518054454 0.07196793010035578 92
1757518054464 0.09638684418305361 93
1757518054474 0.07038353350245405 94
1757518054484 0.14912382949454064 95
1757518054494 0.08787482828361132 96
1757518054504 0.11845898572254267 97
1757518054514 0.12440611996345216 98
1757518054524 0.07868219753913411 99
1757518054534 0.10772915343150209 100
1757518054544 0.08478750020821044 101
1757518054554 0.15171878295080934 102
1757518054564 0.08221113117737243 103
1757518054574 0.05721025244606286 104
1757518054584 0.12043168223361753 105
1757518054594 0.1169265850067533 106
1757518054604 0.056614058377025024 107
1757518054614 0.09292144249244204 108
1757518054624 0.10412503136834658 109
1757518054634 0.18564340421600162 110
1757518054644 0.08348090261163539 111
1757518054655 0.08821968699878965 112
1757518054665 0.09915698475210771 113
1757518054675 0.07468592846238833 114
1757518054685 0.07775053824065006 115
1757518054695 0.10189489090796171 116
1757518054705 0.06210192632328841 117
1757518054715 0.1015444582030071 118
1757518054733 0.12266745037338446 119
1757518054746 0.06710380845533755 120
1757518054757 0.09685815808352755 121
1757518054768 0.055686607773561554 122
1757518054778 0.14107623906568284 123
1757518054789 0.09111469703376886 124
1757518054799 0.0666644650201721 125
1757518054809 0.10395516405371907 126
1757518054820 0.12733940717832248 127
1757518054830 0.095775289912015 128
1757518054846 0.05451875600808413 129
1757518054863 0.11472404023110779 130
1757518054874 0.09504699258674941 131
1757518054884 0.12066894783991015 132
1757518054894 0.11885604684798068 133
1757518054904 0.10892458522367722 134
1757518054915 0.10096955622449187 135
1757518054925 0.11877666382342837 136
1757518054935 0.0957045382306431 137
1757518054945 0.08054564097474434 138
1757518054956 0.09018403793179842 139
1757518054966 0.06840497758947507 140
1757518054977 0.097863806156414 141
1757518054987 0.0752515291116015 142
1757518054997 0.17000030687934745 143
1757518055007 0.08132514325301025 144
1757518055017 0.07321921583050528 145
1757518055027 0.3276368706783787 146
1757518055038 0.13046458119487048 147
1757518055048 0.08137482788935485 148
1757518055058 0.0854569639382266 149
1757518055069 0.10758162445529343 150
1757518055079 0.0793714873180172 151
1757518055089 0.08170784054122936 152
1757518055100 0.13171901526218852 153
1757518055110 0.10855844786423709 154
1757518055120 0.11490271269139 155
1757518055130 0.0815553743132214 156
1757518055141 0.07456580617282065 157
1757518055151 0.18789947299180604 158
1757518055162 0.06712404449745528 159
1757518055172 0.07832795337990979 160
1757518055182 0.08316201377011972 161
1757518055193 0.1133006642726886 162
1757518055203 0.09977791308550575 163
1757518055213 0.07132208876557808 164
1757518055223 0.08938160377282624 165
1757518055234 0.09691509046506967 166
1757518055244 0.0979697142261267 167
1757518055254 0.0937634666639621 168
1757518055265 0.5906713673491276 169
1757518055275 0.12783618294579097 170
1757518055286 0.08519364782229756 171
1757518055296 0.1220971528853829 172
1757518055306 0.11452859497173795 173
1757518055317 0.09909531944132172 174
1757518055327 0.07618026592483855 175
1757518055337 0.09710964366251237 176
1757518055348 0.08760716688471307 177
1757518055358 0.11470865843757344 178
1757518055369 0.1389937786708973 179
1757518055379 0.12577818409295372 180
1757518055390 0.0764684059162964 181
1757518055400 0.10166414003438314 182
1757518055413 0.04729793475017114 183
1757518055424 0.0924460906523817 184
1757518055434 0.10728887506045066 185
1757518055445 0.2098327151478794 186
1757518055455 0.09448048735335073 187
1757518055466 0.13784078698792362 188
1757518055476 0.10118441917899296 189
1757518055487 0.09736318141920544 190
1757518055497 0.12173320910377167 191
1757518055508 0.07375920685018346 192
1757518055518 0.07425900606781118 193
1757518055529 0.1771995917829005 194
1757518055539 0.10614300111309885 195
1757518055549 0.1582847132274219 196
1757518055560 0.06287152631452737 197
1757518055570 0.125511549450271 198
1757518055581 0.08995055693668721 199
1757518055591 0.10865747606446287 200
1757518055602 0.07948377186201022 201
1757518055612 0.09969566897735874 202
1757518055623 0.1167476992773732 203
1757518055633 0.13101787434100554 204
1757518055644 0.15254834189169317 205
1757518055655 0.11971946536460373 206
1757518055666 0.10418213148180329 207
1757518055677 0.10697563238702376 208
1757518055688 0.06813490093730337 209
1757518055699 0.10292565546797652 210
1757518055709 0.09015367243078405 211
1757518055720 0.1656227958180623 212
1757518055730 0.0879734776985681 213
1757518055741 0.07608238659488034 214
1757518055752 0.10071458041075948 215
1757518055763 0.11785488425777102 216
1757518055773 0.08369158887402141 217
1757518055784 0.11471575030341519 218
1757518055794 0.1934929889849787 219
1757518055805 0.17925873813093382 220
1757518055816 0.11650457443066593 221
1757518055827 0.0646231447866296 222
1757518055838 0.09060892432848741 223
1757518055849 0.0808512563657985 224
1757518055859 0.05203210355349506 225
1757518055870 0.18960019576602857 226
1757518055881 0.2420355100169605 227
1757518055892 0.05819226816619281 228
1757518055903 0.09758944264810435 229
1757518055914 0.07934894139991791 230
1757518055925 0.10611430108805983 231
1757518055936 0.05413050861253839 232
1757518055947 0.07580671044791518 233
1757518055958 0.07231129709827776 234
1757518055969 0.11356736493905091 235
1757518055980 0.13566480345031906 236
1757518055990 0.0946984451954212 237
