1757518028479 170.58211783388117 0
1757518028488 161.20182235254734 1
1757518028497 158.99345202541707 2
1757518028507 148.99994156147113 3
1757518028516 143.2957603354572 4
1757518028525 142.21748178161178 5
1757518028534 131.74399556403682 6
1757518028543 134.1099431565566 7
1757518028552 128.58734710423866 8
1757518028561 118.6930982967264 9
1757518028570 118.80332039277532 10
1757518028580 111.21149006752991 11
1757518028589 105.15775998539878 12
1757518028598 105.40181789166176 13
1757518028607 100.82192261051456 14
1757518028616 105.34372353248871 15
1757518028625 97.63497172122472 16
1757518028634 98.48246522328589 17
1757518028644 83.58589973850198 18
1757518028653 90.05571169467002 19
1757518028662 76.63253711797158 20
1757518028671 72.02085027139664 21
1757518028681 92.11703364357082 22
1757518028691 77.56148971666178 23
1757518028701 72.55778710140515 24
1757518028710 82.19531222689992 25
1757518028719 72.84192352523783 26
1757518028729 70.7097740717466 27
1757518028738 63.41654283424295 28
1757518028748 65.3180028583123 29
1757518028757 67.54624513504152 30
1757518028767 62.7844605493002 31
1757518028776 61.623335625117996 32
1757518028786 63.60888965589172 33
1757518028795 59.62641974565833 34
1757518028804 52.852210575665595 35
1757518028814 59.196161334547924 36
1757518028823 49.63684688677588 37
1757518028832 52.79179615317715 38
1757518028841 53.755223780584934 39
1757518028851 44.130587092190154 40
1757518028860 42.78660953001576 41
1757518028869 41.40061034204057 42
1757518028879 42.91996493466766 43
1757518028888 46.601485008462724 44
1757518028898 40.49392020401514 45
1757518028907 37.79984781668478 46
1757518028917 36.758055306694075 47
1757518028926 36.179580029238416 48
1757518028935 34.31994538932486 49
1757518028945 32.66885625572308 50
1757518028954 30.992416382657886 51
1757518028964 27.106488390627636 52
1757518028974 34.27088620658613 53
1757518028983 32.02117870162182 54
1757518028993 33.77815104478703 55
1757518029002 25.472560837572864 56
1757518029012 30.43392842171525 57
1757518029021 35.7802943977993 58
1757518029031 34.281412914075794 59
1757518029040 30.24486837461018 60
1757518029049 24.174335611354007 61
1757518029059 18.837108281937645 62
1757518029069 22.00027773117703 63
1757518029078 22.566919961836355 64
1757518029088 19.334746554795156 65
1757518029097 28.02678165860503 66
1757518029107 25.25127016495044 67
1757518029116 17.22712039510016 68
1757518029126 24.367333406479545 69
1757518029136 20.37794263252334 70
1757518029145 24.359647528468734 71
1757518029155 20.372891510416913 72
1757518029167 30.232462725405654 73
1757518029177 20.71830505073005 74
1757518029187 16.228381558234087 75
1757518029196 16.361459865918597 76
1757518029206 14.260187960974115 77
1757518029216 14.075838417343267 78
1757518029226 21.124665906256872 79
1757518029235 20.08983807908438 80
1757518029245 22.42963372088534 81
1757518029255 11.690704594980911 82
1757518029265 16.868855102341016 83
1757518029274 15.671757434353074 84
1757518029284 13.618676034315321 85
1757518029294 9.250129207091625 86
1757518029304 21.00658608666934 87
1757518029313 13.11541522822676 88
1757518029323 11.995880789574803 89
1757518029332 10.944889301482347 90
1757518029342 15.93512476972265 91
1757518029352 13.703965542616503 92
1757518029362 9.93223884527017 93
1757518029371 16.48503775085321 94
1757518029381 10.526947606501086 95
1757518029391 8.945448720724476 96
1757518029400 7.778268417707726 97
1757518029410 12.351735759186422 98
1757518029420 14.205724211725359 99
1757518029429 12.954740993593271 100
1757518029440 9.714161197902099 101
1757518029450 8.58989797892836 102
1757518029460 13.883691369131732 103
1757518029470 10.617529009723473 104
1757518029480 12.632763348327105 105
1757518029490 14.168916561967112 106
1757518029500 9.478271610482988 107
1757518029510 9.81074217538804 108
1757518029519 12.885156725285121 109
1757518029529 13.340821837322444 110
1757518029539 15.828259021764024 111
1757518029548 12.412402304884655 112
1757518029558 14.760931883963842 113
1757518029568 3.8069576297057726 114
1757518029578 11.658019566981206 115
1757518029588 7.660227399256741 116
1757518029598 8.046417788495095 117
1757518029607 6.199442204023166 118
1757518029617 6.064899271212061 119
1757518029627 8.785857441644964 120
1757518029637 8.76009484112405 121
1757518029647 7.024671758278533 122
1757518029657 5.902503233832357 123
1757518029667 8.970828469499597 124
1757518029676 3.82034449871928 125
1757518029686 8.917543358407922 126
1757518029697 7.336383280779524 127
1757518029708 10.979408832435295 128
1757518029718 6.891062411362578 129
1757518029728 5.7021308108874615 130
1757518029738 7.6640406083977535 131
1757518029748 6.792096656751599 132
1757518029758 10.372725819817928 133
1757518029778 9.501929792133852 134
1757518029793 1.9823803780175668 135
1757518029803 6.39986625651048 136
1757518029813 12.2545825334551 137
1757518029824 6.461139981740331 138
1757518029833 4.569554161816569 139
1757518029843 9.282381427355048 140
1757518029853 8.11897471387068 141
1757518029863 5.876091163219708 142
1757518029874 5.5078645309742456 143
1757518029884 3.208343188150445 144
1757518029894 6.797166395471168 145
1757518029904 1.6325827312159567 146
1757518029914 7.339663650343957 147
1757518029924 4.94799676557842 148
1757518029934 9.949560511225704 149
1757518029944 6.7496439277047555 150
1757518029954 4.1535490470977825 151
1757518029964 2.800641069684322 152
1757518029974 6.744581201146356 153
1757518029984 4.668439211151216 154
1757518029994 5.780591822838787 155
1757518030004 4.617662156313877 156
1757518030014 4.1951345474378225 157
1757518030024 8.999012520757105 158
1757518030034 6.226827440515573 159
1757518030044 1.3957805562322434 160
1757518030054 5.024694912462705 161
1757518030064 8.902221855117446 162
1757518030074 9.063102955511608 163
1757518030084 5.371593246906059 164
1757518030094 5.673133627861321 165
1757518030105 3.984225839073052 166
1757518030115 3.7947685985198927 167
1757518030125 2.2342587808799936 168
1757518030135 1.9649813965826666 169
1757518030145 3.4323660142203964 170
1757518030155 8.192577136953554 171
1757518030165 2.090680141472409 172
1757518030175 3.61492904089695 173
1757518030186 6.413832417864182 174
1757518030196 7.870048155760188 175
1757518030206 5.277839416450461 176
1757518030216 7.401214166938038 177
1757518030226 4.809865367366418 178
1757518030236 7.488197713036769 179
1757518030246 6.395499336665345 180
1757518030256 3.411798481976725 181
1757518030267 4.290138007359364 182
1757518030277 3.162220836323903 183
1757518030287 2.0217119456198067 184
1757518030297 5.585288004608961 185
1757518030308 4.115402438531918 186
1757518030318 3.585867758409433 187
1757518030328 4.505061180672382 188
1757518030338 3.3968291830506527 189
1757518030348 2.880546287751353 190
1757518030358 4.359600016610353 191
1757518030369 5.748030460068474 192
1757518030379 3.7799427565647687 193
1757518030389 3.2702820996039974 194
1757518030399 2.8898097066454094 195
1757518030410 4.107961283841949 196
1757518030420 4.441522555227131 197
1757518030430 5.700950567564147 198
1757518030440 4.910788983930857 199
1757518030451 1.8636641671107834 200
1757518030461 5.906257725224639 201
1757518030472 5.179446211679041 202
1757518030482 1.9840950494471887 203
1757518030493 1.8656186524864757 204
1757518030503 3.648071335531589 205
1757518030514 5.332886652687571 206
1757518030524 3.466716534080659 207
1757518030535 1.8239179927070455 208
1757518030545 5.694102233250138 209
1757518030556 5.316530104343535 210
1757518030566 8.997226689226753 211
1757518030577 2.034451203671071 212
1757518030589 1.5003275052153473 213
1757518030599 5.25395395332437 214
1757518030610 2.460593725647333 215
1757518030620 6.650467457655493 216
1757518030631 5.359620614756532 217
1757518030641 4.201379883285168 218
1757518030652 2.511628846336252 219
1757518030662 3.4302521643161756 220
1757518030673 2.485415690084998 221
1757518030683 3.632442901032465 222
1757518030694 1.9908387735817274 223
1757518030704 1.8139723365616873 224
1757518030715 3.6965132543144312 225
1757518030726 4.9301045937490695 226
1757518030736 2.50123165015859 227
1757518030747 3.7331426384397797 228
1757518030757 5.275120064505249 229
1757518030768 3.0913240261524284 230
1757518030778 4.226989072182768 231
1757518030789 2.177095565051468 232
1757518030799 3.9359648511703305 233
1757518030810 4.179273759975012 234
1757518030821 4.179670561126744 235
1757518030831 4.483718977499492 236
1757518030842 2.152045702864663 237
1757518030852 3.239794381909771 238
1757518030863 2.4091739282978497 239
1757518030873 2.5696798602991437 240
1757518030884 2.8860455188372556 241
1757518030895 4.585816551043387 242
1757518030906 4.027717931271237 243
1757518030916 2.512305445928906 244
1757518030927 3.9319504768713696 245
1757518030937 1.3265988507152133 246
1757518030948 5.502665941213474 247
1757518030959 3.923950555355563 248
1757518030969 2.842675003671267 249
1757518030980 2.870243173879127 250
1757518030991 2.2530808960375053 251
1757518031001 2.7173226171991867 252
1757518031012 3.2165156646563835 253
1757518031023 4.928619007870671 254
1757518031033 3.642362925616124 255
1757518031044 3.2887466559041383 256
1757518031054 1.1360445963868806 257
1757518031066 3.3934079504274 258
1757518031076 4.146137388585699 259
1757518031087 2.9033380879240664 260
1757518031098 5.580412228675291 261
1757518031108 2.316218412798101 262
1757518031119 2.2850351877947856 263
1757518031130 4.228742534810859 264
1757518031141 4.321986551403515 265
1757518031151 2.5388868694261055 266
1757518031162 2.2460531731089004 267
1757518031173 2.119542045128719 268
1757518031184 2.6922653268638976 269
1757518031194 3.6811704119643136 270
1757518031205 2.1905800210997666 271
1757518031216 3.2464197970118778 272
1757518031226 3.919570850661991 273
1757518031237 3.776526943939031 274
1757518031248 2.3146067299127786 275
1757518031259 7.688589244018527 276
1757518031270 3.2386511289651363 277
1757518031280 3.1890084388265683 278
1757518031291 3.272866715734681 279
1757518031302 3.07272009807786 280
1757518031313 3.1478260735168444 281
1757518031323 8.254201961234475 282
1757518031334 2.5438357961180147 283
1757518031345 4.485167490302442 284
1757518031356 2.193051092578565 285
1757518031367 4.57632208419905 286
1757518031378 2.983495759644188 287
1757518031389 6.277027426947124 288
1757518031400 5.160127262515819 289
1757518031411 1.5139746767923017 290
1757518031422 2.7533941680558986 291
1757518031433 4.972477924015524 292
1757518031444 4.772775837944318 293
1757518031455 2.624450346327838 294
1757518031466 1.7793826003250923 295
1757518031477 4.664835403022602 296
1757518031488 3.7483123029979053 297
1757518031499 5.330519567806165 298
1757518031511 3.8584262840971997 299
1757518031521 4.179801493003326 300
1757518031532 2.1257571486254827 301
1757518031543 2.7335213104354534 302
1757518031554 4.086167260342248 303
1757518031565 3.846709329634686 304
1757518031576 3.670774792700071 305
1757518031587 3.184558014201948 306
1757518031598 4.454149033904671 307
1757518031609 8.671401950459245 308
1757518031620 4.676100859781975 309
1757518031631 4.06936889904179 310
1757518031642 4.925715723596539 311
1757518031653 3.19556395129794 312
1757518031664 3.4992922880994337 313
1757518031675 2.451080256678273 314
1757518031687 5.663966071167527 315
1757518031698 1.7301409678520208 316
1757518031708 2.4866175043182577 317
1757518031720 4.812821316435353 318
1757518031731 3.73825184956455 319
1757518031742 1.6531547521501357 320
1757518031753 2.385147918983632 321
1757518031764 1.7710373809749551 322
1757518031778 6.3905852818885 323
1757518031789 3.8916198092792795 324
1757518031800 2.4283267235334995 325
1757518031812 1.78857693334854 326
1757518031823 3.968375011788836 327
1757518031834 6.631713765153304 328
1757518031845 3.8006495680360457 329
1757518031856 3.3799601951560843 330
1757518031867 3.42170153367839 331
1757518031879 4.34634225819438 332
1757518031890 5.048057790319047 333
1757518031901 4.135448125138301 334
1757518031912 3.4608826179769343 335
1757518031923 3.790114648449748 336
1757518031934 3.6524673584939644 337
1757518031946 2.508168226011296 338
1757518031957 4.032959404326313 339
1757518031968 2.319243257510348 340
1757518031980 3.6302512018313045 341
1757518031991 2.987871833284602 342
1757518032002 3.0737908703325023 343
1757518032014 2.8393760390601255 344
1757518032025 5.16382546948757 345
1757518032037 2.0603481872689984 346
1757518032048 5.681535784759691 347
1757518032059 3.0341758821188947 348
1757518032070 4.795876417459089 349
1757518032082 2.3058040010828598 350
1757518032093 1.7464080279010998 351
1757518032105 3.0593577971265473 352
1757518032116 3.5372272881528954 353
1757518032127 1.6160997117454632 354
1757518032138 4.469994523577245 355
1757518032150 3.0983334929021886 356
1757518032161 3.049992259373728 357
1757518032173 3.4459387365566516 358
1757518032184 4.250145735352371 359
1757518032196 3.3758975615434355 360
1757518032207 4.136141581416421 361
1757518032218 1.822321284210496 362
1757518032230 3.582454696723743 363
1757518032241 2.665945900603388 364
1757518032252 4.003238179236018 365
1757518032264 3.036086543952662 366
1757518032276 2.2280769015800814 367
1757518032287 6.2545880077396765 368
1757518032299 5.3544040542718765 369
1757518032310 3.3853488052933502 370
1757518032322 2.697394551381163 371
1757518032333 3.8241688610896487 372
1757518032345 5.493097145659281 373
1757518032356 3.375457268847179 374
1757518032368 4.180263338159868 375
1757518032379 5.281428067319784 376
1757518032391 4.766859830618928 377
1757518032402 5.533845259869111 378
1757518032414 4.361148898118779 379
1757518032426 4.177314866038637 380
1757518032437 2.970343021488421 381
1757518032449 4.263836407020536 382
1757518032460 3.2814032867499283 383
1757518032472 2.9737543065389382 384
1757518032483 3.7660303375002266 385
1757518032495 3.1717897223101437 386
1757518032507 2.2676241534638732 387
1757518032518 2.630420783145104 388
1757518032530 3.8111557624117056 389
1757518032542 1.9318333901710922 390
1757518032553 2.3152572793965858 391
1757518032565 2.3281724456252255 392
1757518032576 3.166052933640054 393
1757518032588 3.580102752868559 394
1757518032600 2.1045174363722707 395
1757518032611 3.439467029611675 396
1757518032623 3.922851510558058 397
1757518032634 4.294974910254951 398
1757518032646 4.554930058044544 399
1757518032658 4.121917373176793 400
1757518032669 2.2469089960026607 401
1757518032681 3.998717304177528 402
1757518032693 4.088227167671818 403
1757518032706 2.914926061736229 404
1757518032717 3.4968107281904484 405
1757518032729 2.364431309531378 406
1757518032741 4.566036498237478 407
1757518032753 3.149403918806561 408
1757518032765 0.8681977822428071 409
1757518032776 3.4780153943538825 410
1757518032788 4.373434031664066 411
1757518032800 3.2824072625024234 412
1757518032812 3.186879518261337 413
1757518032824 4.787174355486517 414
1757518032836 1.7922816179129026 415
1757518032847 5.351996908738364 416
1757518032859 6.534119734212415 417
1757518032871 3.7488183597446803 418
1757518032883 2.827860195971355 419
1757518032894 4.058431193388814 420
1757518032906 4.506197853284953 421
1757518032918 3.0262504940025923 422
1757518032930 4.075329353527811 423
1757518032941 2.896004817416081 424
1757518032953 1.6432373862462821 425
1757518032965 3.5431695986084883 426
1757518032977 3.2723494497141883 427
1757518032988 5.643253356727501 428
1757518033000 1.7837927931566109 429
1757518033012 2.849828330414024 430
1757518033024 2.3456128711885738 431
1757518033036 3.4708335398141217 432
1757518033048 1.8323002257865129 433
1757518033060 4.615721735776529 434
1757518033071 3.122058420503342 435
1757518033083 4.448807416772917 436
1757518033095 1.3848813399834692 437
1757518033107 2.473691011458859 438
1757518033119 2.940023996919931 439
1757518033130 2.3673678627091213 440
1757518033142 2.3810724196745086 441
1757518033154 3.0833471748525207 442
1757518033167 3.7225786671504912 443
1757518033180 2.4478568435427053 444
1757518033196 2.874463842104648 445
1757518033209 2.3098669580707454 446
1757518033221 2.857541937740574 447
1757518033233 1.4677254538213842 448
1757518033244 3.188828819628798 449
1757518033257 1.3234015637037433 450
1757518033270 1.4492651426274232 451
1757518033282 3.162718792413196 452
1757518033294 2.940862070046811 453
1757518033307 3.8630849986195357 454
1757518033318 5.57869078889813 455
1757518033330 2.695017804728399 456
1757518033342 4.235389424134255 457
1757518033354 3.7417352748940087 458
1757518033366 4.183081848535325 459
1757518033379 3.960721763545023 460
1757518033391 3.0736185071958664 461
1757518033403 3.6953195755867023 462
1757518033415 4.216666598411844 463
1757518033427 2.1743332707013647 464
1757518033439 3.8868538224118585 465
1757518033452 1.9558248297054717 466
1757518033464 3.0543883826726197 467
1757518033476 3.6365189237174436 468
1757518033489 3.7720394982521217 469
1757518033501 1.9653863896068478 470
1757518033513 1.7988707647324838 471
1757518033525 3.9955480769197003 472
1757518033537 3.564303266303407 473
1757518033550 4.7935511869675675 474
1757518033561 3.2060555349081397 475
1757518033573 2.444788711984245 476
1757518033585 3.3431035138376877 477
1757518033598 3.374243493296979 478
1757518033610 4.6705778447690705 479
1757518033622 2.9644756093288014 480
1757518033634 2.6269049437904135 481
1757518033646 3.591831624008078 482
1757518033658 3.0428714889038737 483
1757518033670 2.753757173056536 484
1757518033682 1.4646882182425895 485
1757518033694 2.889768836070187 486
1757518033707 4.289973732061539 487
1757518033719 4.187239636788927 488
1757518033731 1.5991014815499365 489
1757518033743 4.84862315574882 490
1757518033755 2.459511336947356 491
1757518033768 2.091628849636621 492
1757518033780 2.089979017123983 493
1757518033792 2.3741706128385447 494
1757518033804 3.318090288123719 495
1757518033816 3.1614149300711754 496
1757518033828 1.5832673899712477 497
1757518033840 2.5561709256216845 498
1757518033853 1.3940087463626472 499
