1757518245225 0.026094381227015146 0
1757518245264 0.019261516310634094 1
1757518245303 0.004199742537198676 2
1757518245342 0.03443893891530399 3
1757518245382 0.01824632637874948 4
1757518245422 0.012424314030089883 5
1757518245462 0.15375261116838518 6
1757518245501 0.03018821810719457 7
1757518245540 0.019965952377211764 8
1757518245579 0.6171484986742946 9
1757518245618 0.2530287113697346 10
1757518245656 0.42397164770381174 11
1757518245695 0.014633968902869224 12
1757518245734 0.06682587007212658 13
1757518245772 0.10801492896408017 14
1757518245811 0.0027470219138867186 15
1757518245850 0.03138450180726925 16
1757518245889 0.097798458396592 17
1757518245928 0.003944866336457224 18
1757518245967 0.019739949005762293 19
1757518246006 0.022827012967231813 20
1757518246045 0.001374956309076206 21
1757518246084 0.4531679865472555 22
1757518246123 0.0013135722283996916 23
1757518246164 0.05330646557358222 24
1757518246204 0.03191650040205974 25
1757518246244 0.04574919663262273 26
1757518246283 0.08537085424703189 27
1757518246322 0.0028660388382265424 28
1757518246361 0.40486065819544875 29
1757518246400 0.030458236551957004 30
1757518246455 0.004988331922341647 31
1757518246494 0.017890694469965898 32
1757518246533 0.23806147562094693 33
1757518246573 2.4187073949324573 34
1757518246612 0.05113666292552383 35
1757518246650 0.015536856918149114 36
1757518246689 0.10492334199997246 37
1757518246728 0.012172427966030425 38
1757518246767 0.0008975972062083999 39
1757518246806 0.052406353871354755 40
1757518246846 0.004733896106715838 41
1757518246886 0.09104237512393731 42
1757518246928 0.2942581002631165 43
1757518246967 0.584137973145202 44
1757518247006 0.1514457711620351 45
1757518247045 0.03194013475355718 46
1757518247085 0.01794941941693313 47
1757518247125 0.0015439554747596314 48
1757518247164 0.1603749660672699 49
1757518247204 0.06859962650110767 50
1757518247243 0.2367442457135643 51
1757518247283 0.011857793550203704 52
1757518247322 0.08827252943794406 53
1757518247362 0.0007351072832740729 54
1757518247401 0.12809332081494634 55
1757518247441 0.034323619584214586 56
1757518247480 0.030649799822745242 57
1757518247519 0.05809045992800757 58
1757518247559 0.24825298490325942 59
1757518247598 0.0027629155907022774 60
1757518247638 0.04864581404858667 61
1757518247679 0.01719493392954072 62
1757518247720 0.03126292882603111 63
1757518247760 0.4298341816279596 64
1757518247800 0.09743147540683943 65
1757518247841 0.12116577091971423 66
1757518247881 0.016735445599727766 67
1757518247920 0.0014320798983255935 68
1757518247960 0.02060487993926799 69
1757518247999 0.1419360182372188 70
1757518248041 0.00017034444963802674 71
1757518248082 0.08995693676040141 72
1757518248121 0.04045186893458867 73
1757518248162 0.36610670992045946 74
1757518248203 0.19098998066348252 75
1757518248243 0.010255950304531582 76
1757518248282 0.026311052189167353 77
1757518248322 0.06990322440199065 78
1757518248361 0.07112091177725292 79
1757518248404 0.011127894142793731 80
1757518248443 0.005189783605052629 81
1757518248482 0.16995949038470032 82
1757518248522 0.012246684204990825 83
1757518248562 0.04258452452894061 84
1757518248602 0.08571376066109301 85
1757518248642 0.026914120792556326 86
1757518248682 0.045228333820220075 87
1757518248721 0.024450175260374553 88
1757518248761 0.0746044470059368 89
1757518248800 0.00020215282106499476 90
1757518248840 3.380433495227368e-05 91
1757518248880 0.03868003970135762 92
1757518248920 0.040217087324615694 93
1757518248960 0.012430448531526027 94
1757518249002 0.04057232047130794 95
1757518249043 0.21827003488925723 96
1757518249084 0.020049623378049268 97
1757518249125 0.023736581931549542 98
1757518249165 0.40415086397167616 99
1757518249205 0.009019392192861833 100
1757518249245 0.0014120476464485824 101
1757518249284 0.05051639219475375 102
1757518249324 0.027193349565572685 103
1757518249363 0.03627419988000322 104
1757518249404 0.011407949747113757 105
1757518249445 0.17449138291938757 106
1757518249485 0.023733422419637863 107
1757518249526 0.0160999255543607 108
1757518249565 0.028771277301678753 109
1757518249607 1.3670686016831105e-05 110
1757518249647 0.035838215770340645 111
1757518249688 0.0097782456731511 112
1757518249728 0.1799414558758239 113
1757518249767 0.00032252670739650607 114
1757518249807 0.021070256686768533 115
1757518249846 0.21437055820780374 116
1757518249886 0.07082121490333504 117
1757518249926 0.29224303340066915 118
1757518249965 0.008278557641570839 119
1757518250005 0.41204442045440026 120
1757518250044 0.05947405591828206 121
1757518250084 0.15058325525640645 122
1757518250123 0.012627291976226338 123
1757518250164 0.13938707056575847 124
1757518250204 0.0301144731598245 125
1757518250243 0.262297563328905 126
1757518250283 0.05048480781778754 127
1757518250323 0.002039691182655912 128
1757518250363 0.15156860290585702 129
1757518250403 0.1025326596976986 130
1757518250442 0.12346757463557549 131
1757518250482 0.3125804018843902 132
1757518250521 0.17190749338107278 133
1757518250598 0.2960703720033877 134
1757518250639 0.2828214465907241 135
1757518250680 0.0029139636919957887 136
1757518250721 0.08767289968716148 137
1757518250768 0.02216858963012327 138
1757518250807 0.0008974815956684782 139
1757518250847 0.07852438247070301 140
1757518250887 0.0751262946727245 141
1757518250927 0.030282744373291665 142
1757518250967 0.01065125867572076 143
1757518251006 0.05169816465235079 144
1757518251046 0.02441155313115332 145
1757518251086 0.4113789014215755 146
1757518251126 0.006640575237207794 147
1757518251165 0.008622395236418957 148
1757518251206 0.002252513185181071 149
1757518251246 0.07889664861207787 150
1757518251285 0.004664209086998778 151
1757518251325 0.00682954941889374 152
1757518251365 0.003905327790470447 153
1757518251405 0.05474865709266325 154
1757518251444 0.16330202512325764 155
1757518251484 0.034601446943672835 156
1757518251525 0.055879255616929815 157
1757518251565 0.2696900696489306 158
1757518251609 0.016300401624326596 159
1757518251649 0.19334511032504897 160
1757518251689 0.07154070360198395 161
1757518251729 0.07379033868666011 162
1757518251769 5.579865240267482e-06 163
1757518251808 0.03218651391668174 164
1757518251849 0.08109548844751348 165
1757518251889 0.13147928998911804 166
1757518251929 0.03465655299561334 167
1757518251968 0.07522103751679855 168
1757518252008 0.06296019716543307 169
1757518252048 0.11222076114457397 170
1757518252088 0.001003997915587946 171
1757518252127 0.045626728677815795 172
1757518252167 0.009114918187766885 173
1757518252207 3.938067121784608e-05 174
1757518252246 0.14318628702675634 175
1757518252286 0.001987506913729498 176
1757518252327 0.23512655632709603 177
1757518252366 0.01333622403852052 178
1757518252406 0.007723502427148797 179
1757518252446 0.18857356841306347 180
1757518252486 0.09419206006485376 181
1757518252526 0.10430747217766287 182
1757518252565 0.04062815495569194 183
1757518252605 0.1301162881671194 184
1757518252646 0.06891430679545725 185
1757518252689 0.021200084581602198 186
1757518252729 0.08314843596348154 187
1757518252770 0.0014871556697517233 188
1757518252811 0.3598302216960379 189
1757518252851 0.014675242691913809 190
1757518252891 0.20846146832171575 191
1757518252931 0.12778246820598943 192
1757518252971 0.012340597785222583 193
1757518253012 0.025698269674246505 194
1757518253052 0.23926315681357122 195
1757518253094 0.08497556331161978 196
1757518253136 0.00043282023127996913 197
1757518253176 0.9465876233856543 198
1757518253218 0.12874126906674996 199
1757518253267 0.012090172763154376 200
1757518253307 0.178587071895558 201
1757518253347 9.116507705382462e-05 202
1757518253386 0.012055085889168666 203
1757518253426 0.019254675374022055 204
1757518253465 0.05095004064903578 205
1757518253505 0.04665946255486657 206
1757518253545 0.0005253212184500662 207
1757518253586 0.01339759203257568 208
1757518253626 0.0001394872400152321 209
1757518253666 0.018781519138360524 210
1757518253706 0.020467726074276427 211
1757518253746 0.023570545651633846 212
1757518253798 0.028901216956544 213
1757518253856 0.0018498798625831126 214
1757518253896 0.1078487000952765 215
1757518253937 0.00456711967993136 216
1757518253976 0.2630500431501698 217
1757518254017 0.12353775791501374 218
1757518254057 0.017106227361379654 219
1757518254098 0.17416042051701086 220
1757518254138 0.00011451665615599464 221
1757518254178 0.02236596273365959 222
1757518254221 0.1600236909836309 223
1757518254262 0.270900083438231 224
1757518254306 0.04059598677972192 225
1757518254347 0.018502031969871203 226
1757518254388 0.06019030710792891 227
1757518254430 0.19725380872870202 228
1757518254471 0.12942179829438286 229
1757518254512 0.056516795251160934 230
1757518254553 5.962858377717279e-05 231
1757518254593 0.05028608184235778 232
1757518254633 0.003518608833194183 233
1757518254674 0.026256287114183954 234
1757518254715 0.051570742099783434 235
1757518254756 0.19084449366955164 236
1757518254797 0.0171184746886144 237
1757518254849 0.005319438287077935 238
1757518254890 0.04857267124609296 239
1757518254931 0.0192872894859554 240
1757518254971 0.14416946579868517 241
1757518255012 0.059107105145156734 242
1757518255053 0.014893232781986407 243
1757518255093 0.06345671422145995 244
1757518255133 0.12902067958844074 245
1757518255173 0.08368074652743333 246
1757518255213 0.24744107507106805 247
1757518255255 0.4932819275172332 248
1757518255295 0.10533704126656351 249
1757518255335 0.007847857472988608 250
1757518255376 0.0025975992252425914 251
1757518255417 0.025982923104165122 252
1757518255457 0.13994807854653246 253
1757518255497 0.0932332016324157 254
1757518255537 0.08302979073963748 255
1757518255577 0.14365885028192688 256
1757518255617 0.05687636760122341 257
1757518255658 0.10237452817754535 258
1757518255698 0.03371409893378598 259
1757518255738 0.05932623527145914 260
1757518255778 0.0002321748057782746 261
1757518255818 0.004835426778097151 262
1757518255857 0.01445604525570824 263
1757518255898 0.03379714439942005 264
1757518255940 0.03158651893017843 265
1757518255981 0.03880778400481745 266
1757518256021 0.0010738741220188792 267
1757518256062 0.0675476918720771 268
1757518256102 0.09165721593414602 269
1757518256142 0.0024201156495772405 270
1757518256183 0.09739697829816546 271
1757518256222 0.24272849518150474 272
1757518256263 0.027557420883751578 273
1757518256303 0.08175366604952487 274
1757518256343 0.4244663323439126 275
1757518256383 0.024228961201235306 276
1757518256423 0.08294364390053233 277
1757518256463 0.005345497594886695 278
1757518256503 0.03777169555437788 279
1757518256544 0.11597109550697633 280
1757518256584 0.032460849077861786 281
1757518256624 0.12185875693514689 282
1757518256665 0.13496723852854095 283
1757518256705 0.004739394886673138 284
1757518256746 0.04463507989844776 285
1757518256786 0.4005114979294078 286
1757518256826 0.0077659204920374186 287
1757518256866 0.05979065562085899 288
1757518256906 0.13732465099555044 289
1757518256946 0.008299686118527227 290
1757518256986 0.24291802248056932 291
1757518257027 0.0008201430063378689 292
1757518257068 0.01468952232368462 293
1757518257108 0.0027328761984073096 294
1757518257148 8.33277679243817e-05 295
1757518257188 0.5699510076992597 296
1757518257229 0.008962225533254023 297
1757518257269 0.055408598430398075 298
1757518257310 0.04877465644637721 299
1757518257351 0.009336188896966963 300
1757518257391 0.11098497125987686 301
1757518257431 0.08993024677348464 302
1757518257471 7.839846891605291e-05 303
1757518257512 0.5504607571708712 304
1757518257552 0.13664102673169753 305
1757518257593 0.3314425689388566 306
1757518257632 0.06813320052115551 307
1757518257673 0.12963690050299206 308
1757518257713 0.009616075420017784 309
1757518257753 0.08777050669730466 310
1757518257794 0.0192112723034635 311
1757518257834 0.02410620401916451 312
1757518257875 0.28761938224731953 313
1757518257915 0.057783699458929375 314
1757518257956 1.0676753379501187 315
1757518257996 0.03852795647167394 316
1757518258037 0.14985002632840247 317
1757518258078 0.0007308739279689093 318
1757518258119 0.0040423999566577065 319
1757518258160 0.03663719739871444 320
1757518258201 0.0028486453283279593 321
1757518258242 0.011260959223375925 322
1757518258282 0.10250175572255267 323
1757518258322 0.009140880271930675 324
1757518258363 0.04567771332558475 325
1757518258404 0.0008392971900299157 326
1757518258443 0.0061842659230200115 327
1757518258484 0.053290080004871024 328
1757518258525 0.03289796910961619 329
1757518258569 0.042129752664828546 330
1757518258609 0.424878742221247 331
1757518258649 0.1278642271492753 332
1757518258690 0.05194532164941406 333
1757518258731 0.0006628083513535098 334
1757518258772 0.09215808366459437 335
1757518258813 0.08206961001855992 336
1757518258853 0.003309650445690332 337
1757518258894 0.9475740647625417 338
1757518258934 0.11123000289417305 339
1757518258975 0.1549865353632387 340
1757518259015 0.0001546484586508911 341
1757518259056 0.037658181112190756 342
1757518259096 0.06179088298473708 343
1757518259139 0.015436953340070019 344
1757518259181 0.07198886386717795 345
1757518259222 0.5009169540243309 346
1757518259263 0.5907033118374921 347
1757518259303 0.00043226451102174783 348
1757518259344 0.3254113522684218 349
1757518259385 0.016497567575026226 350
1757518259426 0.005186757574679754 351
1757518259466 0.15611911075160684 352
1757518259507 0.13623857420223778 353
1757518259548 0.039817732429005104 354
1757518259589 0.05454456498569458 355
1757518259629 0.05089563269603952 356
1757518259670 0.09118590106215847 357
1757518259710 0.04465823175514611 358
1757518259751 0.08049046830517588 359
1757518259794 0.0634711206808274 360
1757518259834 0.010852229094799673 361
1757518259875 0.002590650420116843 362
1757518259916 0.02932930701006262 363
1757518259957 0.12459447885229553 364
1757518259998 0.13137740247267676 365
1757518260038 0.13948866413261604 366
1757518260079 0.05802356510013011 367
1757518260119 0.4115079422996387 368
1757518260160 0.004860556592853508 369
1757518260201 0.0004493095059045258 370
1757518260242 0.3645791658378993 371
1757518260283 0.005423144655263745 372
1757518260326 0.012285520779349624 373
1757518260367 0.06817457401781113 374
1757518260408 0.0011712917361223678 375
1757518260449 0.016168126943416607 376
1757518260490 0.044866934333946944 377
1757518260531 0.0176549302845229 378
1757518260572 0.27300700242238557 379
1757518260614 0.022081970393280116 380
1757518260654 0.32982330048774305 381
1757518260696 0.033537928044166644 382
1757518260737 0.03570444958435555 383
1757518260777 0.0036007631435341293 384
1757518260819 0.06657063276309778 385
1757518260859 0.006111540863988771 386
1757518260900 0.17975170912367527 387
1757518260941 0.11415805653438327 388
1757518260982 0.0543782120491653 389
1757518261023 0.018306375008555857 390
1757518261065 0.05841445031818068 391
1757518261106 0.00910947597148871 392
1757518261147 0.006632026126571239 393
1757518261189 0.08058080083645446 394
1757518261229 0.4676568915493709 395
1757518261270 0.06950878327239746 396
1757518261312 0.08026676185619085 397
1757518261353 0.0077210398699049014 398
1757518261395 0.37345195533387926 399
1757518261435 0.11333060138930737 400
1757518261477 0.0006183104819796535 401
1757518261518 0.004104516430602036 402
1757518261559 0.24736414008839483 403
1757518261600 0.14092079395505602 404
1757518261641 0.038278220397483555 405
1757518261682 0.01731919448807683 406
1757518261723 0.30606382564927787 407
1757518261763 0.06038878874830063 408
1757518261804 0.19537889334482356 409
1757518261852 0.023322508889624824 410
1757518261893 0.06997812695823317 411
1757518261934 0.014257086232250762 412
1757518261975 0.005889030588780509 413
1757518262016 0.00048040923193824866 414
1757518262058 0.0011526823305351571 415
1757518262099 0.45822365483579264 416
1757518262140 0.0042501505102154075 417
1757518262181 0.012590434664601406 418
1757518262222 0.0730744364886464 419
1757518262263 0.025242888780645744 420
1757518262304 7.551501905857027e-05 421
1757518262346 0.0056898076556317866 422
1757518262386 0.04205257194217016 423
1757518262427 0.04798928469537302 424
1757518262468 0.10642567198179848 425
1757518262511 0.2172748572101991 426
1757518262552 0.2248301121909174 427
1757518262594 0.017929604659972263 428
1757518262634 0.02265547557742914 429
1757518262676 0.29699308292996146 430
1757518262724 0.007455216889796945 431
1757518262765 0.06507015342946058 432
1757518262807 0.13932674560793112 433
1757518262848 0.4237253844764702 434
1757518262890 0.6759058616717076 435
1757518262932 0.20417440336125445 436
1757518262973 0.15735797188838507 437
1757518263014 0.006585169480666273 438
1757518263055 0.0001811611615726442 439
1757518263097 0.043942162380551895 440
1757518263138 0.003379260833788961 441
1757518263179 0.1639723065957788 442
1757518263221 0.012473939279237284 443
1757518263269 0.07206124681912547 444
1757518263311 0.0011241399502066006 445
1757518263353 0.22766466679667155 446
1757518263394 0.017753882316842867 447
1757518263436 0.005753933605918833 448
1757518263477 0.0028355711846729096 449
1757518263518 0.00120793060296906 450
1757518263560 0.02714188299009903 451
1757518263605 0.008914834859833 452
1757518263657 0.1430369095415512 453
1757518263698 0.0143219199377704 454
1757518263740 0.1623691957884389 455
1757518263781 0.11337022286497947 456
1757518263822 0.00010304726507260994 457
1757518263864 0.29180848171994495 458
1757518263905 0.08549998618162817 459
1757518263947 0.040460004378020865 460
1757518263988 0.02167232181355515 461
1757518264030 0.03643097732442538 462
1757518264071 0.04473425754637235 463
1757518264112 0.06757300336441928 464
1757518264154 0.10595167982503442 465
1757518264195 0.126158871433804 466
1757518264236 0.0716627839977844 467
1757518264277 0.05776389785310318 468
1757518264319 0.08954920500199992 469
1757518264360 0.16865108373366472 470
1757518264401 0.027850587747927577 471
1757518264442 0.05564059008012468 472
1757518264484 0.1373951271385661 473
1757518264526 0.30450584808574066 474
1757518264567 0.16450561435437505 475
1757518264609 0.02685205597528563 476
1757518264651 0.21447225119613034 477
1757518264693 0.19643312597167217 478
1757518264734 0.05126921891192966 479
1757518264776 0.025894106673984958 480
1757518264827 0.022092497721674053 481
1757518264871 0.050942976421966484 482
1757518264913 0.0025389258857765533 483
1757518264955 0.007667993735869209 484
1757518264997 0.000195364530717208 485
1757518265038 0.005382102150678217 486
1757518265080 0.00042947468024640944 487
1757518265121 0.017806334542668095 488
1757518265164 0.1286685827700358 489
1757518265205 0.007028909522792008 490
1757518265246 0.11287232014240993 491
1757518265288 0.028009701276308467 492
1757518265330 0.25571094772002306 493
1757518265372 0.22358890272376955 494
1757518265413 0.02175855205638387 495
1757518265455 0.32160927005748746 496
1757518265497 0.16002654769016397 497
1757518265539 0.04195878100727784 498
1757518265581 0.1326016666482273 499
