1757518599352 0.12256202231745361 0
1757518599391 3.7414439324778517 1
1757518599429 0.4693704695784303 2
1757518599467 0.1225656853728717 3
1757518599505 0.005805979140528511 4
1757518599543 0.11931621517651306 5
1757518599596 0.4168978972726129 6
1757518599634 0.030694219692619096 7
1757518599673 0.2800438360508116 8
1757518599712 0.039472285299691226 9
1757518599751 0.005275240895718421 10
1757518599790 0.00015546634687410585 11
1757518599829 0.002833698385590271 12
1757518599868 0.00207293367301678 13
1757518599908 0.005768418999144365 14
1757518599947 0.0010612818334686394 15
1757518599986 0.1161275706005971 16
1757518600024 0.43533142231800565 17
1757518600063 0.00042688644603779607 18
1757518600102 0.07560903460126689 19
1757518600140 0.19680244672161076 20
1757518600179 0.1397355667788434 21
1757518600219 0.009789049506683765 22
1757518600258 0.029060055229536197 23
1757518600297 0.1232195365126336 24
1757518600335 0.05504759841419516 25
1757518600374 0.10528192385743729 26
1757518600413 0.2673003487661051 27
1757518600452 0.09421681445032362 28
1757518600491 0.13042579424146342 29
1757518600530 0.04110884608689233 30
1757518600569 0.003107992667143803 31
1757518600610 0.03468022963580191 32
1757518600649 0.035089611636708734 33
1757518600687 0.014236779598351344 34
1757518600726 0.005678773028447902 35
1757518600767 0.18463069441447316 36
1757518600820 0.13665986485831805 37
1757518600858 0.02010109067250785 38
1757518600897 0.05216746797848743 39
1757518600936 0.008245024056306541 40
1757518600975 0.002090480886770792 41
1757518601014 0.08584447646194458 42
1757518601053 0.04649544431612414 43
1757518601092 0.20224907215822951 44
1757518601130 0.03574946463352537 45
1757518601169 0.054785038976558245 46
1757518601208 0.006800710381687939 47
1757518601247 0.12845368427721612 48
1757518601286 0.010476705900287547 49
1757518601326 0.005137917015036231 50
1757518601366 0.03714466457260327 51
1757518601406 0.01043164813230951 52
1757518601445 0.03551122157110038 53
1757518601484 0.16723715369880995 54
1757518601523 0.07591922743426655 55
1757518601562 0.49414895115885576 56
1757518601601 0.007162932242512157 57
1757518601640 0.09568007187408091 58
1757518601680 0.059311036266217976 59
1757518601719 1.0130915487263657e-05 60
1757518601757 0.024195943095912102 61
1757518601797 0.14225616770733554 62
1757518601836 0.005319626974878558 63
1757518601875 2.2337699510047866e-07 64
1757518601915 0.12455713683387042 65
1757518601954 0.15182952368956926 66
1757518601993 0.02601355595053391 67
1757518602032 0.02537778125466383 68
1757518602071 0.00043549299377511634 69
1757518602110 1.375510557190747 70
1757518602149 1.6761198418980224e-06 71
1757518602188 0.005423262336737936 72
1757518602227 0.088212417393938 73
1757518602266 0.012306727943725526 74
1757518602305 0.06786727975526663 75
1757518602344 4.93503184930558e-06 76
1757518602383 0.27608774765109384 77
1757518602422 0.15721775667859178 78
1757518602461 0.029386614383409063 79
1757518602500 0.0003292659867988508 80
1757518602539 0.21108820700552502 81
1757518602578 0.1832270669695866 82
1757518602617 0.020365803783913297 83
1757518602656 0.020944236886677306 84
1757518602695 0.939396694107411 85
1757518602734 0.02115322378524864 86
1757518602773 8.213505015148118e-05 87
1757518602812 0.4193672895227161 88
1757518602851 0.022980445999705796 89
1757518602890 0.2053735517551535 90
1757518602930 0.025941551908346818 91
1757518602971 0.1869817292389596 92
1757518603010 0.0237230212341768 93
1757518603050 0.0021434086131115375 94
1757518603089 0.013350203463796808 95
1757518603129 0.0010008859275393769 96
1757518603168 0.012880143016978304 97
1757518603207 0.01742186215723774 98
1757518603246 0.0025678453235858916 99
1757518603285 0.014627997388466193 100
1757518603325 0.0013550586020102822 101
1757518603369 0.1066119464134119 102
1757518603409 0.31667835746140066 103
1757518603449 0.03628425588130977 104
1757518603489 0.1340028340783529 105
1757518603528 0.001031155647766672 106
1757518603567 0.005535653332408857 107
1757518603607 0.002024142854288909 108
1757518603648 0.011578963378726747 109
1757518603688 0.014506067488327706 110
1757518603727 0.04801687132085583 111
1757518603766 0.14000565702374426 112
1757518603805 0.12153597441671946 113
1757518603844 0.01027007271808657 114
1757518603883 0.09969350236244592 115
1757518603923 0.33666442628820137 116
1757518603962 0.0027108287589240132 117
1757518604001 0.6569896284932043 118
1757518604041 0.03392259707070918 119
1757518604080 0.025261122323344196 120
1757518604119 0.04683700929458171 121
1757518604158 0.18135868393044455 122
1757518604197 0.014722004078421384 123
1757518604235 0.00642681319660009 124
1757518604275 8.044257899594289e-05 125
1757518604314 0.12195859851914777 126
1757518604353 0.2989328619546438 127
1757518604392 0.05442298209562163 128
1757518604432 0.012274799546292191 129
1757518604471 0.047838614677987876 130
1757518604510 0.019483281161954306 131
1757518604549 0.021255412611972155 132
1757518604588 0.08369482990715735 133
1757518604628 0.4881165240834752 134
1757518604667 0.0011406722793538696 135
1757518604707 0.00044791888111955395 136
1757518604746 0.11300806189624649 137
1757518604785 0.03215766750801929 138
1757518604824 0.00022515472533559755 139
1757518604864 0.08732947121120961 140
1757518604903 0.04346857491422235 141
1757518604954 2.6662143916002382e-05 142
1757518604994 0.010913304987081499 143
1757518605034 0.005790322042501952 144
1757518605074 0.12411327706519355 145
1757518605113 0.14402101763875327 146
1757518605153 0.0013845419603874774 147
1757518605192 0.012335530585145561 148
1757518605232 0.04923868263561957 149
1757518605272 0.01902233524278638 150
1757518605311 0.021502022671792475 151
1757518605351 0.00016962534076575555 152
1757518605390 0.24452888445399382 153
1757518605430 0.1328121892473561 154
1757518605470 0.03154041323525506 155
1757518605509 0.03678784069731303 156
1757518605549 0.019404854074540265 157
1757518605588 0.0038698974653764684 158
1757518605628 0.15853250001077882 159
1757518605667 0.05143835329135073 160
1757518605706 0.38201806214768824 161
1757518605746 0.20913223493911787 162
1757518605785 0.018749422406002154 163
1757518605824 0.24193251712597102 164
1757518605864 0.1346647637578205 165
1757518605903 1.0137343331408024 166
1757518605943 0.00018954113215321146 167
1757518605982 0.46324710533492613 168
1757518606022 0.500493854793481 169
1757518606061 0.00023146864099931198 170
1757518606101 0.001409940910115567 171
1757518606140 0.03005568913904959 172
1757518606179 0.0012736592606011254 173
1757518606218 0.010376593416942767 174
1757518606258 0.01778624616798568 175
1757518606297 0.022576222416866444 176
1757518606337 0.0762932532246699 177
1757518606376 0.135351424557044 178
1757518606415 1.0010335644516018e-05 179
1757518606455 0.01702703489148892 180
1757518606494 0.010006080544581 181
1757518606534 0.4591195423814479 182
1757518606574 0.0865971905017175 183
1757518606613 0.0003567713548809946 184
1757518606653 0.07239731948399215 185
1757518606692 0.01216796009258756 186
1757518606732 0.1421984488562472 187
1757518606771 0.03855300663560762 188
1757518606811 0.3005394876801696 189
1757518606851 0.20001203721413605 190
1757518606890 0.00452435406423006 191
1757518606930 0.0040180192040911835 192
1757518606970 0.026357113015138114 193
1757518607010 0.2850808175310612 194
1757518607049 0.007400525744857909 195
1757518607089 0.990678352732813 196
1757518607128 0.02454405302543681 197
1757518607168 0.0013216165275462357 198
1757518607209 0.09671698772820123 199
1757518607249 0.15208113745327176 200
1757518607289 0.19412560719210825 201
1757518607329 0.002678288238674068 202
1757518607369 0.1294432327182231 203
1757518607409 0.09757137401237928 204
1757518607449 0.006806992118622658 205
1757518607489 0.02470105508033224 206
1757518607528 0.0017580306197247533 207
1757518607568 0.006814360099238168 208
1757518607608 0.0004406950599001944 209
1757518607651 0.1678795251947402 210
1757518607690 0.15032535877925052 211
1757518607730 0.15282336722374287 212
1757518607769 0.013090568261639785 213
1757518607809 0.0013207930472255791 214
1757518607848 0.05764864463143896 215
1757518607888 0.0014421527594978111 216
1757518607928 0.004188803220871185 217
1757518607969 0.021980013880395992 218
1757518608008 0.0267736728281803 219
1757518608048 0.0009069513845239423 220
1757518608087 0.0006175752866584191 221
1757518608126 0.03105618720742172 222
1757518608166 0.04350598351910915 223
1757518608206 0.05055200849074167 224
1757518608245 0.4574021336102936 225
1757518608285 0.0682105530879833 226
