1757518608330 0.05561252457083427 0
1757518608368 0.8092295277395509 1
1757518608407 0.03225524275617861 2
1757518608445 0.07027261428798943 3
1757518608483 0.18278543481687212 4
1757518608521 0.0019009507730607827 5
1757518608560 0.0006428718985079444 6
1757518608598 0.41808946038818756 7
1757518608637 0.0596774110163685 8
1757518608676 0.08948449665164042 9
1757518608714 0.03362696736956331 10
1757518608752 0.004686696973515511 11
1757518608791 0.03055841689797037 12
1757518608829 0.04248610215073624 13
1757518608867 0.23266889216225337 14
1757518608906 0.002394706647233104 15
1757518608946 0.109198710766967 16
1757518608984 2.728140411992445e-05 17
1757518609023 0.030932995613343974 18
1757518609061 0.03252542256382077 19
1757518609100 0.03894373906628407 20
1757518609138 2.295599783454468 21
1757518609177 5.16030523324153e-05 22
1757518609215 1.6858734811036363e-05 23
1757518609253 0.004584777659112327 24
1757518609292 0.14320200568792385 25
1757518609330 0.020117319979420373 26
1757518609370 0.10832948003776008 27
1757518609411 0.041900664889665276 28
1757518609450 0.02094861853991985 29
1757518609488 0.1544603230567541 30
1757518609527 0.4039268131105693 31
1757518609567 0.0007404150000595461 32
1757518609606 0.01099181146949608 33
1757518609645 0.10878767783884519 34
1757518609695 0.1540338687365883 35
1757518609734 0.0005527458785008887 36
1757518609773 0.02798610551349726 37
1757518609812 0.010637103335636238 38
1757518609851 0.05324335231756982 39
1757518609890 0.03842291265091835 40
1757518609929 0.12712713698493572 41
1757518609968 0.15825637305268472 42
1757518610007 0.03878140629512895 43
1757518610045 0.00823930406788143 44
1757518610084 0.027805820089372307 45
1757518610123 0.16057707127593057 46
1757518610161 0.04504249731742255 47
1757518610200 0.03174927779534463 48
1757518610238 0.10239682076607684 49
1757518610277 0.0006307144464169779 50
1757518610316 0.06490447007147403 51
1757518610355 0.30628044801094123 52
1757518610394 0.24501400417190972 53
1757518610433 0.002643947241908242 54
1757518610471 0.060638023253360984 55
1757518610510 0.18820989758149162 56
1757518610549 0.0026960528116231697 57
1757518610588 0.034600075785372365 58
1757518610627 0.12352473577984605 59
1757518610666 0.015069339567268384 60
1757518610705 0.026096364892164086 61
1757518610743 0.009225701042344544 62
1757518610782 0.1127122778870752 63
1757518610820 0.043387012645783776 64
1757518610859 0.0001199610146083268 65
1757518610898 0.045322526985101766 66
1757518610937 0.08773168062926368 67
1757518610975 0.08300634144524913 68
1757518611014 0.04521896915179781 69
1757518611053 0.26462719702411625 70
1757518611092 0.07726695198675719 71
1757518611131 0.8791457656330197 72
1757518611170 0.016506260688273204 73
1757518611209 0.0009256337880916359 74
1757518611248 0.03516698692857391 75
1757518611287 0.006930981113301985 76
1757518611326 0.08706484136044731 77
1757518611365 0.09442179855271368 78
1757518611404 0.01082203737896863 79
1757518611443 0.0215070669809237 80
1757518611482 3.723509287364057e-05 81
1757518611521 0.03963402968477126 82
1757518611560 4.224687981396533e-05 83
1757518611601 0.022897596050473736 84
1757518611640 0.04113131838476754 85
1757518611680 0.0007020526947236534 86
1757518611718 0.00716510808148057 87
1757518611757 0.07494122043771291 88
1757518611796 0.00032504693182355333 89
1757518611836 0.021966415901106207 90
1757518611875 0.12830446852075988 91
1757518611914 0.022467245257138672 92
1757518611953 0.023263031018118784 93
1757518611993 0.011572316672378024 94
1757518612033 0.10796607451494929 95
1757518612072 0.21230563700265376 96
1757518612111 0.05164188116682362 97
1757518612150 0.3155004402333177 98
1757518612190 0.11090397950265178 99
1757518612229 0.2976062242475135 100
1757518612269 0.0008282427581366215 101
1757518612308 0.17749729196759534 102
1757518612347 0.1618247410425501 103
1757518612387 0.0008920831120493997 104
1757518612426 0.0160820984534966 105
1757518612466 0.0007340414805046547 106
1757518612505 0.009386898178255708 107
1757518612544 0.29100879486726056 108
1757518612584 0.009528169682197682 109
1757518612624 0.013222060217599911 110
1757518612663 0.005491971078127171 111
1757518612702 0.041398003328644004 112
1757518612741 0.014484078052202996 113
1757518612781 0.001169891377537775 114
1757518612820 0.01948652957205883 115
1757518612859 0.01582532511030913 116
1757518612899 0.4949698666167821 117
1757518612939 0.0059984245728399695 118
1757518612978 0.06753288614866058 119
1757518613018 0.1749021581901851 120
1757518613058 0.0099292045692918 121
1757518613098 0.02504874170131452 122
1757518613137 0.016651200703558758 123
1757518613177 8.120774030551975e-05 124
1757518613217 0.05447778145452066 125
1757518613256 0.13478449520936797 126
1757518613296 0.19372623270036177 127
1757518613336 0.022094673764214413 128
1757518613380 0.2269880699208508 129
1757518613420 0.14648056899830655 130
1757518613460 0.00010069585255072564 131
1757518613499 0.06777132266346542 132
1757518613538 0.08130719039967403 133
1757518613577 0.037060620575660036 134
1757518613616 0.01590910678750723 135
1757518613656 0.09663645875392697 136
1757518613695 0.007330393963896856 137
1757518613734 0.0030789482933793787 138
1757518613774 0.23574661172189887 139
1757518613815 0.01990810574188177 140
1757518613855 0.15571537647420927 141
1757518613894 0.19979568916321536 142
1757518613934 0.007830812872614062 143
1757518613974 0.21774425601247235 144
1757518614014 0.013462644358392055 145
1757518614054 0.0035112859669174388 146
1757518614093 0.003929208724863734 147
1757518614132 0.0014160485204174104 148
1757518614172 0.3701658384740538 149
1757518614211 0.06658132652859242 150
1757518614251 0.002580765669163417 151
1757518614290 0.0012623996329888785 152
1757518614330 2.2444361371351443e-05 153
1757518614369 0.00023382601379815472 154
1757518614409 0.13230267132579215 155
1757518614448 0.2001361467268442 156
1757518614488 0.0020807965936570803 157
1757518614527 0.1191324806610632 158
1757518614567 0.03720447061333145 159
1757518614606 0.10245872940996861 160
1757518614646 0.007996626653841477 161
1757518614685 0.018569758351844004 162
1757518614725 0.003509905098364689 163
1757518614764 0.04297082892757525 164
1757518614804 0.02024454563192856 165
1757518614843 8.440338096999303e-05 166
1757518614882 0.09558815051229684 167
1757518614933 0.028095776212136443 168
1757518614973 0.9506812846063953 169
1757518615012 0.31146614694226643 170
1757518615052 0.0011831115458591315 171
1757518615092 1.7585415138263705 172
1757518615132 0.019738919960441265 173
1757518615172 0.10510564122934168 174
1757518615211 0.0541421954236599 175
1757518615251 0.022858891100061382 176
1757518615291 0.00578592782213872 177
1757518615331 0.004409082727114286 178
1757518615370 0.11710150683157451 179
1757518615410 1.0194254755361138 180
1757518615449 0.024777183763009244 181
1757518615489 0.01525094111152296 182
1757518615528 0.0746823906070651 183
1757518615568 0.036575782418875755 184
1757518615607 0.08927040854705884 185
1757518615647 0.044695125038753336 186
1757518615686 0.5380529959816828 187
1757518615726 0.3390003610412698 188
1757518615765 0.06072018996037005 189
1757518615804 0.010995222693583703 190
1757518615846 0.03636898827541366 191
1757518615886 0.010604956997635355 192
1757518615926 0.01599801169350815 193
1757518615967 0.03235977867606087 194
1757518616008 0.0392763563342962 195
1757518616048 0.02486099095480755 196
1757518616088 1.3094991482558084e-06 197
1757518616128 0.3477667389385125 198
1757518616168 0.12359354349336345 199
1757518616208 0.004424057115444812 200
1757518616248 0.04792487023600529 201
1757518616287 0.010427833410777547 202
1757518616327 3.6160832707905145e-07 203
1757518616368 0.08972212161485865 204
1757518616408 0.016843140808914987 205
1757518616448 7.67889751012322e-05 206
1757518616488 0.0004967344312267684 207
1757518616528 0.042585882646799786 208
1757518616568 0.019379868105306255 209
1757518616607 0.1254300988770422 210
1757518616648 0.03313600515574934 211
1757518616687 0.0017935573494249003 212
1757518616727 0.03572444699752032 213
1757518616767 0.07041461634447815 214
1757518616806 0.007279821652568833 215
1757518616846 0.0003018766109440551 216
1757518616886 0.04178624271828056 217
1757518616926 0.005732596432973975 218
1757518616966 0.0046445961382514936 219
1757518617006 0.025616853277372544 220
1757518617046 0.003996377949312808 221
1757518617086 0.021233031252235822 222
1757518617125 0.01405131779082563 223
1757518617166 0.008138800200672636 224
1757518617205 0.39352210255641934 225
1757518617245 1.0479026141040533 226
1757518617285 0.0015526950128921517 227
1757518617324 0.02847522072952857 228
1757518617364 0.05150701007461347 229
1757518617404 0.9020366281930138 230
1757518617444 0.024894095309956767 231
1757518617487 0.011877582399498288 232
1757518617526 0.21305651726729405 233
1757518617566 0.003197859745487266 234
1757518617605 0.11274525679387365 235
1757518617645 0.08070432322128546 236
1757518617684 0.02935334061480319 237
1757518617724 0.033776293661597935 238
1757518617763 0.014079905312906609 239
1757518617803 0.00025234405003171645 240
1757518617842 0.011158876073046664 241
1757518617882 0.03214131352275143 242
1757518617922 0.0170947559724113 243
1757518617961 0.007740954782343787 244
1757518618001 0.04043137292779553 245
1757518618041 0.000154702181698746 246
1757518618082 0.036193849601101995 247
1757518618123 0.0004302266156359029 248
1757518618164 0.042713720352417286 249
1757518618204 0.019052432474495958 250
1757518618243 0.009249950539314258 251
1757518618283 0.00014171989184200048 252
1757518618323 0.02828989917505316 253
1757518618363 0.1084609357867539 254
1757518618403 0.33447868197553726 255
1757518618442 0.18485076677421186 256
1757518618483 0.008743641478582153 257
1757518618523 0.02884740545021037 258
1757518618563 0.18522630079284405 259
1757518618603 0.016269151302206165 260
1757518618642 1.750125190426231e-05 261
1757518618682 0.02707909354400698 262
1757518618722 0.04720900083322545 263
1757518618762 0.09967914698522914 264
1757518618801 0.07233456670060134 265
1757518618841 0.032336164272822925 266
1757518618881 0.05976325493162132 267
1757518618921 0.0013781993287942437 268
1757518618961 0.06328228363391855 269
1757518619000 0.039130461889493345 270
1757518619040 0.37277894389360355 271
1757518619080 0.12635234403819087 272
1757518619120 0.0510488347286312 273
1757518619160 0.0021807123414933163 274
1757518619200 0.2075135743752174 275
1757518619240 0.0024601844982965844 276
1757518619280 0.0534669422513657 277
1757518619320 0.271474491800478 278
1757518619361 0.013432382166549522 279
1757518619401 0.028895999664601095 280
1757518619441 0.0070963896600788655 281
1757518619482 0.05817966338053459 282
1757518619522 0.12713504243967147 283
1757518619562 0.008951722439799886 284
1757518619603 0.00386610974137395 285
1757518619644 0.008765258697615009 286
1757518619684 0.5429356090004152 287
1757518619724 0.003811715555540092 288
1757518619765 0.42166003396902363 289
1757518619805 0.12709209910768876 290
1757518619846 0.0725075327458796 291
1757518619886 0.022260649834866364 292
1757518619927 0.07513830553449302 293
1757518619967 0.0017274420473878287 294
1757518620008 0.012318450962590901 295
1757518620049 0.028272663711754725 296
1757518620090 0.01781968843352158 297
1757518620130 0.03195000929693271 298
1757518620170 0.010326611690254624 299
1757518620211 0.056001484804516714 300
1757518620251 0.14842376538381885 301
1757518620292 0.002339235662011499 302
1757518620333 0.006773261713113557 303
1757518620374 0.05749441336535398 304
1757518620415 0.04560025143785075 305
1757518620455 0.010730448047230078 306
1757518620496 0.0957797529911056 307
1757518620536 0.01910606597697732 308
1757518620577 0.1779004444398887 309
1757518620617 0.21988418899808554 310
1757518620657 0.002077938710573118 311
1757518620698 0.09683415128447274 312
1757518620738 0.02246910888313256 313
1757518620779 0.1028200242360557 314
1757518620820 0.04731600643377206 315
1757518620860 0.021968958336127824 316
1757518620901 0.004014788883160603 317
1757518620942 0.09161196262310643 318
1757518620982 0.027102229218708113 319
1757518621023 0.010119636466328236 320
1757518621064 0.009160854253566903 321
1757518621104 0.08806173380979883 322
1757518621145 0.00151146505129736 323
1757518621186 0.02421721631210725 324
1757518621226 0.03021075351387774 325
1757518621267 0.015795411910447355 326
1757518621307 0.13387835025813488 327
1757518621348 0.17404138886896958 328
1757518621389 0.2212790423625596 329
1757518621430 0.06962788655594832 330
1757518621471 0.05999158068351835 331
1757518621511 0.15811941859703976 332
1757518621552 1.2233095491776248e-05 333
1757518621593 0.006299854755536639 334
1757518621634 0.01503686775854532 335
1757518621674 0.03885563779533006 336
1757518621714 0.1725841436879555 337
1757518621755 0.05339527292994934 338
1757518621796 0.010053092377175452 339
1757518621837 0.22025688280320813 340
1757518621878 0.026215785027753232 341
1757518621918 0.04377503186427295 342
1757518621959 0.11561833364457952 343
1757518622000 0.007305962516962782 344
1757518622041 0.1777135944455894 345
1757518622082 0.16866154027854804 346
1757518622123 0.0021457238560645313 347
1757518622164 0.3130124147546945 348
1757518622204 0.1618169662575822 349
1757518622245 0.00017720634776024994 350
1757518622285 0.02015004626561282 351
1757518622326 0.012981346934262492 352
1757518622367 0.20475232562446988 353
1757518622408 0.5833838296900574 354
1757518622450 0.058461893120928046 355
1757518622492 0.012295868997874456 356
1757518622533 0.014900072824934265 357
1757518622573 0.0219900090866134 358
1757518622614 0.14001489320505914 359
1757518622655 0.012991718924448933 360
1757518622695 0.0022948768832236964 361
1757518622736 0.34209701319373137 362
1757518622777 0.03253604671693984 363
1757518622818 0.0422748807830784 364
1757518622858 0.03601580387027926 365
1757518622899 0.014081818384087848 366
1757518622940 0.018040186130605037 367
1757518622981 0.06484959088951893 368
1757518623022 0.2383017264441362 369
1757518623063 0.12834424706629405 370
1757518623103 0.3184525937855777 371
1757518623145 0.0478620778106828 372
1757518623187 0.025986160029804337 373
1757518623228 0.05017059242232421 374
1757518623270 0.046625299372616794 375
1757518623310 0.09434450599092727 376
1757518623352 0.04707988782785816 377
1757518623399 0.011624712258696114 378
1757518623441 0.015422152172674031 379
1757518623482 0.0947552796944031 380
1757518623524 0.002219160868249648 381
1757518623565 0.1220914605761584 382
1757518623605 0.0407592849873333 383
1757518623646 0.07667671261245249 384
1757518623687 0.08416022286668669 385
1757518623729 0.6642082600070229 386
1757518623770 0.4331185192668699 387
1757518623810 0.0009790525094871218 388
1757518623850 0.04787312009097226 389
1757518623891 0.39842137024600455 390
1757518623932 0.2739177162900175 391
1757518623973 0.19579364868036092 392
1757518624015 0.020552056816803464 393
1757518624056 0.0005151590496333318 394
1757518624097 0.18949392163186768 395
1757518624138 0.003464957579169579 396
1757518624179 0.008418666894927679 397
1757518624220 0.08471654315193837 398
1757518624261 0.00157970432478399 399
1757518624302 0.0728722291806787 400
1757518624343 0.008509164340358658 401
1757518624384 0.050006925065189806 402
1757518624425 0.018696751026019837 403
1757518624466 0.34560393976811365 404
1757518624507 0.013453959891244174 405
1757518624548 0.00029945635704016477 406
1757518624588 0.04364381195016682 407
1757518624630 0.009504302359202979 408
1757518624672 0.04896943832635516 409
1757518624713 0.06852002858205003 410
1757518624755 0.03051391278451126 411
1757518624796 0.012934310662292224 412
1757518624837 0.018170823850541137 413
1757518624879 0.01821540851954635 414
1757518624930 0.029974015448916876 415
1757518624974 3.030853180614801e-05 416
1757518625016 0.0007482163363648583 417
1757518625057 0.06943751680721595 418
1757518625099 0.0020714861715189917 419
1757518625141 0.029721443225447564 420
1757518625182 0.007677733397948966 421
1757518625222 0.010262540796049028 422
1757518625264 0.4049119064366715 423
1757518625305 0.1119990742961556 424
1757518625346 0.015375489718170047 425
1757518625388 0.01638524592456203 426
1757518625429 0.03917783681428437 427
1757518625470 0.11021872283326833 428
1757518625512 0.012149056278075552 429
1757518625553 0.28591449570870975 430
1757518625594 0.383811978866482 431
1757518625635 0.07343309345484914 432
1757518625676 0.00023677034052011801 433
1757518625717 0.06816978879752059 434
1757518625758 0.03449851360023884 435
1757518625799 0.08847149145218225 436
1757518625841 0.39158310796490475 437
1757518625882 0.3599891392219895 438
1757518625924 1.1288534716559502 439
1757518625966 0.04845337411029712 440
1757518626007 0.08512011131161144 441
1757518626048 0.06505192657772539 442
1757518626090 0.0025859455672452873 443
1757518626131 0.065470568791688 444
1757518626173 0.014901260247352017 445
1757518626214 0.008418914114848691 446
1757518626256 0.09151154520360123 447
1757518626297 0.10083137436769242 448
1757518626338 0.000828261192990493 449
1757518626379 3.3558670020394337e-05 450
1757518626421 0.008069875086731458 451
1757518626462 0.1906513210957621 452
1757518626504 0.00962632440890797 453
1757518626545 0.08611233738466299 454
1757518626587 0.28489595788024136 455
1757518626628 0.01889630782974186 456
1757518626669 0.04112972374957261 457
1757518626710 0.08825792148745569 458
1757518626751 2.1618286622005577e-06 459
1757518626792 0.036300829430066926 460
1757518626835 1.7389559668896067e-06 461
1757518626877 0.3509168077996806 462
1757518626919 0.099243986534731 463
1757518626961 0.1414352378948862 464
1757518627001 0.006187230016180298 465
1757518627043 0.0213087138634392 466
1757518627084 0.23167116450641914 467
1757518627126 0.013297199833197666 468
1757518627167 0.12765273955245926 469
1757518627208 0.010884683687381222 470
1757518627249 0.07753111575804762 471
1757518627291 0.016535877866087217 472
1757518627332 9.121352082263973e-05 473
1757518627373 0.12887265476821752 474
1757518627415 0.1458085501636466 475
1757518627457 0.0006224472582133355 476
1757518627498 0.39270029989256877 477
1757518627539 0.06469236879379896 478
1757518627580 0.2692156861345393 479
1757518627621 0.005419253711377652 480
1757518627662 0.02232946075308338 481
1757518627706 0.043334713461405674 482
1757518627747 0.05516215727297226 483
1757518627789 0.2221631472798115 484
1757518627829 0.017600178157004355 485
1757518627870 0.042777144523365875 486
1757518627911 0.1146368001878916 487
1757518627953 0.03145910562502975 488
1757518627995 0.09561419887887417 489
1757518628035 0.4201545358936523 490
1757518628076 0.00041697002967624525 491
1757518628118 0.14693776278548298 492
1757518628160 0.004529289338604501 493
1757518628201 0.0188595202307428 494
1757518628243 0.00211072699005509 495
1757518628297 0.0018742090368404143 496
1757518628339 0.1163554838660105 497
1757518628381 0.005857148341058642 498
1757518628423 0.0801294604326296 499
