1757517885431 171.00406689516942 0
1757517885440 164.66399417551153 1
1757517885449 158.56867116260295 2
1757517885457 152.7085723323472 3
1757517885468 147.07454456857997 4
1757517885477 141.6577925614873 5
1757517885485 136.44986477961282 6
1757517885494 131.44263999290678 7
1757517885502 126.62831432514537 8
1757517885511 121.999388814885 9
1757517885519 117.54865746496726 10
1757517885528 113.26919576134382 11
1757517885537 109.15434964278205 12
1757517885545 105.19772490370575 13
1757517885553 101.39317701314403 14
1757517885562 97.73480133342746 15
1757517885570 94.21692372291372 16
1757517885579 90.8340915076311 17
1757517885588 87.58106480735988 18
1757517885597 84.45280820218478 19
1757517885606 81.44448272616341 20
1757517885614 78.55143817522887 21
1757517885623 75.76920571698464 22
1757517885632 73.09349079052268 23
1757517885643 70.52016628486362 24
1757517885652 68.04526598506797 25
1757517885661 65.66497827549897 26
1757517885670 63.37564009012885 27
1757517885679 61.1737311001819 28
1757517885687 59.05586812978436 29
1757517885696 57.01879979066599 30
1757517885705 55.05940132730006 31
1757517885713 53.17466966421839 32
1757517885722 51.36171864755517 33
1757517885732 49.61777447318811 34
1757517885740 47.94017129414887 35
1757517885749 46.32634700025814 36
1757517885758 44.77383916321934 37
1757517885767 43.28028114067529 38
1757517885776 41.84339833297976 39
1757517885785 40.46100458668912 40
1757517885794 39.130998739008575 41
1757517885802 37.85136129766373 42
1757517885811 36.62015125086898 43
1757517885820 35.43550300229745 44
1757517885829 34.295623426130554 45
1757517885838 33.19878903748481 46
1757517885847 32.14334327367707 47
1757517885856 31.12769388198177 48
1757517885865 30.15031040969876 49
1757517885874 29.20972179251515 50
1757517885883 28.3045140373022 51
1757517885892 27.4333279956451 52
1757517885901 26.59485722453761 53
1757517885909 25.787845930828293 54
1757517885918 25.011086996127077 55
1757517885927 24.263420079017063 56
1757517885936 23.543729791537142 57
1757517885945 22.85094394702383 58
1757517885953 22.184031876510037 59
1757517885962 21.542002810994056 60
1757517885971 20.92390432699284 61
1757517885980 20.328820852899447 62
1757517885988 19.755872233758357 63
1757517885997 19.20421235216832 64
1757517886006 18.673027803112824 65
1757517886015 18.161536620601595 66
1757517886024 17.668987054093456 67
1757517886033 17.194656392747774 68
1757517886042 16.73784983563105 69
1757517886051 16.29789940607547 70
1757517886059 15.874162908460006 71
1757517886068 15.466022925751247 72
1757517886077 15.072885856206494 73
1757517886086 14.694180987704513 74
1757517886095 14.329359608229792 75
1757517886104 13.97789415109396 76
1757517886113 13.639277373532371 77
1757517886122 13.313021567370813 78
1757517886131 12.998657800503493 79
1757517886140 12.695735187977496 80
1757517886149 12.403820191523545 81
1757517886158 12.12249594641926 82
1757517886167 11.851361614614166 83
1757517886176 11.590031763089922 84
1757517886185 11.33813576646544 85
1757517886194 11.0953172329001 86
1757517886203 10.861233452382153 87
1757517886212 10.635554866525851 88
1757517886221 10.417964559036793 89
1757517886231 10.208157766035526 90
1757517886240 10.005841405463565 91
1757517886249 9.810733624824499 92
1757517886258 9.622563366543382 93
1757517886266 9.441069950255386 94
1757517886276 9.266002671361425 95
1757517886285 9.097120415214548 96
1757517886294 8.93419128632668 97
1757517886303 8.77699225200741 98
1757517886312 8.625308799871652 99
1757517886322 8.478934608673619 100
1757517886332 8.33767123194606 101
1757517886341 8.201327793945174 102
1757517886350 8.069720697419626 103
1757517886360 7.942673342741931 104
1757517886369 7.820015857958801 105
1757517886378 7.701584839333332 106
1757517886387 7.58722310196953 107
1757517886397 7.476779440125972 108
1757517886406 7.370108396839491 109
1757517886415 7.267070042495988 110
1757517886424 7.167529761998998 111
1757517886434 7.071358050200436 112
1757517886443 6.97843031527119 113
1757517886452 6.888626689701684 114
1757517886461 6.801831848634899 115
1757517886470 6.7179348352455515 116
1757517886480 6.636828892890985 117
1757517886489 6.558411303769456 118
1757517886498 6.4825832338324805 119
1757517886507 6.409249583706561 120
1757517886517 6.338318845391372 121
1757517886526 6.2697029645080065 122
1757517886536 6.203317207881942 123
1757517886545 6.139080036252472 124
1757517886554 6.076912981908765 125
1757517886563 6.01674053106125 126
1757517886572 5.958490010763382 127
1757517886582 5.902091480206743 128
1757517886591 5.8474776262197015 129
1757517886600 5.794583662804966 130
1757517886610 5.743347234560321 131
1757517886619 5.69370832383011 132
1757517886629 5.645609161443112 133
1757517886638 5.598994140897218 134
1757517886649 5.553809735856567 135
1757517886658 5.510004420832727 136
1757517886668 5.467528594925914 137
1757517886677 5.426334508507429 138
1757517886687 5.386376192729093 139
1757517886696 5.347609391749495 140
1757517886705 5.309991497572092 141
1757517886714 5.273481487393203 142
1757517886724 5.238039863362796 143
1757517886733 5.203628594664247 144
1757517886743 5.170211061823115 145
1757517886752 5.137752003158426 146
1757517886761 5.1062174632933335 147
1757517886771 5.075574743645405 148
1757517886782 5.045792354819553 149
1757517886791 5.016839970830023 150
1757517886801 4.988688385080519 151
1757517886810 4.961309468034255 152
1757517886819 4.934676126508564 153
1757517886829 4.908762264531011 154
1757517886848 4.883542745696743 155
1757517886863 4.858993356968826 156
1757517886873 4.8350907738655025 157
1757517886882 4.8118125269812575 158
1757517886891 4.789136969789587 159
1757517886901 4.767043247678106 160
1757517886910 4.745511268168275 161
1757517886920 4.724521672274088 162
1757517886929 4.70405580695561 163
1757517886939 4.684095698624935 164
1757517886948 4.664624027664212 165
1757517886957 4.645624103916428 166
1757517886967 4.627079843111421 167
1757517886977 4.608975744191152 168
1757517886986 4.591296867499511 169
1757517886996 4.574028813803052 170
1757517887005 4.557157704111078 171
1757517887014 4.540670160263787 172
1757517887024 4.524553286259437 173
1757517887033 4.508794650291394 174
1757517887043 4.49338226746818 175
1757517887053 4.478304583190239 176
1757517887062 4.463550457157904 177
1757517887072 4.4491091479863165 178
1757517887081 4.434970298404284 179
1757517887091 4.421123921014126 180
1757517887100 4.407560384591267 181
1757517887110 4.394270400902922 182
1757517887120 4.3812450120254605 183
1757517887129 4.368475578141949 184
1757517887139 4.355953765800897 185
1757517887148 4.343671536618896 186
1757517887158 4.331621136409764 187
1757517887169 4.319795084724167 188
1757517887178 4.308186164783897 189
1757517887188 4.296787413795533 190
1757517887197 4.285592113629111 191
1757517887207 4.274593781847877 192
1757517887217 4.263786163075437 193
1757517887226 4.25316322068769 194
1757517887236 4.242719128817022 195
1757517887246 4.232448264656682 196
1757517887256 4.222345201054112 197
1757517887265 4.2124046993820015 198
1757517887275 4.202621702676589 199
1757517887284 4.192991329032993 200
1757517887294 4.183508865247681 201
1757517887304 4.174169760698802 202
1757517887314 4.164969621455187 203
1757517887323 4.1559042046053305 204
1757517887333 4.146969412798191 205
1757517887343 4.138161288987339 206
1757517887353 4.1294760113710876 207
1757517887363 4.120909888521028 208
1757517887373 4.11245935469174 209
1757517887382 4.104120965304946 210
1757517887392 4.095891392601437 211
1757517887402 4.08776742145405 212
1757517887412 4.079745945336522 213
1757517887421 4.071823962441097 214
1757517887431 4.063998571940301 215
1757517887444 4.056266970386747 216
1757517887454 4.048626448246054 217
1757517887464 4.041074386557924 218
1757517887473 4.033608253720152 219
1757517887483 4.026225602391379 220
1757517887493 4.01892406650784 221
1757517887503 4.011701358409715 222
1757517887513 4.004555266073461 223
1757517887522 3.997483650445368 224
1757517887532 3.9904844428731794 225
1757517887542 3.98355564263176 226
1757517887552 3.9766953145394286 227
1757517887562 3.969901586661325 228
1757517887572 3.9631726480969003 229
1757517887582 3.95650674684795 230
1757517887592 3.949902187764526 231
1757517887601 3.943357330565649 232
1757517887611 3.9368705879320096 233
1757517887621 3.9304404236679344 234
1757517887631 3.9240653509302734 235
1757517887641 3.9177439305213073 236
1757517887651 3.911474769243546 237
1757517887661 3.9052565183142223 238
1757517887672 3.8990878718368216 239
1757517887681 3.892967565327993 240
1757517887691 3.886894374297522 241
1757517887701 3.8808671128793915 242
1757517887711 3.8748846325121553 243
1757517887721 3.868945820666643 244
1757517887731 3.8630495996194916 245
1757517887741 3.857194925270244 246
1757517887751 3.8513807860014038 247
1757517887761 3.845606201578581 248
1757517887771 3.8398702220903376 249
1757517887781 3.8341719269257313 250
1757517887791 3.8285104237880097 251
1757517887801 3.822884847743998 252
1757517887812 3.8172943603063616 253
1757517887822 3.8117381485492743 254
1757517887833 3.806215424254817 255
1757517887844 3.8007254230898098 256
1757517887854 3.7952674038116743 257
1757517887864 3.789840647502276 258
1757517887875 3.7844444568287505 259
1757517887885 3.779078155330328 260
1757517887895 3.77374108673017 261
1757517887905 3.7684326142713847 262
1757517887915 3.763152120076183 263
1757517887925 3.7578990045275518 264
1757517887935 3.752672685672352 265
1757517887945 3.74747259864541 266
1757517887955 3.7422981951134298 267
1757517887966 3.7371489427383757 268
1757517887976 3.732024324659326 269
1757517887986 3.72692383899246 270
1757517887996 3.7218469983480404 271
1757517888006 3.7167933293643554 272
1757517888016 3.711762372257426 273
1757517888026 3.706753680386546 274
1757517888036 3.7017668198343023 275
1757517888046 3.696801369001412 276
1757517888057 3.691856918215089 277
1757517888067 3.686933069350968 278
1757517888078 3.682029435467803 279
1757517888088 3.6771456404547767 280
1757517888098 3.672281318690488 281
1757517888109 3.6674361147138503 282
1757517888119 3.662609682905768 283
1757517888129 3.657801687181926 284
1757517888139 3.653011800695562 285
1757517888150 3.648239705550574 286
1757517888160 3.643485092524004 287
1757517888170 3.6387476607980465 288
1757517888181 3.6340271177007573 289
1757517888191 3.6293231784557145 290
1757517888201 3.6246355659397866 291
1757517888211 3.6199640104490323 292
1757517888222 3.6153082494724 293
1757517888232 3.6106680274729213 294
1757517888242 3.6060430956760734 295
1757517888253 3.6014332118651553 296
1757517888263 3.596838140183378 297
1757517888274 3.592257650942564 298
1757517888284 3.5876915204379274 299
1757517888294 3.583139530769044 300
1757517888305 3.578601469666658 301
1757517888315 3.5740771303251058 302
1757517888325 3.5695663112400555 303
1757517888335 3.5650688160517627 304
1757517888347 3.5605844533932434 305
1757517888358 3.556113036743266 306
1757517888368 3.551654384284321 307
1757517888379 3.5472083187648784 308
1757517888389 3.5427746673661993 309
1757517888400 3.5383532615735325 310
1757517888410 3.533943937051103 311
1757517888420 3.52954653352134 312
1757517888430 3.5251608946479203 313
1757517888441 3.520786867922359 314
1757517888452 3.5164243045543144 315
1757517888462 3.512073059365362 316
1757517888473 3.5077329906859807 317
1757517888483 3.5034039602559752 318
1757517888494 3.4990858331277983 319
1757517888504 3.494778477573016 320
1757517888515 3.4904817649917335 321
1757517888525 3.486195569824675 322
1757517888536 3.4819197694680724 323
1757517888546 3.477654244191325 324
1757517888557 3.4733988770569058 325
1757517888567 3.469153553842997 326
1757517888578 3.4649181629683494 327
1757517888588 3.4606925954195034 328
1757517888599 3.4564767446801605 329
1757517888609 3.452270506662897 330
1757517888619 3.4480737796426535 331
1757517888630 3.443886464192521 332
1757517888640 3.439708463121286 333
1757517888651 3.4355396814129255 334
1757517888661 3.4313800261679503 335
1757517888672 3.427229406546408 336
1757517888682 3.4230877337127725 337
1757517888693 3.4189549207821623 338
1757517888703 3.4148308827685256 339
1757517888714 3.4107155365342128 340
1757517888724 3.406608800740788 341
1757517888735 3.402510595801795 342
1757517888745 3.398420843836482 343
1757517888756 3.3943394686250654 344
1757517888767 3.3902663955653205 345
1757517888778 3.386201551630399 346
1757517888788 3.382144865327784 347
1757517888799 3.3780962666596692 348
1757517888809 3.374055687084255 349
1757517888820 3.370023059478188 350
1757517888830 3.3659983181003734 351
1757517888841 3.361981398556277 352
1757517888851 3.3579722377638546 353
1757517888862 3.353970773920033 354
1757517888873 3.3499769464682236 355
1757517888885 3.34599069606701 356
1757517888895 3.3420119645593243 357
1757517888906 3.3380406949428214 358
1757517888917 3.334076831340922 359
1757517888927 3.3301203189747275 360
1757517888938 3.326171104135647 361
1757517888949 3.3222291341589507 362
1757517888960 3.318294357397896 363
1757517888971 3.314366723198593 364
1757517888981 3.310446181875678 365
1757517888992 3.3065326846885474 366
1757517889003 3.302626183818284 367
1757517889013 3.2987266323452498 368
1757517889024 3.2948339842271945 369
1757517889035 3.290948194278099 370
1757517889046 3.287069218147456 371
1757517889057 3.283197012300249 372
1757517889068 3.2793315339973494 373
1757517889079 3.275472741276536 374
1757517889090 3.271620592933927 375
1757517889100 3.2677750485060804 376
1757517889111 3.2639360682523466 377
1757517889122 3.260103613137863 378
1757517889133 3.2562776448170037 379
1757517889144 3.2524581256170655 380
1757517889155 3.2486450185227023 381
1757517889166 3.244838287160465 382
1757517889177 3.2410378957840336 383
1757517889188 3.237243809259493 384
1757517889199 3.2334559930513733 385
1757517889209 3.229674413208761 386
1757517889220 3.225899036351945 387
1757517889231 3.2221298296592926 388
1757517889242 3.2183667608545603 389
1757517889253 3.2146097981944886 390
1757517889264 3.2108589104566607 391
1757517889275 3.2071140669278804 392
1757517889286 3.2033752373924904 393
1757517889297 3.1996423921213557 394
1757517889308 3.1959155018609455 395
1757517889319 3.1921945378226373 396
1757517889329 3.188479471672458 397
1757517889341 3.1847702755209477 398
1757517889352 3.1810669219133736 399
1757517889363 3.1773693838200745 400
1757517889374 3.1736776346271918 401
1757517889386 3.169991648127524 402
1757517889397 3.1663113985116405 403
1757517889408 3.1626368603592114 404
1757517889419 3.158968008630567 405
1757517889430 3.155304818658514 406
1757517889441 3.1516472661401833 407
1757517889452 3.147995327129302 408
1757517889463 3.14434897802849 409
1757517889474 3.140708195581791 410
1757517889485 3.137072956867483 411
1757517889496 3.1334432392908433 412
1757517889507 3.1298190205773455 413
1757517889518 3.1262002787658063 414
1757517889529 3.1225869922018705 415
1757517889541 3.1189791395314956 416
1757517889552 3.1153766996947247 417
1757517889563 3.1117796519195413 418
1757517889574 3.108187975715894 419
1757517889585 3.1046016508697725 420
1757517889596 3.101020657437655 421
1757517889608 3.0974449757408022 422
1757517889619 3.093874586359866 423
1757517889630 3.09030947012962 424
1757517889641 3.0867496081337307 425
1757517889652 3.083194981699699 426
1757517889663 3.079645572393917 427
1757517889674 3.0761013620169027 428
1757517889686 3.0725623325984444 429
1757517889697 3.0690284663931444 430
1757517889708 3.0654997458758495 431
1757517889719 3.061976153737225 432
1757517889730 3.05845767287957 433
1757517889741 3.0549442864124328 434
1757517889753 3.051435977648771 435
1757517889764 3.047932730100739 436
1757517889775 3.044434527475838 437
1757517889787 3.040941353673109 438
1757517889798 3.037453192779401 439
1757517889809 3.033970029065666 440
1757517889821 3.0304918469834385 441
1757517889832 3.027018631161382 442
1757517889843 3.02355036640177 443
1757517889855 3.0200870376772495 444
1757517889866 3.01662863012753 445
1757517889878 3.013175129056239 446
1757517889889 3.009726519927735 447
1757517889900 3.006282788364174 448
1757517889911 3.0028439201423938 449
1757517889923 2.9994099011911075 450
1757517889934 2.9959807175880866 451
1757517889945 2.992556355557198 452
1757517889957 2.989136801465882 453
1757517889968 2.9857220418223553 454
1757517889980 2.9823120632730804 455
1757517889991 2.9789068526001836 456
1757517890003 2.9755063967189246 457
1757517890014 2.972110682675366 458
1757517890026 2.9687196976438748 459
1757517890037 2.9653334289248585 460
1757517890049 2.9619518639424465 461
1757517890060 2.958574990242267 462
1757517890072 2.9552027954892623 463
1757517890083 2.9518352674655572 464
1757517890095 2.948472394068315 465
1757517890108 2.945114163307798 466
1757517890120 2.9417605633052166 467
1757517890132 2.9384115822908816 468
1757517890143 2.935067208602229 469
1757517890154 2.9317274306819696 470
1757517890166 2.9283922370762125 471
1757517890178 2.9250616164326955 472
1757517890189 2.921735557498997 473
1757517890200 2.9184140491208246 474
1757517890212 2.915097080240299 475
1757517890223 2.9117846398943605 476
1757517890235 2.9084767172130603 477
1757517890246 2.9051733014180527 478
1757517890258 2.9018743818209543 479
1757517890269 2.8985799478219287 480
1757517890281 2.8952899889080848 481
1757517890292 2.892004494652121 482
1757517890304 2.888723454710823 483
1757517890315 2.8854468588236606 484
1757517890327 2.8821746968114508 485
1757517890338 2.878906958575019 486
1757517890350 2.8756436340938327 487
1757517890362 2.872384713424775 488
1757517890374 2.8691301867008248 489
1757517890386 2.865880044129842 490
1757517890397 2.8626342759933374 491
1757517890408 2.8593928726453606 492
1757517890420 2.85615582451118 493
1757517890432 2.8529231220863043 494
1757517890443 2.849694755935274 495
1757517890455 2.846470716690579 496
1757517890466 2.8432509950515894 497
1757517890478 2.8400355817834995 498
1757517890489 2.8368244677162906 499
