1757594432471 169.3239456503904 0
1757594432479 169.26038889690773 1
1757594432487 169.1396775065966 2
1757594432496 168.96761152399745 3
1757594432504 168.74944181931195 4
1757594432513 168.48991906225726 5
1757594432521 168.19333890930847 6
1757594432530 167.86358357552405 7
1757594432538 167.50415998380873 8
1757594432546 167.11823469664972 9
1757594432555 166.70866584052493 10
1757594432563 166.27803223295814 11
1757594432571 165.8286599181803 12
1757594432580 165.36264631052325 13
1757594432588 164.8818821359598 14
1757594432596 164.38807135229746 15
1757594432604 163.88274921788874 16
1757594432612 163.3672986677397 17
1757594432621 162.84296514495446 18
1757594432629 162.31087002460075 19
1757594432638 161.77202275665758 20
1757594432646 161.22733184463274 21
1757594432655 160.67761476697757 22
1757594432664 160.12360693938413 23
1757594432673 159.56596980775382 24
1757594432682 159.0052981536955 25
1757594432691 158.44212668725942 26
1757594432701 157.8769359948356 27
1757594432710 157.31015790400798 28
1757594432718 156.74218032148104 29
1757594432728 156.17335159496653 30
1757594432738 155.60398444520231 31
1757594432749 155.0343595098878 32
1757594432759 154.46472853740713 33
1757594432768 153.89531726455792 34
1757594432777 153.32632800926226 35
1757594432786 152.75794200624512 36
1757594432795 152.1903215109579 37
1757594432803 151.62361169458185 38
1757594432812 151.0579423507314 39
1757594432820 150.49342943245244 40
1757594432828 149.93017643631094 41
1757594432837 149.368275648706 42
1757594432846 148.80780926807094 43
1757594432854 148.24885041526704 44
1757594432863 147.69146404327597 45
1757594432871 147.13570775619422 46
1757594432880 146.58163254654255 47
1757594432889 146.02928345902575 48
1757594432897 145.47870018804787 49
1757594432906 144.92991761559304 50
1757594432914 144.38296629540176 51
1757594432923 143.83787288880234 52
1757594432931 143.294660557008 53
1757594432939 142.7533493142291 54
1757594432949 142.21395634550458 55
1757594432957 141.67649629277085 56
1757594432966 141.1409815123428 57
1757594432975 140.60742230665332 58
1757594432984 140.07582713283017 59
1757594432992 139.5462027904115 60
1757594433001 139.0185545903002 61
1757594433010 138.49288650680433 62
1757594433019 137.9692013144849 63
1757594433027 137.44750071130434 64
1757594433036 136.92778542945163 65
1757594433045 136.41005533508354 66
1757594433053 135.8943095180776 67
1757594433062 135.38054637280052 68
1757594433071 134.8687636707896 69
1757594433080 134.35895862615953 70
1757594433089 133.85112795445107 71
1757594433098 133.34526792558816 72
1757594433107 132.84137441152907 73
1757594433116 132.33944292913162 74
1757594433125 131.83946867873638 75
1757594433133 131.34144657886495 76
1757594433142 130.84537129744237 77
1757594433151 130.35123727988878 78
1757594433160 129.85903877438452 79
1757594433168 129.3687698545991 80
1757594433177 128.8804244401363 81
1757594433186 128.39399631492455 82
1757594433195 127.9094791437477 83
1757594433203 127.42686648712356 84
1757594433212 126.94615181467645 85
1757594433221 126.46732851715491 86
1757594433230 125.99038991725041 87
1757594433239 125.51532927930741 88
1757594433247 125.04213981806046 89
1757594433256 124.57081470648312 90
1757594433265 124.10134708283964 91
1757594433274 123.6337300570227 92
1757594433283 123.16795671623888 93
1757594433292 122.70402013012792 94
1757594433301 122.24191335534078 95
1757594433309 121.78162943966474 96
1757594433318 121.32316142571345 97
1757594433327 120.86650235424521 98
1757594433336 120.41164526712937 99
1757594433345 119.95858321001405 100
1757594433354 119.5073092347089 101
1757594433363 119.05781640132389 102
1757594433372 118.61009778017582 103
1757594433380 118.16414645350511 104
1757594433390 117.71995551699631 105
1757594433399 117.27751808114601 106
1757594433408 116.83682727247738 107
1757594433417 116.39787623462699 108
1757594433427 115.96065812930567 109
1757594433436 115.52516613716273 110
1757594433444 115.09139345853772 111
1757594433454 114.65933331414527 112
1757594433462 114.22897894566526 113
1757594433471 113.80032361627055 114
1757594433480 113.37336061109235 115
1757594433489 112.94808323762335 116
1757594433498 112.52448482607444 117
1757594433508 112.10255872968467 118
1757594433517 111.68229832499046 119
1757594433526 111.26369701205539 120
1757594433535 110.84674821466544 121
1757594433544 110.43144538050215 122
1757594433553 110.01778198127981 123
1757594433562 109.60575151286211 124
1757594433571 109.19534749535825 125
1757594433580 108.78656347319823 126
1757594433589 108.37939301518898 127
1757594433598 107.97382971455986 128
1757594433607 107.56986718898621 129
1757594433616 107.16749908060798 130
1757594433625 106.76671905603203 131
1757594433634 106.3675208063263 132
1757594433643 105.96989804700368 133
1757594433653 105.57384451800078 134
1757594433662 105.17935398364307 135
1757594433671 104.78642023261061 136
1757594433681 104.39503707789386 137
1757594433706 104.00519835674366 138
1757594433717 103.61689793062074 139
1757594433727 103.23012968513417 140
1757594433736 102.84488752998533 141
1757594433745 102.46116539890099 142
1757594433754 102.07895724956295 143
1757594433763 101.6982570635423 144
1757594433772 101.31905884622672 145
1757594433781 100.94135662674387 146
1757594433791 100.56514445788788 147
1757594433800 100.19041641603766 148
1757594433809 99.81716660108289 149
1757594433819 99.4453891363404 150
1757594433828 99.07507816847385 151
1757594433837 98.70622786740958 152
1757594433846 98.33883242625856 153
1757594433855 97.97288606122629 154
1757594433865 97.6083830115317 155
1757594433874 97.24531753932503 156
1757594433883 96.88368392959657 157
1757594433892 96.52347649009627 158
1757594433901 96.16468955124566 159
1757594433910 95.8073174660523 160
1757594433919 95.45135461002415 161
1757594433929 95.09679538108395 162
1757594433938 94.7436341994802 163
1757594433947 94.39186550770565 164
1757594433956 94.04148377040693 165
1757594433965 93.69248347430073 166
1757594433975 93.34485912808644 167
1757594433984 92.99860526236206 168
1757594433993 92.65371642953555 169
1757594434003 92.31018720374401 170
1757594434012 91.96801218076291 171
1757594434021 91.6271859779238 172
1757594434030 91.28770323402978 173
1757594434039 90.94955860926804 174
1757594434049 90.612746785128 175
1757594434058 90.27726246431655 176
1757594434067 89.94310037067238 177
1757594434076 89.61025524908293 178
1757594434085 89.2787218654022 179
1757594434095 88.94849500636461 180
1757594434104 88.61956947950613 181
1757594434113 88.29194011307729 182
1757594434123 87.96560175596294 183
1757594434132 87.6405492775992 184
1757594434142 87.31677756789318 185
1757594434152 86.99428153713937 186
1757594434161 86.67305611594097 187
1757594434171 86.3530962551251 188
1757594434180 86.03439692566526 189
1757594434190 85.71695311859975 190
1757594434199 85.40075984495243 191
1757594434208 85.08581213565212 192
1757594434218 84.77210504145307 193
1757594434228 84.45963363285537 194
1757594434237 84.14839300002845 195
1757594434246 83.83837825272931 196
1757594434256 83.52958452022565 197
1757594434265 83.22200695121987 198
1757594434275 82.9156407137687 199
1757594434284 82.61048099520536 200
1757594434293 82.30652300206549 201
1757594434303 82.0037619600085 202
1757594434312 81.70219311374143 203
1757594434322 81.40181172694305 204
1757594434331 81.1026130821868 205
1757594434341 80.80459248086723 206
1757594434351 80.5077452431238 207
1757594434360 80.2120667077655 208
1757594434370 79.9175522321968 209
1757594434379 79.62419719234244 210
1757594434389 79.3319969825757 211
1757594434399 79.04094701564175 212
1757594434408 78.75104272258564 213
1757594434418 78.46227955267844 214
1757594434427 78.17465297334624 215
1757594434437 77.88815847009464 216
1757594434446 77.60279154643906 217
1757594434456 77.31854772383163 218
1757594434465 77.03542254158796 219
1757594434475 76.75341155681929 220
1757594434485 76.47251034435801 221
1757594434494 76.19271449668793 222
1757594434504 75.91401962387438 223
1757594434513 75.63642135349369 224
1757594434523 75.35991533056124 225
1757594434532 75.08449721746491 226
1757594434542 74.8101626938932 227
1757594434552 74.53690745676711 228
1757594434561 74.26472722017033 229
1757594434571 73.99361771528208 230
1757594434583 73.7235746903074 231
1757594434593 73.45459391040941 232
1757594434602 73.1866711576423 233
1757594434612 72.91980223088201 234
1757594434621 72.65398294576165 235
1757594434631 72.38920913460154 236
1757594434641 72.12547664634424 237
1757594434651 71.86278134648803 238
1757594434661 71.60111911701975 239
1757594434670 71.34048585635036 240
1757594434680 71.0808774792482 241
1757594434689 70.82228991677253 242
1757594434699 70.56471911621146 243
1757594434709 70.30816104101389 244
1757594434719 70.05261167072696 245
1757594434729 69.7980670009306 246
1757594434738 69.54452304317418 247
1757594434748 69.29197582491157 248
1757594434758 69.0404213894385 249
1757594434768 68.7898557958296 250
1757594434777 68.54027511887395 251
1757594434787 68.29167544901246 252
1757594434796 68.04405289227732 253
1757594434806 67.79740357022638 254
1757594434816 67.55172361988372 255
1757594434826 67.30700919367688 256
1757594434836 67.06325645937537 257
1757594434845 66.82046160002886 258
1757594434855 66.57862081390664 259
1757594434865 66.33773031443607 260
1757594434875 66.09778633014375 261
1757594434884 65.85878510459261 262
1757594434894 65.6207228963241 263
1757594434904 65.3835959787962 264
1757594434924 65.14740064032597 265
1757594434936 64.9121331840283 266
1757594434947 64.67778992775757 267
1757594434958 64.44436720404885 268
1757594434969 64.21186136005865 269
1757594434979 63.98026875750788 270
1757594434990 63.74958577262095 271
1757594435001 63.51980879607034 272
1757594435013 63.290934232917344 273
1757594435027 63.06295850255587 274
1757594435038 62.83587803865369 275
1757594435050 62.6096892890963 276
1757594435062 62.38438871592968 277
1757594435073 62.159972795304064 278
1757594435084 61.93643801741648 279
1757594435095 61.71378088645676 280
1757594435107 61.49199792054923 281
1757594435119 61.27108565169787 282
1757594435130 61.05104062573265 283
1757594435141 60.83185940225039 284
1757594435152 60.613538554563824 285
1757594435163 60.39607466964326 286
1757594435174 60.17946434806473 287
1757594435185 59.96370420395414 288
1757594435197 59.74879086493366 289
1757594435208 59.53472097206714 290
1757594435221 59.321491179806884 291
1757594435233 59.10909815594046 292
1757594435245 58.897538581536374 293
1757594435257 58.686809150891996 294
1757594435268 58.476906571480484 295
1757594435280 58.26782756389727 296
1757594435291 58.05956886180861 297
1757594435312 57.8521272118989 298
1757594435325 57.64549937381859 299
1757594435336 57.439682120133064 300
1757594435346 57.23467223626939 301
1757594435357 57.030466520467 302
1757594435367 56.827061783724396 303
1757594435377 56.624454849750016 304
1757594435388 56.42264255491065 305
1757594435398 56.22162174818016 306
1757594435409 56.021389291089825 307
1757594435419 55.82194205767867 308
1757594435430 55.623276934442146 309
1757594435440 55.42539082028315 310
1757594435450 55.22828062646284 311
1757594435461 55.03194327655031 312
1757594435471 54.83637570637355 313
1757594435481 54.6415748639719 314
1757594435491 54.447537709544285 315
1757594435502 54.254261215404085 316
1757594435512 54.061742365927785 317
1757594435522 53.869978157508875 318
1757594435533 53.67896559850874 319
1757594435543 53.48870170920837 320
1757594435553 53.29918352176254 321
1757594435564 53.11040808015041 322
1757594435574 52.922372440129344 323
1757594435584 52.73507366918708 324
1757594435594 52.54850884649643 325
1757594435605 52.36267506286661 326
1757594435615 52.17756942069747 327
1757594435625 51.99318903393455 328
1757594435636 51.8095310280202 329
1757594435646 51.62659253984994 330
1757594435657 51.44437071772586 331
1757594435667 51.26286272131108 332
1757594435678 51.08206572158418 333
1757594435689 50.90197690079411 334
1757594435699 50.722593452415445 335
1757594435711 50.543912581103015 336
1757594435722 50.365931502647946 337
1757594435732 50.18864744393211 338
1757594435743 50.01205764288465 339
1757594435754 49.83615934843769 340
1757594435765 49.6609498204822 341
1757594435775 49.486426329823736 342
1757594435786 49.31258615814038 343
1757594435796 49.13942659793752 344
1757594435807 48.96694495250546 345
1757594435818 48.79513853587616 346
1757594435828 48.624004672780956 347
1757594435839 48.4535406986062 348
1757594435850 48.283743959352684 349
1757594435860 48.114611811591395 350
1757594435871 47.94614162242259 351
1757594435881 47.778330769433246 352
1757594435892 47.61117664065492 353
1757594435902 47.4446766345228 354
1757594435913 47.278828159832955 355
1757594435924 47.11362863570186 356
1757594435934 46.949075491525335 357
1757594435945 46.78516616693619 358
1757594435956 46.62189811176474 359
1757594435967 46.459268785997395 360
1757594435977 46.29727565973625 361
1757594435988 46.13591621315834 362
1757594435999 45.975187936475685 363
1757594436009 45.815088329895495 364
1757594436019 45.65561490357985 365
1757594436030 45.49676517760521 366
1757594436040 45.33853668192482 367
1757594436051 45.18092695632687 368
1757594436062 45.02393355039705 369
1757594436073 44.867554023478505 370
1757594436083 44.71178594463299 371
1757594436093 44.5566268926021 372
1757594436104 44.40207445576879 373
1757594436114 44.24812623211835 374
1757594436125 44.094779829200746 375
1757594436135 43.94203286409185 376
1757594436145 43.78988296335518 377
1757594436156 43.63832776300518 378
1757594436167 43.487364908468415 379
1757594436178 43.336992054545526 380
1757594436189 43.1872068653755 381
1757594436199 43.03800701439669 382
1757594436210 42.88939018431043 383
1757594436221 42.741354067044256 384
1757594436231 42.593896363714336 385
1757594436242 42.44701478458981 386
1757594436253 42.30070704905464 387
1757594436263 42.15497088557305 388
1757594436274 42.00980403165145 389
1757594436286 41.8652042338041 390
1757594436300 41.72116924751559 391
1757594436313 41.577696837205956 392
1757594436325 41.43478477619488 393
1757594436337 41.29243084666554 394
1757594436347 41.150632839629836 395
1757594436358 41.009388554893086 396
1757594436369 40.868695801018674 397
1757594436380 40.728552395292645 398
1757594436391 40.588956163690064 399
1757594436402 40.449904940839254 400
1757594436412 40.311396569987316 401
1757594436423 40.1734289029668 402
1757594436434 40.03599980015962 403
1757594436445 39.899107130464515 404
1757594436455 39.762748771262196 405
1757594436466 39.626922608381776 406
1757594436477 39.49162653606656 407
1757594436489 39.35685845694129 408
1757594436499 39.22261628197791 409
1757594436510 39.08889793046265 410
1757594436521 38.955701329962295 411
1757594436531 38.8230244162922 412
1757594436542 38.690865133481964 413
1757594436553 38.55922143374374 414
1757594436564 38.42809127743891 415
1757594436574 38.297472633045835 416
1757594436585 38.16736347712728 417
1757594436596 38.03776179429857 418
1757594436607 37.90866557719442 419
1757594436618 37.78007282643786 420
1757594436628 37.65198155060882 421
1757594436639 37.5243897662102 422
1757594436650 37.39729549763853 423
1757594436661 37.27069677715083 424
1757594436672 37.14459164483506 425
1757594436683 37.018978148576906 426
1757594436694 36.893854344029 427
1757594436704 36.769218294581584 428
1757594436715 36.64506807132939 429
1757594436726 36.52140175304205 430
1757594436737 36.398217426133535 431
1757594436748 36.27551318463129 432
1757594436758 36.153287130146005 433
1757594436769 36.03153737184067 434
1757594436780 35.91026202640168 435
1757594436791 35.789459218007664 436
1757594436802 35.66912707830026 437
1757594436813 35.54926374635417 438
1757594436824 35.429867368646846 439
1757594436835 35.310936099030016 440
1757594436846 35.192468098699685 441
1757594436857 35.074461536166154 442
1757594436868 34.95691458722617 443
1757594436879 34.839825434933054 444
1757594436890 34.72319226956767 445
1757594436901 34.60701328860967 446
1757594436912 34.491286696709075 447
1757594436923 34.37601070565691 448
1757594436934 34.2611835343578 449
1757594436945 34.14680340880021 450
1757594436957 34.0328685620295 451
1757594436967 33.91937723411881 452
1757594436979 33.806327672141634 453
1757594436990 33.69371813014329 454
1757594437002 33.58154686911329 455
1757594437013 33.469812156958376 456
1757594437024 33.35851226847303 457
1757594437035 33.24764548531414 458
1757594437046 33.137210095972534 459
1757594437058 33.02720439574567 460
1757594437069 32.91762668671059 461
1757594437080 32.80847527769662 462
1757594437091 32.69974848425922 463
1757594437103 32.59144462865221 464
1757594437114 32.48356203980138 465
1757594437125 32.376099053278 466
1757594437136 32.2690540112721 467
1757594437147 32.162425262566536 468
1757594437159 32.05621116250951 469
1757594437170 31.950410072989833 470
1757594437181 31.845020362409382 471
1757594437192 31.740040405658494 472
1757594437203 31.63546858408906 473
1757594437215 31.531303285489294 474
1757594437225 31.42754290405746 475
1757594437236 31.324185840377133 476
1757594437248 31.221230501390508 477
1757594437259 31.118675300374715 478
1757594437270 31.016518656914595 479
1757594437281 30.914758996879122 480
1757594437296 30.813394752395297 481
1757594437307 30.71242436182409 482
1757594437318 30.611846269734567 483
1757594437329 30.511658926879573 484
1757594437341 30.41186079017146 485
1757594437352 30.31245032265651 486
1757594437364 30.213425993491764 487
1757594437375 30.114786277919375 488
1757594437386 30.016529657243055 489
1757594437397 29.91865461880356 490
1757594437408 29.821159655955054 491
1757594437420 29.724043268040557 492
1757594437432 29.627303960368337 493
1757594437443 29.53094024418805 494
1757594437455 29.434950636666873 495
1757594437467 29.339333660866327 496
1757594437478 29.24408784571831 497
1757594437489 29.149211726001678 498
1757594437501 29.054703842319633 499
