1757595074572 0.001336848088260402 0
1757595074605 0.10887358576651907 1
1757595074639 0.6942090521511451 2
1757595074672 0.053018872218016294 3
1757595074705 0.29071579827376853 4
1757595074740 0.39647112284918895 5
1757595074774 0.0009590825464424023 6
1757595074808 0.025235946665190283 7
1757595074841 0.06742397050234217 8
1757595074875 0.008157054209846169 9
1757595074908 0.03493200298651778 10
1757595074941 0.03379389772738068 11
1757595074974 0.12841894909280735 12
1757595075007 0.00027382573069500066 13
1757595075040 0.00026962043557571166 14
1757595075073 0.20970347727806235 15
1757595075106 0.11222811828302043 16
1757595075140 0.04681660450178311 17
1757595075173 0.002266846153514202 18
1757595075207 0.09243722952155281 19
1757595075240 0.021228509942434096 20
1757595075273 0.6409861396970704 21
1757595075307 0.03921973633427213 22
1757595075340 0.023769632785476648 23
1757595075373 0.03347867354924916 24
1757595075406 0.09209231719242716 25
1757595075440 1.0318121660770754e-05 26
1757595075473 0.0005424829615294924 27
1757595075507 0.02044465165633428 28
1757595075552 0.0007194515582241418 29
1757595075585 0.03449641784530399 30
1757595075618 0.00341946110014258 31
1757595075652 0.022091886823132935 32
1757595075686 0.09790287947034618 33
1757595075720 0.0024961769238320613 34
1757595075754 0.016293810991052524 35
1757595075799 0.00022412750564377464 36
1757595075840 0.12716002541088212 37
1757595075874 0.003597541921836593 38
1757595075908 0.05328219119900503 39
1757595075941 0.03466236866935308 40
1757595075974 0.09676008676272436 41
1757595076008 0.007099891262084232 42
1757595076041 0.19132516801646823 43
1757595076074 0.2974857227127265 44
1757595076108 0.11399264052960673 45
1757595076141 0.15932802797179962 46
1757595076175 0.027754098165162725 47
1757595076208 0.027349493643597518 48
1757595076241 0.0017708978690901117 49
1757595076275 0.01623531949339545 50
1757595076308 0.029015996155532856 51
1757595076342 0.06332822322329557 52
1757595076376 0.09010828328282715 53
1757595076410 0.04297809539456739 54
1757595076444 0.23147493127105012 55
1757595076477 0.0018035724435810057 56
1757595076511 0.07583453685307477 57
1757595076544 0.1483167301328531 58
1757595076578 0.03796168705021955 59
1757595076611 0.07965799096768471 60
1757595076644 0.022964315695497707 61
1757595076678 0.06617279208722869 62
1757595076711 0.012166512224986768 63
1757595076744 0.0001729091258541326 64
1757595076779 0.07659699299274321 65
1757595076812 0.014590994719549989 66
1757595076846 0.006357151670419815 67
1757595076881 0.10236369345224794 68
1757595076915 0.03180772404544499 69
1757595076948 0.06639327940863272 70
1757595076982 0.07801757294581317 71
1757595077016 1.2977357549696907e-06 72
1757595077049 0.03329271865456545 73
1757595077083 0.10947136826628079 74
1757595077117 0.0174944047340848 75
1757595077151 0.013605361671297467 76
1757595077185 0.0016328370405868662 77
1757595077219 0.6462027424866603 78
1757595077252 0.06813277506613556 79
1757595077286 0.27452367856728493 80
1757595077320 0.06852536669785203 81
1757595077354 0.08164174286016058 82
1757595077388 0.03559500602976439 83
1757595077421 0.041998770322052174 84
1757595077455 0.020002713011194752 85
1757595077488 0.16966800013081382 86
1757595077523 0.005469919942694012 87
1757595077556 0.00891010658370322 88
1757595077590 0.16798311230973814 89
1757595077624 1.4044333696301124e-05 90
1757595077658 0.048802403688994696 91
1757595077692 0.047005681157951444 92
1757595077726 0.060913603957168924 93
1757595077763 0.012932189626759287 94
1757595077797 0.5567583086365361 95
1757595077831 0.3405975231533569 96
1757595077865 0.1830914669556515 97
1757595077900 0.011190063467083544 98
1757595077934 0.0004293198958349939 99
1757595077967 0.0025807349502580852 100
1757595078001 0.00886514929270238 101
1757595078035 0.008633121200182208 102
1757595078069 0.07549766903360099 103
1757595078103 0.0018598760088279675 104
1757595078137 0.020752808612938753 105
1757595078170 0.012115919342279647 106
1757595078204 0.0005325389099049874 107
1757595078238 0.026439993673442606 108
1757595078272 0.17997150356510846 109
1757595078305 0.004018340036560359 110
1757595078339 0.030476426284593905 111
1757595078373 0.041321846458946015 112
1757595078407 0.0033016206546553598 113
1757595078442 0.039496586734165506 114
1757595078476 0.06248650504547387 115
1757595078510 0.9452077636990353 116
1757595078544 0.0843023840049461 117
1757595078577 0.017622314365164087 118
1757595078611 0.2242343064739129 119
1757595078645 0.10241697638563274 120
1757595078679 0.02143469036761667 121
1757595078713 0.0003709118592114391 122
1757595078747 2.062504436665387e-06 123
1757595078781 9.942863728257603e-05 124
1757595078815 8.065332384656394e-06 125
1757595078849 0.06536042109309524 126
1757595078883 0.04744542412112379 127
1757595078917 0.07872093768060304 128
1757595078953 0.004119176011187445 129
1757595078989 0.10449534741058068 130
1757595079023 0.06076529538944443 131
1757595079057 0.1846266397911296 132
1757595079091 0.09302290471743473 133
1757595079125 0.053147847442798435 134
1757595079160 0.13757480017529597 135
1757595079194 0.07083872570755373 136
1757595079229 0.02177041117128642 137
1757595079263 0.0017350006431876243 138
1757595079297 0.14813987742853332 139
1757595079332 0.00719069954321331 140
1757595079366 0.00787483217525306 141
1757595079401 0.026494138567577097 142
1757595079435 0.1259689972922603 143
1757595079469 0.35545859797933527 144
1757595079503 0.16045222657259736 145
1757595079538 2.1661196249332646e-05 146
1757595079573 0.19308104783241456 147
1757595079609 0.08093033066575425 148
1757595079644 0.004699866603574254 149
1757595079680 0.04032666238918101 150
1757595079716 0.0042947797421491124 151
1757595079750 0.04275345970147744 152
1757595079785 0.007063086042783501 153
1757595079819 0.038882710071235886 154
1757595079854 0.0759265181124559 155
1757595079889 0.002406467151566209 156
1757595079923 0.09284887463163019 157
1757595079957 0.03404571531030453 158
1757595079991 3.88491094080896e-06 159
1757595080026 0.2617675828896951 160
1757595080060 0.17867618094317508 161
1757595080095 0.06636955093767627 162
1757595080131 0.9197378347653398 163
1757595080165 0.0047659686150685245 164
1757595080200 0.01059362649602955 165
1757595080234 0.00687646810616103 166
1757595080269 0.21472435192091385 167
1757595080303 0.16782377180797808 168
1757595080337 0.08897852478210873 169
1757595080372 0.00680637080722443 170
1757595080407 0.033434458408405025 171
1757595080442 0.008150986055827517 172
1757595080477 0.016285826969758343 173
1757595080511 0.12920241970742383 174
1757595080546 0.051486101150003585 175
1757595080581 0.16487702726602382 176
1757595080615 0.19601197413704752 177
1757595080650 0.0003526864984503116 178
1757595080685 0.012281588864958224 179
1757595080720 0.03244572796322544 180
1757595080754 0.12272222202483264 181
1757595080789 0.08426880242479051 182
1757595080824 0.06391966882691534 183
1757595080859 0.017758015113248066 184
1757595080894 0.0019315742008661659 185
1757595080929 0.03443693301871692 186
1757595080963 0.09959354781651888 187
1757595080998 0.0017859580698392158 188
1757595081033 0.023413995752213874 189
1757595081068 0.0201686326034148 190
1757595081104 0.3151499484316787 191
1757595081140 1.0793471617526085 192
1757595081175 0.0008987279066768502 193
1757595081210 0.018034487679168702 194
1757595081244 0.06889119599093543 195
1757595081280 0.158587723375774 196
1757595081315 0.07367097043930404 197
1757595081350 0.3821396214753821 198
1757595081385 0.007785690441903353 199
1757595081420 0.037586134046367146 200
1757595081454 0.006414002694557325 201
1757595081488 0.026725085835277638 202
1757595081524 0.031175823281561276 203
1757595081558 0.10935450825785176 204
1757595081593 0.08788217182409751 205
1757595081628 0.17284489448145215 206
1757595081663 2.652501270678268e-06 207
1757595081697 0.039016756457704686 208
1757595081732 0.0004782998626480832 209
1757595081767 0.00015949732818342334 210
1757595081802 0.03799447509862142 211
1757595081837 5.906491262940737e-05 212
1757595081872 0.05144591758991446 213
1757595081907 0.0030858160061363314 214
1757595081941 0.08060895064636457 215
1757595081976 0.3765841829567081 216
1757595082011 0.003168114557796706 217
1757595082046 0.3667777458229847 218
1757595082083 0.36789402580430286 219
1757595082119 0.00015240032208401982 220
1757595082154 0.0250714396557327 221
1757595082189 0.34460135526354735 222
1757595082224 0.031904795305072446 223
1757595082259 0.418062866063792 224
1757595082294 0.0266555425314028 225
1757595082329 0.09435296146378726 226
1757595082364 0.07026307496580972 227
1757595082399 0.008742153036116432 228
1757595082434 0.1283102466861384 229
1757595082469 0.00955958475088571 230
1757595082505 0.013819226659810231 231
1757595082540 0.141311669814332 232
1757595082574 0.013490752621474441 233
1757595082609 0.07823924501729729 234
1757595082644 0.05861310567261579 235
1757595082679 0.025201896216328422 236
1757595082714 0.32127792247494397 237
1757595082749 0.11606855396063688 238
1757595082784 0.016401036654185498 239
1757595082819 0.0065838201214617155 240
1757595082853 0.06418431410135665 241
1757595082889 0.1174785005256112 242
1757595082926 0.0010532699004404884 243
1757595082963 0.009802960392209759 244
1757595083003 0.0890270300026917 245
1757595083038 0.0011057505641997483 246
1757595083075 0.013920173062943852 247
1757595083110 0.00548130115520434 248
1757595083145 0.001968955521730516 249
1757595083180 0.005608117233189081 250
1757595083217 0.006534487505400758 251
1757595083254 0.2140297783439317 252
1757595083289 0.0028669136121930758 253
1757595083325 0.31403324165821267 254
1757595083360 0.06063422022620544 255
1757595083396 0.20272866054951683 256
1757595083431 0.12159285679501834 257
1757595083466 0.01908118182974067 258
1757595083501 0.21278516873346254 259
1757595083536 0.011355816569441842 260
1757595083572 0.017708555445205762 261
1757595083607 0.021654450487917143 262
1757595083642 0.12338691697126963 263
1757595083677 0.1452915593523386 264
1757595083712 0.0030559962878784178 265
1757595083747 0.030453967829854156 266
1757595083782 0.01781431042521112 267
1757595083817 0.010035731627862756 268
1757595083852 0.6980827665195174 269
1757595083887 0.0019255177891555762 270
1757595083922 0.0009273654113548293 271
1757595083957 0.0903363700253614 272
1757595083992 0.14718572750741932 273
1757595084027 0.11141595525029252 274
1757595084062 0.15726977487826582 275
1757595084098 0.12312603358998862 276
1757595084133 0.2417018133085277 277
1757595084169 0.03962907348010938 278
1757595084204 0.44911855645235615 279
1757595084239 0.00023088072587028888 280
1757595084274 0.06349936991166336 281
1757595084309 0.0033206552272516104 282
1757595084344 0.003966419778598272 283
1757595084380 0.1384662396895936 284
1757595084415 0.18552947581487883 285
1757595084451 0.041285524965217146 286
1757595084486 0.45146105150429433 287
1757595084530 0.01639660347861281 288
1757595084569 0.009047254800026716 289
1757595084604 0.07571175603853506 290
1757595084640 0.013933899993610874 291
1757595084674 0.10742982359481809 292
1757595084710 0.030270913621863547 293
1757595084745 0.003799569158594636 294
1757595084780 0.11123562336460183 295
1757595084815 0.0668717163457237 296
1757595084850 0.17523660547150377 297
1757595084885 0.0033089083541065246 298
1757595084920 0.024406521602018262 299
1757595084955 0.01382637641611596 300
1757595084990 0.0168412746957712 301
1757595085026 0.031405682494687455 302
1757595085061 0.02861485081596382 303
1757595085100 0.09118263596967577 304
1757595085136 0.031175866285303902 305
1757595085172 0.0031238250606199984 306
1757595085207 0.06099963122772042 307
1757595085243 0.0828218003852683 308
1757595085278 0.12386593294959884 309
1757595085314 0.015007270037616361 310
1757595085349 0.010217272480288165 311
1757595085385 0.019304617154427172 312
1757595085421 0.08669104160632259 313
1757595085457 0.004585250179395441 314
1757595085493 0.13632677591428283 315
1757595085528 0.000466693902075231 316
1757595085563 0.09484496609864218 317
1757595085598 0.009262464575250384 318
1757595085634 0.012242933525403312 319
1757595085669 0.07278059306400624 320
1757595085705 0.00016629442554614324 321
1757595085740 0.0020207069111488106 322
1757595085776 0.14750351109762164 323
1757595085811 0.029701533940005295 324
1757595085847 0.1311721514003659 325
1757595085882 0.005448786462991065 326
1757595085917 0.0054892272457518826 327
1757595085953 0.15049014647414738 328
1757595085988 0.004138527334607524 329
1757595086023 0.05667924984124852 330
1757595086059 0.04206168889558721 331
1757595086095 0.037998944535219945 332
1757595086130 0.028704740468434256 333
1757595086165 0.07255113214276245 334
1757595086200 4.102239357995828e-08 335
1757595086235 5.518355677259409e-06 336
1757595086271 0.1297280572655054 337
1757595086306 0.055762346038460114 338
1757595086342 0.07242204758058131 339
1757595086378 0.50862793290805 340
1757595086413 2.534926942067454 341
1757595086449 0.2751926886084934 342
1757595086485 0.028704038634466977 343
1757595086523 0.0003476130217704698 344
1757595086559 0.00807726098281434 345
1757595086596 0.02123237800841035 346
1757595086632 0.023623177978457824 347
1757595086668 0.04898699349782125 348
1757595086703 0.0030594667456217304 349
1757595086739 0.20688514185646362 350
1757595086775 0.04126033888332137 351
1757595086811 0.11469321081686538 352
1757595086847 0.03759394657786658 353
1757595086882 0.004877224864279113 354
1757595086918 0.007035784076878999 355
1757595086953 0.05922843388570875 356
1757595086989 0.020833323694187365 357
1757595087025 0.04954119001398899 358
1757595087060 0.1523430016122289 359
1757595087096 0.18071248538937762 360
1757595087132 0.03817731907526541 361
1757595087168 0.04959302539946946 362
1757595087204 0.029123425908726526 363
1757595087240 0.08913290598315668 364
1757595087275 0.20426925971715001 365
1757595087311 0.08254107882279496 366
1757595087347 0.0013564910333602606 367
1757595087382 0.10229527213727273 368
1757595087418 0.04358418446160958 369
1757595087453 0.08377782201548463 370
1757595087490 0.027481569852681322 371
1757595087527 0.19548940451809138 372
1757595087564 0.032931161807231005 373
1757595087599 0.0542446319535009 374
1757595087635 0.08653732851421113 375
1757595087670 0.07219522705798861 376
1757595087706 0.03691558973334884 377
1757595087741 0.09345416988648678 378
1757595087777 0.00012687517285485958 379
1757595087814 0.3686822303861008 380
1757595087849 0.002815444756158401 381
1757595087885 0.006281495374319509 382
1757595087921 0.02111477112145995 383
1757595087956 0.0074896556465772965 384
1757595087992 0.0415731117058724 385
1757595088028 0.12810474723886012 386
1757595088064 0.045552747824194155 387
1757595088099 0.10088234387971466 388
1757595088135 0.020895891108887333 389
1757595088171 0.0016360997531349186 390
1757595088207 0.0029837359272794333 391
1757595088243 0.0004192266394399382 392
1757595088279 0.03768464413082649 393
1757595088314 0.27939538966700267 394
1757595088350 0.03129765020876576 395
1757595088386 0.00024126868519431773 396
1757595088422 1.6977683423236816 397
1757595088458 0.024582296683411713 398
1757595088494 0.014802959778417219 399
1757595088531 0.0007038155771966644 400
1757595088566 3.2915910227777305e-05 401
1757595088603 0.008296933318601167 402
1757595088638 0.23346091101665825 403
1757595088674 0.34545000232446205 404
1757595088710 0.010246040332518422 405
1757595088745 0.001295565596662125 406
1757595088781 0.02855321234827543 407
1757595088817 0.013791339419385205 408
1757595088853 1.2591653689281316e-05 409
1757595088889 0.014617666426838333 410
1757595088925 0.0333544907283445 411
1757595088961 0.02072771884197538 412
1757595088997 0.04763725955792892 413
1757595089033 0.12163926838583591 414
1757595089068 0.00484578206111718 415
1757595089104 0.19215120380845105 416
1757595089140 0.0279206749777004 417
1757595089176 0.011240186246993765 418
1757595089212 0.053823500502715414 419
1757595089247 0.24153499921241373 420
1757595089284 0.08066564427759056 421
1757595089320 0.014908614977546909 422
1757595089355 0.049884495376877044 423
1757595089392 0.028756009593031956 424
1757595089427 0.12376415249007802 425
1757595089463 0.10740713162305737 426
1757595089499 0.07947401344171912 427
1757595089536 0.022611904661584567 428
1757595089574 0.010206296747276532 429
1757595089610 0.008105996813852085 430
1757595089646 0.24646222547256516 431
1757595089683 0.16055645208268457 432
1757595089719 0.008428144304533631 433
1757595089755 0.03741731256969895 434
1757595089791 0.21153817544395181 435
1757595089827 0.0005694071443658831 436
1757595089864 0.0671365203879401 437
1757595089900 0.050813426007521145 438
1757595089937 0.0034890339817975615 439
1757595089973 0.12871303309466467 440
1757595090009 0.001351866871001532 441
1757595090045 0.0951409562165488 442
1757595090082 0.0552969246361918 443
1757595090119 0.013677866690132627 444
1757595090156 0.004091502864587238 445
1757595090192 0.04789399166007279 446
1757595090229 0.012744796679691205 447
1757595090265 0.011208107742890466 448
1757595090301 0.15575327691898594 449
1757595090337 0.19746665719696438 450
1757595090373 0.12652313135760382 451
1757595090409 0.013060546640333641 452
1757595090445 0.12004121322920693 453
1757595090481 0.014003293610104179 454
1757595090518 0.1579951541357838 455
1757595090554 0.004978864311787841 456
1757595090590 0.0006170948498536031 457
1757595090627 5.920459198677883e-05 458
1757595090663 0.028224029108067775 459
1757595090699 0.01572008807296438 460
1757595090735 0.3135767634718519 461
1757595090771 0.09650158095865807 462
1757595090807 0.00022303079062964702 463
1757595090843 0.2952022148951575 464
1757595090879 0.4133693494778262 465
1757595090915 0.010139771086027352 466
1757595090951 0.0779209606769085 467
1757595090987 0.0006729767966999544 468
1757595091024 0.15101837855505343 469
1757595091060 0.17100740607383383 470
1757595091097 0.001883062851333234 471
1757595091133 1.4619263293321982 472
1757595091169 0.04268416593364292 473
1757595091205 0.045912473450181596 474
1757595091241 0.08614881383124755 475
1757595091277 0.016024874169238066 476
1757595091313 0.002129458993851562 477
1757595091349 0.2001096517364768 478
1757595091385 0.053339348882538426 479
1757595091421 0.14080824257896093 480
1757595091457 0.010602578264238669 481
1757595091494 0.07105598356508319 482
1757595091530 0.020895847263667788 483
1757595091566 5.910979796698298e-05 484
1757595091604 0.40983379179817997 485
1757595091641 0.13509849052222508 486
1757595091677 0.027563791490240085 487
1757595091713 0.02873424386103165 488
1757595091749 0.02935368922562229 489
1757595091785 0.040294451140468396 490
1757595091821 0.01303821236287328 491
1757595091858 0.0006990255555275844 492
1757595091894 0.058912059303731945 493
1757595091930 0.04968231449532565 494
1757595091967 0.043742754001900565 495
1757595092003 0.11962680299918745 496
1757595092039 0.0010249491719055768 497
1757595092075 0.19603171160877403 498
1757595092111 0.08165387198968593 499
