1757594437517 169.08220123107452 0
1757594437525 169.0187246948526 1
1757594437534 168.8981658053157 2
1757594437543 168.72631753872082 3
1757594437551 168.50842446176284 4
1757594437560 168.2492316173679 5
1757594437569 167.95302963472847 6
1757594437578 167.62369623337716 7
1757594437587 167.2647343128517 8
1757594437595 166.8793068319722 9
1757594437604 166.4702686869611 10
1757594437613 166.04019579763306 11
1757594437622 165.59141160691726 12
1757594437631 165.12601119223353 13
1757594437640 164.64588317867674 14
1757594437649 164.15272963402256 15
1757594437658 163.64808411506795 16
1757594437666 163.1333280238497 17
1757594437675 162.60970542137403 18
1757594437684 162.07833643571283 19
1757594437693 161.54022939087724 20
1757594437702 160.9962917728924 21
1757594437711 160.4473401399938 22
1757594437720 159.89410907492444 23
1757594437730 159.33725926893644 24
1757594437738 158.7773848192952 25
1757594437747 158.21501981483715 26
1757594437755 157.65064427745162 27
1757594437764 157.08468952119142 28
1757594437773 156.51754298504443 29
1757594437782 155.94955259020372 30
1757594437790 155.38103066793934 31
1757594437799 154.81225749982673 32
1757594437808 154.24348450812843 33
1757594437817 153.67493713053517 34
1757594437826 153.10681741018834 35
1757594437834 152.53930632894438 36
1757594437843 151.97256590913213 37
1757594437851 151.40674110660873 38
1757594437860 150.84196151571476 39
1757594437868 150.27834290469997 40
1757594437877 149.71598859839577 41
1757594437885 149.15499072326108 42
1757594437894 148.59543132844001 43
1757594437903 148.03738339512756 44
1757594437911 147.48091174533965 45
1757594437920 146.92607386007285 46
1757594437928 146.37292061587513 47
1757594437937 145.82149694792116 48
1757594437946 145.2718424469313 49
1757594437954 144.72399189650383 50
1757594437963 144.17797575680308 51
1757594437971 143.63382059994828 52
1757594437980 143.09154950191558 53
1757594437988 142.5511823952925 54
1757594437997 142.01273638678296 55
1757594438006 141.47622604299406 56
1757594438015 140.9416636476499 57
1757594438024 140.40905943309932 58
1757594438034 139.87842178867976 59
1757594438042 139.34975744824354 60
1757594438051 138.8230716589365 61
1757594438060 138.29836833308954 62
1757594438069 137.77565018492064 63
1757594438077 137.25491885355976 64
1757594438085 136.7361750137632 65
1757594438094 136.2194184755491 66
1757594438103 135.7046482738567 67
1757594438111 135.19186274923615 68
1757594438120 134.68105962045084 69
1757594438128 134.17223604981862 70
1757594438137 133.66538870199602 71
1757594438146 133.16051379688267 72
1757594438154 132.65760715722067 73
1757594438163 132.1566642514174 74
1757594438171 131.6576802320826 75
1757594438180 131.1606499706922 76
1757594438189 130.66556808877993 77
1757594438198 130.1724289859914 78
1757594438206 129.68122686532882 79
1757594438215 129.19195575584962 80
1757594438224 128.704609533092 81
1757594438232 128.21918193744128 82
1757594438241 127.73566659064525 83
1757594438250 127.2540570106752 84
1757594438259 126.77434662507571 85
1757594438268 126.29652878298096 86
1757594438276 125.82059676590544 87
1757594438285 125.34654379745416 88
1757594438294 124.87436305204353 89
1757594438303 124.40404766273824 90
1757594438312 123.93559072829808 91
1757594438320 123.46898531950227 92
1757594438329 123.00422448483346 93
1757594438338 122.5413012555802 94
1757594438347 122.08020865041786 95
1757594438356 121.62093967952129 96
1757594438364 121.16348734825044 97
1757594438373 120.70784466046422 98
1757594438382 120.25400462148002 99
1757594438391 119.80196024073896 100
1757594438400 119.35170453417992 101
1757594438409 118.90323052637747 102
1757594438418 118.45653125244687 103
1757594438427 118.01159975974699 104
1757594438436 117.56842910940951 105
1757594438445 117.1270123776941 106
1757594438454 116.68734265720576 107
1757594438463 116.24941305797307 108
1757594438472 115.81321670841088 109
1757594438481 115.37874675617587 110
1757594438490 114.9459963689249 111
1757594438499 114.514958734986 112
1757594438508 114.08562706395213 113
1757594438517 113.6579945872078 114
1757594438526 113.2320545583858 115
1757594438535 112.80780025377429 116
1757594438543 112.38522497266719 117
1757594438552 111.96432203767554 118
1757594438561 111.54508479498752 119
1757594438570 111.1275066146025 120
1757594438579 110.71158089052483 121
1757594438588 110.2973010409289 122
1757594438597 109.88466050829757 123
1757594438606 109.47365275953929 124
1757594438615 109.06427128607717 125
1757594438624 108.65650960392588 126
1757594438633 108.2503612537458 127
1757594438642 107.84581980088299 128
1757594438651 107.44287883539475 129
1757594438661 107.04153197206584 130
1757594438670 106.64177285040647 131
1757594438679 106.24359513464762 132
1757594438688 105.84699251372109 133
1757594438697 105.45195870123594 134
1757594438706 105.05848743544607 135
1757594438715 104.6665724792086 136
1757594438724 104.2762076199406 137
1757594438735 103.88738666956888 138
1757594438746 103.50010346447377 139
1757594438755 103.11435186543174 140
1757594438764 102.73012575754998 141
1757594438774 102.3474190502043 142
1757594438783 101.96622567696437 143
1757594438792 101.58653959552862 144
1757594438802 101.20835478764434 145
1757594438811 100.83166525903566 146
1757594438820 100.45646503932501 147
1757594438829 100.0827481819528 148
1757594438838 99.71050876409629 149
1757594438848 99.3397408865906 150
1757594438857 98.97043867384242 151
1757594438866 98.60259627374789 152
1757594438875 98.23620785760853 153
1757594438885 97.8712676200443 154
1757594438894 97.50776977890816 155
1757594438903 97.14570857520233 156
1757594438912 96.78507827298674 157
1757594438921 96.42587315929774 158
1757594438930 96.06808754405583 159
1757594438940 95.71171575998048 160
1757594438949 95.35675216250502 161
1757594438958 95.00319112968377 162
1757594438968 94.65102706210934 163
1757594438977 94.30025438282104 164
1757594438986 93.95086753722047 165
1757594438995 93.60286099298237 166
1757594439005 93.25622923996715 167
1757594439014 92.91096679013424 168
1757594439024 92.5670681774549 169
1757594439033 92.22452795782513 170
1757594439043 91.88334070897788 171
1757594439052 91.54350103039768 172
1757594439062 91.20500354323381 173
1757594439071 90.86784289021551 174
1757594439080 90.53201373556297 175
1757594439090 90.19751076490472 176
1757594439099 89.86432868518969 177
1757594439109 89.53246222460487 178
1757594439118 89.20190613248752 179
1757594439127 88.87265517924291 180
1757594439137 88.54470415625931 181
1757594439146 88.21804787582178 182
1757594439155 87.8926811710326 183
1757594439164 87.56859889572438 184
1757594439174 87.2457959243788 185
1757594439184 86.92426715204206 186
1757594439193 86.60400749424454 187
1757594439203 86.28501188691645 188
1757594439213 85.96727528630787 189
1757594439222 85.65079266890498 190
1757594439232 85.33555903135105 191
1757594439241 85.02156939036257 192
1757594439251 84.70881878265288 193
1757594439260 84.39730226484723 194
1757594439269 84.08701491340476 195
1757594439279 83.77795182453933 196
1757594439289 83.47010811413944 197
1757594439298 83.16347891768861 198
1757594439308 82.85805939018708 199
1757594439317 82.55384470607352 200
1757594439327 82.25083005914706 201
1757594439336 81.94901066248728 202
1757594439346 81.64838174837973 203
1757594439355 81.34893856823606 204
1757594439365 81.0506763925197 205
1757594439374 80.75359051066624 206
1757594439384 80.4576762310086 207
1757594439393 80.16292888070174 208
1757594439403 79.86934380564479 209
1757594439412 79.57691637040777 210
1757594439422 79.2856419581558 211
1757594439431 78.99551597057336 212
1757594439442 78.70653382778947 213
1757594439452 78.41869096830662 214
1757594439462 78.13198284892297 215
1757594439471 77.84640494465994 216
1757594439481 77.56195274869052 217
1757594439491 77.27862177226399 218
1757594439500 76.99640754463464 219
1757594439510 76.7153056129882 220
1757594439519 76.4353115423703 221
1757594439529 76.15642091561465 222
1757594439539 75.87862933327071 223
1757594439548 75.60193241353481 224
1757594439558 75.32632579217403 225
1757594439568 75.05180512246146 226
1757594439578 74.77836607510123 227
1757594439587 74.50600433816179 228
1757594439597 74.23471561700296 229
1757594439610 73.96449563420703 230
1757594439619 73.69534012951222 231
1757594439629 73.42724485974011 232
1757594439638 73.16020559872769 233
1757594439648 72.89421813726136 234
1757594439658 72.62927828300487 235
1757594439668 72.36538186043423 236
1757594439677 72.10252471076875 237
1757594439687 71.84070269190471 238
1757594439697 71.57991167834672 239
1757594439706 71.32014756114239 240
1757594439716 71.06140624781406 241
1757594439726 70.80368366229455 242
1757594439735 70.54697574486005 243
1757594439745 70.29127845206301 244
1757594439755 70.03658775666977 245
1757594439765 69.78289964759226 246
1757594439775 69.5302101298247 247
1757594439784 69.27851522437858 248
1757594439794 69.02781096821741 249
1757594439804 68.77809341419437 250
1757594439814 68.52935863098575 251
1757594439824 68.28160270302998 252
1757594439834 68.0348217304619 253
1757594439844 67.78901182905113 254
1757594439854 67.54416913013887 255
1757594439864 67.30028978057408 256
1757594439874 67.05736994265277 257
1757594439884 66.81540579405495 258
1757594439894 66.57439352778265 259
1757594439903 66.33432935209852 260
1757594439913 66.09520949046407 261
1757594439923 65.85703018147943 262
1757594439933 65.61978767882084 263
1757594439942 65.38347825118187 264
1757594439952 65.14809818221143 265
1757594439962 64.9136437704544 266
1757594439972 64.68011132929186 267
1757594439983 64.44749718688053 268
1757594439993 64.21579768609334 269
1757594440002 63.98500918446234 270
1757594440012 63.75512805411661 271
1757594440022 63.52615068172546 272
1757594440032 63.29807346843966 273
1757594440042 63.070892829832324 274
1757594440052 62.84460519584222 275
1757594440062 62.61920701071581 276
1757594440072 62.39469473294739 277
1757594440082 62.171064835224776 278
1757594440092 61.948313804371026 279
1757594440102 61.72643814128669 280
1757594440112 61.50543436089535 281
1757594440122 61.285298992084144 282
1757594440131 61.06602857765063 283
1757594440142 60.847619674244854 284
1757594440152 60.63006885231444 285
1757594440162 60.413372696048434 286
1757594440172 60.1975278033234 287
1757594440182 59.982530785646425 288
1757594440192 59.768378268101934 289
1757594440202 59.55506688929615 290
1757594440212 59.342593301303395 291
1757594440222 59.130954169610504 292
1757594440233 58.92014617306489 293
1757594440243 58.71016600381952 294
1757594440253 58.50101036727927 295
1757594440263 58.29267598204843 296
1757594440273 58.08515957987658 297
1757594440283 57.878457905606844 298
1757594440293 57.672567717122845 299
1757594440303 57.467485785294855 300
1757594440313 57.263208893930496 301
1757594440323 57.05973383971945 302
1757594440333 56.857057432184774 303
1757594440343 56.65517649362759 304
1757594440354 56.45408785908015 305
1757594440364 56.25378837625063 306
1757594440374 56.05427490547344 307
1757594440384 55.855544319660915 308
1757594440394 55.657593504248446 309
1757594440404 55.46041935714748 310
1757594440414 55.264018788693605 311
1757594440425 55.068388721596946 312
1757594440435 54.87352609089312 313
1757594440445 54.67942784389274 314
1757594440455 54.48609094013218 315
1757594440466 54.29351235132545 316
1757594440476 54.10168906131319 317
1757594440486 53.91061806601629 318
1757594440497 53.72029637338524 319
1757594440507 53.53072100335325 320
1757594440517 53.341888987787094 321
1757594440527 53.15379737043944 322
1757594440538 52.96644320690146 323
1757594440548 52.779823564554526 324
1757594440558 52.593935522523 325
1757594440568 52.40877617162745 326
1757594440578 52.22434261433758 327
1757594440588 52.04063196472403 328
1757594440599 51.85764134841406 329
1757594440609 51.675367902542746 330
1757594440619 51.493808775708736 331
1757594440629 51.312961127926634 332
1757594440640 51.13282213058185 333
1757594440650 50.95338896638437 334
1757594440660 50.77465882932376 335
1757594440670 50.59662892462383 336
1757594440680 50.419296468697226 337
1757594440690 50.24265868909994 338
1757594440701 50.066712824487176 339
1757594440711 49.891456124569316 340
1757594440721 49.716885850065204 341
1757594440732 49.54299927266086 342
1757594440742 49.36979367496339 343
1757594440753 49.197266350457475 344
1757594440763 49.025414603461535 345
1757594440774 48.85423574908495 346
1757594440784 48.68372711318413 347
1757594440795 48.51388603231888 348
1757594440806 48.34470985371014 349
1757594440816 48.17619593519656 350
1757594440827 48.008341645191926 351
1757594440838 47.841144362643654 352
1757594440849 47.674601476988215 353
1757594440859 47.50871038811127 354
1757594440869 47.34346850630445 355
1757594440880 47.178873252223866 356
1757594440890 47.014922056847794 357
1757594440901 46.851612361436594 358
1757594440911 46.68894161748965 359
1757594440921 46.526907286706134 360
1757594440932 46.36550684094214 361
1757594440942 46.204737762170474 362
1757594440953 46.044597542441124 363
1757594440963 45.88508368383915 364
1757594440974 45.72619369844521 365
1757594440984 45.567925108295164 366
1757594440995 45.410275445340055 367
1757594441005 45.25324225140615 368
1757594441016 45.09682307815583 369
1757594441026 44.941015487047004 370
1757594441037 44.785817049294955 371
1757594441047 44.63122534583216 372
1757594441057 44.47723796726945 373
1757594441068 44.323852513857716 374
1757594441078 44.1710665954482 375
1757594441089 44.018877831454354 376
1757594441099 43.867283850814474 377
1757594441109 43.71628229195131 378
1757594441120 43.56587080273534 379
1757594441130 43.41604704044642 380
1757594441141 43.26680867173677 381
1757594441151 43.11815337259153 382
1757594441162 42.97007882829309 383
1757594441173 42.82258273338246 384
1757594441183 42.675662791623395 385
1757594441194 42.529316715963304 386
1757594441205 42.38354222849851 387
1757594441216 42.23833706043592 388
1757594441226 42.093698952057295 389
1757594441236 41.94962565268297 390
1757594441247 41.8061149206336 391
1757594441258 41.663164523197366 392
1757594441268 41.52077223659062 393
1757594441279 41.37893584592413 394
1757594441290 41.23765314516614 395
1757594441301 41.09692193710752 396
1757594441311 40.956740033326334 397
1757594441322 40.81710525415207 398
1757594441333 40.6780154286305 399
1757594441344 40.5394683944888 400
1757594441355 40.40146199810108 401
1757594441366 40.2639940944532 402
1757594441377 40.12706254710803 403
1757594441388 39.99066522817106 404
1757594441399 39.85480001825693 405
1757594441410 39.7194648064536 406
1757594441421 39.584657490289864 407
1757594441432 39.450375975700545 408
1757594441442 39.31661817699353 409
1757594441453 39.183382016814676 410
1757594441465 39.05066542611606 411
1757594441475 38.918466344121036 412
1757594441486 38.78678271829267 413
1757594441497 38.65561250429922 414
1757594441508 38.52495366598119 415
1757594441519 38.394804175319905 416
1757594441530 38.26516201240344 417
1757594441540 38.136025165394564 418
1757594441551 38.0073916304982 419
1757594441562 37.87925941192919 420
1757594441573 37.75162652188013 421
1757594441584 37.624490980489604 422
1757594441595 37.49785081580935 423
1757594441606 37.37170406377346 424
1757594441616 37.246048768166276 425
1757594441627 37.1208829805909 426
1757594441638 36.996204760438104 427
1757594441649 36.87201217485437 428
1757594441659 36.74830329871125 429
1757594441670 36.62507621457415 430
1757594441681 36.5023290126718 431
1757594441692 36.38005979086511 432
1757594441703 36.25826665461625 433
1757594441714 36.136947716958424 434
1757594441724 36.01610109846631 435
1757594441736 35.89572492722409 436
1757594441747 35.775817338796394 437
1757594441757 35.65637647619832 438
1757594441768 35.53740048986493 439
1757594441779 35.41888753762172 440
1757594441790 35.30083578465494 441
1757594441801 35.18324340348271 442
1757594441812 35.06610857392384 443
1757594441822 34.949429483070254 444
1757594441842 34.83320432525715 445
1757594441859 34.71743130203396 446
1757594441871 34.602108622134615 447
1757594441882 34.48723450145022 448
1757594441893 34.37280716299896 449
1757594441904 34.25882483689858 450
1757594441915 34.145285760336726 451
1757594441926 34.03218817754331 452
1757594441937 33.91953033976219 453
1757594441948 33.807310505222766 454
1757594441959 33.69552693911204 455
1757594441970 33.58417791354677 456
1757594441981 33.473261707545554 457
1757594441992 33.36277660700125 458
1757594442004 33.25272090465283 459
1757594442015 33.14309290005897 460
1757594442026 33.0338908995695 461
1757594442037 32.92511321629864 462
1757594442048 32.81675817009837 463
1757594442060 32.708824087530296 464
1757594442071 32.60130930183985 465
1757594442082 32.49421215292816 466
1757594442094 32.38753098732698 467
1757594442105 32.28126415817038 468
1757594442116 32.175410025169604 469
1757594442127 32.069966954585546 470
1757594442139 31.96493331920364 471
1757594442150 31.860307498306387 472
1757594442161 31.75608787764821 473
1757594442172 31.65227284942951 474
1757594442183 31.54886081226959 475
1757594442194 31.44585017118277 476
1757594442205 31.343239337551218 477
1757594442216 31.24102672909971 478
1757594442227 31.13921076987057 479
1757594442241 31.0377898901981 480
1757594442252 30.936762526683438 481
1757594442263 30.836127122168893 482
1757594442274 30.73588212571353 483
1757594442285 30.636025992568317 484
1757594442297 30.53655718415014 485
1757594442308 30.437474168018454 486
1757594442319 30.3387754178499 487
1757594442330 30.240459413413703 488
1757594442342 30.14252464054757 489
1757594442353 30.044969591132965 490
1757594442365 29.947792763071472 491
1757594442376 29.850992660259887 492
1757594442387 29.754567792566178 493
1757594442398 29.658516675806542 494
1757594442410 29.562837831720262 495
1757594442421 29.46752978794675 496
1757594442432 29.372591078001598 497
1757594442443 29.2780202412531 498
1757594442463 29.18381582289822 499
