1757517946707 170.77157494357792 0
1757517946716 170.70766250588002 1
1757517946724 170.64377496532188 2
1757517946733 170.57991231212173 3
1757517946742 170.5160745364981 4
1757517946750 170.45226162867968 5
1757517946759 170.38847357889486 6
1757517946767 170.3247103773758 7
1757517946775 170.26097201436153 8
1757517946784 170.19725848009045 9
1757517946792 170.13356976481046 10
1757517946801 170.06990585876787 11
1757517946810 170.00626675221577 12
1757517946819 169.94265243541113 13
1757517946828 169.87906289861408 14
1757517946837 169.81549813208855 15
1757517946845 169.75195812610002 16
1757517946853 169.68844287092415 17
1757517946862 169.62495235683429 18
1757517946872 169.56148657411043 19
1757517946880 169.49804551303535 20
1757517946889 169.43462916389677 21
1757517946898 169.3712375169844 22
1757517946907 169.30787056259453 23
1757517946916 169.24452829102532 24
1757517946926 169.1812106925787 25
1757517946935 169.11791775756052 26
1757517946943 169.0546494762819 27
1757517946952 168.99140583905617 28
1757517946961 168.92818683620166 29
1757517946970 168.86499245803918 30
1757517946979 168.80182269489347 31
1757517946988 168.7386775370947 32
1757517946996 168.67555697497605 33
1757517947005 168.6124609988733 34
1757517947014 168.5493895991284 35
1757517947023 168.48634276608487 36
1757517947032 168.42332049009082 37
1757517947040 168.3603227614997 38
1757517947049 168.29734957066523 39
1757517947058 168.23440090794884 40
1757517947067 168.1714767637139 41
1757517947075 168.1085771283259 42
1757517947084 168.04570199215757 43
1757517947093 167.9828513455831 44
1757517947102 167.92002517898183 45
1757517947111 167.85722348273575 46
1757517947121 167.79444624723152 47
1757517947130 167.7316934628595 48
1757517947139 167.66896512001242 49
1757517947148 167.6062612090884 50
1757517947157 167.54358172049 51
1757517947166 167.48092664462018 52
1757517947174 167.41829597188973 53
1757517947183 167.3556896927122 54
1757517947192 167.29310779750188 55
1757517947201 167.23055027668084 56
1757517947210 167.16801712067164 57
1757517947219 167.10550831990412 58
1757517947228 167.043023864809 59
1757517947236 166.98056374582194 60
1757517947245 166.91812795338257 61
1757517947254 166.85571647793276 62
1757517947263 166.79332930992186 63
1757517947272 166.73096643979594 64
1757517947281 166.6686278580152 65
1757517947290 166.60631355503244 66
1757517947299 166.54402352131316 67
1757517947308 166.4817577473214 68
1757517947317 166.41951622352698 69
1757517947326 166.3572989404039 70
1757517947335 166.29510588842706 71
1757517947344 166.23293705807808 72
1757517947353 166.1707924398431 73
1757517947362 166.10867202420843 74
1757517947371 166.0465758016663 75
1757517947380 165.98450376271308 76
1757517947389 165.92245589784758 77
1757517947398 165.86043219757286 78
1757517947407 165.79843265239708 79
1757517947416 165.73645725283038 80
1757517947426 165.67450598938652 81
1757517947435 165.6125788525855 82
1757517947444 165.55067583294684 83
1757517947453 165.4887969209979 84
1757517947461 165.4269421072676 85
1757517947470 165.36511138228985 86
1757517947479 165.3033047366011 87
1757517947489 165.2415221607405 88
1757517947498 165.1797636452551 89
1757517947507 165.1180291806907 90
1757517947516 165.0563187576015 91
1757517947525 164.9946323665418 92
1757517947534 164.93296999806958 93
1757517947544 164.8713316427496 94
1757517947553 164.80971729114822 95
1757517947562 164.74812693383603 96
1757517947571 164.6865605613875 97
1757517947580 164.6250181643796 98
1757517947589 164.56349973339567 99
1757517947599 164.50200525901798 100
1757517947608 164.44053473183905 101
1757517947617 164.37908814245014 102
1757517947626 164.31766548144788 103
1757517947635 164.25626673943225 104
1757517947645 164.194891907007 105
1757517947654 164.13354097478077 106
1757517947663 164.07221393336397 107
1757517947672 164.0109107733719 108
1757517947682 163.94963148542337 109
1757517947691 163.88837606014042 110
1757517947700 163.8271444881508 111
1757517947709 163.76593676008272 112
1757517947718 163.7047528665701 113
1757517947728 163.64359279825095 114
1757517947737 163.58245654576467 115
1757517947747 163.52134409975739 116
1757517947756 163.4602554508775 117
1757517947765 163.39919058977506 118
1757517947775 163.33814950710826 119
1757517947784 163.2771321935354 120
1757517947793 163.21613863971922 121
1757517947803 163.15516883632702 122
1757517947812 163.0942227740292 123
1757517947821 163.03330044350082 124
1757517947830 162.97240183541706 125
1757517947840 162.91152694046244 126
1757517947849 162.85067574932117 127
1757517947859 162.78984825268068 128
1757517947868 162.72904444123517 129
1757517947878 162.66826430568008 130
1757517947887 162.60750783671577 131
1757517947896 162.54677502504458 132
1757517947905 162.48606586137623 133
1757517947915 162.42538033641955 134
1757517947926 162.3647184408891 135
1757517947947 162.30408016550507 136
1757517947960 162.24346550098667 137
1757517947970 162.18287443806125 138
1757517947980 162.1223069674569 139
1757517947989 162.06176307990742 140
1757517947999 162.00124276614977 141
1757517948008 161.94074601692338 142
1757517948018 161.88027282297165 143
1757517948027 161.8198231750421 144
1757517948037 161.7593970638871 145
1757517948046 161.6989944802594 146
1757517948056 161.63861541492037 147
1757517948065 161.57825985863 148
1757517948075 161.51792780215422 149
1757517948084 161.45761923626307 150
1757517948093 161.39733415172827 151
1757517948103 161.33707253932903 152
1757517948112 161.2768343898428 153
1757517948122 161.2166196940559 154
1757517948132 161.15642844275368 155
1757517948142 161.09626062672993 156
1757517948151 161.03611623677622 157
1757517948161 160.97599526369456 158
1757517948170 160.91589769828434 159
1757517948180 160.855823531353 160
1757517948189 160.79577275370963 161
1757517948198 160.73574535616618 162
1757517948208 160.67574132954047 163
1757517948217 160.61576066465287 164
1757517948227 160.5558033523256 165
1757517948237 160.49586938338817 166
1757517948246 160.4359587486709 167
1757517948256 160.37607143900817 168
1757517948265 160.3162074452393 169
1757517948275 160.25636675820527 170
1757517948284 160.19654936875204 171
1757517948294 160.13675526772926 172
1757517948303 160.07698444598898 173
1757517948312 160.01723689438825 174
1757517948322 159.95751260378674 175
1757517948332 159.89781156504887 176
1757517948342 159.8381337690396 177
1757517948352 159.77847920663314 178
1757517948362 159.71884786870135 179
1757517948372 159.6592397461235 180
1757517948382 159.5996548297812 181
1757517948391 159.54009311055907 182
1757517948402 159.4805545793474 183
1757517948412 159.42103922703643 184
1757517948421 159.36154704452392 185
1757517948431 159.30207802270925 186
1757517948441 159.24263215249522 187
1757517948451 159.18320942478883 188
1757517948461 159.12380983050156 189
1757517948470 159.06443336054463 190
1757517948480 159.00508000583864 191
1757517948490 158.94574975730347 192
1757517948499 158.88644260586358 193
1757517948509 158.8271585424476 194
1757517948519 158.7678975579886 195
1757517948529 158.7086596434198 196
1757517948539 158.64944478968158 197
1757517948548 158.5902529877173 198
1757517948558 158.53108422847188 199
1757517948568 158.47193850289543 200
1757517948582 158.41281580194226 201
1757517948592 158.3537161165684 202
1757517948601 158.2946394377341 203
1757517948611 158.23558575640422 204
1757517948621 158.17655506354606 205
1757517948631 158.11754735013184 206
1757517948641 158.05856260713415 207
1757517948651 157.9996008255326 208
1757517948661 157.9406619963096 209
1757517948670 157.8817461104499 210
1757517948680 157.8228531589425 211
1757517948690 157.76398313278148 212
1757517948699 157.7051360229596 213
1757517948709 157.64631182048035 214
1757517948719 157.58751051634363 215
1757517948729 157.52873210155852 216
1757517948739 157.46997656713526 217
1757517948749 157.41124390408655 218
1757517948758 157.3525341034304 219
1757517948768 157.2938471561882 220
1757517948778 157.2351830533833 221
1757517948788 157.17654178604533 222
1757517948798 157.11792334520442 223
1757517948808 157.05932772189752 224
1757517948818 157.00075490716077 225
1757517948829 156.9422048920386 226
1757517948839 156.8836776675749 227
1757517948849 156.82517322482167 228
1757517948859 156.76669155482958 229
1757517948869 156.70823264865504 230
1757517948879 156.64979649735804 231
1757517948890 156.59138309200299 232
1757517948900 156.53299242365594 233
1757517948910 156.47462448338706 234
1757517948920 156.41627926227167 235
1757517948930 156.3579567513867 236
1757517948940 156.29965694181215 237
1757517948950 156.24137982463375 238
1757517948961 156.18312539093884 239
1757517948972 156.12489363181948 240
1757517948983 156.06668453837133 241
1757517948993 156.00849810169186 242
1757517949003 155.9503343128835 243
1757517949013 155.8921931630514 244
1757517949023 155.83407464330648 245
1757517949033 155.77597874476018 246
1757517949043 155.7179054585282 247
1757517949053 155.65985477573048 248
1757517949064 155.60182668749164 249
1757517949074 155.5438211849375 250
1757517949084 155.48583825919602 251
1757517949094 155.4278779014049 252
1757517949104 155.3699401026983 253
1757517949115 155.31202485421775 254
1757517949125 155.2541321471076 255
1757517949135 155.19626197251634 256
1757517949145 155.13841432159356 257
1757517949156 155.08058918549455 258
1757517949166 155.0227865553776 259
1757517949176 154.9650064224048 260
1757517949186 154.9072487777399 261
1757517949196 154.84951361255324 262
1757517949206 154.79180091801592 263
1757517949216 154.7341106853038 264
1757517949226 154.67644290559514 265
1757517949236 154.61879757007367 266
1757517949247 154.56117466992555 267
1757517949257 154.50357419633858 268
1757517949267 154.4459961405075 269
1757517949277 154.38844049362788 270
1757517949288 154.33090724690007 271
1757517949298 154.27339639152737 272
1757517949308 154.21590791871571 273
1757517949319 154.15844181967796 274
1757517949329 154.10099808562495 275
1757517949339 154.04357670777534 276
1757517949349 153.98617767734999 277
1757517949359 153.9288009855728 278
1757517949370 153.87144662367254 279
1757517949380 153.81411458287843 280
1757517949391 153.7568048544269 281
1757517949401 153.69951742955462 282
1757517949411 153.64225229950398 283
1757517949422 153.58500945551995 284
1757517949432 153.52778888885052 285
1757517949442 153.4705905907468 286
1757517949453 153.4134145524658 287
1757517949463 153.35626076526532 288
1757517949473 153.299129220409 289
1757517949484 153.2420199091602 290
1757517949494 153.18493282278956 291
1757517949504 153.12786795256915 292
1757517949515 153.07082528977472 293
1757517949525 153.01380482568626 294
1757517949535 152.95680655158765 295
1757517949546 152.89983045876312 296
1757517949556 152.8428765385042 297
1757517949567 152.78594478210402 298
1757517949577 152.7290351808574 299
1757517949588 152.67214772606638 300
1757517949598 152.6152824090332 301
1757517949608 152.55843922106544 302
1757517949619 152.50161815347448 303
1757517949629 152.44481919757249 304
1757517949640 152.38804234467756 305
1757517949650 152.3312875861089 306
1757517949661 152.27455491319418 307
1757517949671 152.21784431725766 308
1757517949682 152.1611557896307 309
1757517949692 152.10448932164888 310
1757517949703 152.0478449046483 311
1757517949713 151.99122252997202 312
1757517949724 151.93462218896366 313
1757517949735 151.87804387297194 314
1757517949746 151.82148757334704 315
1757517949757 151.7649532814451 316
1757517949768 151.70844098862378 317
1757517949779 151.651950686245 318
1757517949790 151.59548236567286 319
1757517949800 151.53903601827756 320
1757517949811 151.4826116354297 321
1757517949821 151.42620920850487 322
1757517949832 151.36982872888322 323
1757517949843 151.31347018794446 324
1757517949854 151.2571335770762 325
1757517949864 151.20081888766583 326
1757517949875 151.1445261111061 327
1757517949886 151.08825523879304 328
1757517949897 151.03200626212663 329
1757517949908 150.97577917250766 330
1757517949918 150.91957396134242 331
1757517949929 150.86339062004134 332
1757517949939 150.80722914001572 333
1757517949950 150.7510895126824 334
1757517949961 150.69497172946086 335
1757517949971 150.63887578177255 336
1757517949982 150.58280166104657 337
1757517949993 150.5267493587101 338
1757517950003 150.47071886619634 339
1757517950014 150.4147101749432 340
1757517950025 150.35872327638893 341
1757517950036 150.30275816197715 342
1757517950046 150.24681482315424 343
1757517950057 150.19089325137088 344
1757517950068 150.13499343807885 345
1757517950079 150.07911537473566 346
1757517950090 150.02325905280148 347
1757517950100 149.96742446374026 348
1757517950111 149.9116115990169 349
1757517950122 149.8558204501023 350
1757517950133 149.80005100847066 351
1757517950143 149.74430326559911 352
1757517950154 149.68857721296604 353
1757517950165 149.63287284205586 354
1757517950176 149.5771901443566 355
1757517950186 149.52152911135684 356
1757517950197 149.46588973455133 357
1757517950208 149.410272005437 358
1757517950219 149.35467591551287 359
1757517950230 149.2991014562845 360
1757517950240 149.24354861925852 361
1757517950251 149.1880173959445 362
1757517950262 149.132507777857 363
1757517950273 149.07701975651307 364
1757517950284 149.02155332343162 365
1757517950295 148.9661084701391 366
1757517950306 148.9106851881604 367
1757517950317 148.85528346902697 368
1757517950327 148.7999033042733 369
1757517950338 148.7445446854357 370
1757517950349 148.6892076040544 371
1757517950360 148.6338920516747 372
1757517950371 148.5785980198416 373
1757517950382 148.52332550010738 374
1757517950393 148.46807448402507 375
1757517950403 148.41284496315217 376
1757517950415 148.3576369290499 377
1757517950425 148.30245037328072 378
1757517950436 148.247285287412 379
1757517950448 148.19214166301543 380
1757517950459 148.13701949166398 381
1757517950471 148.08191876493464 382
1757517950482 148.02683947440886 383
1757517950493 147.97178161166926 384
1757517950504 147.9167451683029 385
1757517950515 147.86173013590138 386
1757517950525 147.8067365060594 387
1757517950536 147.75176427037084 388
1757517950548 147.69681342043896 389
1757517950559 147.64188394786544 390
1757517950570 147.58697584425835 391
1757517950582 147.53208910122814 392
1757517950593 147.4772237103881 393
1757517950604 147.42237966335566 394
1757517950615 147.3675569517504 395
1757517950627 147.31275556719555 396
1757517950638 147.25797550131958 397
1757517950649 147.20321674575138 398
1757517950660 147.14847929212505 399
1757517950671 147.09376313207724 400
1757517950683 147.039068257248 401
1757517950693 146.98439465928016 402
1757517950705 146.92974232982056 403
1757517950716 146.8751112605199 404
1757517950727 146.8205014430309 405
1757517950738 146.76591286901134 406
1757517950748 146.7113455301192 407
1757517950760 146.65679941801835 408
1757517950771 146.60227452437533 409
1757517950782 146.5477708408605 410
1757517950793 146.49328835914622 411
1757517950804 146.43882707090762 412
1757517950816 146.38438696782669 413
1757517950827 146.32996804158464 414
1757517950842 146.27557028386764 415
1757517950854 146.22119368636646 416
1757517950865 146.16683824077253 417
1757517950876 146.11250393878186 418
1757517950887 146.05819077209412 419
1757517950899 146.00389873241198 420
1757517950910 145.94962781144133 421
1757517950921 145.89537800089073 422
1757517950932 145.8411492924727 423
1757517950944 145.7869416779033 424
1757517950955 145.73275514890113 425
1757517950966 145.67858969718847 426
1757517950977 145.6244453144895 427
1757517950989 145.57032199253518 428
1757517951000 145.5162197230563 429
1757517951011 145.46213849778695 430
1757517951022 145.40807830846776 431
1757517951034 145.35403914683963 432
1757517951045 145.30002100464722 433
1757517951056 145.24602387363862 434
1757517951068 145.19204774556522 435
1757517951079 145.13809261218336 436
1757517951091 145.08415846524917 437
1757517951102 145.03024529652544 438
1757517951113 144.97635309777525 439
1757517951124 144.92248186076742 440
1757517951136 144.86863157727217 441
1757517951147 144.8148022390648 442
1757517951158 144.7609938379223 443
1757517951169 144.70720636562532 444
1757517951181 144.65343981395836 445
1757517951192 144.59969417470674 446
1757517951203 144.54596943966348 447
1757517951217 144.4922656006215 448
1757517951229 144.43858264937765 449
1757517951241 144.38492057773152 450
1757517951252 144.33127937748677 451
1757517951263 144.27765904045103 452
1757517951275 144.22405955843308 453
1757517951287 144.17048092324694 454
1757517951298 144.1169231267077 455
1757517951309 144.06338616063636 456
1757517951320 144.00987001685513 457
1757517951332 143.95637468719016 458
1757517951343 143.9029001634705 459
1757517951355 143.8494464375286 460
1757517951366 143.79601350120086 461
1757517951378 143.74260134632559 462
1757517951389 143.6892099647438 463
1757517951401 143.63583934830373 464
1757517951412 143.5824894888516 465
1757517951423 143.52916037824045 466
1757517951435 143.47585200832464 467
1757517951446 143.42256437096225 468
1757517951458 143.36929745801575 469
1757517951469 143.31605126134886 470
1757517951481 143.26282577282947 471
1757517951492 143.20962098432972 472
1757517951504 143.1564368877222 473
1757517951515 143.10327347488587 474
1757517951526 143.05013073770107 475
1757517951538 142.99700866805117 476
1757517951549 142.94390725782398 477
1757517951561 142.8908264989093 478
1757517951572 142.8377663832 479
1757517951584 142.78472690259483 480
1757517951596 142.73170804899158 481
1757517951607 142.67870981429496 482
1757517951618 142.62573219040934 483
1757517951630 142.57277516924663 484
1757517951641 142.5198387427178 485
1757517951653 142.46692290273896 486
1757517951664 142.41402764122927 487
1757517951676 142.36115295011157 488
1757517951688 142.3082988213101 489
1757517951699 142.2554652467545 490
1757517951711 142.2026522183775 491
1757517951722 142.14985972811147 492
1757517951734 142.09708776789589 493
1757517951745 142.04433632967184 494
1757517951757 141.9916054053855 495
1757517951768 141.93889498698212 496
1757517951780 141.88620506641405 497
1757517951792 141.8335356356354 498
1757517951803 141.78088668660345 499
