1757594507954 175.51316467788993 0
1757594507963 174.8543219507032 1
1757594507972 174.19804025699483 2
1757594507981 173.5443095829667 3
1757594507990 172.89311995409295 4
1757594507999 172.24446143497556 5
1757594508007 171.5983241291793 6
1757594508016 170.95469817908676 7
1757594508024 170.3135737657441 8
1757594508033 169.67494110870766 9
1757594508041 169.0387904658923 10
1757594508050 168.40511213342285 11
1757594508058 167.77389644548387 12
1757594508067 167.14513377416662 13
1757594508076 166.51881452932355 14
1757594508084 165.89492915841868 15
1757594508093 165.27346814638025 16
1757594508101 164.65442201545378 17
1757594508110 164.03778132505326 18
1757594508119 163.42353667161777 19
1757594508128 162.81167868846578 20
1757594508137 162.20219804564695 21
1757594508145 161.59508544980204 22
1757594508154 160.9903316440173 23
1757594508162 160.38792740768008 24
1757594508171 159.78786355633838 25
1757594508180 159.1901309415559 26
1757594508189 158.59472045077567 27
1757594508197 158.00162300717403 28
1757594508206 157.4108295695203 29
1757594508215 156.8223311320401 30
1757594508223 156.23611872427463 31
1757594508232 155.6521834109414 32
1757594508241 155.0705162917964 33
1757594508250 154.4911085014966 34
1757594508258 153.91395120946285 35
1757594508267 153.33903561974103 36
1757594508276 152.76635297086983 37
1757594508285 152.19589453574417 38
1757594508293 151.62765162147795 39
1757594508302 151.06161556927034 40
1757594508311 150.49777775427404 41
1757594508319 149.93612958546055 42
1757594508328 149.3766625054868 43
1757594508337 148.81936799056226 44
1757594508345 148.26423755031837 45
1757594508354 147.71126272767827 46
1757594508363 147.1604350987231 47
1757594508372 146.61174627256304 48
1757594508381 146.06518789120895 49
1757594508390 145.52075162943999 50
1757594508398 144.97842919467934 51
1757594508407 144.4382123268601 52
1757594508416 143.9000927983046 53
1757594508425 143.36406241358992 54
1757594508434 142.83011300942582 55
1757594508442 142.2982364545285 56
1757594508451 141.76842464949118 57
1757594508460 141.2406695266635 58
1757594508469 140.71496305002316 59
1757594508478 140.1912972150543 60
1757594508486 139.66966404862202 61
1757594508495 139.1500556088474 62
1757594508504 138.63246398499103 63
1757594508512 138.11688129732207 64
1757594508521 137.60329969700422 65
1757594508530 137.09171136596942 66
1757594508539 136.58210851679848 67
1757594508548 136.07448339260137 68
1757594508556 135.56882826689628 69
1757594508565 135.0651354434914 70
1757594508574 134.56339725636266 71
1757594508582 134.06360606953965 72
1757594508591 133.56575427698442 73
1757594508600 133.06983430247698 74
1757594508609 132.57583859949375 75
1757594508618 132.08375965109386 76
1757594508627 131.59358996980362 77
1757594508636 131.1053220974974 78
1757594508645 130.61894860528713 79
1757594508654 130.1344620934025 80
1757594508663 129.65185519107877 81
1757594508672 129.17112055644554 82
1757594508681 128.6922508764077 83
1757594508690 128.2152388665371 84
1757594508699 127.74007727095704 85
1757594508708 127.26675886223192 86
1757594508717 126.79527644125466 87
1757594508726 126.3256228371351 88
1757594508735 125.85779090709063 89
1757594508744 125.39177353633363 90
1757594508753 124.92756363796369 91
1757594508762 124.46515415285536 92
1757594508771 124.00453804955325 93
1757594508780 123.54570832415895 94
1757594508790 123.08865800022464 95
1757594508798 122.63338012864678 96
1757594508808 122.1798677875553 97
1757594508817 121.72811408221015 98
1757594508826 121.27811214489138 99
1757594508835 120.82985513479728 100
1757594508844 120.38333623793288 101
1757594508853 119.93854866701072 102
1757594508862 119.4954856613414 103
1757594508871 119.05414048673073 104
1757594508880 118.6145064353775 105
1757594508889 118.17657682576599 106
1757594508898 117.74034500256718 107
1757594508907 117.30580433653033 108
1757594508916 116.8729482243861 109
1757594508925 116.44177008874135 110
1757594508934 116.01226337797902 111
1757594508944 115.58442156615553 112
1757594508953 115.15823815289967 113
1757594508962 114.73370666331434 114
1757594508971 114.31082064787556 115
1757594508980 113.88957368233153 116
1757594508989 113.46995936760443 117
1757594508998 113.05197132969184 118
1757594509007 112.63560321956831 119
1757594509017 112.22084871308464 120
1757594509026 111.80770151087552 121
1757594509035 111.39615533825669 122
1757594509044 110.98620394513142 123
1757594509053 110.57784110589182 124
1757594509062 110.1710606193243 125
1757594509072 109.76585630851447 126
1757594509081 109.36222202074912 127
1757594509090 108.96015162742182 128
1757594509099 108.55963902394083 129
1757594509109 108.16067812963009 130
1757594509118 107.7632628876411 131
1757594509127 107.36738726485486 132
1757594509137 106.97304525179034 133
1757594509146 106.58023086251089 134
1757594509155 106.18893813453204 135
1757594509168 105.79916112873242 136
1757594509177 105.41089392925623 137
1757594509187 105.0241306434258 138
1757594509197 104.63886540165026 139
1757594509207 104.25509235733382 140
1757594509216 103.87280568678693 141
1757594509225 103.4919995891341 142
1757594509235 103.11266828622502 143
1757594509244 102.73480602254881 144
1757594509254 102.3584070651395 145
1757594509263 101.98346570349005 146
1757594509273 101.60997624946773 147
1757594509282 101.23793303721756 148
1757594509291 100.86733042308477 149
1757594509300 100.49816278552034 150
1757594509310 100.13042452499806 151
1757594509319 99.76411006392588 152
1757594509329 99.39921384656124 153
1757594509338 99.0357303389239 154
1757594509347 98.67365402871346 155
1757594509357 98.31297942521992 156
1757594509366 97.95370105924141 157
1757594509376 97.59581348300006 158
1757594509385 97.23931127005756 159
1757594509395 96.88418901523029 160
1757594509404 96.53044133450634 161
1757594509414 96.1780628649635 162
1757594509423 95.82704826468469 163
1757594509432 95.47739221267784 164
1757594509442 95.12908940879062 165
1757594509451 94.7821345736312 166
1757594509461 94.43652244848516 167
1757594509470 94.09224779523629 168
1757594509480 93.7493053962829 169
1757594509489 93.40769005445942 170
1757594509499 93.06739659295518 171
1757594509508 92.72841985523644 172
1757594509518 92.39075470496235 173
1757594509527 92.0543960259106 174
1757594509537 91.71933872189489 175
1757594509546 91.38557771668977 176
1757594509556 91.05310795394774 177
1757594509565 90.72192439712528 178
1757594509574 90.39202202940244 179
1757594509584 90.06339585360712 180
1757594509593 89.73604089213768 181
1757594509603 89.40995218688408 182
1757594509612 89.08512479915454 183
1757594509622 88.76155380959744 184
1757594509631 88.43923431812367 185
1757594509641 88.11816144383629 186
1757594509650 87.79833032494948 187
1757594509660 87.47973611871654 188
1757594509669 87.16237400135591 189
1757594509679 86.84623916797243 190
1757594509689 86.531326832489 191
1757594509699 86.21763222756798 192
1757594509708 85.90515060454082 193
1757594509718 85.59387723333151 194
1757594509728 85.28380740238812 195
1757594509737 84.97493641860478 196
1757594509747 84.66725960725392 197
1757594509756 84.36077231191129 198
1757594509766 84.05546989438434 199
1757594509775 83.75134773464315 200
1757594509785 83.44840123074549 201
1757594509795 83.14662579876789 202
1757594509804 82.84601687273509 203
1757594509814 82.54656990454974 204
1757594509824 82.2482803639201 205
1757594509833 81.95114373829185 206
1757594509843 81.65515553277933 207
1757594509853 81.36031127009487 208
1757594509862 81.06660649047824 209
1757594509872 80.77403675163256 210
1757594509882 80.48259762864883 211
1757594509892 80.19228471394592 212
1757594509902 79.90309361719486 213
1757594509911 79.61501996525567 214
1757594509921 79.3280594021095 215
1757594509930 79.04220758878901 216
1757594509940 78.75746020331508 217
1757594509950 78.47381294062576 218
1757594509960 78.19126151251417 219
1757594509969 77.90980164755914 220
1757594509979 77.62942909106198 221
1757594509989 77.3501396049775 222
1757594509999 77.07192896785251 223
1757594510009 76.79479297475721 224
1757594510019 76.5187274372234 225
1757594510029 76.24372818317788 226
1757594510038 75.96979105687723 227
1757594510048 75.69691191884684 228
1757594510058 75.42508664581422 229
1757594510067 75.15431113064838 230
1757594510077 74.88458128229152 231
1757594510087 74.61589302570181 232
1757594510097 74.34824230178623 233
1757594510107 74.0816250673398 234
1757594510117 73.81603729498336 235
1757594510126 73.55147497310027 236
1757594510136 73.28793410577612 237
1757594510146 73.0254107127358 238
1757594510156 72.76390082928275 239
1757594510166 72.50340050623775 240
1757594510176 72.2439058098774 241
1757594510186 71.9854128218748 242
1757594510196 71.72791763923786 243
1757594510206 71.47141637425038 244
1757594510216 71.21590515440975 245
1757594510226 70.9613801223705 246
1757594510236 70.70783743588217 247
1757594510245 70.4552732677312 248
1757594510255 70.20368380568247 249
1757594510265 69.95306525241843 250
1757594510275 69.70341382548399 251
1757594510285 69.45472575722316 252
1757594510295 69.20699729472744 253
1757594510305 68.96022469977184 254
1757594510315 68.71440424876121 255
1757594510325 68.4695322326712 256
1757594510335 68.22560495699133 257
1757594510345 67.98261874166809 258
1757594510355 67.74056992104857 259
1757594510365 67.49945484382289 260
1757594510375 67.25926987296978 261
1757594510385 67.02001138569833 262
1757594510395 66.78167577339386 263
1757594510406 66.54425944156151 264
1757594510416 66.30775880977073 265
1757594510426 66.07217031160044 266
1757594510436 65.83749039458397 267
1757594510446 65.60371552015425 268
1757594510462 65.37084216358977 269
1757594510478 65.13886681395914 270
1757594510489 64.90778597406764 271
1757594510500 64.67759616040425 272
1757594510510 64.44829390308553 273
1757594510520 64.21987574580507 274
1757594510531 63.99233824577826 275
1757594510541 63.76567797368935 276
1757594510551 63.539891513639766 277
1757594510561 63.31497546309424 278
1757594510571 63.090926432829356 279
1757594510581 62.86774104688009 280
1757594510591 62.64541594248929 281
1757594510601 62.42394777005441 282
1757594510611 62.203333193077675 283
1757594510621 61.983568888112494 284
1757594510631 61.76465154471388 285
1757594510641 61.546577865386894 286
1757594510651 61.32934456553558 287
1757594510661 61.11294837341368 288
1757594510672 60.897386030071345 289
1757594510682 60.682654289308694 290
1757594510692 60.46874991762243 291
1757594510706 60.25566969415831 292
1757594510716 60.043410410660385 293
1757594510726 59.83196887142281 294
1757594510736 59.62134189323703 295
1757594510746 59.41152630534909 296
1757594510757 59.202518949404144 297
1757594510767 58.99431667940194 298
1757594510777 58.78691636164726 299
1757594510787 58.58031487470146 300
1757594510797 58.374509109334234 301
1757594510807 58.16949596847641 302
1757594510818 57.96527236717199 303
1757594510828 57.761835232529116 304
1757594510838 57.559181503675966 305
1757594510848 57.35730813171041 306
1757594510859 57.156212079654985 307
1757594510869 56.95589032240936 308
1757594510879 56.75633984670404 309
1757594510890 56.557557651053536 310
1757594510900 56.35954074571017 311
1757594510910 56.16228615261984 312
1757594510920 55.96579090537231 313
1757594510931 55.7700520491598 314
1757594510941 55.57506664072838 315
1757594510951 55.380831748334565 316
1757594510962 55.18734445169843 317
1757594510972 54.994601841960495 318
1757594510983 54.802601021635404 319
1757594510994 54.61133910456848 320
1757594511004 54.420813215890725 321
1757594511015 54.23102049197354 322
1757594511025 54.041958080387545 323
1757594511036 53.85362313985504 324
1757594511046 53.66601284020919 325
1757594511057 53.47912436234819 326
1757594511068 53.29295489819458 327
1757594511078 53.107501650648395 328
1757594511092 52.92276183354804 329
1757594511104 52.73873267162343 330
1757594511115 52.55541140045727 331
1757594511125 52.37279526643906 332
1757594511135 52.1908815267252 333
1757594511146 52.00966744919495 334
1757594511156 51.82915031240956 335
1757594511167 51.64932740557007 336
1757594511177 51.470196028474994 337
1757594511188 51.29175349147952 338
1757594511198 51.11399711545433 339
1757594511209 50.936924231743184 340
1757594511219 50.76053218212272 341
1757594511230 50.58481831876144 342
1757594511240 50.40978000417932 343
1757594511251 50.23541461120593 344
1757594511261 50.06171952294157 345
1757594511272 49.888692132715974 346
1757594511282 49.71632984404811 347
1757594511293 49.54463007060753 348
1757594511303 49.37359023617306 349
1757594511314 49.20320777459356 350
1757594511324 49.0334801297491 351
1757594511335 48.864404755510805 352
1757594511345 48.695979115702855 353
1757594511356 48.52820068406122 354
1757594511367 48.361066944197 355
1757594511377 48.194575389557144 356
1757594511388 48.02872352338496 357
1757594511398 47.863508858682934 358
1757594511409 47.69892891817396 359
1757594511420 47.53498123426278 360
1757594511431 47.37166334899824 361
1757594511441 47.20897281403701 362
1757594511452 47.04690719060246 363
1757594511462 46.88546404945095 364
1757594511473 46.72464097083212 365
1757594511484 46.564435544452024 366
1757594511495 46.404845369437524 367
1757594511506 46.24586805429618 368
1757594511516 46.08750121688345 369
1757594511527 45.92974248436261 370
1757594511537 45.77258949317044 371
1757594511548 45.61603988898008 372
1757594511559 45.4600913266646 373
1757594511570 45.304741470261284 374
1757594511581 45.1499879929352 375
1757594511591 44.995828576945094 376
1757594511602 44.842260913604804 377
1757594511613 44.689282703250626 378
1757594511624 44.536891655204315 379
1757594511634 44.38508548773806 380
1757594511645 44.23386192804037 381
1757594511656 44.08321871217914 382
1757594511667 43.93315358506937 383
1757594511678 43.783664300436165 384
1757594511689 43.63474862078203 385
1757594511699 43.48640431735074 386
1757594511710 43.33862917009494 387
1757594511721 43.19142096764021 388
1757594511732 43.04477750725274 389
1757594511743 42.898696594803695 390
1757594511754 42.75317604473718 391
1757594511764 42.60821368003537 392
1757594511775 42.46380733218542 393
1757594511786 42.31995484114695 394
1757594511797 42.176654055317464 395
1757594511808 42.03390283150025 396
1757594511818 41.8916990348707 397
1757594511829 41.75004053894453 398
1757594511840 41.60892522554409 399
1757594511851 41.46835098476595 400
1757594511862 41.32831571494941 401
1757594511873 41.18881732264276 402
1757594511883 41.049853722571875 403
1757594511894 40.91142283760874 404
1757594511905 40.77352259873831 405
1757594511916 40.63615094502735 406
1757594511927 40.4993058235928 407
1757594511938 40.36298518957035 408
1757594511949 40.227187006082424 409
1757594511960 40.0919092442073 410
1757594511971 39.957149882947895 411
1757594511982 39.82290690920076 412
1757594511993 39.68917831772476 413
1757594512005 39.55596211111108 414
1757594512015 39.4232562997517 415
1757594512026 39.29105890180889 416
1757594512037 39.15936794318563 417
1757594512048 39.02818145749398 418
1757594512059 38.897497486025614 419
1757594512070 38.767314077722 420
1757594512081 38.63762928914402 421
1757594512092 38.508441184441935 422
1757594512103 38.3797478353257 423
1757594512114 38.251547321035865 424
1757594512126 38.12383772831305 425
1757594512136 37.996617151370415 426
1757594512147 37.86988369186181 427
1757594512159 37.74363545885471 428
1757594512170 37.61787056880028 429
1757594512181 37.49258714550437 430
1757594512192 37.36778332009927 431
1757594512203 37.243457231014396 432
1757594512214 37.11960702394787 433
1757594512226 36.99623085183815 434
1757594512236 36.87332687483545 435
1757594512248 36.75089326027431 436
1757594512259 36.62892818264351 437
1757594512270 36.5074298235608 438
1757594512281 36.386396371742116 439
1757594512293 36.26582602297623 440
1757594512304 36.14571698009495 441
1757594512315 36.02606745294683 442
1757594512326 35.90687565837003 443
1757594512337 35.78813982016312 444
1757594512348 35.66985816905974 445
1757594512359 35.55202894270021 446
1757594512371 35.43465038560483 447
1757594512382 35.31772074914723 448
1757594512393 35.201238291527055 449
1757594512404 35.08520127774385 450
1757594512416 34.969607979569034 451
1757594512427 34.85445667552147 452
1757594512438 34.73974565083899 453
1757594512450 34.62547319745345 454
1757594512461 34.51163761396365 455
1757594512472 34.39823720561008 456
1757594512484 34.285270284247915 457
1757594512495 34.172735168321815 458
1757594512506 34.06063018283987 459
1757594512517 33.948953659348014 460
1757594512529 33.83770393590374 461
1757594512540 33.726879357052 462
1757594512552 33.61647827379841 463
1757594512563 33.5064990435842 464
1757594512575 33.39694003026189 465
1757594512586 33.287799604069164 466
1757594512597 33.17907614160434 467
1757594512609 33.07076802580144 468
1757594512620 32.962873645905375 469
1757594512631 32.855391397446574 470
1757594512642 32.74831968221758 471
1757594512653 32.641656908247654 472
1757594512665 32.535401489778216 473
1757594512676 32.429551847239516 474
1757594512687 32.32410640722511 475
1757594512698 32.219063602468715 476
1757594512709 32.11442187181973 477
1757594512722 32.01017966021892 478
1757594512733 31.90633541867555 479
1757594512744 31.802887604242763 480
1757594512755 31.699834679993973 481
1757594512766 31.597175114999892 482
1757594512779 31.494907384304156 483
1757594512791 31.39302996890116 484
1757594512803 31.291541355711022 485
1757594512814 31.190440037558034 486
1757594512826 31.08972451314666 487
1757594512837 30.9893932870387 488
1757594512849 30.88944486963049 489
1757594512860 30.789877777129583 490
1757594512872 30.69069053153236 491
1757594512883 30.591881660601913 492
1757594512895 30.493449697843896 493
1757594512907 30.395393182485776 494
1757594512918 30.297710659453283 495
1757594512929 30.200400679348583 496
1757594512941 30.103461798427965 497
1757594512953 30.006892578579247 498
1757594512965 29.91069158730088 499
