1757517989799 126.07535434278711 0
1757517989809 95.34415972580385 1
1757517989818 62.620727332915436 2
1757517989827 45.65100901757662 3
1757517989836 34.598288813456705 4
1757517989846 26.50209538793575 5
1757517989855 24.99645540379498 6
1757517989864 17.85582071177186 7
1757517989873 14.852143527160152 8
1757517989883 13.28701474030442 9
1757517989892 3.9580564838709926 10
1757517989901 10.130838141819162 11
1757517989910 8.468681352655743 12
1757517989919 2.283549171355097 13
1757517989929 2.7096924644170355 14
1757517989938 7.296852161716831 15
1757517989947 1.9851329483799964 16
1757517989956 7.275700355697292 17
1757517989966 6.726781299147917 18
1757517989975 7.852499395204246 19
1757517989985 5.832048580695836 20
1757517989994 5.079418484442811 21
1757517990004 2.851494045188658 22
1757517990014 1.160133110179807 23
1757517990024 5.237529688966059 24
1757517990033 3.8726040500386647 25
1757517990043 2.5555394135712453 26
1757517990052 2.0468662791224763 27
1757517990061 1.9944650580261465 28
1757517990071 1.9340251195224263 29
1757517990080 3.4790718790602653 30
1757517990090 4.644821138728138 31
1757517990099 4.897867233004002 32
1757517990108 3.8071648815839416 33
1757517990118 3.0525108745782026 34
1757517990127 3.212607107865945 35
1757517990137 2.7601194405488356 36
1757517990146 1.8383692880721147 37
1757517990156 2.960306878880178 38
1757517990165 3.497404350246906 39
1757517990175 2.1805281145340016 40
1757517990184 3.778504817684679 41
1757517990193 2.8171088304168004 42
1757517990203 3.2472828650905976 43
1757517990212 3.2314540370600673 44
1757517990222 3.082629271459037 45
1757517990231 2.1287009400711203 46
1757517990241 2.330945605434518 47
1757517990250 2.164418210576271 48
1757517990260 2.6797606388640323 49
1757517990269 4.002306956174558 50
1757517990279 3.41435796359689 51
1757517990288 2.377186075958239 52
1757517990298 2.854073885047829 53
1757517990308 4.872864907113156 54
1757517990318 3.5208500940138086 55
1757517990327 4.0576995977812045 56
1757517990337 3.4095482452543564 57
1757517990346 2.904441177329 58
1757517990356 3.04024754862632 59
1757517990365 3.488430780585185 60
1757517990375 2.422130478638698 61
1757517990384 2.977356695711765 62
1757517990394 2.2088189120666692 63
1757517990403 0.8849409343335927 64
1757517990413 1.210618040501388 65
1757517990423 1.5610065034796548 66
1757517990432 2.6471082764241176 67
1757517990442 1.7009550942230112 68
1757517990452 2.621070125832347 69
1757517990461 3.506936516330454 70
1757517990471 3.226816213707474 71
1757517990481 2.976737105746949 72
1757517990490 3.356586996047529 73
1757517990499 3.005017135681737 74
1757517990509 2.277071299928972 75
1757517990519 1.1879747602962918 76
1757517990529 4.119738423370542 77
1757517990539 2.9419234940580643 78
1757517990548 0.7543446047083582 79
1757517990558 2.4909106851011282 80
1757517990567 3.0210204508014504 81
1757517990577 1.5217723522073456 82
1757517990589 1.4500740191249257 83
1757517990599 1.4870253054587768 84
1757517990609 2.1568098647298535 85
1757517990619 2.1651565166667326 86
1757517990628 2.0111378503022928 87
1757517990638 1.626915880158278 88
1757517990648 2.506416870151777 89
1757517990657 1.484531142512844 90
1757517990667 2.011377378798394 91
1757517990677 3.0258449233269338 92
1757517990687 2.6600163799188605 93
1757517990696 2.376803316462841 94
1757517990706 3.266877414125772 95
1757517990716 2.2643520594490045 96
1757517990726 1.2580164282270945 97
1757517990735 1.7940704224872048 98
1757517990745 2.2020448098378944 99
1757517990755 1.503326461370457 100
1757517990765 1.7388233356755933 101
1757517990774 2.9709515464684513 102
1757517990784 1.9090458994216264 103
1757517990794 1.39175647765885 104
1757517990803 2.1584113526704787 105
1757517990813 0.8488132595796151 106
1757517990823 2.036555409887249 107
1757517990833 1.386989711162457 108
1757517990843 2.3300726500287445 109
1757517990853 2.444817321391226 110
1757517990863 1.2428619957649314 111
1757517990873 1.3501063205282517 112
1757517990883 1.516979702725742 113
1757517990893 1.6752093381949706 114
1757517990902 0.9108515725182497 115
1757517990912 1.0230355769528388 116
1757517990922 2.198545596855282 117
1757517990932 1.3683842001409474 118
1757517990942 0.4706673767935053 119
1757517990952 1.468452946708059 120
1757517990962 1.7763490145328316 121
1757517990973 1.160968287682743 122
1757517990983 1.295105396721283 123
1757517990992 0.470722865690535 124
1757517991002 2.3385413671830757 125
1757517991013 1.6536659508920875 126
1757517991025 1.6738788620835512 127
1757517991036 1.9855849454594092 128
1757517991046 1.7183613183282875 129
1757517991057 1.776452369915753 130
1757517991067 1.5384545634102496 131
1757517991077 1.664071392742233 132
1757517991087 1.2455999868152898 133
1757517991096 1.0323191784005528 134
1757517991106 1.1314415474221666 135
1757517991116 1.8251287810975076 136
1757517991133 2.417609925911098 137
1757517991150 1.1137595212706823 138
1757517991160 1.0772819540632232 139
1757517991170 2.2145353659839695 140
1757517991181 1.0707031649476915 141
1757517991191 0.9343732499080636 142
1757517991201 1.085632621872918 143
1757517991211 2.3042597664284665 144
1757517991221 1.2581001632305802 145
1757517991232 1.7145698259822373 146
1757517991242 1.0334643129070102 147
1757517991252 1.4276281886376583 148
1757517991262 1.2635139547780627 149
1757517991272 0.5505740258864055 150
1757517991282 1.0758217046310725 151
1757517991292 0.8967558865397537 152
1757517991302 1.1846661367990787 153
1757517991312 1.6691405344843422 154
1757517991322 0.8928425596937908 155
1757517991332 1.1165456925281532 156
1757517991342 1.269165823606481 157
1757517991352 1.3577097154790776 158
1757517991362 1.942344149934582 159
1757517991372 1.4249730607281643 160
1757517991383 0.46314555747432695 161
1757517991393 0.7122399551750254 162
1757517991403 0.5942054185664282 163
1757517991413 0.5789234605201637 164
1757517991423 0.9034209737827139 165
1757517991433 1.014713148965276 166
1757517991443 1.0942710160673441 167
1757517991454 0.5590961383327275 168
1757517991464 1.3606190929300879 169
1757517991474 1.4580579276097327 170
1757517991484 0.6992489202217678 171
1757517991494 0.7244659549674091 172
1757517991505 0.8441765408913687 173
1757517991515 0.8470912966750817 174
1757517991525 0.7542099403407173 175
1757517991536 0.4702911122649818 176
1757517991546 2.02861887583294 177
1757517991556 0.9896611926483815 178
1757517991566 0.8242180244490656 179
1757517991576 1.2017957720648285 180
1757517991587 0.7738318700291401 181
1757517991597 1.0538086505542108 182
1757517991607 1.163807658022998 183
1757517991617 0.48619504471072766 184
1757517991628 1.4229741746212772 185
1757517991638 0.542542196714173 186
1757517991649 0.752169444588135 187
1757517991659 1.2559070771715837 188
1757517991669 0.3093278549523285 189
1757517991680 1.2355691977077305 190
1757517991690 1.3306493165346205 191
1757517991701 0.9393473792810983 192
1757517991711 0.5166335341165819 193
1757517991722 0.8051243092149583 194
1757517991732 0.49523306849876897 195
1757517991743 1.2157420567715738 196
1757517991753 0.2245107151791673 197
1757517991764 0.8529092525273356 198
1757517991774 0.7733826686281081 199
1757517991784 1.9495934892587672 200
1757517991795 0.4466921203830528 201
1757517991805 0.7136724154013318 202
1757517991815 0.7078255094520768 203
1757517991826 0.6122535105491766 204
1757517991836 0.6967035834724603 205
1757517991847 0.7512658140030125 206
1757517991857 0.686471206185673 207
1757517991867 0.5233618531345061 208
1757517991878 0.3893421157654503 209
1757517991888 0.5639402176130771 210
1757517991898 0.47550889753960424 211
1757517991909 0.6655715910451977 212
1757517991919 0.3649853903818312 213
1757517991930 0.4678675744106823 214
1757517991941 0.77404796244632 215
1757517991951 0.6113562596997821 216
1757517991961 0.6891809838792992 217
1757517991972 1.0782753178379383 218
1757517991983 0.41837840401849974 219
1757517991993 0.6653374065910329 220
1757517992004 0.4138732747903006 221
1757517992014 0.5203519183134923 222
1757517992025 0.3708017147047146 223
1757517992036 0.731012430882051 224
1757517992046 0.8301563048303522 225
1757517992057 0.7820985261157452 226
1757517992068 0.6794389255047972 227
1757517992078 0.35657863164180625 228
1757517992089 0.37472735427241693 229
1757517992099 0.47823203060006125 230
1757517992110 0.6714585332746094 231
1757517992120 0.32542614616729576 232
1757517992131 0.3118178891188506 233
1757517992142 0.7188600786730681 234
1757517992152 0.6128324015989712 235
1757517992163 0.30256588418125235 236
1757517992174 0.49300881527279017 237
1757517992185 0.9507624035150746 238
1757517992196 0.8242931022357569 239
1757517992207 0.7773170871614188 240
1757517992217 0.6730125714017936 241
1757517992228 0.8270596751204666 242
1757517992239 0.547828418580403 243
1757517992249 0.737357606846904 244
1757517992260 0.3944221294697999 245
1757517992271 0.40107039263322997 246
1757517992281 0.4547352353100384 247
1757517992292 0.6599490109762957 248
1757517992303 0.7326050231707364 249
1757517992313 0.5773025840836727 250
1757517992324 0.5273239025069408 251
1757517992334 0.797725185081993 252
1757517992345 0.6354184883710344 253
1757517992356 0.697481065966859 254
1757517992367 0.7525185574750373 255
1757517992377 0.8236394396897657 256
1757517992388 0.7342080018040348 257
1757517992399 0.1559081340585348 258
1757517992409 0.5719468967272907 259
1757517992420 0.25759327352129874 260
1757517992431 0.4407174223029927 261
1757517992442 0.4089278471519119 262
1757517992452 0.7266446411123355 263
1757517992463 0.49585836315828635 264
1757517992474 0.5635833343738422 265
1757517992485 0.257764777426025 266
1757517992496 0.5600146976984961 267
1757517992506 0.6941810428641706 268
1757517992517 0.7344750886581766 269
1757517992528 0.4617126581082032 270
1757517992539 0.514879559901895 271
1757517992550 0.8241127842068716 272
1757517992561 0.4277052343658137 273
1757517992572 0.4330534218176033 274
1757517992583 0.4757699495990142 275
1757517992593 0.3719494148101678 276
1757517992604 0.2564441149848616 277
1757517992615 0.49708299960406466 278
1757517992626 0.3784570133062584 279
1757517992637 0.6112112010983657 280
1757517992648 0.5913128584193706 281
1757517992659 0.5779207800006705 282
1757517992670 0.4639096316976392 283
1757517992680 0.393034540066314 284
1757517992691 0.28440918834712847 285
1757517992702 0.28212853492669815 286
1757517992713 0.1631632516638797 287
1757517992724 0.3084274569277937 288
1757517992735 0.8204139740466126 289
1757517992746 0.7376451132316267 290
1757517992757 0.7059719115961931 291
1757517992768 0.32617837823322987 292
1757517992779 0.4342291490978817 293
1757517992790 0.3533693845089817 294
1757517992801 0.3019472818341274 295
1757517992812 0.509124962370629 296
1757517992822 0.24899844297359786 297
1757517992833 0.2782171563709675 298
1757517992845 0.2895367352824814 299
1757517992856 0.20339398913362663 300
1757517992867 0.23027307055058407 301
1757517992878 0.30837074004558745 302
1757517992889 0.4317481210921663 303
1757517992900 0.3854687495733922 304
1757517992911 0.4828341574368285 305
1757517992922 0.3794531824940068 306
1757517992933 0.28381886820755625 307
1757517992944 0.23843925957988235 308
1757517992957 0.5387567602202216 309
1757517992969 0.35601130923433716 310
1757517992981 0.28182106925026335 311
1757517992992 0.31759329592335733 312
1757517993003 0.34396074211540184 313
1757517993014 0.38803300625222537 314
1757517993025 0.5771654502066682 315
1757517993036 0.20336030396556787 316
1757517993047 0.260172524654058 317
1757517993058 0.5223925209086339 318
1757517993069 0.33152448585689426 319
1757517993080 0.40293847745654526 320
1757517993092 0.3248937905104514 321
1757517993103 0.31319549637003935 322
1757517993114 0.22058608425525364 323
1757517993125 0.6128194170432486 324
1757517993136 0.1987625225233811 325
1757517993147 1.1439112740071018 326
1757517993160 0.6365199511031683 327
1757517993172 0.32025998907714714 328
1757517993188 0.46138262289016757 329
1757517993202 0.4595412343584159 330
1757517993213 0.3357018295145458 331
1757517993225 0.5963792240072168 332
1757517993239 0.29432167254266445 333
1757517993251 0.35939051278367146 334
1757517993262 0.2952853557142235 335
1757517993274 0.3883431819757871 336
1757517993285 0.42166635868557495 337
1757517993297 0.20892420817732127 338
1757517993308 0.23159007354061217 339
1757517993319 0.2730402552531516 340
1757517993331 0.28612784912178724 341
1757517993342 0.15030727134255786 342
1757517993354 0.22475926751411782 343
1757517993365 0.18395337609286141 344
1757517993376 0.3878841962823605 345
1757517993387 0.48482557571201346 346
1757517993399 0.49563641303073747 347
1757517993410 0.2835226544794125 348
1757517993422 0.1166010360463575 349
1757517993433 0.12966725193627518 350
1757517993444 0.28074882680913615 351
1757517993456 0.26982200483486163 352
1757517993467 0.3595575228153954 353
1757517993479 0.38849290151133326 354
1757517993490 0.17744206161802942 355
1757517993502 0.3863564011882323 356
1757517993514 0.5276110423996347 357
1757517993525 0.36118011639325165 358
1757517993536 0.14986375407555563 359
1757517993547 0.2579407633588754 360
1757517993559 0.28563367222721303 361
1757517993570 0.2958049657992919 362
1757517993582 0.1264862871899584 363
1757517993593 0.2205100251164291 364
1757517993604 0.13846856696896065 365
1757517993615 0.34405844845800765 366
1757517993627 0.12531687877533573 367
1757517993638 0.20843067737794393 368
1757517993650 0.17563261327086196 369
1757517993661 0.4164333320929842 370
1757517993673 0.35137994501264924 371
1757517993684 0.26414697405878634 372
1757517993696 0.2522900240588183 373
1757517993707 0.31352191866162893 374
1757517993718 0.1389350049090807 375
1757517993730 0.23637902957100942 376
1757517993741 0.2738377803695813 377
1757517993753 0.21811124894287312 378
1757517993764 0.1289150394919813 379
1757517993776 0.18680221841543382 380
1757517993787 0.19438765543139414 381
1757517993798 0.1405991465799388 382
1757517993810 0.3850827306644192 383
1757517993822 0.1854104617338662 384
1757517993833 0.29851360469382293 385
1757517993845 0.2156345407370537 386
1757517993857 0.28309754698306355 387
1757517993868 0.12170430712285324 388
1757517993880 0.15234826613030591 389
1757517993892 0.1590025007758985 390
1757517993903 0.22467578559108844 391
1757517993915 0.16534409560697333 392
1757517993926 0.4393972342613023 393
1757517993938 0.2432494758382718 394
1757517993950 0.34836730566895535 395
1757517993962 0.41405701510105214 396
1757517993973 0.1815785677391736 397
1757517993985 0.17235341515689015 398
1757517993996 0.14201485057953392 399
1757517994008 0.30975025178395066 400
1757517994019 0.20920974883691262 401
1757517994031 0.17882330620648107 402
1757517994043 0.28279806001589186 403
1757517994054 0.3646830208255875 404
1757517994066 0.17602309971065677 405
1757517994078 0.12093870307210068 406
1757517994090 0.3016573848948801 407
1757517994101 0.17266656999320637 408
1757517994113 0.2101600689249232 409
1757517994125 0.3981001640656113 410
1757517994136 0.17346337885746166 411
1757517994148 0.1563277570616941 412
1757517994159 0.1363053284891827 413
1757517994171 0.2606641581182147 414
1757517994183 0.2096875530740124 415
1757517994194 0.14265516075690296 416
1757517994206 0.16408975471369533 417
1757517994217 0.17049645935086005 418
1757517994229 0.1739166103199195 419
1757517994241 0.1422537904593405 420
1757517994252 0.12035556416127806 421
1757517994264 0.1433747581191778 422
1757517994276 0.20227177298991672 423
1757517994288 0.35685083443167726 424
1757517994300 0.08691159349837095 425
1757517994311 0.09295869485904582 426
1757517994323 0.13096018048409092 427
1757517994335 0.16993251220395839 428
1757517994347 0.17581003609790982 429
1757517994358 0.12941598052805658 430
1757517994371 0.07626170416243415 431
1757517994382 0.10148920240425295 432
1757517994394 0.25670853474257177 433
1757517994406 0.30662820520206124 434
1757517994417 0.240282972701644 435
1757517994429 0.1384182409679831 436
1757517994441 0.24089030487332475 437
1757517994452 0.3296154207923979 438
1757517994464 0.14604731175206598 439
1757517994476 0.1466001885712463 440
1757517994488 0.13691297874779979 441
1757517994500 0.19977888727832066 442
1757517994512 0.19065655686406577 443
1757517994523 0.18114649144755876 444
1757517994535 0.20201735506855928 445
1757517994547 0.18250557662853886 446
1757517994559 0.2511084527505648 447
1757517994571 0.3343317996406405 448
1757517994583 0.2110865089106653 449
1757517994595 0.17537561820368044 450
1757517994607 0.1117688225829274 451
1757517994619 0.22338269608860195 452
1757517994631 0.17909539486019546 453
1757517994642 0.17097334406535178 454
1757517994654 0.2951357538090096 455
1757517994666 0.1705774459182758 456
1757517994678 0.14240885885677615 457
1757517994690 0.19091336138768686 458
1757517994702 0.2586137681287892 459
1757517994714 0.17711496619810554 460
1757517994727 0.276428390361893 461
1757517994748 0.2254626096188141 462
1757517994762 0.18337501887431576 463
1757517994775 0.10745398328038513 464
1757517994787 0.12269917332387605 465
1757517994799 0.2576693966030578 466
1757517994811 0.15259908025471206 467
1757517994823 0.19208968122091993 468
1757517994835 0.28844316568544165 469
1757517994847 0.17651843259055536 470
1757517994860 0.20576794660120334 471
1757517994872 0.08232362272212868 472
1757517994884 0.1397119729114073 473
1757517994896 0.14462344020066673 474
1757517994908 0.16460672623255151 475
1757517994920 0.3676075285677765 476
1757517994932 0.171420112627791 477
1757517994944 0.11359596259360709 478
1757517994956 0.14270473882361645 479
1757517994969 0.12562581480129412 480
1757517994981 0.20292740187986333 481
1757517994993 0.09839993236276713 482
1757517995005 0.1278880123881197 483
1757517995017 0.13343565857685935 484
1757517995029 0.15495959627202963 485
1757517995042 0.10630783279833779 486
1757517995054 0.23783295606417723 487
1757517995066 0.10014473566993665 488
1757517995078 0.18262879083110403 489
1757517995091 0.24309288778883392 490
1757517995103 0.11757073252560493 491
1757517995115 0.11502737124063019 492
1757517995127 0.15648585347695634 493
1757517995139 0.13159649219241462 494
1757517995152 0.11145461396184571 495
1757517995165 0.16965801148652077 496
1757517995177 0.08321563029230798 497
1757517995190 0.10290940265607477 498
1757517995203 0.2689089908263556 499
