1757518150539 0.014337197676210323 0
1757518150578 0.005582890584899649 1
1757518150616 0.02383520073108725 2
1757518150655 0.06811826137906812 3
1757518150694 0.021437427273883813 4
1757518150732 0.003540755621247265 5
1757518150772 0.22279723173643612 6
1757518150810 0.0054841018973350196 7
1757518150849 0.0014569870385387925 8
1757518150888 0.8084558959470382 9
1757518150926 0.008935418725339912 10
1757518150965 0.0002756908309750219 11
1757518151004 0.17259649951280565 12
1757518151043 0.022831201588395675 13
1757518151082 0.006524448118179024 14
1757518151121 0.08681859983378121 15
1757518151159 0.005287336287895433 16
1757518151198 9.38628851952821e-05 17
1757518151236 0.017940666118734842 18
1757518151275 0.002146508126337779 19
1757518151314 0.018482483773655585 20
1757518151353 0.05843690993211542 21
1757518151392 0.11356244612820098 22
1757518151430 0.01823990189523597 23
1757518151469 0.2064935513124374 24
1757518151508 0.04712936374492562 25
1757518151547 0.05450958887182113 26
1757518151585 0.3850606325935076 27
1757518151634 0.12395502767939548 28
1757518151676 0.23262859782965115 29
1757518151717 0.06092816417826511 30
1757518151757 0.1669455326387058 31
1757518151798 0.15299373873430305 32
1757518151837 0.3216837275319148 33
1757518151876 0.07116109706798408 34
1757518151914 0.3378799955002125 35
1757518151967 8.960940078331629e-06 36
1757518152011 0.026546421838458335 37
1757518152051 0.11159700516214473 38
1757518152090 0.018046781879448467 39
1757518152128 0.03191749828497224 40
1757518152168 0.5139779273051708 41
1757518152206 0.0012781563160046345 42
1757518152245 0.7592800386811047 43
1757518152284 0.0008238111326877386 44
1757518152323 0.12585290348687123 45
1757518152361 0.062378228346655164 46
1757518152400 0.08521410397964314 47
1757518152440 0.06443664706089025 48
1757518152479 0.37246665662630385 49
1757518152517 0.08425869776692103 50
1757518152556 0.04549285927330631 51
1757518152595 0.412017736486777 52
1757518152634 0.14414908553190747 53
1757518152673 0.014935520152027688 54
1757518152711 0.08313060747472904 55
1757518152751 0.4338307165644631 56
1757518152790 0.10274924794946279 57
1757518152828 0.037876510955840874 58
1757518152867 0.462630432111762 59
1757518152905 0.029228932016984264 60
1757518152944 0.08664874312011336 61
1757518152982 0.0024466144455334146 62
1757518153021 0.005994447845410682 63
1757518153060 0.6394681081983308 64
1757518153099 0.05064753899424211 65
1757518153137 0.023549297008248156 66
1757518153176 0.5879368099886074 67
1757518153217 0.5029674002510652 68
1757518153261 0.11455818114010131 69
1757518153301 0.35898543656174686 70
1757518153340 0.0028643482768298334 71
1757518153379 0.25789687046625803 72
1757518153418 0.0025000060532205074 73
1757518153457 1.2927845776865807e-05 74
1757518153496 0.15900260376214298 75
1757518153535 0.10598910401204585 76
1757518153574 0.00045146118012998103 77
1757518153614 0.411307092780529 78
1757518153652 0.012383477517288716 79
1757518153692 0.0006751160875959597 80
1757518153731 0.30481791346747483 81
1757518153769 0.01773996353509363 82
1757518153808 0.005161290799484903 83
1757518153847 0.28479966434167 84
1757518153886 0.0002423953290801316 85
1757518153925 1.4562823731994663 86
1757518153964 0.11923519147306959 87
1757518154009 0.0005781553732711641 88
1757518154052 0.07841141907203122 89
1757518154093 0.02543949043230518 90
1757518154135 0.001993704251618015 91
1757518154175 0.05718149626663143 92
1757518154215 0.1840586236954296 93
1757518154254 0.002775386877698372 94
1757518154293 0.0014048055746473703 95
1757518154332 0.02357739590576112 96
1757518154372 0.03837384779609851 97
1757518154411 0.16848635962649997 98
1757518154450 0.0004805327658952173 99
1757518154490 0.025039417777271884 100
1757518154529 0.008363957540033693 101
1757518154571 0.013474316002109892 102
1757518154612 0.011196923071206804 103
1757518154652 0.029658960355196117 104
1757518154692 0.1905858903147569 105
1757518154731 0.05792095408260095 106
1757518154780 0.20969110989060985 107
1757518154827 0.15987908582061308 108
1757518154868 0.06660012639022775 109
1757518154908 0.008290117212432516 110
1757518154947 0.04103923272818975 111
1757518154987 0.08167540368491268 112
1757518155028 0.0025440827350117004 113
1757518155068 0.12940570239930885 114
1757518155108 0.010399389158779401 115
1757518155147 0.17899402131821643 116
1757518155186 0.2559221252656292 117
1757518155226 0.09302997950272125 118
1757518155265 2.6123923293934844e-05 119
1757518155308 0.14382810972692744 120
1757518155349 0.25534685512860084 121
1757518155390 0.00944714689591037 122
1757518155430 0.0017774594400996034 123
1757518155470 0.102706737349331 124
1757518155510 0.014599110403432326 125
1757518155549 0.4704702326073053 126
1757518155590 0.0029476073542160507 127
1757518155630 0.14397747326822885 128
1757518155669 0.026120344484793518 129
1757518155708 0.06829393594638718 130
1757518155748 0.17369679118473788 131
1757518155787 0.02780493972592204 132
1757518155827 0.10934323081836282 133
1757518155866 0.0054628850213806505 134
1757518155906 0.21484495358506278 135
1757518155946 0.033248467206230294 136
1757518155985 0.03336529288520762 137
1757518156025 0.10633166792439483 138
1757518156064 0.00018761538950406743 139
1757518156104 0.003629174979430869 140
1757518156144 0.07740892865428273 141
1757518156184 0.0014319222879966458 142
1757518156224 0.5327798450598953 143
1757518156265 0.003054449039423514 144
1757518156304 0.1945108161185002 145
1757518156346 0.17559906638053882 146
1757518156385 0.7655339223518824 147
1757518156425 0.04544776109642515 148
1757518156465 0.27386089444268263 149
1757518156505 0.22504070866547093 150
1757518156545 0.04176074430692315 151
1757518156584 1.418189274373404 152
1757518156624 0.023453051093160492 153
1757518156663 0.0005870658073551287 154
1757518156702 1.1552772427410913 155
1757518156745 0.14244344370748355 156
1757518156785 0.15283471681670383 157
1757518156825 0.10993697960396369 158
1757518156864 2.1071860117967636 159
1757518156904 0.08193129537017071 160
1757518156944 0.4730904098210347 161
1757518156984 0.0025333792241664173 162
1757518157024 0.452955235666497 163
1757518157066 0.046580114015681094 164
1757518157123 0.0028001928026693307 165
1757518157163 0.27075077427019734 166
1757518157205 0.02125147033629136 167
1757518157246 0.22065249267032128 168
1757518157286 0.06985548542388521 169
1757518157326 0.03287680342696043 170
1757518157366 0.05903736588092409 171
1757518157406 0.02570738815102641 172
1757518157446 0.0522208794886582 173
1757518157486 0.27229065452722395 174
1757518157526 0.06212499567243678 175
1757518157566 0.030203763967668572 176
1757518157605 0.037772794293981345 177
1757518157645 0.006255735798906408 178
1757518157684 0.3210131996043909 179
1757518157724 0.008668856112325134 180
1757518157764 0.10863420501186756 181
1757518157804 0.0008295439049696436 182
1757518157844 0.06388487742327187 183
1757518157883 0.020435492640209656 184
1757518157923 0.09340252795506244 185
1757518157963 0.046745911920336974 186
1757518158003 0.4029148112837267 187
1757518158043 0.006637509193069648 188
1757518158082 0.018472137239873343 189
1757518158122 0.8131720019167776 190
1757518158162 0.20387189687865914 191
1757518158201 0.010357699216928324 192
1757518158241 0.048429518846932376 193
1757518158281 0.21172816302562283 194
1757518158320 0.14467208643953644 195
1757518158360 0.03224983015393239 196
1757518158400 0.13387403783671378 197
1757518158440 0.10157421667438854 198
1757518158480 0.005163875798523177 199
1757518158521 0.07591297249102927 200
1757518158561 0.03356683419534199 201
1757518158601 0.22003635430612994 202
1757518158641 0.11507679903251511 203
1757518158681 1.2554596444597683 204
1757518158720 0.0016112274389755662 205
1757518158760 0.005281661374280986 206
1757518158801 0.005872204974223522 207
1757518158841 0.6416697751383252 208
1757518158880 0.5503456460797086 209
1757518158920 0.07621549383964767 210
1757518158960 0.22119371613018327 211
1757518159000 0.014814216304680616 212
1757518159040 0.17465197217937142 213
1757518159080 0.01638328020897913 214
1757518159120 0.5595360190339127 215
1757518159160 0.08664000137274956 216
1757518159200 0.0017918563615364248 217
1757518159240 1.6437608106904829 218
1757518159280 0.08643470942151182 219
1757518159321 0.05370469221197038 220
1757518159362 0.03889627215421507 221
1757518159403 0.002586062290724776 222
1757518159443 3.541114492517065 223
1757518159483 0.8890583215386682 224
1757518159523 1.260959619497166 225
1757518159563 0.12933718145447567 226
1757518159604 0.7199013175768154 227
1757518159644 0.04530627599293369 228
1757518159684 0.001735748932763987 229
1757518159724 0.02782715839219957 230
1757518159764 0.027745938394029803 231
1757518159804 0.29456553688995984 232
1757518159844 0.0015478307046495735 233
1757518159884 0.08641115630741578 234
1757518159924 0.07340653065558393 235
1757518159964 0.12230212273040704 236
1757518160004 0.012214610205557848 237
1757518160044 0.17866262089575446 238
1757518160084 0.15615430474599626 239
1757518160124 0.04579397413272288 240
1757518160165 0.19296299043512977 241
1757518160205 0.004738803088113758 242
1757518160245 0.04755905766704333 243
1757518160285 0.5876973725676067 244
1757518160325 0.04211757350058293 245
1757518160365 0.0843828814441637 246
1757518160405 0.15490501328247613 247
1757518160445 0.18219999277099957 248
1757518160486 0.32610937945753277 249
1757518160526 0.3328838961792186 250
1757518160566 0.0013183052084422256 251
1757518160607 0.16012907805586576 252
1757518160647 0.0005486213917551569 253
1757518160687 0.015938282309610197 254
1757518160729 0.03648475677074798 255
1757518160769 0.00498251306691826 256
1757518160810 4.232152708200573e-05 257
1757518160850 0.06870498129361144 258
1757518160890 0.004738067207581712 259
1757518160931 1.986896336805268 260
1757518160971 0.29919338713424243 261
1757518161012 0.19043894038253925 262
1757518161052 0.10896751406647036 263
1757518161093 0.09744359582251076 264
1757518161133 0.0019214791216516087 265
1757518161174 0.0018507024591984016 266
1757518161214 0.09581903726899949 267
1757518161254 0.0015875595818881634 268
1757518161294 0.05367648029454878 269
1757518161335 0.09094258033956844 270
1757518161375 0.3496788372538656 271
1757518161414 0.32962072098392997 272
1757518161454 0.0929176462788705 273
1757518161494 0.16777482375373673 274
1757518161534 0.2766981062311369 275
1757518161574 7.170165136207318e-05 276
1757518161614 1.1330802173404269 277
1757518161654 0.008676824779637814 278
1757518161695 0.09079274867557512 279
1757518161734 0.0664294108277489 280
1757518161774 0.00016248663419217465 281
1757518161815 2.667005219571972 282
1757518161854 0.07482487644190222 283
1757518161895 0.16131012826806712 284
1757518161936 0.06394257804778619 285
1757518161977 0.018091553247413773 286
1757518162018 0.0019436800813248916 287
1757518162058 0.013997507664016017 288
1757518162099 0.2586547351034755 289
1757518162139 0.009257854162487159 290
1757518162180 0.25217253974005865 291
1757518162221 0.0131506096069658 292
1757518162261 0.042813147125306344 293
1757518162302 0.034500830963022824 294
1757518162342 0.15743225439762487 295
1757518162382 0.07014557608202449 296
1757518162422 0.2840870668315035 297
1757518162463 0.29419783827370777 298
1757518162504 0.00946359815102962 299
1757518162546 0.7185828736044017 300
1757518162586 0.038414441165716066 301
1757518162627 0.03307644305529285 302
1757518162667 0.02796432622287367 303
1757518162708 0.2081965755311021 304
1757518162748 0.255994244832967 305
1757518162788 0.058554956193851586 306
1757518162830 0.3010548759514714 307
1757518162870 0.06644098593842714 308
1757518162911 0.2571517802749868 309
1757518162951 0.09792355369530015 310
1757518162992 0.05993420335302888 311
1757518163033 0.04934348932640047 312
1757518163072 0.372010813238723 313
1757518163113 0.21000300638790217 314
1757518163153 0.058295046260672674 315
1757518163193 0.022239188064714806 316
1757518163241 0.0565568028474144 317
1757518163282 0.0052400480353193895 318
1757518163323 0.009670479837710992 319
1757518163363 0.25978223265000294 320
1757518163404 0.011439726995668595 321
1757518163445 0.12558247305549705 322
1757518163486 2.821807991555286e-05 323
1757518163528 0.062018619401055845 324
1757518163568 0.027344836287667658 325
1757518163608 0.00024276994754759957 326
1757518163649 0.13985591425983268 327
1757518163689 0.04477353672975774 328
1757518163728 1.988932870922139 329
1757518163770 0.03831268629551468 330
1757518163811 0.03619096948863502 331
1757518163852 0.13055021841598444 332
1757518163892 0.01707299888952083 333
1757518163932 0.022123657627338863 334
1757518163973 0.08750083350752659 335
1757518164015 0.2456599778104011 336
1757518164055 0.3881779247557804 337
1757518164099 0.029799195758947884 338
1757518164140 0.015309417966409146 339
1757518164181 0.08388719649029981 340
1757518164222 0.008689630696821491 341
1757518164263 0.30550148623287565 342
1757518164304 0.00029311124098060725 343
1757518164345 0.04406548304744405 344
1757518164386 0.09590763584107437 345
1757518164427 0.02930050019098789 346
1757518164469 0.021215644406443097 347
1757518164510 0.04511323576386722 348
1757518164551 0.1727289077873778 349
1757518164591 0.08406259684144848 350
1757518164632 0.5059748884000609 351
1757518164673 0.04556277775575232 352
1757518164715 0.046544138985756975 353
1757518164756 0.044597215345212965 354
1757518164797 0.05905428346176238 355
1757518164838 0.06038991823768614 356
1757518164879 0.0006241723403664178 357
1757518164921 0.18523296324001579 358
1757518164962 0.29794381190375624 359
1757518165004 0.0038206784712648298 360
1757518165046 0.26886226606819164 361
1757518165105 0.0977767585730783 362
1757518165147 0.02712204101699358 363
1757518165188 0.23711368101925542 364
1757518165229 0.5769710408726465 365
1757518165271 0.0719012316880284 366
1757518165312 0.004789733505101291 367
1757518165352 0.000387653448381658 368
1757518165393 0.16214655183746177 369
1757518165435 0.18694873044422658 370
1757518165475 0.02479698574960589 371
1757518165516 0.0023380860979433054 372
1757518165556 0.007024707056106713 373
1757518165600 0.0571362424111898 374
1757518165642 0.010610721174486417 375
1757518165683 0.01632761418855537 376
1757518165724 0.43084695118450517 377
1757518165764 0.019037614956144092 378
1757518165817 0.0003453389822140015 379
1757518165858 0.09606879561048202 380
1757518165900 0.20983838842080635 381
1757518165940 0.004356450039711117 382
1757518165982 0.14682677999806706 383
1757518166023 0.3381809170486682 384
1757518166064 0.00205041040938157 385
1757518166104 0.004044978503139918 386
1757518166145 0.4066206893051086 387
1757518166186 0.00025498707610646236 388
1757518166227 0.4299440307273145 389
1757518166268 0.00012627566163922338 390
1757518166309 0.0012587142418335525 391
1757518166350 0.02942819559003083 392
1757518166390 0.0676749553021021 393
1757518166431 0.06362174466772286 394
1757518166473 0.24071022415805204 395
1757518166526 0.9890568402286657 396
1757518166570 0.002731254876590908 397
1757518166613 0.045014870520001735 398
1757518166665 0.07358062426774455 399
1757518166713 0.32700199717185063 400
1757518166757 0.0630766530203975 401
1757518166800 0.02031228069722562 402
1757518166843 0.019756491233727483 403
1757518166886 0.013331618934640948 404
1757518166928 0.36591051230119787 405
1757518166969 0.029560569541171536 406
1757518167011 0.3232082222820489 407
1757518167052 0.03742690002572605 408
1757518167094 0.22742441919746528 409
1757518167136 0.05965717525000946 410
1757518167178 0.16693428832670093 411
1757518167221 0.036036020620212654 412
1757518167262 0.010233225559590668 413
1757518167306 0.0061983329687584415 414
1757518167353 0.0014505154474262622 415
1757518167396 0.000567493027399082 416
1757518167438 0.027282162821888323 417
1757518167480 0.0646287863747267 418
1757518167521 0.28602486583598286 419
1757518167562 0.043931044372544595 420
1757518167603 0.7289518592995567 421
1757518167671 0.08151071856434311 422
1757518167713 0.008684506614475902 423
1757518167755 1.181625917578161e-06 424
1757518167798 0.0899563482440088 425
1757518167841 0.09250639535806626 426
1757518167883 0.07995037645051523 427
1757518167925 0.12331929948562301 428
1757518167966 0.004312531641080674 429
1757518168007 0.061976313614173835 430
1757518168048 0.1349264878809486 431
1757518168090 0.2573405659326154 432
1757518168131 0.005879128610975035 433
1757518168173 0.07568932439879013 434
1757518168213 0.0026364162502959063 435
1757518168253 0.28549033671157653 436
1757518168294 0.00045384512541256583 437
1757518168335 0.002818422945752982 438
1757518168376 0.004572280996753167 439
1757518168417 0.4930088803631268 440
1757518168458 0.038496549054963504 441
1757518168500 0.6939077333118583 442
1757518168541 0.07676999002131234 443
1757518168582 0.0112435787148207 444
1757518168623 0.09203274825649782 445
1757518168664 0.000930080578673432 446
1757518168705 0.8808661713896564 447
1757518168746 0.0028577148871012635 448
1757518168787 0.07687272120381262 449
1757518168830 0.11348678098575711 450
1757518168871 0.1881814739989539 451
1757518168912 0.128680143945479 452
1757518168953 0.06604490442018955 453
1757518168995 0.14751123420910556 454
1757518169036 0.18749792804569165 455
1757518169078 0.006360641838899811 456
1757518169119 3.830332080459494e-05 457
1757518169160 0.059386074551836684 458
1757518169201 0.15449637694853502 459
1757518169242 0.022144472089298064 460
1757518169284 0.04741681723673425 461
1757518169326 0.0694514311321813 462
1757518169367 0.009798321519915295 463
1757518169409 0.0025084255162696086 464
1757518169449 0.2237413395660796 465
1757518169492 0.534118178639311 466
1757518169533 0.1469210860046539 467
1757518169575 0.20086989762527055 468
1757518169616 0.012129094064135445 469
1757518169657 0.11924922718959124 470
1757518169699 0.0034057156110368927 471
1757518169740 0.037183022391872635 472
1757518169781 0.05921637166083756 473
1757518169823 0.2937771067166436 474
1757518169864 0.4722566754503624 475
1757518169905 0.2369329725394713 476
1757518169946 0.011421613225197582 477
1757518169988 0.5477465017874888 478
1757518170029 0.10566183296357104 479
1757518170070 0.0009792297566326423 480
1757518170112 0.11920797056731772 481
1757518170153 0.8249537336753425 482
1757518170194 0.25699043773770996 483
1757518170236 0.081985622671645 484
1757518170277 0.14478245493252526 485
1757518170318 0.27530785313706746 486
1757518170359 0.0073817985960360375 487
1757518170401 0.6549324926647139 488
1757518170442 0.6365596250258534 489
1757518170484 0.016844533920949915 490
1757518170525 0.013256339412442567 491
1757518170567 0.09314239647107934 492
1757518170609 0.03465215633130297 493
1757518170650 0.0428412427873734 494
1757518170691 0.006882340088250788 495
1757518170733 0.09593865063249066 496
1757518170774 0.1297337493714692 497
1757518170816 0.23029456966421757 498
1757518170858 0.4198621389068508 499
