1757594637556 1.8059786384300625 0
1757594637566 1.1447441787090928 1
1757594637575 0.292811365033052 2
1757594637585 0.13824440286614811 3
1757594637594 0.19755814846584338 4
1757594637603 0.1587521303441731 5
1757594637612 0.21587448537390724 6
1757594637622 0.2147277331202452 7
1757594637631 0.09423434757125183 8
1757594637640 0.08170925469766356 9
1757594637649 0.08873510077579065 10
1757594637659 0.13996451025375442 11
1757594637668 0.08525659264593707 12
1757594637677 0.09806576762825531 13
1757594637686 0.0672250443490231 14
1757594637696 0.07546739073871507 15
1757594637705 0.09767377729893384 16
1757594637714 0.05765160878752754 17
1757594637724 0.1310874057889244 18
1757594637733 0.07994603192052026 19
1757594637742 0.05216976335314653 20
1757594637752 0.11935928008579307 21
1757594637761 0.09983978756463631 22
1757594637771 0.05924102247593501 23
1757594637780 0.0767851545374443 24
1757594637790 0.0970892450221318 25
1757594637800 0.1254579072399626 26
1757594637809 0.08105555433644614 27
1757594637818 0.09678019876536963 28
1757594637828 0.09751607465841405 29
1757594637837 0.08582468296674291 30
1757594637846 0.07577336170598362 31
1757594637856 0.13463245780045632 32
1757594637865 0.11576024959581363 33
1757594637874 0.11663125975398309 34
1757594637884 0.05890883023344736 35
1757594637893 0.07512287942096524 36
1757594637903 0.10003150731180062 37
1757594637912 0.22696713873964378 38
1757594637921 0.0960639924794171 39
1757594637931 0.13098476762442054 40
1757594637940 0.08048142074074034 41
1757594637949 0.12014477785901019 42
1757594637958 0.09281912558326343 43
1757594637968 0.05588864817177295 44
1757594637977 0.03870835735930926 45
1757594637987 0.15549281287971647 46
1757594637996 0.0810613482098124 47
1757594638006 0.11953248238658684 48
1757594638016 0.06076464303756747 49
1757594638025 0.07098036865963829 50
1757594638034 0.09315200348134857 51
1757594638044 0.11184055880711996 52
1757594638053 0.12133225985137756 53
1757594638063 0.11979040840677282 54
1757594638073 0.06643787414993109 55
1757594638083 0.10994085233810508 56
1757594638092 0.10389802408583952 57
1757594638101 0.10752525455414323 58
1757594638111 0.08660924396061054 59
1757594638120 0.1305688813255354 60
1757594638129 0.08208103074895924 61
1757594638139 0.06988112208793658 62
1757594638148 0.1094056410458485 63
1757594638157 0.11513766027566333 64
1757594638167 0.08684307790640246 65
1757594638176 0.09265025727336725 66
1757594638186 0.06402148943000172 67
1757594638196 0.1857203444973824 68
1757594638205 0.06734011416563539 69
1757594638215 0.06395346638359105 70
1757594638224 0.043601786270020274 71
1757594638234 0.0482727613576191 72
1757594638243 0.06948966075713565 73
1757594638253 0.060865626622977155 74
1757594638262 0.11171327334369843 75
1757594638272 0.08772934101951026 76
1757594638281 0.058767986025172275 77
1757594638291 0.08294996045863982 78
1757594638300 0.10696284575843255 79
1757594638310 0.05441826605536114 80
1757594638320 0.046521921949802605 81
1757594638329 0.08115231708399487 82
1757594638339 0.12455649312667469 83
1757594638349 0.1191742356167309 84
1757594638358 0.0801849007434458 85
1757594638368 0.054705447434845664 86
1757594638377 0.0744816634150058 87
1757594638387 0.12142919539173969 88
1757594638397 0.13857261560844555 89
1757594638406 0.09896330050507153 90
1757594638416 0.07033704123398382 91
1757594638426 0.09707545823108708 92
1757594638436 0.07321542644468114 93
1757594638445 0.08162264880087611 94
1757594638455 0.11348796660514406 95
1757594638465 0.06809386100901971 96
1757594638475 0.09179506925188288 97
1757594638484 0.07178569886185839 98
1757594638494 0.0605811813155569 99
1757594638504 0.1655689310666247 100
1757594638514 0.07462422401885119 101
1757594638523 0.04668903655806748 102
1757594638533 0.10484400261377438 103
1757594638543 0.13944494905095733 104
1757594638552 0.08124172456158152 105
1757594638562 0.08997443612958964 106
1757594638572 0.12067236767669737 107
1757594638582 0.10275032212144211 108
1757594638592 0.0870289535467724 109
1757594638602 0.05705145505600761 110
1757594638612 0.06154500742025354 111
1757594638621 0.0729963664201389 112
1757594638631 0.0917150962863048 113
1757594638641 0.09768192520720334 114
1757594638651 0.06107250128515014 115
1757594638661 0.17191008421736753 116
1757594638671 0.08571254161370334 117
1757594638681 0.07034120325817711 118
1757594638690 0.08559797533509382 119
1757594638700 0.14148305238339146 120
1757594638710 0.0832137435328127 121
1757594638720 0.11929869881474518 122
1757594638730 0.07584442659040189 123
1757594638740 0.08792999302952959 124
1757594638750 0.07944561018497828 125
1757594638760 0.08736660195548658 126
1757594638770 0.07957281119821556 127
1757594638781 0.0986245863118653 128
1757594638791 0.04233149279686936 129
1757594638801 0.08966055575668751 130
1757594638811 0.108894891154827 131
1757594638821 0.09986101225931006 132
1757594638831 0.07209066533569031 133
1757594638840 0.05962921373420337 134
1757594638850 0.0792720468163018 135
1757594638861 0.11276531772166459 136
1757594638886 0.10192912270062116 137
1757594638898 0.07796863519418722 138
1757594638908 0.11810120434136759 139
1757594638918 0.07599369255814259 140
1757594638928 0.13124584213691987 141
1757594638938 0.060987477479223326 142
1757594638948 0.05944622082175024 143
1757594638958 0.13062635826011676 144
1757594638969 0.07292492520931615 145
1757594638979 0.123990792397372 146
1757594638989 0.06350497113786006 147
1757594638999 0.07420449799714558 148
1757594639009 0.09246003804297422 149
1757594639019 0.09524947332985843 150
1757594639030 0.0731540188948069 151
1757594639040 0.09052034755261193 152
1757594639050 0.07167446286056947 153
1757594639060 0.08671824545043318 154
1757594639070 0.09283773433342657 155
1757594639080 0.19442243425556313 156
1757594639090 0.11066317849947284 157
1757594639101 0.06774344867159031 158
1757594639111 0.0737889839209735 159
1757594639122 0.12595215248030225 160
1757594639132 0.07065443594456064 161
1757594639142 0.07252231608678351 162
1757594639152 0.09306371022081614 163
1757594639162 0.06538640495047286 164
1757594639173 0.09794462747726748 165
1757594639183 0.040437231841696175 166
1757594639193 0.09540269079214084 167
1757594639204 0.05743129196948222 168
1757594639214 0.07264387890974544 169
1757594639224 0.11814732988981543 170
1757594639234 0.12247755646522418 171
1757594639244 0.15805207216852443 172
1757594639254 0.11665915894499522 173
1757594639265 0.055929388377578756 174
1757594639275 0.10516776718500823 175
1757594639285 0.07116005488354368 176
1757594639296 0.07126387102816212 177
1757594639306 0.06083377507519742 178
1757594639316 0.14083329103164582 179
1757594639326 0.0918654485498801 180
1757594639336 0.0934740604107515 181
1757594639347 0.0875899130340369 182
1757594639357 0.12838635224024247 183
1757594639367 0.08507444760920008 184
1757594639378 0.09856626208917546 185
1757594639388 0.09635506325781755 186
1757594639399 0.035816802757063254 187
1757594639409 0.0514239694636133 188
1757594639420 0.11319358558910898 189
1757594639430 0.10205719564920293 190
1757594639441 0.09326834527256243 191
1757594639451 0.09153895614034353 192
1757594639462 0.09961071179181655 193
1757594639472 0.08319828250414092 194
1757594639483 0.08051573030828331 195
1757594639493 0.08092697972276701 196
1757594639503 0.09632051884797005 197
1757594639514 0.045927481224196244 198
1757594639524 0.11347025446092429 199
1757594639535 0.1333576238982281 200
1757594639545 0.1041433721408403 201
1757594639556 0.10428017345658207 202
1757594639566 0.09028853505483138 203
1757594639577 0.18195315820342114 204
1757594639588 0.0954652648696361 205
1757594639598 0.10626774198943939 206
1757594639609 0.096937401693185 207
1757594639619 0.10697273188022884 208
1757594639630 0.11598986066549753 209
1757594639641 0.08367252227077614 210
1757594639651 0.0832267023154183 211
1757594639662 0.07550162539787121 212
1757594639672 0.08959736445403235 213
1757594639683 0.10517471444091991 214
1757594639694 0.08053906359301909 215
1757594639704 0.041825205592330154 216
1757594639715 0.07195160613884395 217
1757594639725 0.11821890134158079 218
1757594639735 0.08722107640779976 219
1757594639746 0.051273209857089476 220
1757594639757 0.06728888596651378 221
1757594639767 0.046298600096790696 222
1757594639778 0.08501430048061512 223
1757594639788 0.11870681954337836 224
1757594639799 0.07381807942490382 225
1757594639809 0.17031905761673335 226
1757594639820 0.09969167023591638 227
1757594639830 0.14828479868367686 228
1757594639841 0.1102429215012994 229
1757594639852 0.10935860982412175 230
1757594639862 0.10861533046276438 231
1757594639873 0.08259658153267022 232
1757594639884 0.06974915402445363 233
1757594639894 0.07405169468004473 234
1757594639905 0.09378483969221706 235
1757594639916 0.09122873034629983 236
1757594639926 0.05579605053561987 237
1757594639937 0.12745235074219963 238
1757594639948 0.03999121397481004 239
1757594639958 0.09537795778441654 240
1757594639969 0.07587843699141664 241
1757594639979 0.10500624515337756 242
1757594639990 0.07031138312899214 243
1757594640001 0.08995178969007993 244
1757594640011 0.06144716727351929 245
1757594640022 0.09467217140157558 246
1757594640033 0.1226250058851093 247
1757594640043 0.07426435874290134 248
1757594640054 0.07428091069260657 249
1757594640065 0.12302076925078534 250
1757594640076 0.05422234990386986 251
1757594640086 0.06505202104518185 252
1757594640097 0.10003931951377813 253
1757594640108 0.09611946509418255 254
1757594640118 0.0852977233621784 255
1757594640129 0.10003424826335237 256
1757594640140 0.1466874801204282 257
1757594640151 0.11096332863890604 258
1757594640162 0.1041131857399108 259
1757594640176 0.1205358890584725 260
1757594640187 0.08500484158005718 261
1757594640198 0.0646900111811286 262
1757594640209 0.14352200089798253 263
1757594640219 0.1080938591685795 264
1757594640230 0.11468571433895189 265
1757594640241 0.12551475959127215 266
1757594640252 0.11102710650915174 267
1757594640263 0.09456931469204115 268
1757594640273 0.07229206449489288 269
1757594640284 0.07216540962427252 270
1757594640295 0.06129018352464431 271
1757594640306 0.10345515666370732 272
1757594640316 0.24442056983518318 273
1757594640327 0.09102721123129187 274
1757594640338 0.09023770832067941 275
1757594640349 0.0868943285647759 276
1757594640360 0.08227858682084582 277
1757594640371 0.14688301892213348 278
1757594640382 0.09891592934962408 279
1757594640393 0.11787142541305265 280
1757594640404 0.06558589430672913 281
1757594640415 0.12835313919240213 282
1757594640426 0.11786981387320301 283
1757594640437 0.13988320488130293 284
1757594640448 0.11440326830420953 285
1757594640459 0.0616804970080594 286
1757594640470 0.11196020718820474 287
1757594640481 0.09582430438226347 288
1757594640492 0.10845877574313323 289
1757594640503 0.05642028600011601 290
1757594640514 0.062260117113577075 291
1757594640525 0.061903130032599965 292
1757594640535 0.08217540686638357 293
1757594640546 0.07264168161091031 294
1757594640557 0.09125985882157885 295
1757594640568 0.06500156039612229 296
1757594640580 0.06598275413205115 297
1757594640591 0.06039671413676546 298
1757594640602 0.06944983329408927 299
1757594640613 0.08404724440439841 300
1757594640624 0.06331480080404706 301
1757594640635 0.07739680619231873 302
1757594640646 0.09804670148980696 303
1757594640657 0.08654763000202458 304
1757594640668 0.07938685448993438 305
1757594640679 0.11438208125514855 306
1757594640690 0.07309903992955978 307
1757594640701 0.10528483851212296 308
1757594640712 0.17616178032002439 309
1757594640723 0.06409838870866928 310
1757594640734 0.13807889823747954 311
1757594640745 0.10738463321487873 312
1757594640756 0.2596778064737899 313
1757594640768 0.17098972305001361 314
1757594640779 0.1567409055511888 315
1757594640790 0.04901351929555551 316
1757594640801 0.11309902191151065 317
1757594640812 0.09503005525688395 318
1757594640823 0.13889112327460146 319
1757594640834 0.0453019464291132 320
1757594640846 0.1255219009157297 321
1757594640857 0.11523536680294891 322
1757594640868 0.10457256250320925 323
1757594640879 0.06640210103035679 324
1757594640891 0.05624805499556917 325
1757594640902 0.06400298276869264 326
1757594640913 0.05481012865316287 327
1757594640924 0.08949984469562693 328
1757594640936 0.11110503899350516 329
1757594640947 0.12780739988440032 330
1757594640958 0.08854235702912082 331
1757594640969 0.12205765631507638 332
1757594640981 0.09009359150709977 333
1757594640992 0.15036956226090797 334
1757594641004 0.07217599456847125 335
1757594641015 0.10417686043148579 336
1757594641026 0.08881876931265892 337
1757594641038 0.11627510930504231 338
1757594641049 0.11823990470113627 339
1757594641061 0.20421992058276126 340
1757594641072 0.10065186583235027 341
1757594641083 0.0780256709892054 342
1757594641094 0.10540942068349562 343
1757594641105 0.07246347243094989 344
1757594641116 0.13838268245064045 345
1757594641128 0.11069872944123109 346
1757594641139 0.17503520298316796 347
1757594641150 0.05752297431676324 348
1757594641161 0.1078971833414017 349
1757594641173 0.0720792811865463 350
1757594641184 0.04876196137727632 351
1757594641195 0.09209804917971152 352
1757594641207 0.04757004488198968 353
1757594641218 0.08564763249649163 354
1757594641229 0.04243697907281544 355
1757594641241 0.07899873655839323 356
1757594641252 0.13999306602353762 357
1757594641263 0.11257484087181759 358
1757594641275 0.10480199052465772 359
1757594641286 0.05911875519671481 360
1757594641297 0.11915117566642977 361
1757594641309 0.05575977363683991 362
1757594641320 0.12165604256278816 363
1757594641332 0.06720183870487374 364
1757594641343 0.18698056744688712 365
1757594641354 0.07203632636062224 366
1757594641366 0.09914198422406041 367
1757594641377 0.07619294182322388 368
1757594641389 0.09682948606083057 369
1757594641401 0.13618679085222948 370
1757594641412 0.0747340987350662 371
1757594641423 0.08824728701489883 372
1757594641435 0.07234088999808136 373
1757594641446 0.08460732266071527 374
1757594641457 0.15661705813877352 375
1757594641469 0.11211506482723738 376
1757594641481 0.09682962307869761 377
1757594641492 0.06625817378720796 378
1757594641503 0.0793020809024472 379
1757594641515 0.04821375981519602 380
1757594641527 0.079632614490499 381
1757594641538 0.07266914954519746 382
1757594641550 0.08563284739954434 383
1757594641561 0.09300538511684958 384
1757594641572 0.07612727290169578 385
1757594641584 0.06909293167643492 386
1757594641596 0.06929162328419447 387
1757594641607 0.08460188746539483 388
1757594641619 0.06251857555599284 389
1757594641631 0.09873979086375262 390
1757594641642 0.08399136719042037 391
1757594641654 0.07024170351191286 392
1757594641666 0.07585954924553591 393
1757594641678 0.06259998155557876 394
1757594641689 0.10011541916830936 395
1757594641701 0.07681710786408039 396
1757594641713 0.06198450217180091 397
1757594641725 0.07488701263211799 398
1757594641737 0.10414755029897876 399
1757594641749 0.07342695602506184 400
1757594641761 0.12709507233469633 401
1757594641773 0.08435706161315383 402
1757594641785 0.05845908242175692 403
1757594641796 0.04856070754906724 404
1757594641808 0.2249129379730762 405
1757594641819 0.06209657415745787 406
1757594641831 0.07575500828196574 407
1757594641842 0.06009276602428368 408
1757594641854 0.08957802495954685 409
1757594641866 0.13433770765256492 410
1757594641877 0.03208374797313107 411
1757594641889 0.08309068867761966 412
1757594641901 0.22251725244899898 413
1757594641913 0.07487302390335913 414
1757594641924 0.10709046392692126 415
1757594641936 0.12737174515191954 416
1757594641948 0.08909612137602085 417
1757594641960 0.0610328268938955 418
1757594641972 0.1037729574963425 419
1757594641984 0.060133800833199025 420
1757594641996 0.14891386985870458 421
1757594642008 0.04611562218755482 422
1757594642020 0.15419392265216791 423
1757594642032 0.08616340921166946 424
1757594642043 0.05608740696313529 425
1757594642055 0.12935493149843763 426
1757594642067 0.07818563173795255 427
1757594642079 0.10126144870175563 428
1757594642092 0.11520017840818436 429
1757594642103 0.07334365696394989 430
1757594642115 0.09171142705505161 431
1757594642128 0.061344539186992036 432
1757594642140 0.12892610162186102 433
1757594642152 0.1066070456151175 434
1757594642164 0.08513256783630505 435
1757594642176 0.09171134287256706 436
1757594642188 0.05915357932870083 437
1757594642200 0.1000071875202398 438
1757594642211 0.07524827533838163 439
1757594642223 0.11260491306366056 440
1757594642235 0.21500583054579522 441
1757594642247 0.22687394214581919 442
1757594642259 0.07048809369300313 443
1757594642271 0.07994517925830806 444
1757594642283 0.06659697859037135 445
1757594642295 0.07990811394608939 446
1757594642307 0.07748723291003075 447
1757594642318 0.19561520231571508 448
1757594642331 0.08717035340371604 449
1757594642343 0.06698787238101432 450
1757594642355 0.12925404401661736 451
1757594642366 0.15625430612954 452
1757594642379 0.05807612215582801 453
1757594642391 0.10345230852635418 454
1757594642403 0.10572548979177351 455
1757594642415 0.08037607176675707 456
1757594642427 0.08893664024583844 457
1757594642439 0.083486382848013 458
1757594642451 0.04721820650137162 459
1757594642463 0.11261775666667856 460
1757594642475 0.05397189787214869 461
1757594642487 0.07055628246107808 462
1757594642499 0.15511299929695813 463
1757594642511 0.08950020126858092 464
1757594642524 0.05856526107577083 465
1757594642536 0.11580117497578665 466
1757594642548 0.11807631542458515 467
1757594642560 0.06968740669631297 468
1757594642572 0.05758611088537559 469
1757594642584 0.10833664328105831 470
1757594642596 0.08653010691051968 471
1757594642608 0.11142709442687203 472
1757594642621 0.1118466027627104 473
1757594642633 0.05223931395359671 474
1757594642644 0.09724173128975908 475
1757594642656 0.0741575525977732 476
1757594642669 0.04250726872901871 477
1757594642681 0.06756929527306883 478
1757594642693 0.07726211269983473 479
1757594642705 0.10110939747794512 480
1757594642717 0.06813323454255887 481
1757594642729 0.059684530260105596 482
1757594642741 0.10300967637281724 483
1757594642754 0.05870778699327337 484
1757594642766 0.08604338394125868 485
1757594642778 0.09093009427477618 486
1757594642791 0.11571287352057616 487
1757594642803 0.09022314867677123 488
1757594642817 0.15436434636730959 489
1757594642831 0.09534160571819536 490
1757594642843 0.13751989660082695 491
1757594642856 0.10813936690226407 492
1757594642868 0.09516494488202307 493
1757594642881 0.0777656107631883 494
1757594642893 0.06758148051630487 495
1757594642905 0.07459700167525142 496
1757594642921 0.0731696631072079 497
1757594642934 0.09008193705800245 498
1757594642946 0.1281453389713422 499
