1757594927242 20.000878452826335 0
1757594927281 0.3742714414622315 1
1757594927320 0.3711986250237701 2
1757594927359 0.08054972410166722 3
1757594927398 2.151786219752445 4
1757594927439 0.0015160381728128761 5
1757594927478 0.030249563169173828 6
1757594927517 0.0027536340895970316 7
1757594927555 0.24914836847290062 8
1757594927594 0.03572716221130553 9
1757594927634 0.022054766318056165 10
1757594927673 0.0018565810642550801 11
1757594927712 0.03252471931979643 12
1757594927751 0.2369991070077278 13
1757594927791 0.042497123132532386 14
1757594927830 0.19992579410600536 15
1757594927869 0.005984290949533823 16
1757594927908 0.09977576394064717 17
1757594927947 0.009912712770832733 18
1757594927987 0.8868234421822193 19
1757594928026 0.03180003969596427 20
1757594928065 0.03594158688595805 21
1757594928104 0.06606749222594306 22
1757594928143 0.020701522299674036 23
1757594928182 0.1160924343819337 24
1757594928221 0.06799316635458262 25
1757594928260 0.03534562687399455 26
1757594928299 0.029789756640403262 27
1757594928339 0.23539988150563435 28
1757594928380 0.01749453842286253 29
1757594928422 0.05865987872443921 30
1757594928462 0.01009539107979961 31
1757594928500 0.031253053308795985 32
1757594928546 0.04076870141535665 33
1757594928597 0.07605807646104858 34
1757594928636 0.14591819321007643 35
1757594928676 0.04559694316419802 36
1757594928715 0.0005510448239123946 37
1757594928755 0.03907654133401271 38
1757594928793 0.16626385168629002 39
1757594928833 0.6275677262078359 40
1757594928872 0.00343300655450601 41
1757594928911 0.013137269341989078 42
1757594928951 0.03678814379570906 43
1757594928990 0.023386640970283694 44
1757594929029 0.03866184602535972 45
1757594929068 0.0004281842569113046 46
1757594929107 0.4787658183399964 47
1757594929146 0.0194732631305963 48
1757594929185 0.017870094023489408 49
1757594929224 0.19633634507983078 50
1757594929264 0.019772524983002564 51
1757594929304 0.13098694280579412 52
1757594929343 0.011406827474957032 53
1757594929383 0.17286854890268633 54
1757594929422 0.18160766368396308 55
1757594929462 0.031078389165361188 56
1757594929501 0.012045407757614856 57
1757594929540 0.03322448163628017 58
1757594929580 0.010515045997312759 59
1757594929620 0.041927670894184685 60
1757594929659 0.08370990117404689 61
1757594929699 0.09237204221825622 62
1757594929738 0.02383792846717693 63
1757594929777 0.03875566875352468 64
1757594929816 0.003616566289849813 65
1757594929856 7.142077892581928e-05 66
1757594929895 0.07955151438531613 67
1757594929934 0.019421912276922002 68
1757594929974 0.0017491885005143258 69
1757594930013 0.00467507083859525 70
1757594930053 0.028448419652004005 71
1757594930093 0.11817867189748049 72
1757594930132 0.06650521572244096 73
1757594930171 0.011660866657763102 74
1757594930211 0.037528859371242354 75
1757594930250 0.06681022208362787 76
1757594930289 0.005041224096147551 77
1757594930328 0.2797522554356929 78
1757594930368 0.04562940565807449 79
1757594930407 0.001305844488540414 80
1757594930446 0.06158200373294544 81
1757594930486 0.002899237777262846 82
1757594930527 0.3661464799052664 83
1757594930566 0.008048603899975817 84
1757594930606 0.05510046899330507 85
1757594930646 0.00038976741712036175 86
1757594930685 0.024460214435050906 87
1757594930725 0.21309534239459504 88
1757594930764 0.00913382550629898 89
1757594930803 0.1311117097971354 90
1757594930843 0.025510329339811844 91
1757594930883 0.029633114600977617 92
1757594930923 0.00113166032174259 93
1757594930962 0.0651731385031171 94
1757594931002 0.011053281059478153 95
1757594931041 4.28449056678757e-05 96
1757594931081 0.07780948337722413 97
1757594931121 0.06339660442961068 98
1757594931160 0.12052880474944845 99
1757594931200 0.017406489426675623 100
1757594931240 0.018050173055507747 101
1757594931280 0.22636678644364164 102
1757594931320 7.324921820705444e-05 103
1757594931359 0.1520052789474485 104
1757594931399 0.25338728784617554 105
1757594931438 0.1632509918277624 106
1757594931478 0.007373988640863507 107
1757594931517 0.23209523135282084 108
1757594931557 0.15547702488631907 109
1757594931596 9.430285608559666e-05 110
1757594931635 0.035980682518452545 111
1757594931675 0.11945529752617644 112
1757594931714 9.78428040898457e-07 113
1757594931754 0.0296903960111048 114
1757594931794 0.1809867583471332 115
1757594931833 0.04750483402698896 116
1757594931873 8.618374297509961e-07 117
1757594931912 0.2216849821602033 118
1757594931952 0.0012739663688838894 119
1757594931991 0.001881713834048563 120
1757594932031 0.023283844207337267 121
1757594932071 0.0015696423708906487 122
1757594932110 0.40496353787747663 123
1757594932150 0.11054315972090892 124
1757594932189 0.38123951218057667 125
1757594932229 0.00025691215710895127 126
1757594932269 0.10809529943622466 127
1757594932309 0.0026415604971899874 128
1757594932349 0.01781289061657614 129
1757594932388 0.0020882254962479667 130
1757594932428 0.35530733977558926 131
1757594932467 0.10553575241704787 132
1757594932507 0.07826508491338482 133
1757594932546 0.010357018542769667 134
1757594932586 0.08314159900919885 135
1757594932625 5.690471488269824e-05 136
1757594932664 0.023775928555001196 137
1757594932704 0.19168188413970233 138
1757594932744 0.0002889449946688102 139
1757594932785 0.033948269336752206 140
1757594932824 0.04486082026949375 141
1757594932863 0.299461525534878 142
1757594932904 0.023181797849898152 143
1757594932946 0.028901027552470867 144
1757594932986 0.027145397163861055 145
1757594933027 0.004259181090832885 146
1757594933067 0.008392490126209812 147
1757594933106 0.006271349177228692 148
1757594933146 0.09049258274061238 149
1757594933186 0.11758102340513987 150
1757594933226 0.001743546349724633 151
1757594933265 0.00022157495561179278 152
1757594933306 0.009926571867360168 153
1757594933346 1.0959404702247308e-05 154
1757594933386 0.08192497506983075 155
1757594933426 0.039246496267200004 156
1757594933465 1.492445974164692 157
1757594933505 0.010074416401740708 158
1757594933545 0.025828428246377395 159
1757594933585 0.9662675544965449 160
1757594933625 0.0021211185172579235 161
1757594933665 0.22972677769551597 162
1757594933704 0.031517660327350504 163
1757594933744 0.00015022247546533804 164
1757594933784 0.014511230107826024 165
1757594933824 0.013603115927046924 166
1757594933864 0.018503394713231137 167
1757594933904 0.0018231628991345686 168
1757594933944 0.5283062244655005 169
1757594933984 0.029962907319147972 170
1757594934024 0.041714070315556004 171
1757594934064 0.027776155102751512 172
1757594934104 0.04785446939597307 173
1757594934143 0.017911482013241317 174
1757594934183 0.06519355112806338 175
1757594934223 0.05995398315684781 176
1757594934262 0.0690166041076796 177
1757594934303 0.0012114337201557317 178
1757594934343 0.012596210105909982 179
1757594934383 0.025520370031869775 180
1757594934423 0.01607584798838389 181
1757594934463 0.051743610703782056 182
1757594934503 0.01773912133272543 183
1757594934543 0.03161551708363322 184
1757594934583 0.007899722640427825 185
1757594934623 0.00791184801111877 186
1757594934662 0.0017151701840007044 187
1757594934702 0.040744759525241384 188
1757594934741 0.0032290277520073754 189
1757594934782 0.004902515328449599 190
1757594934821 0.24263362982373277 191
1757594934863 0.008360188821272742 192
1757594934905 0.18623432428339912 193
1757594934946 0.0002873702247042625 194
1757594934985 0.3008931051801997 195
1757594935025 0.1432964578585252 196
1757594935065 0.004149779316171112 197
1757594935104 0.02126345101302535 198
1757594935144 0.006992017947751982 199
1757594935185 0.003893425700672009 200
1757594935224 0.05942021826016311 201
1757594935265 0.11147850693621282 202
1757594935305 0.021287736499193056 203
1757594935345 0.00152981431704815 204
1757594935385 0.012945445300325216 205
1757594935425 0.21956934480512283 206
1757594935465 0.13067476250428878 207
1757594935516 0.0011105593149384322 208
1757594935556 0.06260776142246384 209
1757594935595 0.09347378679910208 210
1757594935635 0.01107944301947569 211
1757594935674 0.016555010240505187 212
1757594935713 0.054574147498952785 213
1757594935753 0.07153466115736608 214
1757594935793 0.013902436602070701 215
1757594935833 0.005113583704268667 216
1757594935873 0.10254383729035116 217
1757594935913 0.10860517788088195 218
1757594935953 0.0010332710123323388 219
1757594935993 0.06559339888159725 220
1757594936032 0.2525220266924588 221
1757594936072 0.10428829672097495 222
1757594936111 0.012224498555100743 223
1757594936151 0.042960974305778464 224
1757594936191 0.16212673437295044 225
1757594936231 0.3110875697195658 226
1757594936270 0.04495634443339926 227
1757594936310 0.006526596061908253 228
1757594936351 0.017547114194660644 229
1757594936390 0.04753370338528236 230
1757594936430 0.08605881402599275 231
1757594936469 0.07265868437593534 232
1757594936509 0.01570790515453358 233
1757594936549 0.05447788757819449 234
1757594936589 0.03435057322718948 235
1757594936628 0.08046101501864732 236
1757594936668 0.03169708375849197 237
1757594936709 0.00966915700023367 238
1757594936748 0.040132820865469404 239
1757594936788 0.05987296563212898 240
1757594936828 0.08108735576456101 241
1757594936867 0.06299464962553264 242
1757594936907 0.11499438878805875 243
1757594936947 0.00437286770337642 244
1757594936986 0.014000345792353791 245
1757594937027 0.0023730761018978287 246
1757594937066 0.0022139234415973603 247
1757594937107 0.04174695614205339 248
1757594937147 0.17813505618226974 249
1757594937188 0.08670408621697367 250
1757594937228 0.0012432887398561069 251
1757594937268 0.23598022194627202 252
1757594937309 0.024196840479662977 253
1757594937350 0.04157330074785677 254
1757594937389 0.024374023251336963 255
1757594937429 0.10165492344519275 256
1757594937468 0.057072594600361196 257
1757594937509 0.22902293093024922 258
1757594937549 0.0009105399964700463 259
1757594937588 0.24190164665336364 260
1757594937627 0.02647232339830299 261
1757594937667 0.02449620602854632 262
1757594937707 0.013716280234943118 263
1757594937746 0.01784646182139517 264
1757594937787 0.00919579643112695 265
1757594937827 0.0033469975907344882 266
1757594937867 0.006785603041890116 267
1757594937906 0.04093637297375828 268
1757594937946 0.0011160797971313057 269
1757594937986 0.10152477589019819 270
1757594938026 0.09369860679007225 271
1757594938066 0.08765981196986491 272
1757594938106 0.018140228809291892 273
1757594938146 0.0016006722368307612 274
1757594938186 0.004003529343997154 275
1757594938226 0.0017202817751926168 276
1757594938267 0.06568133996098778 277
1757594938307 0.15333587513829922 278
1757594938347 0.011097805772311299 279
1757594938387 0.024526779915272048 280
1757594938427 0.046032498335600414 281
1757594938467 0.07564187952359128 282
1757594938507 0.03839813051340643 283
1757594938547 0.027700143532601154 284
1757594938587 0.25995831609044534 285
1757594938627 0.24225849718465006 286
1757594938667 0.000202230034190941 287
1757594938707 0.2254025994934283 288
1757594938748 0.026610833002124832 289
1757594938788 0.07341722182779727 290
1757594938828 0.04445585702002957 291
1757594938868 0.4502748640881153 292
1757594938908 0.025345779492962545 293
1757594938948 0.013152710230486886 294
1757594938988 0.020798053596626353 295
1757594939029 0.000641604112559988 296
1757594939069 0.0005414931099871677 297
1757594939109 0.04330033450052601 298
1757594939149 0.0074528651189400465 299
1757594939189 0.014627564945766185 300
1757594939230 0.016152866338661854 301
1757594939270 0.18520725708730124 302
1757594939312 0.0018347826471169111 303
1757594939353 0.046517869894846575 304
1757594939393 0.025176306512787874 305
1757594939434 0.12012854487530095 306
1757594939474 0.1966803911568578 307
1757594939514 0.04938749710804268 308
1757594939554 0.04949174755438342 309
1757594939595 0.0002540592793677163 310
1757594939636 0.04559606832211963 311
1757594939676 3.2515868366203884e-05 312
1757594939717 0.23156142596086765 313
1757594939757 1.4850550426727972e-05 314
1757594939797 0.03424040429836353 315
1757594939837 5.513519601343289e-05 316
1757594939878 0.0020017713182617068 317
1757594939919 0.024221808235909862 318
1757594939959 0.06258532687125455 319
1757594940000 0.010754419173334402 320
1757594940040 0.000985137127247164 321
1757594940082 0.013235185163547308 322
1757594940123 0.1501307877666037 323
1757594940163 0.07346939775662654 324
1757594940205 0.07850586131231786 325
1757594940245 0.058873748983022514 326
1757594940285 0.03226870798279643 327
1757594940325 0.06229731760250934 328
1757594940366 0.10038543023303126 329
1757594940407 0.012582163580934811 330
1757594940448 0.014189352447468925 331
1757594940488 0.2489462695175587 332
1757594940528 0.021636970735729576 333
1757594940570 0.07211513709617672 334
1757594940610 0.048532289870820075 335
1757594940651 0.02827824503794325 336
1757594940692 0.0007654628010597328 337
1757594940733 0.018816040134599633 338
1757594940773 0.024474349588206174 339
1757594940813 0.0021362947172206296 340
1757594940854 0.32940457781457777 341
1757594940897 1.9572503508465402 342
1757594940938 0.02574553151879835 343
1757594940979 0.004068102497124729 344
1757594941019 0.005696446943251339 345
1757594941059 0.1941875402747446 346
1757594941100 0.1698687180238671 347
1757594941141 0.13729500659687838 348
1757594941182 0.1982523458125036 349
1757594941222 0.002669435832500812 350
1757594941263 0.18043814064534397 351
1757594941303 0.011899544901188311 352
1757594941345 0.04637905275854314 353
1757594941387 0.0889105825395645 354
1757594941427 0.008390199414297065 355
1757594941468 0.028815292335949177 356
1757594941510 0.0767170214701127 357
1757594941551 0.20902236283162795 358
1757594941592 0.13561351438224817 359
1757594941632 0.044780239029927595 360
1757594941674 2.788972772111115e-05 361
1757594941714 0.10207812020628083 362
1757594941755 0.2816991094930704 363
1757594941795 0.007338131318809558 364
1757594941836 1.821306649519541e-05 365
1757594941877 0.002313893857863674 366
1757594941918 0.003172692809607179 367
1757594941959 0.0006571216630373812 368
1757594941999 0.007401147999381453 369
1757594942040 0.04898449533995401 370
1757594942081 0.032009481582596824 371
1757594942121 0.19187410846925212 372
1757594942163 0.10408838696254219 373
1757594942203 0.027705208744235082 374
1757594942244 0.14190874679096616 375
1757594942284 0.07210489873175305 376
1757594942325 0.001090169411879519 377
1757594942366 0.05440730270095817 378
1757594942407 0.05036140358333748 379
1757594942449 0.00043666899563195137 380
1757594942490 0.000695074708383025 381
1757594942531 0.0006351270308296039 382
1757594942572 0.03243845999557269 383
1757594942613 0.004952082046353661 384
1757594942654 0.06169096868609197 385
1757594942695 3.3535988162818107e-06 386
1757594942736 0.015622524562589571 387
1757594942776 0.186368798009758 388
1757594942817 0.00015962696774727832 389
1757594942858 0.08545838709800242 390
1757594942900 0.03243325896393024 391
1757594942943 0.12731242408932542 392
1757594942984 0.04602337276518952 393
1757594943026 0.04589525346060793 394
1757594943068 0.2057197166844692 395
1757594943108 0.06904866408527444 396
1757594943150 0.041902883257082794 397
1757594943191 0.36670202757963677 398
1757594943232 0.10656437069945589 399
1757594943273 0.005643125953654595 400
1757594943314 0.0845196608686338 401
1757594943356 0.14123674456505134 402
1757594943397 0.006133507006709945 403
1757594943439 0.008846689819247423 404
1757594943479 0.16062640770169684 405
1757594943521 0.0008898865611332449 406
1757594943562 0.12485350755688814 407
1757594943602 0.011399173190801895 408
1757594943644 0.0015783275109470087 409
1757594943686 0.050103595522617825 410
1757594943729 0.5379404049612752 411
1757594943770 0.33453028081115016 412
1757594943811 0.005707723163742547 413
1757594943853 0.038663501561415944 414
1757594943894 0.005652048036845478 415
1757594943935 0.15506811849680505 416
1757594943976 0.005511269302175435 417
1757594944017 0.006552545398063876 418
1757594944058 0.13180975395193384 419
1757594944099 0.0020997754014509783 420
1757594944141 0.06008848937503629 421
1757594944183 0.08366592903454659 422
1757594944224 0.00036091527757687805 423
1757594944265 0.12833836405448357 424
1757594944306 0.0015965361248541133 425
1757594944348 0.0001982648243449043 426
1757594944389 0.02689660402655042 427
1757594944430 0.03034351438734533 428
1757594944471 0.20680939667536954 429
1757594944513 0.11290508570612787 430
1757594944554 0.5130254537138498 431
1757594944595 0.008692976202528789 432
1757594944636 0.0558416215495521 433
1757594944677 0.009441395455532046 434
1757594944718 0.05132902638653425 435
1757594944759 0.005702264225140965 436
1757594944800 0.041477950665284376 437
1757594944842 0.05603538121741076 438
1757594944883 0.011502190695419261 439
1757594944927 0.11822843871693785 440
1757594944969 0.07099324810088281 441
1757594945010 0.008775104675503678 442
1757594945051 0.024503850551030375 443
1757594945092 0.1342585399694289 444
1757594945133 0.018016715303686922 445
1757594945174 0.0812900261887142 446
1757594945216 0.18030985645402736 447
1757594945257 0.14088929233057446 448
1757594945298 0.14355211280849053 449
1757594945340 0.03497763533630831 450
1757594945382 0.006841386664369767 451
1757594945423 0.004872564660501025 452
1757594945470 0.1826316750028425 453
1757594945517 0.01316321436050796 454
1757594945558 0.23558134009658854 455
1757594945600 0.02437795889559132 456
1757594945641 0.17661090269040347 457
1757594945682 0.1772570420438252 458
1757594945724 0.24207216539720813 459
1757594945765 0.1769448194403709 460
1757594945805 0.3265754267599184 461
1757594945847 0.0001004887779870693 462
1757594945890 0.08888303953898957 463
1757594945932 0.0011525409087160903 464
1757594945974 0.03644951300648873 465
1757594946017 0.4813251203534567 466
1757594946058 0.0003329069916944686 467
1757594946100 0.6067888254131065 468
1757594946143 0.0698286078760444 469
1757594946184 0.17365217701142638 470
1757594946226 0.00453455917938687 471
1757594946269 0.0019710381507190545 472
1757594946310 0.0032658057144203763 473
1757594946352 0.2792700138470218 474
1757594946394 0.06361261128492228 475
1757594946436 0.010173567914477188 476
1757594946478 0.16870701201753813 477
1757594946519 0.08690581427174764 478
1757594946560 0.05701603185766965 479
1757594946602 0.3449145860460794 480
1757594946643 0.06376477943983466 481
1757594946685 0.0015230761003404098 482
1757594946726 0.06118418599739021 483
1757594946767 0.01816074604162284 484
1757594946808 0.0771799195909928 485
1757594946850 0.3099266031015769 486
1757594946892 0.0002724845290773619 487
1757594946933 0.009466185921515942 488
1757594946975 0.0012524337692898812 489
1757594947016 0.07820584148182333 490
1757594947058 0.188900444665222 491
1757594947099 0.07127327915832662 492
1757594947141 0.2690365397421602 493
1757594947181 0.007781539484315103 494
1757594947223 0.016748251616107563 495
1757594947265 0.020070196322272704 496
1757594947306 0.0695617047226308 497
1757594947348 0.09254316127208254 498
1757594947390 0.011861552582343197 499
