1757595016289 0.019275491703220488 0
1757595016333 0.004438651996702178 1
1757595016378 0.0018058332081834158 2
1757595016423 0.0769133635746692 3
1757595016470 0.1711589423290294 4
1757595016586 0.2709035194019046 5
1757595016633 0.00042630256486270716 6
1757595016676 0.4594066520327905 7
1757595016717 0.2540732312403884 8
1757595016758 0.1980954677315057 9
1757595016799 0.031410836745398164 10
1757595016839 0.15021412781370574 11
1757595016878 0.13920178087390428 12
1757595016917 0.00015418065380665936 13
1757595016958 0.01793464425583065 14
1757595016998 0.009406000515838061 15
1757595017038 0.3094986423750292 16
1757595017078 0.0015726390280956107 17
1757595017120 0.002890114622506046 18
1757595017160 1.187148401700412 19
1757595017200 0.04531720911103187 20
1757595017240 0.009617724853330185 21
1757595017279 0.0631389865379959 22
1757595017318 0.16025296946564888 23
1757595017358 0.01715130473359707 24
1757595017397 0.295163224725425 25
1757595017436 0.016275829094566086 26
1757595017476 0.0058316588563770335 27
1757595017540 0.05350151188550446 28
1757595017581 0.2470269954486448 29
1757595017622 0.1791688501295562 30
1757595017663 0.35104354186602804 31
1757595017704 0.12052039106296598 32
1757595017744 0.08560138817093892 33
1757595017785 0.0005096331176541011 34
1757595017824 0.2385276490478186 35
1757595017864 0.007173341759766033 36
1757595017904 0.02945405810432416 37
1757595017944 0.010046071764370699 38
1757595017983 0.28596110464482094 39
1757595018022 0.3878312746413866 40
1757595018061 0.04720711708788545 41
1757595018100 0.056895950761340734 42
1757595018139 0.46084869749299595 43
1757595018178 0.02977376026836229 44
1757595018217 0.08270553088416832 45
1757595018256 1.1126060480818294 46
1757595018295 0.013167424532644604 47
1757595018333 0.008905602377776736 48
1757595018372 0.35603677921463284 49
1757595018411 0.0011568826656499214 50
1757595018450 0.1637801177852978 51
1757595018489 0.0003654994051004624 52
1757595018528 0.004922858398005676 53
1757595018567 0.052874197399702005 54
1757595018612 0.07546928491732077 55
1757595018663 0.35962040500025644 56
1757595018711 0.15034160535602623 57
1757595018756 0.014273449727970925 58
1757595018797 0.05629518446567391 59
1757595018839 0.010415622273294498 60
1757595018880 3.6143732702911537e-05 61
1757595018920 0.07603933267527753 62
1757595018961 0.026476419593913267 63
1757595019003 0.036001607293687295 64
1757595019047 1.2664875647826483 65
1757595019087 0.2501649169057115 66
1757595019127 0.2994225700972935 67
1757595019167 0.717621684153237 68
1757595019207 0.25695038401597203 69
1757595019246 0.11702558328614997 70
1757595019286 0.09242814311306168 71
1757595019324 0.00263509254985483 72
1757595019364 0.2222256802543832 73
1757595019403 0.34036370864523646 74
1757595019442 0.004359216158606193 75
1757595019481 1.0182351071157405 76
1757595019520 0.14344991443220473 77
1757595019559 0.010858661014773428 78
1757595019598 0.006194385376430813 79
1757595019637 0.07971945331191253 80
1757595019676 0.02784079906504396 81
1757595019715 0.00873288154230757 82
1757595019754 0.007364062328929299 83
1757595019793 0.001813403530391266 84
1757595019832 0.19109884468538993 85
1757595019871 0.004351056621733326 86
1757595019910 0.0260727997196179 87
1757595019949 0.04200278655222685 88
1757595019989 0.028978503266356252 89
1757595020028 0.008666573209080835 90
1757595020067 0.0011025885246373646 91
1757595020106 0.0696474111055946 92
1757595020145 0.004229741824850381 93
1757595020184 0.05198739392679916 94
1757595020223 0.10006523544706669 95
1757595020262 0.0019263810949786415 96
1757595020300 0.036776163217706076 97
1757595020339 0.0007226648560167535 98
1757595020379 0.06397804638699353 99
1757595020417 0.1677403743615228 100
1757595020460 0.46514649842606304 101
1757595020499 0.023778972899680804 102
1757595020538 0.12790891372846644 103
1757595020578 0.0010214808338555616 104
1757595020617 0.0012732115404718934 105
1757595020656 0.041216809080707226 106
1757595020695 0.38199681733751484 107
1757595020734 1.5732700550846086 108
1757595020774 0.03976498661246345 109
1757595020813 0.19092554441527063 110
1757595020852 0.009072764862448394 111
1757595020891 0.3030822164425749 112
1757595020931 0.10029977610694832 113
1757595020970 0.04097940392532564 114
1757595021010 0.0010800229330493033 115
1757595021049 0.01626267137194122 116
1757595021089 0.028007147597280936 117
1757595021128 0.003062108349363868 118
1757595021167 0.08253744451724061 119
1757595021207 0.1609616617321402 120
1757595021248 0.010510901678356555 121
1757595021287 0.01441303128020111 122
1757595021326 0.00034452970571497387 123
1757595021365 0.057058499941749344 124
1757595021405 0.24705508978144108 125
1757595021444 0.04803634017381371 126
1757595021482 0.006160752402427694 127
1757595021521 0.17961794630193428 128
1757595021560 2.1288877115615343 129
1757595021599 0.14577914202969242 130
1757595021639 0.20481583579467846 131
1757595021678 0.0006839779603265751 132
1757595021717 0.11889591867039688 133
1757595021756 0.1383332255802207 134
1757595021795 0.2602950939905015 135
1757595021835 0.0008965043314841394 136
1757595021874 0.026866788006528287 137
1757595021913 0.3760797991161589 138
1757595021953 0.010017795492275033 139
1757595021993 0.04134522318226499 140
1757595022032 0.061019696969341626 141
1757595022073 0.018821137439754186 142
1757595022114 0.03387093734026997 143
1757595022154 0.04271593695859478 144
1757595022194 0.1686510526102378 145
1757595022233 0.0040101522466163796 146
1757595022272 0.00021018987778251709 147
1757595022312 0.00038983191182652974 148
1757595022352 0.013856322727453135 149
1757595022391 0.05324137330946953 150
1757595022430 0.05020075556938697 151
1757595022470 0.10673470622449292 152
1757595022509 0.23380887560525995 153
1757595022548 0.13430533426056382 154
1757595022587 0.03800664139935325 155
1757595022627 0.0224794761213093 156
1757595022666 0.13560001092597415 157
1757595022705 0.014792283531831301 158
1757595022745 0.0420049354412078 159
1757595022784 0.01280050432839531 160
1757595022825 0.012134043807184173 161
1757595022864 0.0018265481334352471 162
1757595022904 0.018553233654961896 163
1757595022945 0.008315687699041877 164
1757595022988 0.316434382594448 165
1757595023028 3.805659246485529e-05 166
1757595023068 0.018796027290035763 167
1757595023108 0.4669685748111382 168
1757595023148 0.043651566573482806 169
1757595023189 0.023596928775085332 170
1757595023229 0.04121786517339533 171
1757595023269 0.015343268143917961 172
1757595023309 0.07215295621155188 173
1757595023350 0.35541482503537797 174
1757595023390 0.022213141616782665 175
1757595023429 0.28873334558901786 176
1757595023469 0.3974968689015696 177
1757595023509 0.003072769631784938 178
1757595023549 0.03947605540713713 179
1757595023589 0.05217184858836001 180
1757595023629 0.0015755251729910708 181
1757595023669 0.001088359013587981 182
1757595023709 0.07952371282543859 183
1757595023749 0.26782005515631085 184
1757595023789 0.5285289129122414 185
1757595023830 0.07184768661104056 186
1757595023870 0.12125137762285162 187
1757595023910 0.13503772086436175 188
1757595023950 0.038471423420969875 189
1757595023990 0.9396110276617585 190
1757595024030 0.0022143538853770816 191
1757595024070 0.07505870737980468 192
1757595024110 0.060467625220203935 193
1757595024151 0.42331043610095714 194
1757595024191 0.03371022944602778 195
1757595024231 0.5594702359493543 196
1757595024271 0.2755571451232589 197
1757595024310 0.0017637649511899316 198
1757595024350 0.2922270373418596 199
1757595024390 0.03533481171027798 200
1757595024430 0.04696383391137777 201
1757595024469 0.09503427603800939 202
1757595024509 0.11952814596741329 203
1757595024549 0.14679852832942136 204
1757595024588 0.3316442551347027 205
1757595024628 0.0533930827136012 206
1757595024667 0.00027141517680159106 207
1757595024707 0.09621013787496793 208
1757595024747 0.012054169065564634 209
1757595024786 0.044458080337604525 210
1757595024826 0.0021575217941582963 211
1757595024866 0.6260510694615352 212
1757595024906 0.11645540831085371 213
1757595024946 0.09395788507342448 214
1757595024987 0.47787804632388625 215
1757595025027 0.03915189474551796 216
1757595025067 0.05521647342198189 217
1757595025107 0.054973863496345185 218
1757595025147 0.0002029530437476268 219
1757595025187 0.00728075617296449 220
1757595025227 0.07007600146395886 221
1757595025267 0.13782361849660313 222
1757595025307 0.2023689619596799 223
1757595025347 0.045607732181959244 224
1757595025387 0.5678495424444749 225
1757595025427 0.10274410330491983 226
1757595025467 0.07295901300115457 227
1757595025519 0.27385914200756367 228
1757595025562 0.26343732007113935 229
1757595025603 0.002210432243557742 230
1757595025643 7.799682021846697e-05 231
1757595025683 0.08559235980921703 232
1757595025723 0.07285931714375338 233
1757595025763 0.23514230359204702 234
1757595025804 0.00017472509440194013 235
1757595025844 0.03246694033625414 236
1757595025885 0.06836549520634301 237
1757595025927 0.12242156142172525 238
1757595025967 0.0005935666553465335 239
1757595026008 0.5057147791321887 240
1757595026049 0.12773111641795384 241
1757595026090 0.05364400257228652 242
1757595026130 0.02119473646770267 243
1757595026170 0.010157850906424988 244
1757595026210 0.030798795493005668 245
1757595026250 0.007844818565987273 246
1757595026290 0.012769211010378348 247
1757595026330 0.027427586344482387 248
1757595026370 0.22807516791053592 249
1757595026410 0.05200138546351913 250
1757595026451 0.1052820441805653 251
1757595026491 0.0001787963624982441 252
1757595026530 0.2758169234661555 253
1757595026570 0.6654083205403087 254
1757595026610 0.04295009552974076 255
1757595026650 0.12542294197402193 256
1757595026690 0.1370260423707003 257
1757595026730 0.050543653887602846 258
1757595026770 0.22991413700422658 259
1757595026811 0.014316892652747952 260
1757595026851 0.030049593505444706 261
1757595026891 0.19402849883570494 262
1757595026931 0.05394140330773789 263
1757595026972 0.46863180955599026 264
1757595027012 1.787345190370692 265
1757595027052 0.08034118488283255 266
1757595027092 6.649699857464944 267
1757595027133 0.7020249456292219 268
1757595027173 0.17322080688755206 269
1757595027213 0.0016084614869962335 270
1757595027253 0.02151077969787028 271
1757595027293 0.023422157649296695 272
1757595027333 0.1601372777038545 273
1757595027373 0.006063853453109748 274
1757595027414 0.0012811921200360985 275
1757595027454 0.10430472904761738 276
1757595027495 0.009167515480106343 277
1757595027534 0.08032883686660484 278
1757595027575 0.4339506695241185 279
1757595027615 0.0017490579710684176 280
1757595027655 0.06564439403036809 281
1757595027697 0.04158897186161079 282
1757595027738 0.05548607973978901 283
1757595027778 0.06799232317518124 284
1757595027819 0.009603704522565563 285
1757595027858 0.00042012190237065967 286
1757595027898 0.03946241605228229 287
1757595027938 0.024325710533417515 288
1757595027978 0.04339853130201381 289
1757595028019 0.32241066740896207 290
1757595028059 0.22093469193560109 291
1757595028100 0.02455313345292488 292
1757595028140 0.5124254699241332 293
1757595028182 0.036441183557086324 294
1757595028222 0.036289297829052936 295
1757595028263 0.07879723120031566 296
1757595028303 0.05672584990697914 297
1757595028344 0.06964797600141552 298
1757595028384 0.03518766203539099 299
1757595028424 0.09360279345419337 300
1757595028464 0.1905905283752101 301
1757595028505 4.0735612726453026e-05 302
1757595028545 0.02189454893476283 303
1757595028586 0.2561305614923435 304
1757595028626 0.235412175597694 305
1757595028667 0.05107040808489596 306
1757595028708 0.0030357733967832346 307
1757595028748 0.08044917330050623 308
1757595028789 0.01637165232483264 309
1757595028830 0.01833569462967793 310
1757595028870 0.18700564313708673 311
1757595028911 0.3609143238295305 312
1757595028952 0.03368339053694567 313
1757595028993 0.05757877427273223 314
1757595029033 0.03325559938779972 315
1757595029074 0.0019474107044484506 316
1757595029115 0.018823153850978606 317
1757595029155 0.0021227662476194543 318
1757595029196 0.013414754187415355 319
1757595029236 0.04864718901006645 320
1757595029278 0.5039355967999044 321
1757595029318 0.08321807080046158 322
1757595029358 0.11997133480374289 323
1757595029399 0.8049396013838974 324
1757595029440 0.042757054998369626 325
1757595029480 0.0036896267067868835 326
1757595029521 0.0010913563907735163 327
1757595029561 0.225521006635935 328
1757595029601 0.06261164349735257 329
1757595029642 0.14757848233704246 330
1757595029682 0.0127398741342516 331
1757595029723 0.03211321086667725 332
1757595029763 0.38443081103445603 333
1757595029804 0.12338225043321877 334
1757595029845 0.23987990856664976 335
1757595029885 0.015391345793276627 336
1757595029927 0.35975729245519583 337
1757595029968 0.0006250927206358179 338
1757595030008 0.2086433253020334 339
1757595030049 0.030334564385656362 340
1757595030090 0.001047146388961117 341
1757595030131 0.044070502383311866 342
1757595030171 0.025492440423138547 343
1757595030212 0.15016340383415439 344
1757595030252 0.11360893352848861 345
1757595030293 0.038551434717413006 346
1757595030333 0.03517876105662479 347
1757595030374 0.02013130753909263 348
1757595030415 0.002259460562021644 349
1757595030455 0.14862840029540714 350
1757595030499 0.025074065092423627 351
1757595030540 0.005547728881332463 352
1757595030581 0.009077336073511277 353
1757595030622 9.36300523812415e-05 354
1757595030662 0.09821874558726233 355
1757595030703 0.016143810948924246 356
1757595030744 2.8866496654516105 357
1757595030785 0.029512903939603836 358
1757595030826 0.00094430630262732 359
1757595030866 0.0741702535585869 360
1757595030907 0.05971706429317228 361
1757595030948 0.04197844142023726 362
1757595030988 0.0022520128430864985 363
1757595031029 0.03185400697660128 364
1757595031071 0.05707085820953269 365
1757595031113 0.001249326164009452 366
1757595031154 0.21954705750862658 367
1757595031195 0.044692326110533726 368
1757595031236 0.015591144767691025 369
1757595031277 0.68370940401463 370
1757595031318 0.153170108110374 371
1757595031359 0.05565246178473002 372
1757595031399 0.00011257829015372747 373
1757595031441 0.05158465332066024 374
1757595031481 0.02463202279882246 375
1757595031523 0.008963524469211259 376
1757595031563 0.13940024898837125 377
1757595031604 0.09154669414225919 378
1757595031645 0.0264290279653954 379
1757595031686 0.06907992651180671 380
1757595031727 0.2742826484164494 381
1757595031768 0.0040505642514353565 382
1757595031809 0.0013023885489133154 383
1757595031849 0.09044674554163845 384
1757595031890 0.009824038988853102 385
1757595031931 7.3900901259354e-07 386
1757595031971 0.1781509564374918 387
1757595032013 0.046429109866146734 388
1757595032055 0.4826901976323166 389
1757595032098 0.45589242547579456 390
1757595032141 0.16442928055708758 391
1757595032182 0.5005120476108044 392
1757595032223 0.012042110773676028 393
1757595032264 0.14150835466940365 394
1757595032305 0.15486726106172347 395
1757595032346 0.0746566218459845 396
1757595032387 0.02190851547683471 397
1757595032429 0.0010804401717822325 398
1757595032470 0.6021239218843538 399
1757595032512 0.06562184407077093 400
1757595032553 0.021775002656434596 401
1757595032595 0.05474224882142782 402
1757595032636 0.16604591089508633 403
1757595032677 0.030337085907590534 404
1757595032718 0.049476244217055314 405
1757595032760 0.005661564065246173 406
1757595032801 0.09332822935760972 407
1757595032842 0.0763942741012426 408
1757595032883 0.047854756470217065 409
1757595032924 0.07293418133972111 410
1757595032968 0.189386598724287 411
1757595033009 0.0004994063692780336 412
1757595033051 0.09221562318064401 413
1757595033092 0.15411319952456964 414
1757595033134 0.0012628364775309061 415
1757595033175 0.03802591625672354 416
1757595033217 0.4226452537143245 417
1757595033258 0.29963591887840507 418
1757595033299 0.30226115675828596 419
1757595033340 0.012248425141482036 420
1757595033381 0.2785761277604585 421
1757595033423 1.0513553115917049e-07 422
1757595033464 0.030845633140938584 423
1757595033505 0.0338326984018532 424
1757595033546 0.00016368698914315363 425
1757595033587 0.08223497850868189 426
1757595033629 0.6280246618935437 427
1757595033671 0.0030946382950166455 428
1757595033712 0.03650985780780684 429
1757595033754 0.17698517927442303 430
1757595033795 0.25805599839490706 431
1757595033836 0.0005462108787071797 432
1757595033877 0.14983696326936555 433
1757595033918 0.4249107127412696 434
1757595033960 0.03843213223151539 435
1757595034001 0.17663988629671754 436
1757595034042 0.03896344181339124 437
1757595034084 0.06546031996588658 438
1757595034127 0.2606361338010963 439
1757595034168 0.08250842273131173 440
1757595034209 0.0005833353911642696 441
1757595034251 0.42987198514737707 442
1757595034294 0.05834034496822016 443
1757595034335 0.3207805049531068 444
1757595034376 0.0027188138241101565 445
1757595034418 0.06335911240656406 446
1757595034459 0.10168041691719386 447
1757595034501 0.09574370624878854 448
1757595034542 0.07132682595687748 449
1757595034588 0.19030742445747623 450
1757595034631 0.014705668647339052 451
1757595034683 0.16057496769402232 452
1757595034730 0.40636791850392207 453
1757595034773 1.0775501501465576 454
1757595034817 0.564917448443671 455
1757595034862 0.04929105508262435 456
1757595034909 0.12845692609664155 457
1757595034952 0.004331816136092267 458
1757595034996 0.044182709362076335 459
1757595035041 0.31122426037200024 460
1757595035085 0.09588082457597857 461
1757595035129 0.10226093994698124 462
1757595035174 0.0006372987165706928 463
1757595035217 0.1724246466666649 464
1757595035259 0.3007488256749323 465
1757595035302 0.20974878667088803 466
1757595035345 0.050388573431668755 467
1757595035387 0.3962158375680551 468
1757595035430 0.004792193086491367 469
1757595035471 0.6982755405811368 470
1757595035526 0.7625717785413674 471
1757595035570 0.04997394988285578 472
1757595035615 0.04213521373171606 473
1757595035658 1.9503376024141335 474
1757595035700 0.2600355672420718 475
1757595035741 0.13303183920584172 476
1757595035783 0.0338531366554784 477
1757595035825 0.16400187089514875 478
1757595035867 0.1145417308469799 479
1757595035909 0.051428694493617644 480
1757595035950 0.00784300782794821 481
1757595035992 0.18119415954326298 482
1757595036033 0.031641086983159025 483
1757595036076 5.444390401374252 484
1757595036118 0.0063042777683826896 485
1757595036160 0.018256862929340558 486
1757595036201 0.1346279917320279 487
1757595036243 0.1557173307608923 488
1757595036285 0.0064661526020175185 489
1757595036327 0.013112916924958036 490
1757595036369 0.023876415613918376 491
1757595036411 0.008202906462357804 492
1757595036453 0.24374833470850418 493
1757595036495 0.10471183804061097 494
1757595036537 0.1015852584355439 495
1757595036578 0.044725051449172305 496
1757595036620 0.45320223297544465 497
1757595036662 0.0370082184010546 498
1757595036704 0.0009275310969702122 499
