1757517869970 169.9493782919493 0
1757517869979 163.6199125805049 1
1757517869987 152.05568599264862 2
1757517869996 136.58722718332214 3
1757517870004 118.63167669384475 4
1757517870013 99.5660518584893 5
1757517870021 80.62810490835547 6
1757517870030 62.8468671043698 7
1757517870038 47.00236444755939 8
1757517870047 33.611915761008255 9
1757517870056 22.93893604535925 10
1757517870064 15.019267027553498 11
1757517870073 9.69969881102703 12
1757517870082 6.683455208033387 13
1757517870090 5.577893917606828 14
1757517870099 5.940415092513184 15
1757517870108 7.319472293822442 16
1757517870116 9.28854088730612 17
1757517870125 11.47183710681873 18
1757517870133 13.561430404290208 19
1757517870142 15.326105622888612 20
1757517870150 16.612882312762405 21
1757517870159 17.342475997588753 22
1757517870168 17.500195164507222 23
1757517870177 17.12382468951852 24
1757517870187 16.289976083213254 25
1757517870196 15.100216933410808 26
1757517870206 13.668057504680398 27
1757517870215 12.107601920293137 28
1757517870224 10.524391920981083 29
1757517870232 9.008705559458663 30
1757517870241 7.631338672977226 31
1757517870250 6.441705254447061 32
1757517870259 5.467950145242845 33
1757517870267 4.718675153422545 34
1757517870276 4.185835066590714 35
1757517870285 3.848357314036747 36
1757517870294 3.6760704212885758 37
1757517870303 3.6335830030417458 38
1757517870312 3.6838277702449913 39
1757517870320 3.791065319904486 40
1757517870329 3.923222835815556 41
1757517870338 4.053517187123264 42
1757517870347 4.1613758138964645 43
1757517870356 4.232719419189032 44
1757517870365 4.259706568462567 45
1757517870373 4.240061893768072 46
1757517870382 4.176117855631243 47
1757517870391 4.073696861405056 48
1757517870400 3.940948397504743 49
1757517870409 3.787237341782806 50
1757517870417 3.6221573935414884 51
1757517870426 3.4547199871686947 52
1757517870435 3.292746179465547 53
1757517870444 3.142468416564482 54
1757517870453 3.0083319119049783 55
1757517870462 2.892972248808194 56
1757517870471 2.7973369765161973 57
1757517870480 2.7209142496008103 58
1757517870488 2.6620305363078716 59
1757517870497 2.618181463710749 60
1757517870506 2.5863642366792954 61
1757517870515 2.5633859891735566 62
1757517870523 2.546129156277966 63
1757517870532 2.531761830609105 64
1757517870541 2.5178875396953444 65
1757517870550 2.5026345389517832 66
1757517870559 2.4846892855878018 67
1757517870568 2.4632821039587394 68
1757517870578 2.438135153285612 69
1757517870587 2.409383742860785 70
1757517870596 2.377481959567175 71
1757517870605 2.3431026772719203 72
1757517870614 2.3070405305057697 73
1757517870623 2.2701245811330404 74
1757517870632 2.2331453965532915 75
1757517870642 2.196799273253851 76
1757517870651 2.161650525565392 77
1757517870660 2.128111220985742 78
1757517870668 2.0964365443698947 79
1757517870678 2.066733139733726 80
1757517870686 2.038977303869396 81
1757517870695 2.0130397579977566 82
1757517870704 1.9887138513348583 83
1757517870714 1.9657443916307717 84
1757517870722 1.9438547860199835 85
1757517870731 1.9227707459921102 86
1757517870740 1.9022394041722874 87
1757517870749 1.882043258525991 88
1757517870758 1.8620088635614997 89
1757517870767 1.8420106021479157 90
1757517870776 1.821970181487808 91
1757517870785 1.8018526989448824 92
1757517870794 1.7816602230353251 93
1757517870803 1.7614238439171044 94
1757517870813 1.7411950827012146 95
1757517870822 1.7210374288623151 96
1757517870831 1.7010186194943693 97
1757517870840 1.681204101658669 98
1757517870849 1.661651945891589 99
1757517870858 1.6424093183160262 100
1757517870867 1.6235104805125213 101
1757517870876 1.6049761765797976 102
1757517870885 1.5868141885379827 103
1757517870895 1.5690207943572891 104
1757517870904 1.5515828450236233 105
1757517870913 1.5344801840311302 106
1757517870922 1.5176881592839828 107
1757517870931 1.5011800178639312 108
1757517870940 1.4849290227848042 109
1757517870949 1.46891018247659 110
1757517870959 1.4531015338548157 111
1757517870969 1.4374849649309371 112
1757517870978 1.42204660054426 113
1757517870988 1.4067768035147676 114
1757517870997 1.3916698628431254 115
1757517871006 1.376723450833899 116
1757517871015 1.3619379331328352 117
1757517871025 1.34731561102738 118
1757517871034 1.3328599655885973 119
1757517871044 1.3185749600415348 120
1757517871053 1.30446444178072 121
1757517871062 1.2905316701671938 122
1757517871072 1.2767789818638624 123
1757517871081 1.2632075929046758 124
1757517871090 1.2498175265545417 125
1757517871099 1.2366076486098907 126
1757517871109 1.223575787157962 127
1757517871118 1.2107189117830572 128
1757517871127 1.1980333474426599 129
1757517871137 1.1855150002912256 130
1757517871146 1.173159576107413 131
1757517871155 1.1609627761775148 132
1757517871165 1.148920460034246 133
1757517871174 1.1370287689375067 134
1757517871185 1.1252842080863328 135
1757517871211 1.1136836890323938 136
1757517871221 1.1022245364813346 137
1757517871231 1.0909044655578644 138
1757517871240 1.0797215366887527 139
1757517871249 1.0686740955958085 140
1757517871258 1.057760705602805 141
1757517871268 1.0469800786863845 142
1757517871278 1.0363310105897812 143
1757517871287 1.0258123240181476 144
1757517871297 1.0154228225769302 145
1757517871306 1.0051612568142063 146
1757517871316 0.9950263025699398 147
1757517871325 0.9850165508801473 148
1757517871334 0.9751305079651932 149
1757517871344 0.9653666033580305 150
1757517871353 0.9557232039894944 151
1757517871363 0.9461986320172141 152
1757517871373 0.936791184325174 153
1757517871382 0.9274991518899864 154
1757517871392 0.918320837562524 155
1757517871402 0.9092545712081799 156
1757517871411 0.9002987215475654 157
1757517871420 0.891451704411602 158
1757517871430 0.8827119874483419 159
1757517871439 0.8740780915773313 160
1757517871449 0.8655485896752037 161
1757517871459 0.8571221030918532 162
1757517871468 0.8487972966455213 163
1757517871478 0.8405728727360089 164
1757517871488 0.8324475651603638 165
1757517871497 0.8244201331267762 166
1757517871507 0.8164893558538991 167
1757517871516 0.8086540280255606 168
1757517871526 0.8009129562560532 169
1757517871535 0.7932649566163185 170
1757517871545 0.7857088531827006 171
1757517871554 0.7782434775014009 172
1757517871564 0.7708676688135981 173
1757517871573 0.7635802748595888 174
1757517871583 0.756380153071836 175
1757517871593 0.749266171974348 176
1757517871602 0.7422372126257872 177
1757517871612 0.7352921699716859 178
1757517871621 0.7284299540042537 179
1757517871631 0.7216494906623965 180
1757517871641 0.7149497224373267 181
1757517871650 0.7083296086782023 182
1757517871660 0.7017881256162326 183
1757517871669 0.6953242661435272 184
1757517871679 0.688937039394867 185
1757517871689 0.6826254701864061 186
1757517871698 0.6763885983660458 187
1757517871708 0.6702254781266245 188
1757517871719 0.664135177326397 189
1757517871728 0.6581167768524597 190
1757517871738 0.652169370052864 191
1757517871748 0.646292062253455 192
1757517871758 0.6404839703661224 193
1757517871767 0.6347442225872868 194
1757517871777 0.6290719581790407 195
1757517871787 0.623466327320787 196
1757517871797 0.6179264910165086 197
1757517871807 0.6124516210415935 198
1757517871817 0.6070408999134154 199
1757517871826 0.6016935208713583 200
1757517871836 0.5964086878541615 201
1757517871846 0.5911856154651228 202
1757517871856 0.5860235289187085 203
1757517871865 0.5809216639648299 204
1757517871875 0.5758792667896903 205
1757517871885 0.5708955938942508 206
1757517871895 0.5659699119529824 207
1757517871905 0.5611014976568022 208
1757517871914 0.5562896375445665 209
1757517871924 0.5515336278278756 210
1757517871934 0.5468327742135076 211
1757517871944 0.5421863917274665 212
1757517871954 0.537593804543757 213
1757517871964 0.5330543458203846 214
1757517871974 0.5285673575439656 215
1757517871984 0.5241321903838031 216
1757517871994 0.5197482035553858 217
1757517872004 0.5154147646927809 218
1757517872013 0.5111312497289349 219
1757517872023 0.5068970427826089 220
1757517872036 0.5027115360506408 221
1757517872046 0.4985741297040483 222
1757517872056 0.49448423178676426 223
1757517872065 0.4904412581158835 224
1757517872076 0.48644463218250683 225
1757517872086 0.48249378505258433 226
1757517872096 0.47858815526732 227
1757517872106 0.4747271887430306 228
1757517872116 0.4709103386704336 229
1757517872126 0.46713706541354205 230
1757517872136 0.46340683640850805 231
1757517872146 0.4597191260626892 232
1757517872156 0.4560734156543817 233
1757517872166 0.4524691932335303 234
1757517872176 0.4489059535237711 235
1757517872186 0.44538319782604846 236
1757517872196 0.44190043392403133 237
1757517872206 0.43845717599144024 238
1757517872216 0.4350529445013374 239
1757517872226 0.431687266137398 240
1757517872236 0.42835967370707445 241
1757517872246 0.42506970605658706 242
1757517872256 0.4218169079876113 243
1757517872266 0.41860083017551325 244
1757517872277 0.41542102908901946 245
1757517872287 0.412277066911183 246
1757517872297 0.4091685114615235 247
1757517872307 0.40609493611926223 248
1757517872318 0.40305591974755395 249
1757517872328 0.40005104661869484 250
1757517872338 0.3970799063402414 251
1757517872347 0.39414209378203885 252
1757517872358 0.391237209004161 253
1757517872368 0.3883648571857673 254
1757517872378 0.3855246485548874 255
1757517872388 0.38271619831914744 256
1757517872398 0.37993912659747225 257
1757517872409 0.3771930583527719 258
1757517872419 0.37447762332559975 259
1757517872429 0.371792455968834 260
1757517872439 0.3691371953833262 261
1757517872449 0.3665114852545527 262
1757517872460 0.36391497379025045 263
1757517872470 0.3613473136589838 264
1757517872480 0.3588081619296814 265
1757517872490 0.3562971800120664 266
1757517872501 0.3538140335979886 267
1757517872512 0.35135839260362756 268
1757517872523 0.34892993111253473 269
1757517872533 0.3465283273195134 270
1757517872544 0.3441532634752863 271
1757517872555 0.3418044258319618 272
1757517872565 0.33948150458928134 273
1757517872576 0.337184193841588 274
1757517872586 0.3349121915255947 275
1757517872597 0.33266519936884337 276
1757517872608 0.330442922838904 277
1757517872619 0.32824507109330997 278
1757517872629 0.3260713569301669 279
1757517872639 0.3239214967394996 280
1757517872650 0.32179521045526344 281
1757517872660 0.3196922215080579 282
1757517872671 0.31761225677851807 283
1757517872681 0.3155550465513584 284
1757517872691 0.31352032447008765 285
1757517872702 0.3115078274923753 286
1757517872712 0.30951729584604176 287
1757517872722 0.3075484729856989 288
1757517872732 0.30560110554998077 289
1757517872743 0.303674943319416 290
1757517872753 0.301769739174875 291
1757517872763 0.29988524905660585 292
1757517872774 0.29802123192386626 293
1757517872784 0.2961774497151081 294
1757517872795 0.294353667308731 295
1757517872806 0.29254965248438336 296
1757517872817 0.2907651758848066 297
1757517872828 0.28900001097821965 298
1757517872838 0.2872539340212265 299
1757517872849 0.2855267240222351 300
1757517872859 0.2838181627054065 301
1757517872870 0.28212803447508683 302
1757517872880 0.2804561263807517 303
1757517872891 0.27880222808243893 304
1757517872901 0.27716613181664856 305
1757517872912 0.2755476323627429 306
1757517872922 0.2739465270097901 307
1757517872933 0.27236261552389274 308
1757517872943 0.2707957001159494 309
1757517872954 0.26924558540988625 310
1757517872964 0.2677120784113088 311
1757517872975 0.2661949884766072 312
1757517872985 0.26469412728247654 313
1757517872996 0.26320930879586596 314
1757517873007 0.26174034924434164 315
1757517873017 0.260287067086858 316
1757517873028 0.25884928298494053 317
1757517873038 0.25742681977424803 318
1757517873049 0.2560195024365466 319
1757517873059 0.2546271580720547 320
1757517873070 0.25324961587217987 321
1757517873080 0.25188670709261707 322
1757517873091 0.2505382650268287 323
1757517873102 0.24920412497987718 324
1757517873112 0.24788412424262352 325
1757517873125 0.24657810206628128 326
1757517873137 0.2452858996373041 327
1757517873154 0.24400736005263587 328
1757517873165 0.24274232829527595 329
1757517873176 0.2414906512102055 330
1757517873187 0.24025217748061573 331
1757517873198 0.23902675760447337 332
1757517873208 0.23781424387140318 333
1757517873220 0.2366144903398818 334
1757517873231 0.23542735281474397 335
1757517873242 0.23425268882499012 336
1757517873254 0.23309035760189944 337
1757517873265 0.2319402200574343 338
1757517873276 0.2308021387629436 339
1757517873288 0.2296759779281429 340
1757517873299 0.22856160338038645 341
1757517873310 0.2274588825442229 342
1757517873321 0.22636768442120794 343
1757517873332 0.2252878795700164 344
1757517873343 0.2242193400867944 345
1757517873355 0.22316193958578956 346
1757517873366 0.2221155531802457 347
1757517873377 0.2210800574635421 348
1757517873388 0.22005533049058815 349
1757517873399 0.21904125175947306 350
1757517873410 0.21803770219335944 351
1757517873422 0.21704456412261158 352
1757517873433 0.21606172126717046 353
1757517873444 0.21508905871915973 354
1757517873455 0.2141264629257264 355
1757517873466 0.21317382167210533 356
1757517873477 0.2122310240649155 357
1757517873488 0.21129796051567187 358
1757517873500 0.2103745227245192 359
1757517873510 0.20946060366418112 360
1757517873522 0.20855609756412458 361
1757517873532 0.20766089989493183 362
1757517873543 0.20677490735287196 363
1757517873554 0.20589801784469405 364
1757517873565 0.20503013047260335 365
1757517873576 0.20417114551944296 366
1757517873587 0.20332096443407574 367
1757517873598 0.20247948981695027 368
1757517873609 0.20164662540586029 369
1757517873620 0.20082227606188863 370
1757517873630 0.20000634775554868 371
1757517873641 0.19919874755308734 372
1757517873652 0.19839938360298126 373
1757517873663 0.19760816512260698 374
1757517873674 0.1968250023850883 375
1757517873685 0.1960498067063075 376
1757517873696 0.1952824904320943 377
1757517873707 0.19452296692557985 378
1757517873718 0.19377115055471364 379
1757517873729 0.19302695667994477 380
1757517873740 0.1922903016420659 381
1757517873750 0.19156110275021043 382
1757517873761 0.19083927827000594 383
1757517873772 0.19012474741189642 384
1757517873783 0.18941743031958191 385
1757517873794 0.18871724805865153 386
1757517873805 0.1880241226053288 387
1757517873816 0.18733797683537942 388
1757517873827 0.18665873451316067 389
1757517873838 0.18598632028080533 390
1757517873849 0.18532065964755934 391
1757517873860 0.18466167897923905 392
1757517873871 0.184009305487837 393
1757517873882 0.18336346722126262 394
1757517873892 0.18272409305320017 395
1757517873904 0.18209111267311964 396
1757517873915 0.18146445657639287 397
1757517873926 0.18084405605455423 398
1757517873937 0.1802298431856775 399
1757517873948 0.17962175082487508 400
1757517873959 0.17901971259492627 401
1757517873970 0.1784236628770179 402
1757517873981 0.17783353680160666 403
1757517873992 0.17724927023939874 404
1757517874003 0.17667079979244193 405
1757517874014 0.1760980627853364 406
1757517874025 0.1755309972565485 407
1757517874036 0.1749695419498466 408
1757517874047 0.17441363630583365 409
1757517874058 0.17386322045360345 410
1757517874070 0.17331823520248077 411
1757517874081 0.1727786220338863 412
1757517874092 0.17224432309329912 413
1757517874104 0.1717152811823072 414
1757517874115 0.1711914397507868 415
1757517874126 0.1706727428891502 416
1757517874137 0.17015913532071145 417
1757517874148 0.16965056239414328 418
1757517874159 0.1691469700760262 419
1757517874170 0.1686483049434918 420
1757517874181 0.16815451417696742 421
1757517874192 0.16766554555299867 422
1757517874204 0.16718134743717025 423
1757517874215 0.16670186877711668 424
1757517874227 0.1662270590956161 425
1757517874239 0.16575686848377438 426
1757517874250 0.165291247594294 427
1757517874261 0.1648301476348232 428
1757517874272 0.16437352036139585 429
1757517874282 0.16392131807194715 430
1757517874293 0.16347349359991376 431
1757517874305 0.16303000030790912 432
1757517874317 0.1625907920814871 433
1757517874328 0.1621558233229733 434
1757517874339 0.16172504894537726 435
1757517874350 0.16129842436638048 436
1757517874361 0.16087590550240316 437
1757517874373 0.16045744876273632 438
1757517874384 0.16004301104375368 439
1757517874395 0.1596325497231916 440
1757517874406 0.1592260226545016 441
1757517874417 0.15882338816127362 442
1757517874429 0.1584246050317268 443
1757517874440 0.1580296325132693 444
1757517874452 0.1576384303071211 445
1757517874463 0.15725095856301338 446
1757517874474 0.15686717787394386 447
1757517874485 0.1564870492709985 448
1757517874496 0.15611053421824142 449
1757517874508 0.1557375946076632 450
1757517874519 0.15536819275419356 451
1757517874530 0.15500229139077365 452
1757517874542 0.15463985366349264 453
1757517874553 0.1542808431267769 454
1757517874564 0.15392522373864956 455
1757517874575 0.15357295985603395 456
1757517874587 0.15322401623012727 457
1757517874598 0.1528783580018227 458
1757517874610 0.15253595069719336 459
1757517874622 0.15219676022302295 460
1757517874633 0.15186075286240475 461
1757517874644 0.15152789527037772 462
1757517874656 0.151198154469631 463
1757517874667 0.15087149784624862 464
1757517874679 0.1505478931455175 465
1757517874701 0.15022730846777205 466
1757517874716 0.14990971226430688 467
1757517874727 0.1495950733333217 468
1757517874739 0.1492833608159318 469
1757517874751 0.1489745441922095 470
1757517874765 0.14866859327729326 471
1757517874776 0.1483654782175232 472
1757517874788 0.14806516948664336 473
1757517874799 0.14776763788203298 474
1757517874811 0.14747285452099562 475
1757517874822 0.14718079083708463 476
1757517874834 0.14689141857648114 477
1757517874845 0.14660470979440565 478
1757517874857 0.14632063685158306 479
1757517874868 0.14603917241074207 480
1757517874880 0.14576028943316408 481
1757517874892 0.14548396117526793 482
1757517874903 0.14521016118523658 483
1757517874914 0.14493886329968558 484
1757517874926 0.14467004164037556 485
1757517874937 0.14440367061095313 486
1757517874949 0.14413972489374308 487
1757517874960 0.14387817944657186 488
1757517874972 0.14361900949962922 489
1757517874983 0.14336219055237204 490
1757517874996 0.14310769837045917 491
1757517875008 0.14285550898272892 492
1757517875020 0.14260559867820696 493
1757517875032 0.14235794400315335 494
1757517875044 0.14211252175814382 495
1757517875055 0.1418693089951895 496
1757517875067 0.14162828301488029 497
1757517875078 0.14138942136357577 498
1757517875090 0.14115270183061995 499
