1757516779150 171.2935920481734 0
1757516779162 164.91027481057037 1
1757516779173 153.24643286977027 2
1757516779182 137.64204971219866 3
1757516779191 119.52444325402095 4
1757516779200 100.28098908988582 5
1757516779209 81.15951254863394 6
1757516779216 63.19842538108271 7
1757516779226 47.18608653649046 8
1757516779235 33.6468010190441 9
1757516779243 22.849389156420532 10
1757516779251 14.833360169719196 11
1757516779259 9.447364823286309 12
1757516779267 6.394706460704721 13
1757516779275 5.281162073121566 14
1757516779283 5.661100197379059 15
1757516779291 7.078775790328714 16
1757516779299 9.102637262064682 17
1757516779307 11.351414815207239 18
1757516779315 13.511606671230624 19
1757516779323 15.346694097025665 20
1757516779331 16.698969569739333 21
1757516779340 17.48524439827798 22
1757516779348 17.687916888124654 23
1757516779356 17.342945569880314 24
1757516779364 16.526208235958322 25
1757516779372 15.339565549635308 26
1757516779380 13.897718602614775 27
1757516779389 12.316682953121452 28
1757516779397 10.704424412183814 29
1757516779405 9.15393682136703 30
1757516779413 7.738806709534536 31
1757516779422 6.511115923582001 32
1757516779430 5.501387625840163 33
1757516779439 4.720185134985474 34
1757516779447 4.1609246165095 35
1757516779456 3.8034561683300567 36
1757516779464 3.6179958637088103 37
1757516779473 3.56904513745075 38
1757516779483 3.6190045895706264 39
1757516779492 3.731268336831475 40
1757516779501 3.872664965913107 41
1757516779510 4.015185797294498 42
1757516779518 4.137005984518975 43
1757516779526 4.222855984451258 44
1757516779535 4.263838697481446 45
1757516779543 4.256810989059874 46
1757516779552 4.203458354152225 47
1757516779560 4.109189972892541 48
1757516779568 3.981970648844869 49
1757516779576 3.8311886893914107 50
1757516779584 3.666637258632953 51
1757516779593 3.497663499462772 52
1757516779601 3.3325168471119904 53
1757516779609 3.1779070850961366 54
1757516779618 3.038765006650124 55
1757516779626 2.9181847578360607 56
1757516779636 2.817517341435073 57
1757516779647 2.736579273893172 58
1757516779657 2.6739386390377176 59
1757516779667 2.62724219122551 60
1757516779677 2.5935510205919217 61
1757516779687 2.569657848831452 62
1757516779697 2.552365537051651 63
1757516779707 2.538713188230596 64
1757516779721 2.5261427520676523 65
1757516779730 2.5126048538247936 66
1757516779742 2.496607371515214 67
1757516779753 2.477213910545904 68
1757516779762 2.4540017245857633 69
1757516779773 2.4269898595266377 70
1757516779783 2.3965484849115883 71
1757516779794 2.363299708020189 72
1757516779805 2.3280188529343486 73
1757516779815 2.291543451003821 74
1757516779828 2.2546952405182257 75
1757516779842 2.218218498316937 76
1757516779853 2.1827361773407823 77
1757516779862 2.148723716058381 78
1757516779871 2.1164990928600016 79
1757516779880 2.0862267577225313 80
1757516779889 2.0579324882014096 81
1757516779898 2.031525963330691 82
1757516779906 2.0068278832467628 83
1757516779915 1.9835987270882989 84
1757516779924 1.9615666733845882 85
1757516779934 1.9404527417516606 86
1757516779943 1.9199917927437304 87
1757516779951 1.8999485926996955 88
1757516779962 1.8801286712955667 89
1757516779972 1.8603841416588789 90
1757516779982 1.840614998226518 91
1757516779993 1.8207666486137413 92
1757516780003 1.8008245743953861 93
1757516780012 1.7808070609860192 94
1757516780021 1.7607569030991563 95
1757516780030 1.7407328971018028 96
1757516780040 1.7208017937574722 97
1757516780049 1.701031222785557 98
1757516780057 1.681483931088596 99
1757516780068 1.6622135135260094 100
1757516780080 1.6432616696824014 101
1757516780089 1.624656899740246 102
1757516780098 1.6064144615598681 103
1757516780107 1.5885373506345386 104
1757516780115 1.5710180334428367 105
1757516780124 1.5538406596363377 106
1757516780133 1.5369834949121834 107
1757516780143 1.5204213490213128 108
1757516780169 1.5041278166442336 109
1757516780187 1.4880771975642293 110
1757516780196 1.4722460120129928 111
1757516780205 1.456614073417792 112
1757516780214 1.4411651211605463 113
1757516780223 1.4258870484828092 114
1757516780232 1.4107717843930851 115
1757516780242 1.3958149032509555 116
1757516780251 1.3810150421946747 117
1757516780261 1.3663732058401838 118
1757516780270 1.351892031134352 119
1757516780279 1.3375750744844148 120
1757516780288 1.3234261699125889 121
1757516780297 1.309448892493743 122
1757516780305 1.2956461470207796 123
1757516780314 1.2820198887430378 124
1757516780323 1.268570971886619 125
1757516780332 1.2552991129532474 126
1757516780342 1.24220294969797 127
1757516780351 1.2292801731664533 128
1757516780360 1.216527709005426 129
1757516780372 1.203941925086498 130
1757516780382 1.1915188448668135 131
1757516780392 1.1792543493759646 132
1757516780401 1.167144354805484 133
1757516780410 1.1551849569617985 134
1757516780419 1.1433725379694573 135
1757516780428 1.1317038343007542 136
1757516780436 1.1201759682687176 137
1757516780445 1.1087864474425313 138
1757516780454 1.0975331379957594 139
1757516780463 1.0864142188073462 140
1757516780472 1.075428123284209 141
1757516780481 1.0645734754753675 142
1757516780490 1.0538490262352398 143
1757516780499 1.0432535941058967 144
1757516780508 1.0327860143585716 145
1757516780518 1.0224450983812206 146
1757516780528 1.0122296044200467 147
1757516780539 1.0021382196516377 148
1757516780550 0.9921695527278865 149
1757516780561 0.9823221353229965 150
1757516780571 0.9725944308239612 151
1757516780582 0.9629848481297297 152
1757516780593 0.953491758532376 153
1757516780604 0.9441135138104264 154
1757516780615 0.9348484639309306 155
1757516780626 0.9256949730911571 156
1757516780637 0.9166514331963912 157
1757516780647 0.9077162742331977 158
1757516780658 0.8988879713317645 159
1757516780668 0.8901650485969717 160
1757516780681 0.8815460800134323 161
1757516780694 0.8730296878897382 162
1757516780705 0.8646145394023074 163
1757516780716 0.8562993418341328 164
1757516780728 0.8480828370882154 165
1757516780739 0.8399637959992652 166
1757516780750 0.8319410128832652 167
1757516780762 0.8240133006632512 168
1757516780773 0.8161794868030418 169
1757516780785 0.8084384101765435 170
1757516780796 0.8007889189070025 171
1757516780807 0.793229869132072 172
1757516780818 0.7857601245905854 173
1757516780829 0.7783785568859509 174
1757516780838 0.7710840462588628 175
1757516780848 0.7638754826963946 176
1757516780858 0.7567517672128238 177
1757516780867 0.7497118131566565 178
1757516780877 0.7427545474244441 179
1757516780886 0.7358789114921723 180
1757516780896 0.7290838622058856 181
1757516780905 0.7223683723028123 182
1757516780914 0.7157314306599768 183
1757516780924 0.7091720422887039 184
1757516780933 0.7026892281089833 185
1757516780943 0.6962820245480623 186
1757516780952 0.6899494830123919 187
1757516780962 0.6836906692825467 188
1757516780972 0.6775046628771392 189
1757516780983 0.6713905564255607 190
1757516780995 0.6653474550813918 191
1757516781010 0.6593744759993192 192
1757516781021 0.6534707478896261 193
1757516781032 0.6476354106559843 194
1757516781042 0.6418676151150928 195
1757516781052 0.6361665227912634 196
1757516781062 0.6305313057747369 197
1757516781071 0.6249611466301954 198
1757516781081 0.6194552383409894 199
1757516781090 0.6140127842747661 200
1757516781100 0.6086329981575584 201
1757516781109 0.6033151040454473 202
1757516781119 0.5980583362852554 203
1757516781129 0.5928619394584332 204
1757516781138 0.5877251683047771 205
1757516781148 0.5826472876250117 206
1757516781158 0.5776275721631239 207
1757516781167 0.5726653064709023 208
1757516781177 0.5677597847581353 209
1757516781186 0.5629103107324898 210
1757516781195 0.558116197433297 211
1757516781205 0.5533767670631828 212
1757516781214 0.5486913508211783 213
1757516781224 0.5440592887401273 214
1757516781233 0.5394799295306788 215
1757516781243 0.5349526304331426 216
1757516781252 0.5304767570780544 217
1757516781262 0.5260516833553671 218
1757516781272 0.5216767912918733 219
1757516781281 0.5173514709359759 220
1757516781291 0.5130751202486433 221
1757516781300 0.5088471449994015 222
1757516781310 0.5046669586659542 223
1757516781320 0.5005339823364321 224
1757516781329 0.4964476446131154 225
1757516781339 0.4924073815168822 226
1757516781348 0.48841263639175103 227
1757516781358 0.48446285980915127 228
1757516781368 0.4805575094717422 229
1757516781378 0.47669605011679855 230
1757516781387 0.47287795341928657 231
1757516781397 0.46910269789489345 232
1757516781406 0.46536976880331254 233
1757516781417 0.46167865805213637 234
1757516781427 0.4580288641016596 235
1757516781436 0.4544198918709311 236
1757516781446 0.45085125264524034 237
1757516781456 0.4473224639853197 238
1757516781466 0.44383304963828335 239
1757516781476 0.440382539450463 240
1757516781486 0.4369704692820506 241
1757516781497 0.4335963809235923 242
1757516781507 0.4302598220141987 243
1757516781518 0.42696034596136356 244
1757516781528 0.423697511862308 245
1757516781538 0.4204708844266901 246
1757516781547 0.4172800339005843 247
1757516781558 0.4141245359916008 248
1757516781568 0.4110039717950632 249
1757516781578 0.40791792772119595 250
1757516781587 0.4048659954232268 251
1757516781597 0.40184777172636665 252
1757516781606 0.3988628585577222 253
1757516781616 0.3959108628770223 254
1757516781626 0.3929913966082679 255
1757516781636 0.390104076572233 256
1757516781646 0.3872485244199006 257
1757516781655 0.3844243665667947 258
1757516781665 0.38163123412825306 259
1757516781675 0.37886876285563553 260
1757516781685 0.3761365930734971 261
1757516781694 0.3734343696176734 262
1757516781704 0.37076174177434645 263
1757516781714 0.3681183632200094 264
1757516781724 0.3655038919623667 265
1757516781733 0.3629179902821298 266
1757516781743 0.36036032467568846 267
1757516781753 0.35783056579863004 268
1757516781764 0.35532838841012593 269
1757516781774 0.3528534713180866 270
1757516781785 0.3504054973251524 271
1757516781795 0.3479841531754406 272
1757516781806 0.34558912950202864 273
1757516781816 0.34322012077523084 274
1757516781826 0.3408768252515481 275
1757516781836 0.33855894492337224 276
1757516781846 0.3362661854693807 277
1757516781859 0.33399825620561974 278
1757516781870 0.33175487003729237 279
1757516781883 0.32953574341121716 280
1757516781896 0.3273405962689509 281
1757516781907 0.3251691520005832 282
1757516781917 0.32302113739919175 283
1757516781927 0.3208962826159352 284
1757516781937 0.318794321115783 285
1757516781947 0.316714989633889 286
1757516781957 0.3146580281325723 287
1757516781968 0.31262317975892445 288
1757516781977 0.31061019080299895 289
1757516781987 0.30861881065662483 290
1757516781997 0.30664879177275467 291
1757516782007 0.30469988962544703 292
1757516782017 0.30277186267036726 293
1757516782027 0.30086447230585844 294
1757516782037 0.29897748283455855 295
1757516782047 0.2971106614255681 296
1757516782057 0.2952637780771107 297
1757516782067 0.2934366055797573 298
1757516782077 0.2916289194801333 299
1757516782088 0.2898404980451513 300
1757516782098 0.2880711222267151 301
1757516782108 0.28632057562694463 302
1757516782118 0.28458864446386123 303
1757516782128 0.2828751175375666 304
1757516782138 0.28117978619686856 305
1757516782148 0.2795024443063957 306
1757516782158 0.27784288821415026 307
1757516782168 0.27620091671951336 308
1757516782178 0.27457633104169726 309
1757516782188 0.27296893478862855 310
1757516782199 0.27137853392626854 311
1757516782209 0.26980493674834677 312
1757516782218 0.2682479538465198 313
1757516782228 0.26670739808093724 314
1757516782238 0.26518308455121453 315
1757516782249 0.263674830567796 316
1757516782259 0.2621824556237294 317
1757516782269 0.2607057813668106 318
1757516782279 0.2592446315721094 319
1757516782289 0.2577988321148791 320
1757516782299 0.25636821094383927 321
1757516782310 0.25495259805480736 322
1757516782320 0.253551825464706 323
1757516782330 0.25216572718591324 324
1757516782341 0.25079413920096744 325
1757516782351 0.24943689943761152 326
1757516782361 0.24809384774418194 327
1757516782371 0.24676482586532866 328
1757516782381 0.24544967741805981 329
1757516782392 0.24414824786811157 330
1757516782402 0.24286038450665323 331
1757516782412 0.24158593642727916 332
1757516782422 0.24032475450333518 333
1757516782432 0.23907669136553863 334
1757516782442 0.23784160137990393 335
1757516782452 0.23661934062596474 336
1757516782462 0.23540976687528625 337
1757516782473 0.2342127395702721 338
1757516782483 0.23302811980324997 339
1757516782493 0.23185577029583446 340
1757516782503 0.23069555537858147 341
1757516782513 0.22954734097089538 342
1757516782524 0.22841099456121952 343
1757516782534 0.22728638518748148 344
1757516782544 0.2261733834178054 345
1757516782554 0.2250718613314798 346
1757516782564 0.22398169250017286 347
1757516782575 0.22290275196941253 348
1757516782585 0.22183491624029306 349
1757516782596 0.22077806325143595 350
1757516782606 0.21973207236119463 351
1757516782616 0.2186968243300804 352
1757516782626 0.2176722013034307 353
1757516782636 0.21665808679431342 354
1757516782647 0.2156543656666331 355
1757516782657 0.21466092411848597 356
1757516782668 0.2136776496657259 357
1757516782678 0.21270443112573462 358
1757516782690 0.2117411586014254 359
1757516782702 0.21078772346543942 360
1757516782714 0.2098440183445629 361
1757516782733 0.20890993710434183 362
1757516782744 0.20798537483389842 363
1757516782755 0.20707022783094972 364
1757516782766 0.20616439358701766 365
1757516782777 0.20526777077283845 366
1757516782787 0.2043802592239566 367
1757516782798 0.2035017599265093 368
1757516782808 0.20263217500319677 369
1757516782819 0.20177140769943658 370
1757516782829 0.20091936236969152 371
1757516782840 0.2000759444639865 372
1757516782851 0.19924106051458598 373
1757516782861 0.19841461812285888 374
1757516782872 0.1975965259463032 375
1757516782882 0.19678669368574106 376
1757516782893 0.19598503207268794 377
1757516782904 0.19519145285687053 378
1757516782914 0.19440586879391245 379
1757516782925 0.19362819363318842 380
1757516782936 0.19285834210581657 381
1757516782947 0.19209622991282238 382
1757516782958 0.1913417737134382 383
1757516782968 0.19059489111357297 384
1757516782979 0.18985550065441298 385
1757516782990 0.18912352180117945 386
1757516783001 0.18839887493201657 387
1757516783012 0.18768148132704446 388
1757516783023 0.1869712631575319 389
1757516783034 0.18626814347521403 390
1757516783045 0.18557204620174927 391
1757516783056 0.18488289611830822 392
1757516783067 0.18420061885529596 393
1757516783077 0.18352514088220523 394
1757516783088 0.18285638949759495 395
1757516783099 0.18219429281920524 396
1757516783110 0.18153877977418886 397
1757516783120 0.1808897800894707 398
1757516783131 0.18024722428223 399
1757516783142 0.17961104365050085 400
1757516783153 0.17898117026389454 401
1757516783163 0.17835753695443476 402
1757516783174 0.17774007730751848 403
1757516783185 0.1771287256529732 404
1757516783196 0.17652341705624738 405
1757516783207 0.17592408730969708 406
1757516783217 0.1753306729239908 407
1757516783228 0.1747431111196148 408
1757516783238 0.17416133981849446 409
1757516783249 0.17358529763571234 410
1757516783260 0.17301492387133535 411
1757516783271 0.1724501585023428 412
1757516783282 0.17189094217465545 413
1757516783293 0.171337216195262 414
1757516783303 0.17078892252445294 415
1757516783314 0.17024600376813545 416
1757516783325 0.16970840317026287 417
1757516783336 0.1691760646053443 418
1757516783346 0.16864893257105137 419
1757516783357 0.16812695218092363 420
1757516783368 0.16761006915715382 421
1757516783379 0.1670982298234736 422
1757516783390 0.1665913810981188 423
1757516783400 0.16608947048688344 424
1757516783411 0.16559244607626875 425
1757516783422 0.16510025652670546 426
1757516783433 0.16461285106586465 427
1757516783443 0.16413017948205397 428
1757516783454 0.16365219211769036 429
1757516783465 0.16317883986285892 430
1757516783476 0.16271007414894462 431
1757516783487 0.16224584694234767 432
1757516783498 0.16178611073827864 433
1757516783509 0.16133081855461737 434
1757516783519 0.16087992392586428 435
1757516783530 0.1604333808971541 436
1757516783541 0.15999114401834721 437
1757516783552 0.1595531683381921 438
1757516783563 0.15911940939856198 439
1757516783574 0.15868982322875977 440
1757516783585 0.1582643663398909 441
1757516783600 0.15784299571930924 442
1757516783611 0.1574256688251305 443
1757516783622 0.15701234358080762 444
1757516783633 0.15660297836977682 445
1757516783644 0.1561975320301673 446
1757516783655 0.15579596384957897 447
1757516783666 0.15539823355991425 448
1757516783678 0.15500430133228374 449
1757516783688 0.15461412777196953 450
1757516783699 0.15422767391344291 451
1757516783711 0.1538449012154563 452
1757516783721 0.15346577155618232 453
1757516783732 0.15309024722841724 454
1757516783743 0.15271829093484307 455
1757516783754 0.15234986578334164 456
1757516783765 0.15198493528237472 457
1757516783776 0.1516234633364092 458
1757516783787 0.15126541424140544 459
1757516783799 0.15091075268035575 460
1757516783810 0.15055944371887967 461
1757516783821 0.15021145280086512 462
1757516783832 0.14986674574417622 463
1757516783843 0.14952528873639648 464
1757516783856 0.14918704833063354 465
1757516783867 0.14885199144136832 466
1757516783879 0.14852008534036068 467
1757516783890 0.14819129765259853 468
1757516783902 0.1478655963522957 469
1757516783913 0.1475429497589374 470
1757516783924 0.1472233265333813 471
1757516783935 0.14690669567399056 472
1757516783946 0.14659302651282738 473
1757516783957 0.1462822887118797 474
1757516783968 0.14597445225934214 475
1757516783980 0.14566948746593542 476
1757516783991 0.1453673649612754 477
1757516784002 0.14506805569027642 478
1757516784014 0.14477153090960748 479
1757516784025 0.14447776218418115 480
1757516784035 0.14418672138369173 481
1757516784046 0.14389838067919103 482
1757516784058 0.143612712539703 483
1757516784069 0.1433296897288818 484
1757516784080 0.14304928530170802 485
1757516784092 0.14277147260122405 486
1757516784103 0.14249622525530467 487
1757516784114 0.14222351717347592 488
1757516784125 0.14195332254375595 489
1757516784136 0.14168561582954675 490
1757516784148 0.1414203717665574 491
1757516784159 0.14115756535976245 492
1757516784170 0.14089717188039474 493
1757516784182 0.14063916686298084 494
1757516784193 0.14038352610240276 495
1757516784205 0.1401302256509967 496
1757516784216 0.1398792418156917 497
1757516784227 0.13963055115517314 498
1757516784238 0.1393841304770815 499
