1757517982790 6.531866471353418 0
1757517982800 2.9546847764541924 1
1757517982809 1.9957253645223023 2
1757517982818 2.4187892025588664 3
1757517982828 2.0210039292282773 4
1757517982837 2.1168952419195373 5
1757517982847 2.1611514252878004 6
1757517982856 4.732643189416363 7
1757517982866 0.2143173699679636 8
1757517982876 0.5900743362431655 9
1757517982885 1.1102455823614197 10
1757517982905 1.900897295703181 11
1757517982918 0.4599341193251416 12
1757517982928 1.5852968648420767 13
1757517982938 1.3966948639282746 14
1757517982947 1.1916738482115934 15
1757517982956 1.5705823967089854 16
1757517982966 0.4254040694905009 17
1757517982975 1.225581060951756 18
1757517982985 0.6497055015845665 19
1757517982995 0.4511637773154039 20
1757517983005 0.8039865309054531 21
1757517983015 0.5637223337483274 22
1757517983025 0.4569089097410986 23
1757517983035 0.6015583312453716 24
1757517983044 0.3177870390702468 25
1757517983054 0.40709613507383496 26
1757517983064 0.3745846779972888 27
1757517983073 0.4020914071148145 28
1757517983083 0.526053518936506 29
1757517983093 0.4533249348545219 30
1757517983102 0.34589085208184156 31
1757517983111 0.32296094939582237 32
1757517983121 0.22324818380834216 33
1757517983131 0.3711751568270112 34
1757517983140 0.15749339220252706 35
1757517983151 0.25422399061359463 36
1757517983161 0.17060882854619847 37
1757517983172 0.20492304724611504 38
1757517983187 0.16429522448635406 39
1757517983196 0.16672353570922915 40
1757517983206 0.2616578720731702 41
1757517983215 0.11018632005160331 42
1757517983225 0.16461191670717815 43
1757517983235 0.1332848067430885 44
1757517983244 0.12399564136675889 45
1757517983254 0.07310279048947639 46
1757517983264 0.12751928113198738 47
1757517983274 0.08357045547197677 48
1757517983283 0.09496942722237388 49
1757517983293 0.32199135802640094 50
1757517983303 0.07945323151358577 51
1757517983313 0.14170404933244563 52
1757517983322 0.21383963029149625 53
1757517983332 0.0698601087665386 54
1757517983346 0.161473539072501 55
1757517983355 0.14190189067258593 56
1757517983365 0.10775292861888322 57
1757517983375 0.10201902886601942 58
1757517983385 0.14188138408245243 59
1757517983394 0.13213212426284743 60
1757517983404 0.07949791569614387 61
1757517983414 0.2484689078667955 62
1757517983423 0.07052814989584937 63
1757517983433 0.1310103232062848 64
1757517983443 0.08173351737256128 65
1757517983452 0.11665409089062612 66
1757517983462 0.09735737067979842 67
1757517983472 0.15504539347933236 68
1757517983482 0.1412595839206325 69
1757517983491 0.17217128548003496 70
1757517983501 0.07042284615427158 71
1757517983510 0.1351400357860861 72
1757517983520 0.21354342429239098 73
1757517983530 0.0846208497507014 74
1757517983539 0.07726329189278493 75
1757517983549 0.09783832440735558 76
1757517983559 0.09854187722759145 77
1757517983568 0.1456293837849042 78
1757517983578 0.09769321841545801 79
1757517983588 0.11186324811022945 80
1757517983597 0.13092218363987881 81
1757517983607 0.13946697327769508 82
1757517983617 0.15074293970960778 83
1757517983627 0.15630743204121716 84
1757517983637 0.10548329282740704 85
1757517983647 0.20704143395824876 86
1757517983656 0.07875545943724149 87
1757517983666 0.07532428148431958 88
1757517983676 0.05730099121223204 89
1757517983686 0.11242747665455459 90
1757517983696 0.07927062341290275 91
1757517983705 0.08892684414419585 92
1757517983715 0.09098401964016452 93
1757517983725 0.06116309337132745 94
1757517983735 0.0941462293217605 95
1757517983745 0.13347632975213197 96
1757517983754 0.0857271602422649 97
1757517983764 0.06080032352551909 98
1757517983774 0.08733741525040473 99
1757517983784 0.07908103454361375 100
1757517983793 0.23622339448826357 101
1757517983803 0.07045389161999657 102
1757517983813 0.1105733848278318 103
1757517983823 0.1814866509479745 104
1757517983833 0.06953117000498812 105
1757517983843 0.08959532826476287 106
1757517983853 0.07998681605292483 107
1757517983864 0.06807703449350512 108
1757517983874 0.08701886234102893 109
1757517983884 0.11897155686372671 110
1757517983894 0.06544762295423337 111
1757517983904 0.17523752099623618 112
1757517983913 0.05723324817347512 113
1757517983923 0.09646509456040543 114
1757517983933 0.09389930331202241 115
1757517983943 0.11644840320350561 116
1757517983953 0.0943638247254944 117
1757517983963 0.0890533550603593 118
1757517983973 0.16669953537072293 119
1757517983983 0.1152754926551146 120
1757517983993 0.06028453552894384 121
1757517984003 0.06945004483871485 122
1757517984017 0.08649185180203263 123
1757517984027 0.06429064200923244 124
1757517984038 0.10004785762389712 125
1757517984048 0.21036686496682339 126
1757517984058 0.09966233592039597 127
1757517984068 0.09497276732437245 128
1757517984078 0.09436421146512103 129
1757517984088 0.06278849923270975 130
1757517984098 0.08768200491806738 131
1757517984108 0.11589988902128115 132
1757517984118 0.0827554710651649 133
1757517984128 0.13837676943441324 134
1757517984139 0.13146537265677866 135
1757517984149 0.0944532430969608 136
1757517984159 0.06926297882303335 137
1757517984169 0.05579208370984546 138
1757517984179 0.09345863963249477 139
1757517984189 0.08538330942517332 140
1757517984199 0.1234331439862267 141
1757517984210 0.11187605629046896 142
1757517984220 0.1638731880554509 143
1757517984230 0.12087606053092323 144
1757517984240 0.07716911113219187 145
1757517984250 0.06330360490727557 146
1757517984260 0.05164881156772312 147
1757517984270 0.11171028016342277 148
1757517984280 0.0612966033447621 149
1757517984290 0.07075296589701092 150
1757517984300 0.06158145500163232 151
1757517984311 0.0916802838488901 152
1757517984321 0.12246078885758992 153
1757517984331 0.10175851262488217 154
1757517984347 0.07304559243446826 155
1757517984366 0.12854398121863547 156
