1757594482448 171.0513898083009 0
1757594482457 164.69857827815034 1
1757594482466 158.59110333945287 2
1757594482474 152.71941359058647 3
1757594482482 147.07433115582262 4
1757594482491 141.64703703632628 5
1757594482499 136.42905703674592 6
1757594482507 131.41224824472707 7
1757594482516 126.58878604161964 8
1757594482524 121.95115162346693 9
1757594482534 117.49212001220687 10
1757594482542 113.20474853781232 11
1757594482551 109.08236577283002 12
1757594482560 105.11856090154484 13
1757594482568 101.30717350665071 14
1757594482577 97.64228375703317 15
1757594482586 94.11820298086907 16
1757594482595 90.72946460890134 17
1757594482603 87.47081547332871 18
1757594482612 84.33720744832479 19
1757594482621 81.32378941875751 20
1757594482629 78.42589956419921 21
1757594482638 75.63905794583333 22
1757594482647 72.95895938435274 23
1757594482656 70.38146661739935 24
1757594482665 67.90260372556685 25
1757594482673 65.51854981640098 26
1757594482682 63.225632956260284 27
1757594482691 61.020324340292184 28
1757594482699 58.8992326911649 29
1757594482708 56.85909887756696 30
1757594482716 54.89679074383308 31
1757594482725 53.009298142402834 32
1757594482734 51.19372816113815 33
1757594482742 49.44730053784457 34
1757594482751 47.76734325463913 35
1757594482760 46.15128830509774 36
1757594482771 44.59666762739623 37
1757594482780 43.10110919691838 38
1757594482789 41.66233327207261 39
1757594482798 40.27814878729188 40
1757594482806 38.94644988744117 41
1757594482815 37.665212598072934 42
1757594482824 36.43249162619929 43
1757594482832 35.246417286450296 44
1757594482841 34.1051925476985 45
1757594482850 33.00709019541459 46
1757594482859 31.950450105212898 47
1757594482867 30.933676623218627 48
1757594482876 29.955236049063934 49
1757594482884 29.01365421748169 50
1757594482893 28.10751417462837 51
1757594482901 27.23545394541338 52
1757594482910 26.396164388268772 53
1757594482919 25.588387133919998 54
1757594482928 24.810912604864573 55
1757594482937 24.062578112392103 56
1757594482946 23.34226602809834 57
1757594482954 22.648902026973932 58
1757594482963 21.98145339925783 59
1757594482971 21.33892742835738 60
1757594482980 20.72036983224102 61
1757594482988 20.12486326581824 62
1757594482997 19.551525881908958 63
1757594483005 18.9995099485073 64
1757594483014 18.46800052013157 65
1757594483023 17.95621416113738 66
1757594483031 17.463397718957985 67
1757594483040 16.988827145312698 68
1757594483049 16.531806363502824 69
1757594483057 16.091666179988827 70
1757594483066 15.667763238511268 71
1757594483075 15.25947901508838 72
1757594483084 14.86621885228867 73
1757594483093 14.487411031237661 74
1757594483101 14.122505879881075 75
1757594483110 13.770974916082713 76
1757594483119 13.432310024192688 77
1757594483128 13.106022663773825 78
1757594483137 12.791643109227039 79
1757594483145 12.488719719104488 80
1757594483154 12.196818233947893 81
1757594483163 11.915521101534798 82
1757594483172 11.64442682845873 83
1757594483181 11.383149357012892 84
1757594483190 11.131317466385662 85
1757594483198 10.888574197216467 86
1757594483207 10.654576298596915 87
1757594483216 10.428993696639669 88
1757594483225 10.211508983769294 89
1757594483234 10.001816927924795 90
1757594483243 9.799624000895022 91
1757594483251 9.604647925037145 92
1757594483260 9.416617237659995 93
1757594483269 9.235270872380253 94
1757594483278 9.060357756788173 95
1757594483287 8.891636425784423 96
1757594483296 8.72887464997546 97
1757594483305 8.571849078538346 98
1757594483314 8.420344895989118 99
1757594483323 8.274155492311476 100
1757594483332 8.133082145922955 101
1757594483341 7.996933718977442 102
1757594483350 7.865526364521048 103
1757594483359 7.738683245038789 104
1757594483367 7.616234261946805 105
1757594483376 7.498015795602088 106
1757594483385 7.3838704554195225 107
1757594483395 7.273646839700536 108
1757594483404 7.167199304795203 109
1757594483413 7.064387743232075 110
1757594483422 6.965077370466664 111
1757594483431 6.8691385199113855 112
1757594483440 6.776446445924057 113
1757594483449 6.686881134444024 114
1757594483458 6.600327120977837 115
1757594483467 6.516673315647553 116
1757594483476 6.435812835025638 117
1757594483485 6.357642840492859 118
1757594483494 6.282064382863475 119
1757594483503 6.208982253034128 120
1757594483512 6.138304838421417 121
1757594483521 6.069943984962266 122
1757594483531 6.003814864460431 123
1757594483540 5.939835847070788 124
1757594483549 5.877928378721112 125
1757594483558 5.818016863278997 126
1757594483567 5.76002854927905 127
1757594483576 5.703893421033016 128
1757594483586 5.649544093951584 129
1757594483595 5.596915713914408 130
1757594483604 5.545945860530633 131
1757594483613 5.496574454138191 132
1757594483622 5.44874366639695 133
1757594483631 5.402397834335183 134
1757594483641 5.357483377715635 135
1757594483650 5.313948719591803 136
1757594483670 5.271744209930165 137
1757594483689 5.230822052179713 138
1757594483698 5.191136232673589 139
1757594483707 5.152642452753175 140
1757594483717 5.115298063508846 141
1757594483726 5.079062003035232 142
1757594483735 5.043894736104186 143
1757594483745 5.00975819616068 144
1757594483754 4.976615729552038 145
1757594483764 4.944432041903486 146
1757594483774 4.913173146557004 147
1757594483783 4.882806314993097 148
1757594483793 4.853300029158791 149
1757594483802 4.824623935627967 150
1757594483811 4.796748801522576 151
1757594483820 4.769646472127125 152
1757594483830 4.743289830130249 153
1757594483839 4.717652756430357 154
1757594483848 4.692710092445431 155
1757594483858 4.668437603867594 156
1757594483867 4.644811945807617 157
1757594483876 4.621810629274876 158
1757594483885 4.599411988940949 159
1757594483895 4.57759515213828 160
1757594483904 4.556340009044537 161
1757594483913 4.53562718400798 162
1757594483922 4.515438007969597 163
1757594483932 4.495754491938897 164
1757594483941 4.47655930148355 165
1757594483950 4.4578357321930815 166
1757594483959 4.439567686079337 167
1757594483969 4.421739648877358 168
1757594483978 4.404336668211943 169
1757594483988 4.387344332596878 170
1757594483997 4.37074875123371 171
1757594484006 4.354536534580698 172
1757594484015 4.338694775660758 173
1757594484025 4.323211032081064 174
1757594484035 4.308073308736247 175
1757594484044 4.2932700411689995 176
1757594484054 4.278790079563035 177
1757594484063 4.264622673343596 178
1757594484073 4.250757456362605 179
1757594484082 4.237184432645554 180
1757594484092 4.223893962678978 181
1757594484101 4.210876750217217 182
1757594484110 4.198123829589044 183
1757594484120 4.185626553484421 184
1757594484129 4.173376581203482 185
1757594484139 4.161365867349602 186
1757594484148 4.149586650949649 187
1757594484158 4.138031444985114 188
1757594484168 4.1266930263182 189
1757594484177 4.115564425997925 190
1757594484187 4.10463891993142 191
1757594484196 4.093910019906827 192
1757594484206 4.083371464953854 193
1757594484215 4.073017213029448 194
1757594484225 4.062841433016111 195
1757594484234 4.05283849702047 196
1757594484244 4.043002972961483 197
1757594484253 4.033329617436222 198
1757594484263 4.023813368853365 199
1757594484272 4.014449340823951 200
1757594484282 4.005232815799378 201
1757594484292 3.9961592389475973 202
1757594484302 3.9872242122580954 203
1757594484312 3.978423488867119 204
1757594484321 3.9697529675948062 205
1757594484331 3.961208687685837 206
1757594484340 3.9527868237463597 207
1757594484350 3.944483680869355 208
1757594484360 3.9362956899412436 209
1757594484369 3.9282194031232494 210
1757594484379 3.9202514895004716 211
1757594484389 3.912388730892441 212
1757594484399 3.9046280178191233 213
1757594484408 3.8969663456164163 214
1757594484418 3.8894008106953666 215
1757594484430 3.881928606939912 216
1757594484440 3.8745470222375853 217
1757594484450 3.8672534351384704 218
1757594484459 3.860045311637407 219
1757594484469 3.8529202020746482 220
1757594484479 3.8458757381509145 221
1757594484488 3.838909630051933 222
1757594484498 3.8320196636789863 223
1757594484508 3.8252036979808883 224
1757594484518 3.818459662384055 225
1757594484528 3.8117855543165633 226
1757594484538 3.8051794368229577 227
1757594484548 3.7986394362663005 228
1757594484558 3.792163740114094 229
1757594484567 3.7857505948050534 230
1757594484577 3.7793983036937377 231
1757594484587 3.773105225069874 232
1757594484596 3.76686977024984 233
1757594484606 3.7606904017374556 234
1757594484616 3.754565631451597 235
1757594484625 3.7484940190180116 236
1757594484635 3.742474170123052 237
1757594484645 3.7365047349268763 238
1757594484655 3.730584406534061 239
1757594484665 3.7247119195194283 240
1757594484675 3.718886048506904 241
1757594484685 3.713105606799701 242
1757594484695 3.707369445059542 243
1757594484704 3.7016764500335446 244
1757594484715 3.6960255433266576 245
1757594484725 3.690415680218067 246
1757594484735 3.684845848519943 247
1757594484744 3.6793150674770225 248
1757594484754 3.6738223867054534 249
1757594484764 3.668366885169354 250
1757594484774 3.6629476701939687 251
1757594484785 3.6575638765136884 252
1757594484794 3.65221466535404 253
1757594484804 3.646899223546163 254
1757594484814 3.641616762672495 255
1757594484824 3.636366518242882 256
1757594484834 3.6311477488995436 257
1757594484844 3.625959735650212 258
1757594484855 3.6208017811281987 259
1757594484864 3.6156732088783827 260
1757594484875 3.6105733626683882 261
1757594484885 3.6055016058238323 262
1757594484894 3.6004573205867474 263
1757594484904 3.5954399074965364 264
1757594484915 3.590448784792403 265
1757594484925 3.5854833878366423 266
1757594484935 3.5805431685579983 267
1757594484945 3.5756275949142555 268
1757594484955 3.570736150373495 269
1757594484964 3.5658683334133148 270
1757594484974 3.561023657037253 271
1757594484985 3.556201648308048 272
1757594484995 3.5514018478967047 273
1757594485005 3.546623809647371 274
1757594485015 3.5418671001567406 275
1757594485025 3.537131298368279 276
1757594485035 3.5324159951800036 277
1757594485045 3.527720793065747 278
1757594485055 3.523045305709324 279
1757594485065 3.51838915765115 280
1757594485075 3.513751983946797 281
1757594485085 3.5091334298371044 282
1757594485095 3.5045331504295314 283
1757594485106 3.4999508103901156 284
1757594485116 3.495386083645948 285
1757594485126 3.4908386530975606 286
1757594485136 3.4863082103409315 287
1757594485146 3.481794455398917 288
1757594485156 3.477297096461524 289
1757594485166 3.472815849634925 290
1757594485176 3.468350438698754 291
1757594485187 3.4639005948715993 292
1757594485197 3.4594660565840507 293
1757594485207 3.455046569259497 294
1757594485217 3.4506418851018945 295
1757594485227 3.446251762890816 296
1757594485237 3.4418759677829613 297
1757594485247 3.4375142711203486 298
1757594485257 3.4331664502447556 299
1757594485267 3.428832288318181 300
1757594485277 3.4245115741491046 301
1757594485287 3.4202041020245715 302
1757594485298 3.4159096715475536 303
1757594485311 3.4116280874796 304
1757594485329 3.407359159588732 305
1757594485340 3.403102702501948 306
1757594485353 3.3988585355627947 307
1757594485363 3.394626482693167 308
1757594485373 3.390406372259937 309
1757594485384 3.3861980369453755 310
1757594485394 3.3820013136221014 311
1757594485405 3.377816043231811 312
1757594485415 3.3736420706678376 313
1757594485425 3.3694792446615365 314
1757594485435 3.365327417672134 315
1757594485446 3.3611864457801537 316
1757594485456 3.3570561885841017 317
1757594485466 3.352936509100446 318
1757594485477 3.3488272736666747 319
1757594485488 3.3447283518474413 320
1757594485498 3.340639616343563 321
1757594485508 3.336560942903874 322
1757594485518 3.3324922102398244 323
1757594485529 3.3284332999426107 324
1757594485539 3.3243840964030986 325
1757594485550 3.3203444867338208 326
1757594485560 3.316314360693896 327
1757594485571 3.312293610615535 328
1757594485581 3.308282131333639 329
1757594485591 3.3042798201167116 330
1757594485601 3.300286576600455 331
1757594485612 3.296302302723094 332
1757594485623 3.292326902662733 333
1757594485633 3.2883602827765532 334
1757594485644 3.284402351541897 335
1757594485654 3.280453019499109 336
1757594485665 3.276512199195999 337
1757594485675 3.2725798051340664 338
1757594485686 3.26865575371625 339
1757594485696 3.264739963196243 340
1757594485707 3.260832353629342 341
1757594485717 3.2569328468247107 342
1757594485728 3.253041366299003 343
1757594485738 3.249157837231458 344
1757594485752 3.2452821864202046 345
1757594485763 3.2414143422398562 346
1757594485775 3.2375542346003896 347
1757594485787 3.2337017949072426 348
1757594485799 3.2298569560223522 349
1757594485810 3.226019652226612 350
1757594485821 3.222189819183224 351
1757594485832 3.2183673939021396 352
1757594485843 3.214552314705515 353
1757594485854 3.2107445211941874 354
1757594485865 3.206943954215078 355
1757594485876 3.203150555829497 356
1757594485887 3.19936426928238 357
1757594485898 3.195585038972367 358
1757594485908 3.1918128104228045 359
1757594485919 3.188047530253412 360
1757594485929 3.184289146152852 361
1757594485940 3.1805376068520523 362
1757594485950 3.1767928620982335 363
1757594485961 3.1730548626297197 364
1757594485972 3.169323560151337 365
1757594485982 3.1655989073106605 366
1757594485993 3.1618808576746575 367
1757594486004 3.158169365707353 368
1757594486015 3.1544643867476774 369
1757594486026 3.15076587698822 370
1757594486036 3.147073793454486 371
1757594486047 3.143388093984605 372
1757594486057 3.1397087372097827 373
1757594486068 3.136035682535137 374
1757594486079 3.1323688901210427 375
1757594486089 3.1287083208651487 376
1757594486100 3.1250539363846053 377
1757594486111 3.1214056989990566 378
1757594486122 3.1177635717137884 379
1757594486133 3.114127518203663 380
1757594486143 3.110497502797169 381
1757594486154 3.1068734904610196 382
1757594486165 3.103255446785245 383
1757594486176 3.099643337968511 384
1757594486221 3.0960371308039543 385
1757594486257 3.092436792665279 386
1757594486282 3.0888422914933176 387
1757594486295 3.0852535957828686 388
1757594486306 3.08167067456995 389
1757594486318 3.0780934974192466 390
1757594486330 3.0745220344120607 391
1757594486341 3.070956256134434 392
1757594486353 3.0673961336656173 393
1757594486365 3.063841638566856 394
1757594486378 3.0602927428705 395
1757594486390 3.0567494190691855 396
1757594486401 3.0532116401056144 397
1757594486412 3.0496793793623027 398
1757594486424 3.046152610651782 399
1757594486435 3.042631308206915 400
1757594486447 3.0391154466715427 401
1757594486458 3.0356050010913305 402
1757594486469 3.0320999469048555 403
1757594486481 3.0286002599349264 404
1757594486492 3.025105916379991 405
1757594486504 3.0216168928060303 406
1757594486516 3.0181331661383703 407
1757594486527 3.01465471365388 408
1757594486539 3.0111815129732924 409
1757594486550 3.0077135420536827 410
1757594486561 3.004250779181163 411
1757594486572 3.0007932029638393 412
1757594486584 2.99734079232477 413
1757594486595 2.993893526495247 414
1757594486606 2.9904513850081513 415
1757594486618 2.987014347691521 416
1757594486629 2.9835823946622155 417
1757594486641 2.9801555063198286 418
1757594486653 2.9767336633405717 419
1757594486664 2.9733168466715947 420
1757594486676 2.969905037525129 421
1757594486728 2.9664982173729415 422
1757594486741 2.9630963679409312 423
1757594486753 2.9596994712037525 424
1757594486765 2.956307509379683 425
1757594486778 2.9529204649255276 426
1757594486791 2.949538320531624 427
1757594486804 2.9461610591171024 428
1757594486816 2.9427886638251084 429
1757594486829 2.9394211180181773 430
1757594486842 2.936058405273827 431
1757594486854 2.9327005093800476 432
1757594486866 2.929347414331077 433
1757594486878 2.9259991043231715 434
1757594486890 2.9226555637505736 435
1757594486901 2.9193167772013973 436
1757594486913 2.9159827294538894 437
1757594486926 2.9126534054723967 438
1757594486937 2.9093287904038037 439
1757594486949 2.906008869573826 440
1757594486961 2.9026936284834437 441
1757594486973 2.8993830528054017 442
1757594486984 2.8960771283809006 443
1757594486996 2.892775841216088 444
1757594487008 2.889479177479043 445
1757594487020 2.8861871234964034 446
1757594487032 2.8828996657503705 447
1757594487043 2.8796167908756254 448
1757594487056 2.87633848565636 449
1757594487067 2.873064737023462 450
1757594487079 2.869795532051526 451
1757594487091 2.866530857956247 452
1757594487102 2.8632707020915573 453
1757594487114 2.86001505194711 454
1757594487127 2.856763895145608 455
1757594487138 2.853517219440281 456
1757594487151 2.8502750127124314 457
1757594487164 2.8470372629689673 458
1757594487176 2.8438039583401262 459
1757594487188 2.8405750870770285 460
1757594487200 2.8373506375494855 461
1757594487211 2.8341305982438145 462
1757594487229 2.830914957760566 463
1757594487270 2.8277037048125067 464
1757594487283 2.8244968282225016 465
1757594487298 2.821294316921445 466
1757594487310 2.8180961599463408 467
1757594487325 2.8149023464382923 468
1757594487345 2.81171286564067 469
1757594487359 2.808527706897211 470
1757594487372 2.805346859650197 471
1757594487384 2.8021703134386575 472
1757594487395 2.79899805789666 473
1757594487407 2.7958300827516314 474
1757594487418 2.792666377822568 475
1757594487430 2.789506933018538 476
1757594487441 2.7863517383369807 477
1757594487452 2.7832007838622066 478
1757594487463 2.7800540597638435 479
1757594487475 2.776911556295308 480
1757594487486 2.773773263792354 481
1757594487497 2.770639172671667 482
1757594487509 2.767509273429415 483
1757594487521 2.7643835566398667 484
1757594487532 2.7612620129540684 485
1757594487543 2.7581446330985213 486
1757594487555 2.7550314078738802 487
1757594487566 2.7519223281536243 488
1757594487578 2.7488173848829605 489
1757594487589 2.7457165690774463 490
1757594487600 2.7426198718219204 491
1757594487612 2.73952728426929 492
1757594487623 2.7364387976393476 493
1757594487635 2.7333544032177253 494
1757594487646 2.73027409235477 495
1757594487658 2.7271978564644606 496
1757594487669 2.7241256870233808 497
1757594487680 2.721057575569608 498
1757594487692 2.717993513701874 499
