1757518056006 10.90886880155887 0
1757518056016 4.024130354020753 1
1757518056025 3.2160384751081135 2
1757518056035 2.8771367444618345 3
1757518056044 3.2816935932073643 4
1757518056053 2.6843990912358597 5
1757518056063 2.048854693525248 6
1757518056072 1.9648885672212324 7
1757518056082 1.2228913639482977 8
1757518056091 1.4892410679238863 9
1757518056101 2.3430244584347304 10
1757518056110 1.4794827873717653 11
1757518056119 0.6927299447681626 12
1757518056129 1.6092042601819072 13
1757518056138 1.0736116427731688 14
1757518056148 0.5775560331544604 15
1757518056157 1.2601457399790768 16
1757518056167 0.7280649979729534 17
1757518056176 1.5013679191587872 18
1757518056186 1.5799087595431707 19
1757518056195 0.9130888459378294 20
1757518056205 0.594750413886205 21
1757518056215 0.5326560167356249 22
1757518056225 0.5573684277569183 23
1757518056235 0.48848554886317935 24
1757518056244 0.34656745978797626 25
1757518056253 0.3288160662969726 26
1757518056263 0.3695738592417761 27
1757518056273 0.28833805413033375 28
1757518056282 0.29023938615211037 29
1757518056292 0.2512886261395439 30
1757518056302 0.6839009243568133 31
1757518056311 0.3647479150179371 32
1757518056320 0.3436868694398106 33
1757518056330 0.3386668201801371 34
1757518056340 0.3238052252120436 35
1757518056349 0.3528122859547579 36
1757518056359 0.21141671915204985 37
1757518056368 0.07992166330492494 38
1757518056378 0.19246714101733903 39
1757518056388 0.2746851926489628 40
1757518056397 0.25776638718755873 41
1757518056407 0.16136837198164844 42
1757518056417 0.1848960612915521 43
1757518056426 0.12292339503970372 44
1757518056436 0.12072606123763205 45
1757518056445 0.10026187276930902 46
1757518056455 0.1440273272574816 47
1757518056465 0.08966681498784701 48
1757518056474 0.11004605808822415 49
1757518056484 0.16072214353185144 50
1757518056494 0.1645825629737334 51
1757518056503 0.1334174902771927 52
1757518056513 0.18867503526359758 53
1757518056523 0.09183144395291291 54
1757518056533 0.10584470938617924 55
1757518056543 0.10222837033823318 56
1757518056554 0.15147886914921868 57
1757518056565 0.2225829270721074 58
1757518056575 0.1208071431681427 59
1757518056585 0.1889622695567445 60
1757518056595 0.10751542431990034 61
1757518056605 0.19642698359636226 62
1757518056616 0.19647902352272167 63
1757518056625 0.12506841117344178 64
1757518056635 0.20427275414875115 65
1757518056645 0.142646186349384 66
1757518056655 0.0723184426235535 67
1757518056665 0.12679264811367333 68
1757518056675 0.09339712970601739 69
1757518056684 0.12351488867956245 70
1757518056694 0.09579003134859548 71
1757518056704 0.1370123686214712 72
1757518056714 0.12939013084244952 73
1757518056723 0.07651203346158764 74
1757518056733 0.167279940366852 75
1757518056743 0.08132704039146493 76
1757518056753 0.14026263661154997 77
1757518056763 0.24193544853938484 78
1757518056773 0.14526809718466305 79
1757518056783 0.07980473127633629 80
1757518056792 0.08520485117016241 81
1757518056802 0.06500667180219506 82
1757518056812 0.07691819902347082 83
1757518056822 0.21395424232208274 84
1757518056832 0.13901393447506633 85
1757518056842 0.16554411250418727 86
1757518056852 0.08233433456138349 87
1757518056862 0.10050716099769347 88
1757518056872 0.06986903204173153 89
1757518056882 0.09010405053556433 90
1757518056892 0.04755701712247591 91
1757518056901 0.09621153187168593 92
1757518056911 0.06284117288460511 93
1757518056921 0.09532727247271842 94
1757518056931 0.100127289288894 95
1757518056941 0.07265513863939868 96
1757518056951 0.08331356376629999 97
1757518056961 0.09625523792059333 98
1757518056971 0.1772811057111645 99
1757518056981 0.09717506110893194 100
1757518056991 0.11011666332508813 101
1757518057001 0.06900951576576847 102
1757518057011 0.15126802884645474 103
1757518057022 0.07136840999162192 104
1757518057032 0.09164151585526081 105
1757518057042 0.19064989353148318 106
1757518057052 0.04945720087486154 107
1757518057062 0.08504652010936481 108
1757518057072 0.052145872450613515 109
1757518057082 0.06557341566170947 110
1757518057092 0.09402911338156135 111
1757518057102 0.06488426010240879 112
1757518057112 0.1231402234287224 113
1757518057122 0.07595737834031399 114
1757518057132 0.15952057458812396 115
1757518057142 0.11039841039161638 116
1757518057153 0.09240876208315786 117
1757518057163 0.14097551922080787 118
1757518057173 0.12810416859341062 119
1757518057183 0.10106468922813631 120
1757518057193 0.04229900622884381 121
1757518057203 0.1268139015223663 122
1757518057214 0.09592829183160212 123
1757518057224 0.12369658672982879 124
1757518057235 0.09845192907577001 125
1757518057245 0.1626792105022208 126
1757518057255 0.06236207646521626 127
1757518057265 0.0723971650847862 128
1757518057275 0.09306639843377666 129
1757518057285 0.16243943321409732 130
1757518057295 0.050064371917153946 131
1757518057306 0.14607622780873647 132
1757518057316 0.0685222878935069 133
1757518057325 0.13540980866101063 134
1757518057336 0.06992176410003656 135
1757518057346 0.07182146942700054 136
1757518057356 0.1253762802474983 137
1757518057366 0.08647630094403373 138
1757518057381 0.1472549672124021 139
1757518057401 0.07626560425182446 140
1757518057411 0.13312381853235436 141
1757518057422 0.056233294853075086 142
1757518057432 0.11386234235911473 143
1757518057442 0.07353697156758851 144
1757518057452 0.08086581964859638 145
1757518057462 0.1308500103030956 146
1757518057473 0.1235123423850369 147
1757518057483 0.09322648012709389 148
1757518057493 0.10993779255971944 149
1757518057503 0.09005608574846133 150
1757518057513 0.14651619238873456 151
1757518057524 0.11946297696816505 152
1757518057534 0.1065074747183371 153
1757518057544 0.08017311029064067 154
1757518057554 0.12812421435487434 155
1757518057564 0.10867646348112009 156
1757518057574 0.10173012756326383 157
1757518057585 0.057314822579867204 158
1757518057595 0.11307643105507577 159
1757518057605 0.060405072813556435 160
1757518057616 0.08307692800766693 161
1757518057626 0.05450821476460311 162
1757518057636 0.12192410971668463 163
1757518057647 0.1735075947734006 164
1757518057657 0.09614799385951243 165
1757518057668 0.2730007373647858 166
1757518057678 0.0984897789732265 167
1757518057689 0.1195224678005424 168
1757518057699 0.08541024261901986 169
1757518057709 0.06868280313166192 170
1757518057720 0.1868754721902435 171
1757518057730 0.10409819007843554 172
1757518057740 0.08503782000791912 173
1757518057751 0.16627301277431628 174
1757518057761 0.08580684317487493 175
1757518057772 0.06089325006506023 176
1757518057782 0.11302631271788838 177
1757518057793 0.07446516507946699 178
1757518057803 0.12749344280097033 179
1757518057814 0.11641986927715073 180
1757518057824 0.06930237082320329 181
1757518057835 0.048105867699336245 182
1757518057845 0.12453364751298374 183
1757518057856 0.10104506691949938 184
1757518057866 0.13728277905336814 185
1757518057877 0.22003161858782966 186
1757518057887 0.08915479132496984 187
1757518057898 0.07112962333097345 188
1757518057908 0.07523990342030619 189
1757518057919 0.0837174174487479 190
1757518057929 0.16236582045003223 191
1757518057940 0.05724154124211535 192
1757518057950 0.08808215046278846 193
1757518057961 0.05782784172253404 194
1757518057971 0.14387938762440225 195
1757518057982 0.13605628642222276 196
1757518057992 0.11156891016092876 197
1757518058003 0.052896762591670324 198
1757518058013 0.12999355295148307 199
1757518058024 0.10251865982370047 200
1757518058035 0.10373148288009933 201
1757518058045 0.10193120347043243 202
1757518058056 0.1053247254273022 203
1757518058066 0.10288090431680627 204
1757518058081 0.18974575609667937 205
1757518058091 0.1626314375130845 206
1757518058102 0.12922927311398422 207
1757518058113 0.07252645753119413 208
1757518058124 0.058977520817411505 209
1757518058134 0.07750277970795835 210
1757518058145 0.12048628799425397 211
1757518058155 0.07649192720055324 212
1757518058166 0.10631485709147336 213
1757518058176 0.10826347862962456 214
1757518058187 0.09008094005658586 215
1757518058198 0.07862148138618368 216
1757518058208 0.10771069437333516 217
1757518058219 0.0626729527191067 218
1757518058230 0.07763802455968903 219
1757518058240 0.05946666184992268 220
1757518058251 0.09382882922635383 221
1757518058262 0.12236322785884951 222
1757518058273 0.07358561370758886 223
1757518058283 0.20113064253127244 224
1757518058294 0.0672231903530503 225
1757518058305 0.0976300251498262 226
1757518058315 0.13551525126948685 227
1757518058326 0.10049759852166355 228
1757518058336 0.12038886895088034 229
1757518058347 0.0913262377831503 230
1757518058358 0.08380583637524712 231
1757518058369 0.0712361921991948 232
1757518058380 0.08540807854498539 233
1757518058390 0.1535567437304315 234
1757518058401 0.09589372172028301 235
1757518058412 0.0855192831392952 236
1757518058423 0.06131447909739211 237
1757518058433 0.07405941823685847 238
1757518058444 0.06857003706076278 239
1757518058455 0.052014950318356734 240
1757518058465 0.05787312626911512 241
1757518058476 0.06489034662853292 242
1757518058487 0.0640034020522722 243
1757518058498 0.08644597734546701 244
1757518058509 0.09104209442776644 245
1757518058520 0.10883934605336655 246
1757518058531 0.0601978689685201 247
1757518058541 0.11517321573154647 248
1757518058552 0.11102953006580882 249
1757518058563 0.06495986781881301 250
1757518058574 0.10296638273453151 251
1757518058585 0.10803804844895057 252
1757518058595 0.10243371795870065 253
1757518058606 0.06490989930555341 254
1757518058617 0.1004608884080856 255
1757518058628 0.11005849725400726 256
1757518058639 0.09821098054428738 257
1757518058650 0.10482979160936297 258
1757518058660 0.09956879471431716 259
1757518058671 0.1379546290433586 260
1757518058682 0.13366591541617892 261
1757518058694 0.07536377226625948 262
1757518058705 0.08090159019709113 263
1757518058716 0.07380766878237544 264
1757518058728 0.08043813400913082 265
1757518058739 0.09208778855757878 266
1757518058750 0.08322395305887793 267
1757518058761 0.10566336239249427 268
1757518058772 0.0847074572761871 269
1757518058783 0.0646542976470908 270
1757518058794 0.18008678398331973 271
1757518058805 0.09523620637816221 272
1757518058816 0.15326646454518902 273
1757518058827 0.12479228013667348 274
1757518058838 0.1248051795536802 275
1757518058849 0.1717577446586978 276
1757518058860 0.08406000622478503 277
1757518058871 0.07857232867090035 278
1757518058882 0.08687397075720274 279
1757518058894 0.12027217044261457 280
1757518058905 0.09037650930457962 281
1757518058916 0.10426772941750775 282
1757518058927 0.0638713773722258 283
1757518058938 0.13375039877754555 284
1757518058949 0.07559982049858548 285
1757518058960 0.06617010653306285 286
1757518058971 0.092060312802674 287
1757518058982 0.22586644274739448 288
1757518058993 0.10045480890569335 289
1757518059004 0.10685305971421181 290
1757518059015 0.06245292298539749 291
1757518059026 0.17378978712469625 292
1757518059037 0.06561186166431751 293
1757518059048 0.071087363071586 294
1757518059059 0.07080726356624141 295
1757518059070 0.06751169275941371 296
1757518059081 0.11350811583369273 297
1757518059093 0.09771492329859446 298
1757518059104 0.10845885689269094 299
1757518059115 0.13871366498370122 300
1757518059126 0.05174021396773755 301
1757518059138 0.0778533938109084 302
1757518059149 0.09139879732434705 303
1757518059160 0.09016488180230202 304
1757518059171 0.0863908828315066 305
1757518059182 0.11029440837918596 306
1757518059193 0.10458952297764178 307
1757518059204 0.09440621840114288 308
1757518059216 0.10406143618632219 309
1757518059227 0.1829184655898664 310
1757518059238 0.07262673797979843 311
1757518059249 0.09775851074555626 312
1757518059260 0.08855922082230203 313
1757518059272 0.10043257195159573 314
1757518059283 0.1198573602139441 315
1757518059294 0.09227977981825088 316
1757518059305 0.13196777569308835 317
1757518059317 0.11043517606475624 318
1757518059328 0.08558406302153446 319
1757518059339 0.14187355718381764 320
1757518059350 0.07613386624486407 321
1757518059362 0.11480857217370156 322
1757518059373 0.06687906235708975 323
1757518059384 0.061046995848078635 324
1757518059396 0.06410677388510244 325
1757518059407 0.16130499726237488 326
1757518059419 0.04868618474754135 327
1757518059430 0.08251585007639982 328
1757518059441 0.08523499200735112 329
1757518059452 0.08919642370582591 330
1757518059464 0.0920987632198126 331
1757518059475 0.09702922674741785 332
1757518059487 0.0929656476234164 333
1757518059498 0.044914742782678214 334
1757518059510 0.10666959179506148 335
1757518059521 0.07494073106436061 336
1757518059533 0.062276301872274856 337
