1757518393588 0.7036187735188015 0
1757518393626 0.14253360927671369 1
1757518393665 0.07599744476727248 2
1757518393703 0.000619385607047543 3
1757518393742 1.3158618357824476 4
1757518393781 0.004485491624886653 5
1757518393834 0.11045804714475402 6
1757518393873 0.0002793295820240471 7
1757518393912 0.43234215800563347 8
1757518393951 0.007182726217335125 9
1757518393991 0.02357725098360137 10
1757518394031 0.22913765369454783 11
1757518394072 0.0005208617725014637 12
1757518394111 0.039750374096976064 13
1757518394150 0.015773776640439694 14
1757518394189 0.00010445451805648677 15
1757518394228 0.03968198117380991 16
1757518394267 0.030309125977595927 17
1757518394307 0.007203541840753976 18
1757518394346 0.0005494828053707395 19
1757518394384 0.02258206593803616 20
1757518394423 0.003623341510326521 21
1757518394462 0.018388525512439486 22
1757518394501 0.2407706613674488 23
1757518394540 0.0035072644016675117 24
1757518394580 0.06932715639173523 25
1757518394619 3.2260886206364865 26
1757518394658 0.05038185084060278 27
1757518394698 0.12581321698421313 28
1757518394738 0.03612285235171161 29
1757518394777 0.029213001421104036 30
1757518394816 0.015306843284292871 31
1757518394859 0.27142229335074003 32
1757518394899 0.026567134391879094 33
1757518394939 0.0005004699351800714 34
1757518394977 0.24083530226725736 35
1757518395018 0.1510259870397122 36
1757518395057 0.03845296255596967 37
1757518395096 1.5334409685653208 38
1757518395135 0.06507009933447987 39
1757518395173 0.1462719509979958 40
1757518395212 0.025662241378483438 41
1757518395266 0.30916616252056545 42
1757518395305 0.39397285137695676 43
1757518395344 0.15866383455023048 44
1757518395383 0.1348039057831414 45
1757518395421 0.016358207632347226 46
1757518395461 0.15179315779848243 47
1757518395500 0.008390441783339577 48
1757518395539 0.18471108135285486 49
1757518395577 0.005580192764555218 50
1757518395616 0.11529049120415873 51
1757518395655 0.07613166371477122 52
1757518395694 0.2011976615405653 53
1757518395733 0.005177551034365233 54
1757518395772 0.02337858944318285 55
1757518395811 0.017982008389388352 56
1757518395852 0.3193414111611545 57
1757518395901 0.3128189961662597 58
1757518395940 0.0009855850853016707 59
1757518395979 0.0009547379981207254 60
1757518396018 0.09472020292037205 61
1757518396057 0.06543485040273804 62
1757518396096 0.016143713666727337 63
1757518396136 0.1941277323217282 64
1757518396174 0.0002796203850133417 65
1757518396213 0.3790428242066698 66
1757518396252 0.07840028768870787 67
1757518396292 0.42923583090091766 68
1757518396331 0.011611555938064195 69
1757518396371 1.6491505318052903e-05 70
1757518396410 0.05955801141587701 71
1757518396449 0.4251973198419957 72
1757518396489 0.04306938225003828 73
1757518396528 0.09022509956146245 74
1757518396567 0.01670129396478847 75
1757518396606 1.6771438954555098 76
1757518396645 0.019845546646450312 77
1757518396685 0.14331739160234439 78
1757518396724 2.5082982301307628e-05 79
1757518396764 0.3867802419194624 80
1757518396804 0.02532800951659937 81
1757518396843 0.05528291210790828 82
1757518396882 0.005245935286842906 83
1757518396922 0.006533757008738075 84
1757518396961 0.00487531372264906 85
1757518397001 0.127621836185093 86
1757518397040 0.004320963672219694 87
1757518397079 0.0017600438438723975 88
1757518397119 0.043914767477097987 89
1757518397158 0.01008699447775799 90
1757518397197 0.7962190687281261 91
1757518397236 0.019657454412051814 92
1757518397275 2.0999296084188264 93
1757518397314 0.025620831070998284 94
1757518397354 0.09368140835876117 95
1757518397393 0.9379193251185055 96
1757518397432 0.026608894642474557 97
1757518397472 0.007521146724140516 98
1757518397511 0.004091065859132119 99
1757518397551 0.16654081837165238 100
1757518397590 0.38203415898717125 101
1757518397629 0.017146081780979094 102
1757518397668 0.6056140914539767 103
1757518397708 0.1954236943733763 104
1757518397747 0.0003843193829641754 105
1757518397786 0.00046911754234642847 106
1757518397826 0.004955622536700195 107
1757518397865 0.32922639884620797 108
1757518397905 0.045800514992566765 109
1757518397944 0.06228720458388093 110
1757518397984 0.01487675086751246 111
1757518398023 0.029531874942016343 112
1757518398062 0.06942945760054278 113
1757518398102 0.06627369358096163 114
1757518398141 0.08293570127171403 115
1757518398181 0.01991992809304209 116
1757518398220 0.002193185941100005 117
1757518398259 0.12136491083164799 118
1757518398299 0.1653211695352711 119
1757518398339 0.8994174972194825 120
1757518398378 0.01217994728066447 121
1757518398417 0.1255038856033805 122
1757518398457 0.38328571047887716 123
1757518398496 0.006224020078489827 124
1757518398535 0.14347042276847544 125
1757518398574 0.011824510352198916 126
1757518398616 0.03745483062254057 127
1757518398655 0.011521207520646256 128
1757518398695 1.7243490328319428e-05 129
1757518398733 0.18803384913637047 130
1757518398773 0.13517376236488599 131
1757518398812 0.1194443894630239 132
1757518398852 0.010153236700584031 133
1757518398892 0.00825248868417881 134
1757518398932 0.013517004958958663 135
1757518398972 0.0022042834393608433 136
1757518399011 0.024356266123853748 137
1757518399050 0.0853850999153368 138
1757518399089 0.5620767087249471 139
1757518399128 0.0037871632731705045 140
1757518399168 0.05271899323767488 141
1757518399207 0.03991097204536056 142
1757518399247 0.02879529966898605 143
1757518399286 0.21912073922916314 144
1757518399326 0.009070956084385818 145
1757518399365 0.08321254154472536 146
1757518399405 0.22498160039162843 147
1757518399444 0.5949486223122993 148
1757518399484 0.028222533887772683 149
1757518399523 7.163012419652076e-05 150
1757518399563 0.41786038062832526 151
1757518399603 0.07201987752444564 152
1757518399642 0.1005570850977576 153
1757518399680 0.10944027300752601 154
1757518399719 0.0036948322099121834 155
1757518399758 0.12306122865223157 156
1757518399798 0.9093416956640574 157
1757518399837 0.13608395684084632 158
1757518399877 3.98778084822853e-07 159
1757518399917 0.11072065848501482 160
1757518399956 0.000577689399122288 161
1757518399995 0.08135735070375276 162
1757518400034 0.001124319806803828 163
1757518400074 0.005656047874802013 164
1757518400113 0.3477618232564794 165
1757518400153 0.11639481294689642 166
1757518400192 0.5297645463406051 167
1757518400232 0.039036916005887774 168
1757518400271 0.0024185431160230696 169
1757518400311 0.09826392051229786 170
1757518400351 3.0062532476681157e-06 171
1757518400391 0.007949755542694201 172
1757518400431 0.21036835312282887 173
1757518400470 0.07120646150675028 174
1757518400510 0.062476713502027825 175
1757518400550 0.0007364470757662729 176
1757518400589 0.0006958257430685761 177
1757518400632 0.11363370080389575 178
1757518400673 0.1600388038399335 179
1757518400713 0.039158659498841245 180
1757518400754 0.04883311954196382 181
1757518400794 0.0637523847909727 182
1757518400833 0.4610254752146587 183
1757518400873 0.0006083162331683268 184
1757518400913 0.07565120235099816 185
1757518400953 0.02391727775749888 186
1757518400994 0.2338706303632446 187
1757518401035 0.23188114914207353 188
1757518401075 0.0002475788754584331 189
1757518401115 0.4335720446480539 190
1757518401154 0.0085703992093406 191
1757518401194 0.4641453106742839 192
1757518401234 0.09117981503153796 193
1757518401273 0.5466788015123514 194
1757518401313 0.25482751706135803 195
1757518401353 0.14541579724837647 196
1757518401392 0.006050817339101823 197
1757518401433 0.023653376885988172 198
1757518401474 0.10906832694651314 199
1757518401514 0.1681367757135979 200
1757518401555 0.0018370665611506115 201
1757518401596 0.1204515824558384 202
1757518401636 0.03236302429884212 203
1757518401676 0.2161249341831375 204
1757518401716 0.0006384593315546163 205
1757518401756 0.17378812836185495 206
1757518401797 0.19639962701877964 207
1757518401839 0.001676006958131704 208
1757518401879 0.12462267664221136 209
1757518401920 0.06162239871716151 210
1757518401960 0.008412384245367551 211
1757518402000 0.07350498788616919 212
1757518402041 0.3412846295404405 213
1757518402081 0.49618863136671126 214
1757518402121 0.033514647419877336 215
1757518402162 0.10353128568566652 216
1757518402202 0.013872107923202025 217
1757518402243 0.0891066295712853 218
1757518402282 0.10965245697567905 219
1757518402323 0.5831729606609742 220
1757518402363 0.0005114344973103346 221
1757518402403 0.008991862824011211 222
1757518402443 0.6645094586116419 223
1757518402483 0.019578139923496087 224
1757518402523 0.12065732274150091 225
1757518402564 0.11647713276784301 226
1757518402604 2.0429211635084275 227
1757518402644 0.0570351236380099 228
1757518402684 0.21108646881649992 229
1757518402725 0.0018008889793157546 230
1757518402765 0.35644117095724226 231
1757518402807 0.3269267693914937 232
1757518402847 0.0012770505132201422 233
1757518402887 0.4892920395445346 234
1757518402927 0.23977524979446796 235
1757518402968 0.09361390206219361 236
1757518403009 0.015573747410429535 237
1757518403051 1.7180700078698405 238
1757518403092 0.4741844937476331 239
1757518403132 0.03589265672991177 240
1757518403172 0.05068247377184335 241
1757518403215 0.09511486422982586 242
1757518403256 0.2022794200247151 243
1757518403298 0.005765926717100434 244
1757518403344 0.03380766314388517 245
1757518403384 0.15981718027198058 246
1757518403425 0.18542821176157842 247
1757518403465 0.1614387869441575 248
1757518403505 0.09681025649236703 249
1757518403545 1.3401012462927986 250
1757518403585 0.21280341472125336 251
1757518403625 0.10296734285031418 252
1757518403665 0.10994124036760543 253
1757518403705 0.444199292324023 254
1757518403745 0.3529739823833071 255
1757518403785 0.09869697491680873 256
1757518403825 0.23398348752501089 257
1757518403865 0.05378966715137976 258
1757518403905 0.24662642095032494 259
1757518403945 0.395206937730571 260
1757518403985 0.003947865812121947 261
1757518404025 0.7878542364974885 262
1757518404065 0.02384589062550816 263
1757518404107 0.004393572914735669 264
1757518404148 0.006732207607287586 265
1757518404189 0.04327254340552831 266
1757518404230 0.00011067298187856985 267
1757518404270 0.0849987853124553 268
1757518404311 0.011730676466187796 269
1757518404352 0.010278059169752414 270
1757518404392 0.003297554600661193 271
1757518404433 0.0034548574057216893 272
1757518404473 0.34935524220216113 273
1757518404514 0.024652476306780993 274
1757518404554 0.003980175330326771 275
1757518404594 0.14186377804334036 276
1757518404634 0.00721968982962135 277
1757518404675 0.24217297222057754 278
1757518404715 0.07711694055699905 279
1757518404755 0.1710394756161727 280
1757518404796 1.2660690161171175 281
1757518404837 0.03729474262058566 282
1757518404887 0.01624422064829554 283
1757518404928 0.6383055949309918 284
1757518404969 0.016181533629886065 285
1757518405009 0.5651467984201922 286
1757518405050 0.0358159671850265 287
1757518405090 0.04322197202258656 288
1757518405131 0.0003464315764991268 289
1757518405171 0.0866070791811465 290
1757518405212 0.2245670067236445 291
1757518405252 0.0017799930253888558 292
1757518405293 0.22892260083711727 293
1757518405333 0.1590910670139723 294
1757518405374 0.0003037114210871873 295
1757518405416 1.0768705192498451 296
1757518405457 0.03514113853176983 297
1757518405498 0.03990713507956296 298
1757518405538 0.08815474952032105 299
1757518405580 0.17039872116039062 300
1757518405621 0.3963534045448807 301
1757518405662 0.04053972585681658 302
1757518405703 1.7707430457194953 303
1757518405744 0.10381416111049366 304
1757518405784 0.07319496142507269 305
1757518405825 3.395826528417783e-05 306
1757518405866 0.06509576510956354 307
1757518405906 0.047260113062703515 308
1757518405947 0.09566496711500191 309
1757518405988 9.02974424723183e-06 310
1757518406029 0.051698945525545076 311
1757518406069 0.1018387110894322 312
1757518406110 0.04697616369985594 313
1757518406151 0.04397474246194701 314
1757518406191 0.033429806727361906 315
1757518406232 0.22856147766630608 316
1757518406272 0.006368366543913962 317
1757518406313 0.13484330949151188 318
1757518406353 0.27866618595840226 319
1757518406394 0.015946014056409438 320
1757518406435 0.15710754128886076 321
1757518406476 0.05997533703799525 322
1757518406517 0.034075846074405745 323
1757518406558 0.13561270901344344 324
1757518406599 0.08339546585467342 325
1757518406639 0.051974196074272574 326
1757518406680 0.04130425088772932 327
1757518406721 0.5244300414621504 328
1757518406761 0.14697064233128848 329
1757518406802 0.06563537774621471 330
1757518406843 0.04090659455192142 331
1757518406883 0.024970101488297078 332
1757518406924 0.10557347128382742 333
1757518406966 0.0013695525506766462 334
1757518407006 0.1715216877111786 335
1757518407047 0.07426674917590755 336
1757518407088 0.03833352984257019 337
1757518407128 0.1369024111292199 338
1757518407169 0.1429723796126005 339
1757518407210 0.39686156705857834 340
1757518407251 0.08690577200185808 341
1757518407292 0.6624520347678833 342
1757518407332 0.3126361331028388 343
1757518407373 0.0001585199570204128 344
1757518407414 0.014124650311971888 345
1757518407455 0.059521046181024155 346
1757518407497 0.0551872860544864 347
1757518407539 0.015712027922506196 348
1757518407580 0.001335847198042395 349
1757518407621 0.012559618330262043 350
1757518407661 0.12004133431080802 351
1757518407702 0.07300373391514338 352
1757518407743 0.0038904704619818135 353
1757518407784 0.0019483090461362865 354
1757518407825 0.8646919792212516 355
1757518407865 0.0015288693987994724 356
1757518407906 0.16817108145164567 357
1757518407947 0.003788105557806206 358
1757518407988 0.21533638331268345 359
1757518408029 0.17429111223745722 360
1757518408070 0.001983528643204491 361
1757518408110 0.24177128287975327 362
1757518408151 0.10554235791650665 363
1757518408192 0.008061932603990808 364
1757518408233 0.0009373893545734446 365
1757518408274 0.03156285196162421 366
1757518408315 0.00014801145257849863 367
1757518408355 0.16687037563085294 368
1757518408396 0.011404805504089644 369
1757518408438 0.004355002930792131 370
1757518408479 0.014697031304127285 371
1757518408520 0.006484307482492273 372
1757518408561 0.02222344742094849 373
1757518408602 0.08955700644877496 374
1757518408643 0.05680656653705206 375
1757518408684 0.2785828675419297 376
1757518408728 0.07932418991827596 377
1757518408768 0.008763042097772929 378
1757518408810 0.009247112138650874 379
1757518408851 1.1138433960070773 380
1757518408892 0.4932659615657641 381
1757518408933 0.009903013097401889 382
1757518408974 0.18146702069984122 383
1757518409015 0.5469494983097476 384
1757518409056 0.10081062430336131 385
1757518409097 0.012681285938339155 386
1757518409138 0.08031586638252179 387
1757518409179 0.005368675972666526 388
1757518409220 0.2185027601326899 389
1757518409261 0.030433268278278344 390
1757518409302 0.1584285758567653 391
1757518409344 0.2221048465061408 392
1757518409385 0.0013584179827930384 393
1757518409426 0.004444711512689951 394
1757518409467 0.06843751542615173 395
1757518409508 0.023381880726570017 396
1757518409551 0.4287898521354662 397
1757518409592 0.36717979234935255 398
1757518409634 0.011503143512583441 399
1757518409675 0.07836596081082974 400
1757518409716 0.403360271396262 401
1757518409757 0.12854680049418987 402
1757518409799 0.012397216812364376 403
1757518409840 0.012046225410808215 404
1757518409881 0.00574296930029066 405
1757518409923 0.0058900736066244365 406
1757518409964 0.04662375697006448 407
1757518410006 0.22624921801810405 408
1757518410047 0.783598273434142 409
1757518410089 0.09317379473631826 410
1757518410130 0.18643795259682555 411
1757518410171 0.010495992933716882 412
1757518410213 0.05933357247691875 413
1757518410254 0.013150270377430528 414
1757518410295 0.025908414278181597 415
1757518410336 0.005182558749872124 416
1757518410377 0.01524954678108102 417
1757518410419 0.5272177246206137 418
1757518410461 0.02506092267813362 419
1757518410503 0.020905029635609217 420
1757518410544 0.34160831933843844 421
1757518410585 0.005896784930293077 422
1757518410626 0.0033179920299802345 423
1757518410667 0.8038895094260508 424
1757518410708 0.03835456162872691 425
1757518410750 0.08879928445714219 426
1757518410790 0.16971883629374304 427
1757518410832 0.039874792311012416 428
1757518410873 0.020725269708750604 429
1757518410914 0.11347127788489811 430
1757518410955 1.0675336022248304e-05 431
1757518410997 0.6639261382538088 432
1757518411039 0.9801774694776084 433
1757518411081 0.6935649230645695 434
1757518411122 0.31945231938423635 435
1757518411163 0.009963090623410487 436
1757518411205 0.005490023664811646 437
1757518411247 0.0030155476234039885 438
1757518411288 0.0918152316332229 439
1757518411331 0.021112743574264643 440
1757518411372 0.5470296864773574 441
1757518411414 0.12412633081984589 442
1757518411456 0.009304337455681808 443
1757518411497 0.02595054609530789 444
1757518411539 0.11294258908527383 445
1757518411580 0.13646716299198255 446
1757518411622 0.05417186047232048 447
1757518411663 0.015357687730881656 448
1757518411705 0.12419224777472841 449
1757518411747 0.0052158253767684 450
1757518411788 0.19627316830648814 451
1757518411830 0.07689957620106666 452
1757518411871 0.017358117494438326 453
1757518411913 0.3242613327295734 454
1757518411955 0.9958304689479658 455
1757518411996 0.0001996891734686482 456
1757518412039 0.02225902985667955 457
1757518412081 0.9762930096656078 458
1757518412122 0.08233912110754198 459
1757518412164 0.009822828914625917 460
1757518412205 0.021736147145253345 461
1757518412247 0.006332932609454926 462
1757518412288 0.03244477425784905 463
1757518412330 0.4652428057498888 464
1757518412371 0.016816743402387164 465
1757518412413 0.20064243666031278 466
1757518412455 0.02636018172629287 467
1757518412497 0.15430557575337442 468
1757518412538 0.1703482135727361 469
1757518412579 0.06645087113200661 470
1757518412620 0.16831491383432046 471
1757518412661 0.0289410088261559 472
1757518412702 0.06863408426668682 473
1757518412744 0.34968588205552514 474
1757518412785 0.08820900845710936 475
1757518412827 0.5819620762718937 476
1757518412868 0.3469447325336182 477
1757518412910 0.0019082286256766748 478
1757518412951 0.7565065208994103 479
1757518412993 0.045228157961519105 480
1757518413034 0.02359896169242677 481
1757518413075 0.035804082554655704 482
1757518413117 0.005689447276547689 483
1757518413158 0.0509743791046601 484
1757518413200 1.1188360615281564e-08 485
1757518413242 0.00016273351610505252 486
1757518413284 0.001201095203401354 487
1757518413332 0.06782889977845058 488
1757518413374 0.678679918564155 489
1757518413416 0.0032255121566590085 490
1757518413458 0.2442051281978592 491
1757518413499 0.8039876723348632 492
1757518413541 0.2935007562541468 493
1757518413583 0.0023129106889423815 494
1757518413624 0.09412357073330044 495
1757518413666 0.7723584319027315 496
1757518413707 0.009955332822999504 497
1757518413749 0.001580746723241561 498
1757518413790 0.3878631873854534 499
