1757513774841 170.31813276944564 0
1757513774854 163.9793360466768 1
1757513774863 152.39642546996268 2
1757513774872 136.8993622590193 3
1757513774880 118.9047336956514 4
1757513774888 99.789502030024 5
1757513774896 80.79219955591053 6
1757513774905 62.94362695368141 7
1757513774914 47.026537485906054 8
1757513774922 33.561741582859796 9
1757513774930 22.81659723234018 10
1757513774938 14.830960803178007 11
1757513774946 9.455316963732537 12
1757513774954 6.395910141094636 13
1757513774962 5.262168474308695 14
1757513774970 5.612440319012202 15
1757513774978 6.99494931939492 16
1757513774986 8.981821171332031 17
1757513774994 11.194961390357383 18
1757513775003 13.323403760027544 19
1757513775011 15.132457491414806 20
1757513775020 16.465529903963155 21
1757513775028 17.239880197704927 22
1757513775036 17.43777282923265 23
1757513775044 17.09456187889607 24
1757513775052 16.285174532099514 25
1757513775060 15.110301159967328 26
1757513775069 13.68337201543033 27
1757513775077 12.119135962410335 28
1757513775085 10.524381737890673 29
1757513775095 8.99107947859141 30
1757513775103 7.591986906319388 31
1757513775112 6.378572450589156 32
1757513775122 5.380963162960541 33
1757513775131 4.609530222834227 34
1757513775140 4.057676823894779 35
1757513775148 3.7053868715768687 36
1757513775157 3.5231207420990587 37
1757513775166 3.475697753723438 38
1757513775175 3.5258751120327934 39
1757513775184 3.6374114877784027 40
1757513775193 3.777482630816526 41
1757513775201 3.9183904343398637 42
1757513775209 4.038571108434166 43
1757513775218 4.12295966307704 44
1757513775226 4.162805309566102 45
1757513775235 4.155055565969316 46
1757513775243 4.101436779210804 47
1757513775251 4.007357239490404 48
1757513775259 3.8807483640596607 49
1757513775268 3.730942115179629 50
1757513775276 3.567661448331819 51
1757513775285 3.4001775343745204 52
1757513775293 3.2366648099059954 53
1757513775301 3.083764213028689 54
1757513775310 2.946347426905645 55
1757513775319 2.827461291413605 56
1757513775329 2.7284220392167606 57
1757513775340 2.6490235866525245 58
1757513775350 2.587822392003185 59
1757513775359 2.542462807081308 60
1757513775368 2.510010691182739 61
1757513775378 2.4872685796526923 62
1757513775388 2.471052169821574 63
1757513775398 2.45841464068285 64
1757513775409 2.446811800361853 65
1757513775419 2.4342068250899533 66
1757513775429 2.4191181181077774 67
1757513775439 2.4006174113674845 68
1757513775448 2.378287610735239 69
1757513775458 2.3521511000639657 70
1757513775468 2.322579401291172 71
1757513775477 2.2901944193693042 72
1757513775487 2.255770193943443 73
1757513775498 2.2201423533666063 74
1757513775507 2.1841305297173905 75
1757513775517 2.1484770308408305 76
1757513775527 2.1138032287405837 77
1757513775536 2.0805835263339265 78
1757513775546 2.049135480612441 79
1757513775556 2.0196237261162944 80
1757513775565 1.9920747617279038 81
1757513775574 1.9663994124616286 82
1757513775582 1.9424198123709413 83
1757513775591 1.9198980180679763 84
1757513775600 1.8985637914954838 85
1757513775609 1.8781396219567303 86
1757513775618 1.8583616318762188 87
1757513775628 1.8389955772237339 88
1757513775637 1.819847671183551 89
1757513775645 1.80077039908906 90
1757513775654 1.7816638358969967 91
1757513775663 1.7624732171782909 92
1757513775671 1.7431836525237518 93
1757513775681 1.7238129154436048 94
1757513775689 1.7044032105351974 95
1757513775698 1.6850127243140993 96
1757513775706 1.6657076293200859 97
1757513775715 1.6465550502099935 98
1757513775724 1.6276173321537837 99
1757513775733 1.6089477899764018 100
1757513775742 1.590587972006529 101
1757513775751 1.5725663530062157 102
1757513775760 1.554898280077855 103
1757513775768 1.537586935317523 104
1757513775777 1.5206250479374683 105
1757513775786 1.5039970834163106 106
1757513775795 1.4876816534258241 107
1757513775804 1.4716539225602383 108
1757513775812 1.455887830793163 109
1757513775822 1.4403579988807458 110
1757513775833 1.4250412329834754 111
1757513775842 1.4099175907802102 112
1757513775851 1.394971011434553 113
1757513775860 1.3801895440713363 114
1757513775869 1.3655652329914953 115
1757513775878 1.3510937325903172 116
1757513775887 1.3367737314207147 117
1757513775896 1.3226062641423353 118
1757513775905 1.3085939836326657 119
1757513775915 1.2947404548840693 120
1757513775924 1.2810495190627438 121
1757513775933 1.2675247617421244 122
1757513775942 1.2541691051336286 123
1757513775951 1.2409845311461116 124
1757513775960 1.227971931059226 125
1757513775969 1.2151310689513761 126
1757513775978 1.2024606399715876 127
1757513775987 1.189958401048314 128
1757513775996 1.1776213504647093 129
1757513776006 1.16544593354432 130
1757513776015 1.1534282540496934 131
1757513776025 1.1415642743296628 132
1757513776034 1.1298499913009856 133
1757513776044 1.118281579596623 134
1757513776054 1.1068554973031528 135
1757513776063 1.0955685533677841 136
1757513776073 1.0844179387901216 137
1757513776082 1.0734012260171777 138
1757513776091 1.06251634249849 139
1757513776100 1.051761525161732 140
1757513776110 1.041135262717286 141
1757513776119 1.030636232305302 142
1757513776128 1.0202632361936648 143
1757513776137 1.0100151431570326 144
1757513776146 0.9998908379479777 145
1757513776155 0.9898891810287326 146
1757513776164 0.9800089795629033 147
1757513776173 0.9702489696440851 148
1757513776182 0.9606078089106823 149
1757513776192 0.9510840780885988 150
1757513776201 0.9416762896187796 151
1757513776210 0.9323829013515881 152
1757513776219 0.9232023332982906 153
1757513776228 0.914132985585296 154
1757513776237 0.905173256020889 155
1757513776246 0.8963215560158125 156
1757513776255 0.8875763239615185 157
1757513776264 0.8789360355297932 158
1757513776274 0.870399210688926 159
1757513776283 0.8619644175152615 160
1757513776292 0.8536302731026411 161
1757513776301 0.8453954420311358 162
1757513776311 0.8372586329504661 163
1757513776321 0.8292185938686413 164
1757513776331 0.8212741067204689 165
1757513776341 0.8134239817354018 166
1757513776350 0.8056670520403685 167
1757513776359 0.7980021688333846 168
1757513776369 0.7904281973575739 169
1757513776378 0.7829440138023821 170
1757513776387 0.7755485031659864 171
1757513776396 0.7682405580352943 172
1757513776406 0.7610190781802946 173
1757513776415 0.753882970819045 174
1757513776425 0.7468311513874331 175
1757513776435 0.7398625446422286 176
1757513776444 0.732976085934405 177
1757513776453 0.726170722508283 178
1757513776462 0.7194454147083145 179
1757513776472 0.7127991370049859 180
1757513776481 0.7062308787821435 181
1757513776490 0.6997396448571368 182
1757513776500 0.69332445573098 183
1757513776509 0.6869843475866614 184
1757513776518 0.6807183720693946 185
1757513776528 0.6745255958926919 186
1757513776538 0.6684051003190822 187
1757513776547 0.6623559805645202 188
1757513776557 0.6563773451722197 189
1757513776566 0.6504683153952756 190
1757513776576 0.644628024619652 191
1757513776585 0.6388556178502044 192
1757513776595 0.6331502512735144 193
1757513776605 0.6275110919033127 194
1757513776614 0.6219373173069972 195
1757513776624 0.6164281154062923 196
1757513776634 0.6109826843410343 197
1757513776644 0.6056002323825573 198
1757513776654 0.6002799778823802 199
1757513776665 0.5950211492419235 200
1757513776674 0.5898229848905358 201
1757513776683 0.5846847332609302 202
1757513776693 0.5796056527536242 203
1757513776703 0.574585011684635 204
1757513776712 0.5696220882130467 205
1757513776722 0.5647161702475627 206
1757513776731 0.5598665553328582 207
1757513776741 0.5550725505183045 208
1757513776750 0.5503334722123695 209
1757513776760 0.5456486460267769 210
1757513776769 0.5410174066145823 211
1757513776779 0.5364390975060972 212
1757513776789 0.5319130709462409 213
1757513776798 0.5274386877362015 214
1757513776808 0.5230153170814862 215
1757513776818 0.518642336447912 216
1757513776827 0.5143191314260501 217
1757513776837 0.5100450956043187 218
1757513776846 0.5058196304501725 219
1757513776856 0.5016421451985184 220
1757513776865 0.4975120567463003 221
1757513776875 0.49342878955195096 222
1757513776884 0.4893917755385191 223
1757513776894 0.48540045399925247 224
1757513776904 0.4814542715046728 225
1757513776914 0.47755268181029276 226
1757513776923 0.4736951457644106 227
1757513776933 0.46988113121556185 228
1757513776943 0.46611011291951626 229
1757513776952 0.46238157244577416 230
1757513776962 0.4586949980837435 231
1757513776972 0.45504988474879493 232
1757513776981 0.45144573388858256 233
1757513776991 0.44788205338989023 234
1757513777001 0.44435835748637154 235
1757513777010 0.4408741666674816 236
1757513777020 0.4374290075888127 237
1757513777030 0.43402241298408334 238
1757513777040 0.4306539215788411 239
1757513777050 0.4273230780059898 240
1757513777060 0.42402943272312044 241
1757513777069 0.4207725419316207 242
1757513777079 0.4175519674974476 243
1757513777089 0.4143672768735079 244
1757513777098 0.4112180430235011 245
1757513777108 0.4081038443470887 246
1757513777118 0.40502426460629887 247
1757513777127 0.4019788928530414 248
1757513777137 0.3989673233576548 249
1757513777147 0.39598915553839903 250
1757513777156 0.3930439938918536 251
1757513777166 0.39013144792417936 252
1757513777176 0.387251132083226 253
1757513777186 0.38440266569148235 254
1757513777196 0.38158567287987205 255
1757513777205 0.3787997825224067 256
1757513777215 0.37604462817171314 257
1757513777225 0.3733198479954377 258
1757513777235 0.3706250847135773 259
1757513777244 0.3679599855366899 260
1757513777254 0.3653242021050435 261
1757513777264 0.3627173904286821 262
1757513777274 0.3601392108283847 263
1757513777283 0.35758932787755826 264
1757513777293 0.35506741034498734 265
1757513777303 0.35257313113847905 266
1757513777313 0.3501061672493461 267
1757513777323 0.34766619969772566 268
1757513777333 0.34525291347870735 269
1757513777343 0.3428659975092471 270
1757513777353 0.3405051445758597 271
1757513777362 0.33817005128304656 272
1757513777372 0.3358604180024604 273
1757513777382 0.3335759488227973 274
1757513777392 0.33131635150038574 275
1757513777402 0.32908133741046497 276
1757513777411 0.32687062149915846 277
1757513777421 0.3246839222361037 278
1757513777431 0.32252096156776444 279
1757513777445 0.32038146487138686 280
1757513777455 0.318265160909614 281
1757513777464 0.31617178178573746 282
1757513777474 0.3141010628995921 283
1757513777485 0.3120527429040528 284
1757513777494 0.3100265636621984 285
1757513777504 0.3080222702050261 286
1757513777514 0.30603961068981833 287
1757513777524 0.3040783363590699 288
1757513777534 0.30213820150001636 289
1757513777545 0.3002189634047264 290
1757513777555 0.2983203823307613 291
1757513777564 0.2964422214623992 292
1757513777574 0.29458424687238816 293
1757513777585 0.29274622748425255 294
1757513777594 0.29092793503511905 295
1757513777604 0.2891291440390683 296
1757513777614 0.28734963175099276 297
1757513777624 0.28558917813096396 298
1757513777634 0.2838475658090951 299
1757513777644 0.28212458005088936 300
1757513777654 0.28042000872308004 301
1757513777664 0.27873364225992164 302
1757513777674 0.27706527362998074 303
1757513777685 0.2754146983033659 304
1757513777695 0.27378171421941605 305
1757513777705 0.2721661217548392 306
1757513777717 0.2705677236922977 307
1757513777729 0.2689863251894097 308
1757513777740 0.26742173374820827 309
1757513777752 0.2658737591849935 310
1757513777765 0.2643422136006193 311
1757513777777 0.2628269113511817 312
1757513777790 0.26132766901911575 313
1757513777801 0.2598443053846832 314
1757513777814 0.2583766413978641 315
1757513777826 0.25692450015061985 316
1757513777839 0.25548770684954525 317
1757513777850 0.2540660887888947 318
1757513777862 0.252659475323976 319
1757513777874 0.2512676978449027 320
1757513777886 0.24989058975071607 321
1757513777899 0.24852798642385193 322
1757513777916 0.24717972520494996 323
1757513777928 0.24584564536802356 324
1757513777939 0.24452558809594538 325
1757513777950 0.24321939645628743 326
1757513777960 0.24192691537746883 327
1757513777971 0.24064799162523862 328
1757513777981 0.23938247377947874 329
1757513777992 0.23813021221131214 330
1757513778002 0.2368910590605238 331
1757513778013 0.2356648682132958 332
1757513778023 0.2344514952802246 333
1757513778034 0.23325079757464717 334
1757513778045 0.23206263409126324 335
1757513778056 0.23088686548502751 336
1757513778066 0.22972335405034422 337
1757513778077 0.22857196370052707 338
1757513778087 0.22743255994754769 339
1757513778098 0.22630500988203803 340
1757513778108 0.22518918215357747 341
1757513778119 0.22408494695123377 342
1757513778130 0.22299217598437057 343
1757513778140 0.22191074246369596 344
1757513778151 0.22084052108258817 345
1757513778162 0.21978138799864597 346
1757513778173 0.21873322081550034 347
1757513778183 0.2176958985648585 348
1757513778194 0.2166693016887945 349
1757513778204 0.2156533120222665 350
1757513778215 0.21464781277586986 351
1757513778225 0.2136526885188211 352
1757513778236 0.2126678251621596 353
1757513778248 0.21169310994218166 354
1757513778258 0.2107284314040817 355
1757513778269 0.2097736793858163 356
1757513778280 0.20882874500218088 357
1757513778292 0.20789352062909297 358
1757513778304 0.2069678998880853 359
1757513778316 0.2060517776309956 360
1757513778328 0.20514504992487242 361
1757513778340 0.20424761403705785 362
1757513778352 0.20335936842048352 363
1757513778365 0.20248021269915206 364
1757513778378 0.20161004765380933 365
1757513778391 0.20074877520779608 366
1757513778403 0.19989629841310022 367
1757513778416 0.1990525214365797 368
1757513778427 0.1982173495463618 369
1757513778440 0.19739068909843308 370
1757513778452 0.19657244752338865 371
1757513778465 0.1957625333133644 372
1757513778477 0.19496085600913327 373
1757513778490 0.19416732618736904 374
1757513778502 0.19338185544807637 375
1757513778514 0.192604356402189 376
1757513778526 0.19183474265931358 377
1757513778539 0.19107292881564614 378
1757513778550 0.1903188304420418 379
1757513778562 0.1895723640722304 380
1757513778573 0.1888334471911915 381
1757513778585 0.18810199822367768 382
1757513778597 0.18737793652288245 383
1757513778608 0.18666118235925966 384
1757513778621 0.18595165690947613 385
1757513778633 0.18524928224552226 386
1757513778646 0.18455398132393908 387
1757513778658 0.18386567797520778 388
1757513778672 0.18318429689325894 389
1757513778684 0.18250976362511698 390
1757513778697 0.18184200456068855 391
1757513778709 0.18118094692266495 392
1757513778722 0.1805265187565655 393
1757513778734 0.17987864892089783 394
1757513778746 0.1792372670774562 395
1757513778758 0.17860230368173166 396
1757513778771 0.17797368997344482 397
1757513778783 0.17735135796720572 398
1757513778795 0.17673524044329025 399
1757513778807 0.1761252709385231 400
1757513778819 0.17552138373729192 401
1757513778831 0.1749235138626654 402
1757513778843 0.17433159706762194 403
1757513778872 0.173745569826396 404
1757513778896 0.1731653693259286 405
1757513778908 0.17259093345743096 406
1757513778921 0.1720222008080397 407
1757513778933 0.1714591106525988 408
1757513778945 0.1709016029455287 409
1757513778957 0.17034961831280487 410
1757513778970 0.16980309804402827 411
1757513778982 0.1692619840846063 412
1757513778995 0.16872621902802842 413
1757513779006 0.16819574610823151 414
1757513779017 0.1676705091920684 415
1757513779029 0.16715045277186844 416
1757513779040 0.1666355219580876 417
1757513779052 0.166125662472058 418
1757513779064 0.16562082063881678 419
1757513779077 0.16512094338003253 420
1757513779089 0.16462597820701846 421
1757513779101 0.16413587321382953 422
1757513779114 0.16365057707044658 423
1757513779126 0.16317003901604624 424
1757513779139 0.16269420885235453 425
1757513779156 0.16222303693707776 426
1757513779168 0.1617564741774217 427
1757513779182 0.16129447202368893 428
1757513779195 0.1608369824629466 429
1757513779208 0.16038395801278854 430
1757513779222 0.1599353517151628 431
1757513779236 0.15949111713027217 432
1757513779250 0.15905120833056616 433
1757513779262 0.15861557989478567 434
1757513779274 0.1581841869020988 435
1757513779287 0.1577569849262979 436
1757513779300 0.15733393003007148 437
1757513779313 0.15691497875934843 438
1757513779325 0.15650008813770708 439
1757513779338 0.15608921566085338 440
1757513779351 0.15568231929117318 441
1757513779364 0.15527935745234095 442
1757513779376 0.15488028902400192 443
1757513779389 0.1544850733365163 444
1757513779403 0.15409367016576805 445
1757513779416 0.15370603972803468 446
1757513779427 0.15332214267492686 447
1757513779440 0.15294194008837522 448
1757513779452 0.15256539347569828 449
1757513779465 0.15219246476471132 450
1757513779477 0.1518231162989011 451
1757513779490 0.15145731083266972 452
1757513779502 0.15109501152661647 453
1757513779514 0.15073618194289418 454
1757513779527 0.1503807860406105 455
1757513779541 0.15002878817129242 456
1757513779554 0.14968015307439675 457
1757513779567 0.14933484587288737 458
1757513779585 0.14899283206885375 459
1757513779607 0.14865407753918744 460
1757513779626 0.14831854853131052 461
1757513779642 0.1479862116589582 462
1757513779654 0.1476570338980044 463
1757513779666 0.14733098258234611 464
1757513779679 0.14700802539983074 465
1757513779692 0.14668813038823553 466
1757513779705 0.14637126593129662 467
1757513779718 0.14605740075478055 468
1757513779732 0.14574650392260577 469
1757513779745 0.14543854483301336 470
1757513779758 0.14513349321478022 471
1757513779771 0.14483131912347344 472
1757513779785 0.1445319929377596 473
1757513779799 0.14423548535574915 474
1757513779812 0.14394176739138975 475
1757513779825 0.14365081037089786 476
1757513779838 0.14336258592923645 477
1757513779851 0.1430770660066328 478
1757513779865 0.1427942228451417 479
1757513779878 0.14251402898524088 480
1757513779891 0.1422364572624756 481
1757513779904 0.14196148080413704 482
1757513779918 0.14168907302598596 483
1757513779931 0.14141920762900662 484
1757513779943 0.1411518585962087 485
1757513779957 0.14088700018946013 486
1757513779970 0.14062460694635914 487
1757513779984 0.1403646536771462 488
1757513779997 0.140107115461647 489
1757513780010 0.13985196764625546 490
1757513780023 0.13959918584095266 491
1757513780037 0.13934874591635657 492
1757513780049 0.13910062400081127 493
1757513780062 0.1388547964775078 494
1757513780075 0.13861123998164046 495
1757513780087 0.13836993139759365 496
1757513780100 0.1381308478561641 497
1757513780112 0.13789396673181534 498
1757513780123 0.1376592656399642 499
