1757513992419 168.55884642931238 0
1757513992429 162.29112266066417 1
1757513992437 150.83901847765836 2
1757513992445 135.5189962005122 3
1757513992454 117.73316415708544 4
1757513992462 98.84402376765068 5
1757513992470 80.07648260991404 6
1757513992479 62.44919553572509 7
1757513992492 46.73472310086571 8
1757513992504 33.44594939257983 9
1757513992523 22.844733284090886 10
1757513992533 14.967878182863766 11
1757513992542 9.665152077537213 12
1757513992551 6.644196850330759 13
1757513992560 5.5176379395177575 14
1757513992569 5.848437840472829 15
1757513992577 7.190425345682439 16
1757513992586 9.121880699988944 17
1757513992594 11.270982639444348 18
1757513992603 13.332761590322628 19
1757513992611 15.07790805165948 20
1757513992620 16.354329071505198 21
1757513992628 17.08271870842388 22
1757513992637 17.247615123285417 23
1757513992645 16.88547371909552 24
1757513992654 16.071216933024328 25
1757513992662 14.90455604472965 26
1757513992671 13.497149527588801 27
1757513992679 11.96139590101447 28
1757513992703 10.401383588217655 29
1757513992716 8.906258329936948 30
1757513992725 7.546037345838943 31
1757513992735 6.3697102017413805 32
1757513992743 5.405325393894025 33
1757513992752 4.661670355681159 34
1757513992760 4.131108290853595 35
1757513992769 3.7931322737686743 36
1757513992778 3.618227738601314 37
1757513992787 3.5716900535187563 38
1757513992796 3.617115390757475 39
1757513992805 3.7193621203007994 40
1757513992813 3.8468590840673555 41
1757513992822 3.9732103651871054 42
1757513992834 4.078109156396221 43
1757513992846 4.1476232711941705 44
1757513992858 4.173950465395398 45
1757513992868 4.154763100737128 46
1757513992878 4.092269906571737 47
1757513992888 3.992119577328873 48
1757513992897 3.8622590645107677 49
1757513992906 3.7118412773935865 50
1757513992915 3.550255067669315 51
1757513992923 3.386327198224373 52
1757513992932 3.2277234931027308 53
1757513992940 3.0805561075737584 54
1757513992949 2.9491869467798386 55
1757513992957 2.8362043375254586 56
1757513992966 2.7425413358307376 57
1757513992974 2.667699389565573 58
1757513992985 2.610040048061186 59
1757513992996 2.567109402208125 60
1757513993017 2.5359642219202487 61
1757513993028 2.5134745713031066 62
1757513993038 2.496584293481212 63
1757513993048 2.482517514249139 64
1757513993057 2.468925677497065 65
1757513993071 2.4539751893173647 66
1757513993085 2.436380243452056 67
1757513993096 2.4153886919063763 68
1757513993105 2.390730891863954 69
1757513993114 2.362542380475312 70
1757513993123 2.3312711516974134 71
1757513993132 2.2975794302516577 72
1757513993141 2.2622483763108345 73
1757513993152 2.226092332340363 74
1757513993164 2.189887247278163 75
1757513993175 2.1543159618914167 76
1757513993186 2.11993125567915 77
1757513993197 2.0871360431390635 78
1757513993207 2.056178928514943 79
1757513993216 2.0271625089748437 80
1757513993225 2.000061350135244 81
1757513993234 1.9747464130445413 82
1757513993243 1.9510128380345713 83
1757513993252 1.928608327138368 84
1757513993261 1.9072598476885303 85
1757513993269 1.886696941376984 86
1757513993278 1.8666705076361434 87
1757513993292 1.8469664891197894 88
1757513993303 1.82741438291945 89
1757513993316 1.8078909084290127 90
1757513993326 1.7883194674961065 91
1757513993336 1.7686662311135948 92
1757513993347 1.7489337845511772 93
1757513993356 1.72915327130671 94
1757513993367 1.7093759118720315 95
1757513993378 1.6896646547768277 96
1757513993390 1.670086563951609 97
1757513993401 1.6507063763781422 98
1757513993411 1.631581493305154 99
1757513993421 1.6127585100377293 100
1757513993431 1.5942712530825793 101
1757513993440 1.5761401853774124 102
1757513993449 1.5583729632875118 103
1757513993461 1.5409658829670225 104
1757513993472 1.5239059361773222 105
1757513993489 1.507173202639031 106
1757513993502 1.4907433323011545 107
1757513993512 1.4745899108910168 108
1757513993523 1.4586865501505097 109
1757513993533 1.4430085951077656 110
1757513993542 1.4275343901788664 111
1757513993553 1.4122460903859355 112
1757513993567 1.3971300410900755 113
1757513993582 1.3821767779609484 114
1757513993595 1.3673807179606134 115
1757513993606 1.352739622218778 116
1757513993616 1.3382539137513034 117
1757513993626 1.323925928381192 118
1757513993636 1.3097591675697906 119
1757513993645 1.2957576088386318 120
1757513993659 1.2819251146812458 121
1757513993670 1.2682649657761562 122
1757513993684 1.2547795301139455 123
1757513993694 1.2414700672472736 124
1757513993705 1.2283366568595007 125
1757513993714 1.2153782335307317 126
1757513993724 1.202592705003327 127
1757513993736 1.1899771292398342 128
1757513993749 1.1775279257946687 129
1757513993780 1.1652410990462485 130
1757513993797 1.1531124541695141 131
1757513993808 1.1411377908714944 132
1757513993820 1.129313064401964 133
1757513993832 1.1176345077834107 134
1757513993843 1.1060987132580737 135
1757513993862 1.094702674390498 136
1757513993873 1.0834437929497482 137
1757513993884 1.0723198565658052 138
1757513993894 1.0613289942233917 139
1757513993904 1.0504696169943644 140
1757513993915 1.0397403511286754 141
1757513993929 1.0291399698622432 142
1757513993946 1.018667329205011 143
1757513993957 1.008321311689151 144
1757513993967 0.9981007807176686 145
1757513993978 0.9880045468682913 146
1757513993988 0.9780313463629114 147
1757513993999 0.9681798309679425 148
1757513994011 0.9584485678789633 149
1757513994023 0.9488360476733112 150
1757513994035 0.9393406981762995 151
1757513994046 0.9299609020543167 152
1757513994055 0.9206950160853234 153
1757513994065 0.9115413903211655 154
1757513994074 0.9024983857036735 155
1757513994084 0.8935643890853955 156
1757513994093 0.884737824999344 157
1757513994103 0.8760171638901109 158
1757513994113 0.8674009268381188 159
1757513994126 0.8588876870653973 160
1757513994139 0.8504760686972962 161
1757513994151 0.8421647433699277 162
1757513994162 0.833952425322634 163
1757513994173 0.8258378656064833 164
1757513994183 0.8178198459865327 165
1757513994193 0.8098971730287892 166
1757513994204 0.8020686727560289 167
1757513994218 0.7943331861412218 168
1757513994235 0.7866895655940254 169
1757513994248 0.7791366724922307 170
1757513994259 0.7716733757225016 171
1757513994269 0.7642985511264336 172
1757513994279 0.7570110817005106 173
1757513994288 0.749809858371558 174
1757513994298 0.742693781160597 175
1757513994308 0.7356617605553143 176
1757513994317 0.7287127189303676 177
1757513994327 0.7218455918824637 178
1757513994336 0.7150593293794312 179
1757513994346 0.7083528966560488 180
1757513994355 0.7017252748217392 181
1757513994364 0.6951754611739167 182
1757513994373 0.6887024692343485 183
1757513994383 0.6823053285437733 184
1757513994392 0.6759830842616464 185
1757513994402 0.6697347966239857 186
1757513994412 0.6635595403129112 187
1757513994421 0.6574564037882662 188
1757513994431 0.6514244886250028 189
1757513994440 0.6454629088915741 190
1757513994450 0.639570790594901 191
1757513994459 0.6337472712077428 192
1757513994469 0.6279914992854135 193
1757513994479 0.6223026341707388 194
1757513994488 0.6166798457801297 195
1757513994498 0.6111223144589041 196
1757513994508 0.6056292308913547 197
1757513994519 0.6001997960499382 198
1757513994528 0.594833221168023 199
1757513994538 0.5895287277222706 200
1757513994548 0.5842855474126177 201
1757513994557 0.5791029221307019 202
1757513994567 0.5739801039102359 203
1757513994576 0.5689163548556935 204
1757513994586 0.5639109470482025 205
1757513994596 0.5589631624295308 206
1757513994605 0.5540722926669033 207
1757513994615 0.5492376390023012 208
1757513994624 0.5444585120905976 209
1757513994634 0.5397342318311128 210
1757513994644 0.53506412719686 211
1757513994655 0.5304475360653239 212
1757513994669 0.525883805053879 213
1757513994685 0.5213722893622389 214
1757513994700 0.5169123526233242 215
1757513994710 0.51250336676339 216
1757513994721 0.508144711871345 217
1757513994730 0.503835776076758 218
1757513994741 0.4995759554356004 219
1757513994750 0.4953646538224726 220
1757513994760 0.49120128282798814 221
1757513994770 0.4870852616599399 222
1757513994780 0.4830160170470044 223
1757513994790 0.4789929831438775 224
1757513994800 0.47501560143703053 225
1757513994810 0.47108332065036873 226
1757513994822 0.467195596650515 227
1757513994834 0.46335189235147184 228
1757513994847 0.4595516776187324 229
1757513994858 0.45579442917300494 230
1757513994868 0.45207963049383226 231
1757513994878 0.4484067717234473 232
1757513994889 0.4447753495712303 233
1757513994899 0.44118486721914973 234
1757513994909 0.43763483422844596 235
1757513994919 0.4341247664478893 236
1757513994929 0.4306541859237453 237
1757513994939 0.4272226208116274 238
1757513994949 0.4238296052902266 239
1757513994959 0.4204746794769854 240
1757513994969 0.41715738934558383 241
1757513994980 0.41387728664522827 242
1757513994993 0.4106339288215458 243
1757513995005 0.40742687893897317 244
1757513995018 0.40425570560455665 245
1757513995030 0.4011199828929722 246
1757513995040 0.39801929027265126 247
1757513995050 0.39495321253300875 248
1757513995060 0.39192133971255394 249
1757513995070 0.3889232670279802 250
1757513995081 0.38595859480408756 251
1757513995094 0.38302692840458497 252
1757513995107 0.3801278781637619 253
1757513995125 0.37726105931901055 254
1757513995138 0.3744260919442452 255
1757513995148 0.37162260088421967 256
1757513995159 0.3688502156897679 257
1757513995169 0.36610857055397505 258
1757513995179 0.36339730424928596 259
1757513995190 0.36071606006559315 260
1757513995201 0.3580644857492303 261
1757513995214 0.3554422334429472 262
1757513995227 0.35284895962678564 263
1757513995240 0.35028432505988155 264
1757513995252 0.34774799472316875 265
1757513995262 0.3452396377629389 266
1757513995273 0.34275892743525144 267
1757513995284 0.3403055410511874 268
1757513995294 0.3378791599228851 269
1757513995305 0.3354794693103675 270
1757513995315 0.3331061583691339 271
1757513995325 0.33075892009849495 272
1757513995336 0.32843745129063817 273
1757513995346 0.326141452480409 274
1757513995356 0.3238706278958001 275
1757513995367 0.3216246854091365 276
1757513995379 0.3194033364889489 277
1757513995393 0.317206296152502 278
1757513995406 0.3150332829190458 279
1757513995418 0.3128840187636691 280
1757513995429 0.3107582290718522 281
1757513995439 0.30865564259464195 282
1757513995450 0.30657599140447844 283
1757513995463 0.3045190108516486 284
1757513995475 0.30248443952136694 285
1757513995489 0.30047201919144945 286
1757513995501 0.29848149479062225 287
1757513995512 0.2965126143573936 288
1757513995523 0.29456512899952564 289
1757513995533 0.2926387928540752 290
1757513995544 0.29073336304800546 291
1757513995554 0.2888485996593354 292
1757513995564 0.2869842656788564 293
1757513995574 0.2851401269723634 294
1757513995585 0.2833159522434335 295
1757513995595 0.28151151299671356 296
1757513995605 0.2797265835017156 297
1757513995616 0.27796094075712363 298
1757513995627 0.27621436445559266 299
1757513995637 0.27448663694903785 300
1757513995647 0.272777543214398 301
1757513995663 0.2710868708198854 302
1757513995700 0.2694144098916915 303
1757513995711 0.26775995308116074 304
1757513995722 0.2661232955324125 305
1757513995732 0.2645042348504131 306
1757513995743 0.2629025710694944 307
1757513995753 0.2613181066222889 308
1757513995764 0.2597506463091128 309
1757513995774 0.25819999726775955 310
1757513995785 0.25666596894371047 311
1757513995795 0.25514837306074833 312
1757513995806 0.2536470235919883 313
1757513995819 0.2521617367312849 314
1757513995834 0.25069233086505277 315
1757513995862 0.2492386265444489 316
1757513995874 0.24780044645794952 317
1757513995885 0.2463776154042985 318
1757513995896 0.2449699602658163 319
1757513995907 0.24357730998207475 320
1757513995917 0.24219949552393288 321
1757513995928 0.24083634986791874 322
1757513995939 0.2394877079709608 323
1757513995950 0.2381534067454621 324
1757513995960 0.23683328503470302 325
1757513995971 0.23552718358858593 326
1757513995981 0.23423494503970552 327
1757513995992 0.23295641387973035 328
1757513996002 0.23169143643611143 329
1757513996012 0.23043986084910775 330
1757513996024 0.229201537049105 331
1757513996036 0.22797631673425023 332
1757513996050 0.22676405334838734 333
1757513996065 0.22556460205927115 334
1757513996076 0.22437781973709642 335
1757513996088 0.22320356493329022 336
1757513996099 0.22204169785960667 337
1757513996110 0.2208920803674821 338
1757513996122 0.21975457592767897 339
1757513996134 0.21862904961019036 340
1757513996145 0.21751536806441812 341
1757513996156 0.21641339949960808 342
1757513996169 0.2153230136655463 343
1757513996182 0.21424408183351518 344
1757513996194 0.21317647677749055 345
1757513996207 0.2121200727555973 346
1757513996221 0.21107474549180458 347
1757513996234 0.21004037215786103 348
1757513996245 0.2090168313554702 349
1757513996256 0.20800400309870112 350
1757513996267 0.20700176879662296 351
1757513996278 0.20601001123617751 352
1757513996288 0.20502861456526772 353
1757513996299 0.20405746427607366 354
1757513996310 0.20309644718857672 355
1757513996321 0.20214545143431356 356
1757513996332 0.20120436644032813 357
1757513996342 0.20027308291334617 358
1757513996353 0.19935149282413808 359
1757513996364 0.19843948939210596 360
1757513996374 0.19753696707005355 361
1757513996385 0.19664382152916338 362
1757513996396 0.19575994964416826 363
1757513996408 0.1948852494787049 364
1757513996419 0.19401962027087674 365
1757513996430 0.19316296241898107 366
1757513996441 0.19231517746743887 367
1757513996452 0.19147616809288928 368
1757513996463 0.19064583809048366 369
1757513996474 0.18982409236033906 370
1757513996485 0.18901083689416961 371
1757513996500 0.18820597876209533 372
1757513996513 0.18740942609961814 373
1757513996527 0.18662108809476055 374
1757513996540 0.18584087497537397 375
1757513996552 0.18506869799661027 376
1757513996564 0.18430446942854958 377
1757513996575 0.18354810254398493 378
1757513996586 0.18279951160637334 379
1757513996597 0.1820586118579262 380
1757513996608 0.1813253195078634 381
1757513996619 0.18059955172080777 382
1757513996630 0.17988122660533806 383
1757513996640 0.17917026320267676 384
1757513996651 0.1784665814755239 385
1757513996662 0.17777010229703843 386
1757513996673 0.17708074743995403 387
1757513996684 0.1763984395658332 388
1757513996695 0.17572310221445908 389
1757513996707 0.17505465979336082 390
1757513996718 0.17439303756746877 391
1757513996728 0.17373816164890493 392
1757513996740 0.17308995898689689 393
1757513996751 0.17244835735782485 394
1757513996762 0.17181328535538853 395
1757513996773 0.17118467238089757 396
1757513996785 0.1705624486336919 397
1757513996797 0.16994654510167087 398
1757513996808 0.16933689355195103 399
1757513996819 0.16873342652163106 400
1757513996831 0.16813607730868657 401
1757513996846 0.1675447799629631 402
1757513996872 0.16695946927729344 403
1757513996886 0.16638008077871871 404
1757513996898 0.1658065507198228 405
1757513996909 0.1652388160701737 406
1757513996920 0.164676814507871 407
1757513996932 0.1641204844112017 408
1757513996945 0.16356976485039307 409
1757513996959 0.16302459557947516 410
1757513996974 0.1624849170282394 411
1757513996986 0.16195067029430169 412
1757513996998 0.16142179713525748 413
1757513997010 0.16089823996094163 414
1757513997021 0.16037994182577658 415
1757513997033 0.15986684642121962 416
1757513997044 0.1593588980683063 417
1757513997056 0.1588560417102735 418
1757513997067 0.158358222905291 419
1757513997078 0.15786538781927123 420
1757513997089 0.15737748321876602 421
1757513997100 0.15689445646395958 422
1757513997111 0.15641625550174082 423
1757513997122 0.155942828858864 424
1757513997134 0.15547412563519225 425
1757513997146 0.1550100954970244 426
1757513997159 0.15455068867049782 427
1757513997174 0.15409585593508723 428
1757513997189 0.1536455486171663 429
1757513997202 0.15319971858365797 430
1757513997215 0.15275831823575575 431
1757513997227 0.15232130050273207 432
1757513997238 0.15188861883580831 433
1757513997250 0.15146022720211214 434
1757513997261 0.15103608007870187 435
1757513997273 0.1506161324466624 436
1757513997284 0.15020033978527678 437
1757513997295 0.1497886580662706 438
1757513997307 0.1493810437481174 439
1757513997318 0.14897745377042523 440
1757513997331 0.14857784554837591 441
1757513997346 0.14818217696725214 442
1757513997361 0.1477904063770099 443
1757513997374 0.1474024925869295 444
1757513997386 0.14701839486033033 445
1757513997397 0.14663807290934297 446
1757513997409 0.14626148688975174 447
1757513997421 0.14588859739589435 448
1757513997432 0.1455193654556275 449
1757513997444 0.14515375252534699 450
1757513997456 0.14479172048507444 451
1757513997471 0.14443323163360006 452
1757513997486 0.14407824868368288 453
1757513997525 0.1437267347573096 454
1757513997545 0.1433786533810137 455
1757513997558 0.1430339684812438 456
1757513997570 0.14269264437979254 457
1757513997582 0.14235464578928073 458
1757513997593 0.14201993780869046 459
1757513997605 0.14168848591896116 460
1757513997620 0.14136025597862503 461
1757513997636 0.1410352142195084 462
1757513997650 0.1407133272424734 463
1757513997663 0.14039456201321895 464
1757513997675 0.14007888585812328 465
1757513997687 0.13976626646014614 466
1757513997698 0.1394566718547693 467
1757513997710 0.13915007042599373 468
1757513997725 0.13884643090238175 469
1757513997738 0.13854572235314222 470
1757513997753 0.1382479141842673 471
1757513997766 0.1379529761347155 472
1757513997778 0.13766087827263387 473
1757513997790 0.13737159099163468 474
1757513997802 0.13708508500710345 475
1757513997814 0.13680133135256464 476
1757513997825 0.13652030137607732 477
1757513997837 0.13624196673668887 478
1757513997849 0.13596629940090912 479
1757513997860 0.13569327163925024 480
1757513997872 0.1354228560227874 481
1757513997889 0.1351550254197723 482
1757513997906 0.13488975299228398 483
1757513997922 0.13462701219291287 484
1757513997935 0.1343667767614937 485
1757513997948 0.13410902072186792 486
1757513997960 0.13385371837869242 487
1757513997972 0.1336008443142786 488
1757513997983 0.1333503733854724 489
1757513997995 0.13310228072056926 490
1757513998009 0.13285654171626846 491
1757513998025 0.1326131320346572 492
1757513998052 0.13237202760024014 493
1757513998067 0.13213320459698769 494
1757513998081 0.13189663946543648 495
1757513998094 0.13166230889981337 496
1757513998109 0.13143018984519445 497
1757513998122 0.13120025949469685 498
1757513998134 0.13097249528670896 499
