1757594606824 125.02806342503408 0
1757594606833 93.10528963724735 1
1757594606842 66.87749251823293 2
1757594606852 52.74945300336759 3
1757594606861 38.457674622787465 4
1757594606871 23.192130619674042 5
1757594606881 26.789397988830366 6
1757594606892 19.258602060721937 7
1757594606902 12.776742170562454 8
1757594606912 8.108209138613466 9
1757594606922 7.317244217783977 10
1757594606933 10.278491227917597 11
1757594606943 5.136109036074193 12
1757594606953 4.509756313737878 13
1757594606963 2.8504441365472424 14
1757594606973 4.479390326777672 15
1757594606984 5.639784105541659 16
1757594606994 8.48887970126856 17
1757594607004 3.014543619364818 18
1757594607015 4.585629122502384 19
1757594607025 7.613407814188389 20
1757594607037 5.321110204341147 21
1757594607047 6.62751866701868 22
1757594607057 3.420545013978982 23
1757594607067 3.2056247424211124 24
1757594607077 4.35308342343201 25
1757594607087 2.568678219300919 26
1757594607097 3.7335783384845778 27
1757594607107 5.472418065553632 28
1757594607117 4.390170288481055 29
1757594607128 3.8397700622451945 30
1757594607138 5.251590135181338 31
1757594607148 1.218181258471 32
1757594607158 2.6979880157956466 33
1757594607168 2.9755693265240697 34
1757594607178 4.493931404374699 35
1757594607188 4.200156337156788 36
1757594607199 1.425465530050431 37
1757594607210 1.643202314705777 38
1757594607221 1.9713887721914478 39
1757594607231 2.036266971360896 40
1757594607241 4.818258850296488 41
1757594607251 6.1737602747042475 42
1757594607261 1.9014569761733808 43
1757594607271 3.1667433037584902 44
1757594607281 2.4749902010594576 45
1757594607291 3.3678588821294797 46
1757594607301 3.9902514563725746 47
1757594607310 5.713520090058782 48
1757594607320 1.8280111375817227 49
1757594607329 1.881054597328848 50
1757594607338 2.59703404333227 51
1757594607348 1.7072219188690851 52
1757594607357 3.6298232764713396 53
1757594607367 2.8673995890743877 54
1757594607376 3.5944839568949076 55
1757594607386 1.9338902487993677 56
1757594607395 2.355169440161474 57
1757594607405 1.560426706424256 58
1757594607414 2.2310076026652133 59
1757594607423 2.0067063989168075 60
1757594607433 2.9371844287583952 61
1757594607443 2.668619826408188 62
1757594607454 3.653689381083055 63
1757594607464 1.7126528826388028 64
1757594607474 2.9077022056259314 65
1757594607484 2.550464177714934 66
1757594607494 2.5876015759322937 67
1757594607507 1.6564806792607334 68
1757594607516 1.1601910359128393 69
1757594607526 2.6748669346323823 70
1757594607535 3.447037009600818 71
1757594607545 1.9739774014406746 72
1757594607554 1.5609330830211048 73
1757594607564 4.4065660092561805 74
1757594607573 1.3447483551249633 75
1757594607582 2.1608465202514884 76
1757594607592 0.7228011179219993 77
1757594607602 2.8891610820061095 78
1757594607611 2.519350355047102 79
1757594607621 1.9561771418215306 80
1757594607631 1.430905181237397 81
1757594607641 1.8083234085741051 82
1757594607651 0.9014356821652205 83
1757594607660 1.4343122105950459 84
1757594607670 2.8839001474511323 85
1757594607680 1.3417011063591926 86
1757594607690 1.2264699010289584 87
1757594607700 1.5526336594283867 88
1757594607710 1.5423118043778838 89
1757594607721 0.9819588109235998 90
1757594607732 2.2618126132691048 91
1757594607742 1.6205409861349653 92
1757594607752 1.4960088057066092 93
1757594607762 0.9785902731616514 94
1757594607772 1.3436784204238248 95
1757594607783 2.500680582474821 96
1757594607793 3.023581237167488 97
1757594607804 2.46518920646058 98
1757594607814 1.7025495939184487 99
1757594607825 0.8238230383882975 100
1757594607835 1.7098411221012846 101
1757594607846 1.2956337309555732 102
1757594607856 2.311239290623949 103
1757594607866 0.8970036056640496 104
1757594607877 1.8024126881253035 105
1757594607887 2.100106457411859 106
1757594607898 1.8137412294740172 107
1757594607908 1.097067100112822 108
1757594607918 1.5176766325450102 109
1757594607929 0.7474952339341816 110
1757594607939 2.6620365159849797 111
1757594607949 2.015590865476917 112
1757594607959 1.0933057498288246 113
1757594607970 0.7426226792459124 114
1757594607980 2.391676246693809 115
1757594607990 1.5245217597336043 116
1757594608001 2.615793316280854 117
1757594608011 1.7709191245636942 118
1757594608021 1.7463118721034545 119
1757594608032 1.49540866566124 120
1757594608044 1.9414300039908188 121
1757594608055 1.6140438572402351 122
1757594608065 1.2900438480965584 123
1757594608076 2.102797943288824 124
1757594608086 0.8179188758990401 125
1757594608097 1.2988785418486892 126
1757594608107 2.7116097879940955 127
1757594608134 0.9889133039983274 128
1757594608146 1.2981822749408838 129
1757594608156 1.7616408780658737 130
1757594608166 2.020260478802382 131
1757594608175 1.1262087874258995 132
1757594608185 0.7890634461453474 133
1757594608195 1.7602578240483209 134
1757594608205 0.6293990653461394 135
1757594608215 0.3924891872770145 136
1757594608225 0.8121392617805654 137
1757594608235 1.7686818723103588 138
1757594608245 1.8848211776899064 139
1757594608255 1.1686049717132767 140
1757594608265 1.1962273590117334 141
1757594608276 1.9400976920782178 142
1757594608286 1.0980347867894948 143
1757594608296 1.156879121811233 144
1757594608306 1.6849629653524343 145
1757594608316 1.2427250061089965 146
1757594608326 1.0890359391296738 147
1757594608336 1.4925473448932836 148
1757594608346 1.2027360763984696 149
1757594608356 0.47515112342260934 150
1757594608366 1.2145980027119334 151
1757594608377 1.5703613318427434 152
1757594608387 2.5754405089252783 153
1757594608397 0.8897896553391125 154
1757594608407 1.162391045660313 155
1757594608417 1.2622741155134005 156
1757594608427 0.7509475285777871 157
1757594608437 1.4641431690373023 158
1757594608448 0.3256142918101424 159
1757594608458 0.7886400613149762 160
1757594608468 1.1104066022532184 161
1757594608478 0.7275363770147762 162
1757594608489 1.2605640644381102 163
1757594608499 0.5540651833006487 164
1757594608509 1.2011130757330315 165
1757594608519 0.7392183847181649 166
1757594608529 1.0291591775914704 167
1757594608540 1.3667190032696026 168
1757594608550 0.8129788771571235 169
1757594608560 0.8667834110834987 170
1757594608570 1.0189470151527216 171
1757594608580 1.2130911431096458 172
1757594608591 1.2298223137379252 173
1757594608601 0.3935392824936138 174
1757594608611 0.8104746043148446 175
1757594608621 0.41766365761778645 176
1757594608632 0.8482986096307721 177
1757594608642 1.5974938843994886 178
1757594608652 0.9300185223656486 179
1757594608662 0.7590761697352525 180
1757594608672 0.7471478795830159 181
1757594608683 1.0713738419859757 182
1757594608693 0.6244098280147599 183
1757594608703 0.5757509922740074 184
1757594608713 0.7638721618597643 185
1757594608723 1.4765518869159593 186
1757594608734 0.6772608421266926 187
1757594608744 1.1498668650662225 188
1757594608755 1.1783264540072673 189
1757594608766 0.6748370382729852 190
1757594608776 0.5956215926971238 191
1757594608786 0.7866554089993635 192
1757594608797 1.0669693061867545 193
1757594608807 0.9705123968869709 194
1757594608818 1.2317983185686658 195
1757594608828 1.0588217617230107 196
1757594608838 2.040811442386017 197
1757594608849 0.6169740426493228 198
1757594608859 0.6063607775784692 199
1757594608869 0.3649840691347382 200
1757594608880 0.533486583353456 201
1757594608890 0.9500512154262636 202
1757594608901 0.9951020866239028 203
1757594608911 0.45395865274261377 204
1757594608922 0.9384371018457486 205
1757594608932 0.4849984465192367 206
1757594608942 0.556016974774912 207
1757594608953 0.6916021485694137 208
1757594608963 0.4478637325496896 209
1757594608974 0.7495970079728831 210
1757594608984 0.37916835773065916 211
1757594608995 0.6944516571425855 212
1757594609005 1.1832791205598983 213
1757594609015 0.2779997929327683 214
1757594609026 0.45436532589528533 215
1757594609037 0.35496159684058276 216
1757594609047 0.7959714380292195 217
1757594609058 0.21299884556133042 218
1757594609068 0.9570576769429663 219
1757594609079 0.9869026781689823 220
1757594609089 0.7318968920488305 221
1757594609100 0.6170049034038938 222
1757594609110 0.41422285214266136 223
1757594609121 0.5849001186621856 224
1757594609132 0.6137689153209674 225
1757594609143 0.5772673033991287 226
1757594609154 0.8270200534104379 227
1757594609164 0.8020387202802688 228
1757594609174 0.33520044643691405 229
1757594609185 0.6829651031276944 230
1757594609195 0.5014757509480083 231
1757594609206 1.1297470793355422 232
1757594609216 0.3789089033264696 233
1757594609227 0.2879132550822166 234
1757594609238 0.3285336308922486 235
1757594609249 0.7402112524308037 236
1757594609259 0.887980580106769 237
1757594609270 0.31578142080842264 238
1757594609280 0.6339099468181413 239
1757594609291 0.41789635816532017 240
1757594609302 0.3033817969180904 241
1757594609312 0.6073292105913175 242
1757594609323 0.26919095831373346 243
1757594609334 0.6419421931183467 244
1757594609344 0.5187236009884016 245
1757594609355 0.40154655585686216 246
1757594609366 0.4122367182264012 247
1757594609376 0.31140308767921066 248
1757594609387 0.7515771497677081 249
1757594609398 0.8398446910118597 250
1757594609409 0.4837791803890749 251
1757594609420 0.4412324706251582 252
1757594609432 0.40820541063745686 253
1757594609443 0.4683333384278001 254
1757594609453 0.7561872896749349 255
1757594609465 0.4243198467164172 256
1757594609476 0.4931111797759664 257
1757594609488 0.5847853540983439 258
1757594609499 0.34878035969241833 259
1757594609510 0.9522188863063198 260
1757594609521 0.4815824343868973 261
1757594609533 0.18380424904646803 262
1757594609544 0.505264161763698 263
1757594609556 0.493052486403838 264
1757594609567 0.7804434608203187 265
1757594609579 0.7355117441286076 266
1757594609591 0.27982245493601204 267
1757594609603 0.40744454963103466 268
1757594609615 0.2634159879894282 269
1757594609627 0.30695920682460937 270
1757594609639 0.5115652415799037 271
1757594609651 0.5840767842845858 272
1757594609663 0.564056878367349 273
1757594609675 0.28119793098797635 274
1757594609686 0.2271147551968577 275
1757594609698 0.654366744958711 276
1757594609710 0.42492976781273883 277
1757594609721 0.46676896106414156 278
1757594609733 0.6377341661032822 279
1757594609745 0.3323040969738842 280
1757594609756 0.2294409707345684 281
1757594609767 0.2595585693083394 282
1757594609778 0.3393813912737475 283
1757594609790 0.48375806359982493 284
1757594609801 0.13935747317805036 285
1757594609812 0.41155261059187276 286
1757594609824 0.37654950026146883 287
1757594609835 0.3205085247904989 288
1757594609847 0.40608781001867605 289
1757594609858 0.3764763149810337 290
1757594609870 0.7112337593968965 291
1757594609882 0.4949319580163668 292
1757594609894 0.3150730392561121 293
1757594609906 0.42624998651977936 294
1757594609918 0.6032140549470882 295
1757594609930 0.6498660373656562 296
1757594609942 0.43355139943762844 297
1757594609954 0.39883269049628567 298
1757594609966 0.2569770145607081 299
1757594609978 0.6374421500728905 300
1757594609990 0.338014262104764 301
1757594610002 0.25478381722659005 302
1757594610014 0.38033003739139687 303
1757594610026 0.43510289647627964 304
1757594610037 0.18188642020786056 305
1757594610049 0.41417549865209224 306
1757594610061 0.15617211149857804 307
1757594610072 0.35651318717301694 308
1757594610084 0.33219238893549236 309
1757594610096 0.2661355658975014 310
1757594610108 0.49307278932659354 311
1757594610120 0.20260498313075911 312
1757594610132 0.22551469806998115 313
1757594610145 0.3245936488818447 314
1757594610157 0.2605363775321302 315
1757594610169 0.1868286215403706 316
1757594610181 0.453395895596317 317
1757594610197 0.4472731180538836 318
1757594610209 0.22387007832628228 319
1757594610221 0.1566851819502648 320
1757594610233 0.6007316713946387 321
1757594610246 0.45507080546544765 322
1757594610258 0.5157000969255834 323
1757594610270 0.17922099241973022 324
1757594610282 0.1546600756552374 325
1757594610294 0.33996462622780305 326
1757594610306 0.11504468618445565 327
1757594610317 0.2776616139908709 328
1757594610329 0.35950260729321093 329
1757594610341 0.29015400595433255 330
1757594610353 0.5062995877106574 331
1757594610365 0.19319203281018374 332
1757594610378 0.3622771667141681 333
1757594610390 0.31064089359434804 334
1757594610402 0.38023173227743984 335
1757594610414 0.37084300228697276 336
1757594610426 0.324863537556061 337
1757594610438 0.20709467900142708 338
1757594610450 0.547249148569087 339
1757594610463 0.23751844119786486 340
1757594610475 0.2039577773513425 341
1757594610487 0.5643418521440969 342
1757594610499 0.2917637542494606 343
1757594610511 0.40890475316160513 344
1757594610524 0.20088203888374764 345
1757594610536 0.5349835257781836 346
1757594610549 0.3159118705995166 347
1757594610561 0.38145007468571784 348
1757594610574 0.20121389964630454 349
1757594610586 0.12612191581293344 350
1757594610598 0.33169371335149395 351
1757594610611 0.6337833486254574 352
1757594610624 0.3233111493371372 353
1757594610636 0.23311781478955795 354
1757594610648 0.20476469162601624 355
1757594610660 0.23476562181648142 356
1757594610672 0.2486772954312881 357
1757594610683 0.18282607195786996 358
1757594610695 0.2173786888642431 359
1757594610707 0.2501575934479642 360
1757594610719 0.212414090882604 361
1757594610730 0.20765598757009152 362
1757594610743 0.1906527307646927 363
1757594610755 0.12510283818845777 364
1757594610767 0.16128384024494305 365
1757594610779 0.1912775712817961 366
1757594610791 0.35498574560917384 367
1757594610802 0.3416549514412863 368
1757594610814 0.20240175722679613 369
1757594610825 0.4725496195351914 370
1757594610837 0.24689885707943449 371
1757594610848 0.20397313552268695 372
1757594610860 0.3019378591386335 373
1757594610872 0.2106888094162756 374
1757594610883 0.3033104647070743 375
1757594610894 0.26846010415261745 376
1757594610906 0.2552527974965568 377
1757594610918 0.1253314434835091 378
1757594610930 0.33073032611049474 379
1757594610941 0.44778935906489636 380
1757594610953 0.18555658532148817 381
1757594610964 0.1984200648900679 382
1757594610976 0.4494023430362306 383
1757594610988 0.2291474195629167 384
1757594610999 0.2569768536247472 385
1757594611011 0.22906186881182633 386
1757594611023 0.19535388967895376 387
1757594611034 0.1268102108572336 388
1757594611046 0.2576783532283864 389
1757594611057 0.2599704421941252 390
1757594611069 0.16996500734149042 391
1757594611080 0.12593963620536308 392
1757594611092 0.3004671723990391 393
1757594611104 0.31661481880641934 394
1757594611115 0.3203371900278796 395
1757594611127 0.20502537282739983 396
1757594611139 0.1355018580891435 397
1757594611150 0.288826884001774 398
1757594611162 0.23153636737622782 399
1757594611173 0.4580261682900309 400
1757594611185 0.2381860958583894 401
1757594611197 0.3188091629876179 402
1757594611208 0.20252594202281599 403
1757594611220 0.16921008795668677 404
1757594611232 0.16911829342702753 405
1757594611243 0.21173307628543805 406
1757594611255 0.24056712971495975 407
1757594611267 0.21211714995259837 408
1757594611278 0.2542833963297101 409
1757594611290 0.21789213677777197 410
1757594611302 0.2008492203785047 411
1757594611313 0.22397273536302367 412
1757594611325 0.24310883466231392 413
1757594611337 0.23480261212117262 414
1757594611349 0.2290743564672403 415
1757594611360 0.17924808040846918 416
1757594611372 0.1957535705285895 417
1757594611384 0.17967096977984093 418
1757594611395 0.16406950716699564 419
1757594611407 0.1597226750079162 420
1757594611419 0.25430568209139787 421
1757594611430 0.1679174353331359 422
1757594611442 0.16960380743634493 423
1757594611454 0.21976697061815748 424
1757594611467 0.20241326736912704 425
1757594611480 0.15260953497589033 426
1757594611493 0.24321301414933008 427
1757594611505 0.11877191244609418 428
1757594611518 0.26030127778335826 429
1757594611531 0.13616525118789533 430
1757594611544 0.13283776687259619 431
1757594611556 0.07944795878174986 432
1757594611570 0.21074605442514813 433
1757594611583 0.1752427154129108 434
1757594611596 0.2745476659367781 435
1757594611609 0.1055734400250155 436
1757594611622 0.17772615298369127 437
1757594611635 0.21131685851206264 438
1757594611649 0.14415364135266856 439
1757594611662 0.1531423689749158 440
1757594611675 0.1358208884945081 441
1757594611687 0.1278518947963387 442
1757594611699 0.10420568758850315 443
1757594611711 0.1389097841355196 444
1757594611723 0.26692235175878 445
1757594611735 0.10431348219122352 446
1757594611748 0.1875043017611676 447
1757594611760 0.21677699592028882 448
1757594611772 0.19913745074083736 449
1757594611784 0.15261782603777704 450
1757594611796 0.12104942787800978 451
1757594611809 0.11899785972190773 452
1757594611821 0.11305196028411948 453
1757594611833 0.22999344396052315 454
1757594611845 0.13368793091163195 455
1757594611857 0.21504664154654912 456
1757594611870 0.31167578498237297 457
1757594611882 0.10326261176384137 458
1757594611894 0.27433675884727676 459
1757594611906 0.14386025516047854 460
1757594611918 0.17677132422976047 461
1757594611930 0.26537979481368495 462
1757594611942 0.1030680397564336 463
1757594611954 0.1926760961782958 464
1757594611966 0.1509214065830664 465
1757594611978 0.13320157844199526 466
1757594611990 0.07721686799223237 467
1757594612002 0.20747377193446617 468
1757594612013 0.09320551101288817 469
1757594612025 0.15719535232523124 470
1757594612037 0.11439601606014178 471
1757594612049 0.17797715445547846 472
1757594612061 0.11519968928257739 473
1757594612074 0.09072087218845817 474
1757594612086 0.20606408862195857 475
1757594612098 0.17153530708011092 476
1757594612110 0.10738249696124046 477
1757594612122 0.2557356720653401 478
1757594612134 0.17957333200539494 479
1757594612146 0.09302259999661797 480
1757594612158 0.10829085092548273 481
1757594612170 0.14603275164746532 482
1757594612182 0.1253176136022955 483
1757594612194 0.15568547942642774 484
1757594612207 0.18247308680520005 485
1757594612219 0.11361942954929961 486
1757594612231 0.22369554723204527 487
1757594612244 0.11514527534688845 488
1757594612256 0.10502208239720011 489
1757594612268 0.2494110410529439 490
1757594612280 0.11183329192220377 491
1757594612292 0.113437011955995 492
1757594612304 0.22984264449881864 493
1757594612317 0.09765864685457601 494
1757594612329 0.1632448859608709 495
1757594612341 0.09036644245788009 496
1757594612353 0.1100089786723186 497
1757594612366 0.14139119000779632 498
1757594612378 0.40094504165577555 499
