1757518224947 0.07386000127407506 0
1757518224986 0.10030019957153129 1
1757518225026 0.0002667102546152696 2
1757518225064 4.4632681791504535e-05 3
1757518225104 0.059639557984805906 4
1757518225144 0.07147510168714842 5
1757518225182 0.13866725941432095 6
1757518225221 0.16244782991209925 7
1757518225260 0.01294803105421833 8
1757518225299 0.004222550625537137 9
1757518225338 0.2925828444584279 10
1757518225376 0.0012947829036256524 11
1757518225415 0.3211304689962795 12
1757518225453 0.01386032404311621 13
1757518225492 0.001704138490132231 14
1757518225531 0.18982924355898 15
1757518225570 0.011753475941020884 16
1757518225609 0.49182605930731044 17
1757518225648 0.024536668866169044 18
1757518225687 0.09626604450516814 19
1757518225727 0.0017996623292690684 20
1757518225766 0.1859852954117963 21
1757518225805 0.09824943691546802 22
1757518225844 0.012594710567975335 23
1757518225883 0.05470201950440385 24
1757518225922 0.08651256122857075 25
1757518225961 0.0060937437837683735 26
1757518226000 0.0003860006482667326 27
1757518226039 0.0029478044196537645 28
1757518226077 0.1234845009209943 29
1757518226116 0.13620540066041972 30
1757518226156 0.346650252837361 31
1757518226195 0.08758730295095188 32
1757518226234 0.006017185318149924 33
1757518226273 0.126920063924143 34
1757518226323 0.14447578146969314 35
1757518226362 0.16682739790808668 36
1757518226402 0.38973558313830103 37
1757518226441 0.008042341360358704 38
1757518226479 0.02857736685344593 39
1757518226518 0.0001750670902628146 40
1757518226557 0.4616104547264741 41
1757518226596 0.024061709273957937 42
1757518226635 0.0875517673985792 43
1757518226673 0.05155337796788375 44
1757518226712 0.150952541497291 45
1757518226751 0.0297160073860577 46
1757518226790 0.3564576619182291 47
1757518226829 0.015999815206279175 48
1757518226867 0.03946555739366056 49
1757518226906 0.06631966103352636 50
1757518226945 0.1654286301411057 51
1757518226984 0.013905316554105452 52
1757518227024 0.13533107833872102 53
1757518227063 0.00038528005217558216 54
1757518227102 0.013136423833069392 55
1757518227142 0.4257517785418635 56
1757518227181 0.07167588318445285 57
1757518227220 0.19815993792432327 58
1757518227260 0.00979966139488382 59
1757518227299 0.011655002813721038 60
1757518227338 0.010238860940478432 61
1757518227377 0.008544970618506786 62
1757518227416 0.7785884594971444 63
1757518227455 0.028607294445797612 64
1757518227494 0.0011164340317722156 65
1757518227533 0.20768865920172755 66
1757518227573 0.08949913313426718 67
1757518227612 0.03961108551214698 68
1757518227652 0.0009705945121102314 69
1757518227691 0.06996870906427465 70
1757518227730 0.15344624465834078 71
1757518227770 0.019132587868000435 72
1757518227810 0.0024737411450094756 73
1757518227849 0.029203701828071867 74
1757518227889 0.015749289324641664 75
1757518227928 0.024291107358101312 76
1757518227968 0.1858342208042023 77
1757518228007 0.013952281966622298 78
1757518228046 0.013239423638973456 79
1757518228086 0.24392183786375046 80
1757518228127 0.0003969540604482022 81
1757518228166 0.020460666776126343 82
1757518228205 0.38519639920050525 83
1757518228244 0.2046987700496816 84
1757518228282 0.11169642617446043 85
1757518228321 0.34107910873427527 86
1757518228361 0.7597374762097348 87
1757518228400 0.009317995942844678 88
1757518228439 0.022078969743806454 89
1757518228477 0.07571200558645086 90
1757518228516 0.003327345902718791 91
1757518228555 0.027165605411023776 92
1757518228594 0.19975455908625447 93
1757518228632 0.10931117362136224 94
1757518228671 0.0023035122962834147 95
1757518228709 0.41147312763604965 96
1757518228748 0.0003070411469262035 97
1757518228787 0.006209433972945447 98
1757518228825 0.09729756588233307 99
1757518228864 0.6752470357164773 100
1757518228903 0.0008010852834968416 101
1757518228941 0.06403101178325749 102
1757518228980 0.1891043543093143 103
1757518229019 0.042483199010300204 104
1757518229059 0.06740213002042558 105
1757518229098 0.010596950301809368 106
1757518229137 0.008370898145068792 107
1757518229176 0.005808992470813477 108
1757518229214 0.47704579239046085 109
1757518229253 0.016248534100314047 110
1757518229291 0.0071359252783566515 111
1757518229330 0.03656036261326204 112
1757518229369 0.07306144784596212 113
1757518229408 0.09233673770030495 114
1757518229447 0.0014333040785642908 115
1757518229486 0.08839488661829009 116
1757518229524 0.0028696777625096853 117
1757518229563 0.023441260031953393 118
1757518229602 0.011560011612658844 119
1757518229642 0.00458412065329788 120
1757518229681 0.18853427075040474 121
1757518229720 0.053429111165436215 122
1757518229759 0.011254605937454464 123
1757518229798 0.04057963707660983 124
1757518229837 0.1507971575972919 125
1757518229876 0.0017305279977509389 126
1757518229915 0.12951581582348073 127
1757518229955 0.019505416022091257 128
1757518229994 0.12096269813739938 129
1757518230035 0.111781386370251 130
1757518230075 0.07521887004031894 131
1757518230116 0.021976088730626044 132
1757518230156 0.08616008604760791 133
1757518230195 0.0456474092438421 134
1757518230234 0.04179738537764478 135
1757518230274 0.0011758478727235601 136
1757518230312 0.34968289304252803 137
1757518230352 0.07573283135435203 138
1757518230391 0.19281351741326172 139
1757518230430 0.0018347768679448041 140
1757518230470 0.14584726623724464 141
1757518230509 0.13796724661396104 142
1757518230549 0.06808985079577466 143
1757518230588 2.7672354765006163e-06 144
1757518230627 0.002642615101725824 145
1757518230667 0.04198781794636007 146
1757518230706 0.13599648792771185 147
1757518230746 0.21140831950375524 148
1757518230786 0.05476642767405711 149
1757518230827 0.04090856736140825 150
1757518230867 0.11493158185798281 151
1757518230906 0.03557265275795438 152
1757518230946 0.00461567988990294 153
1757518230986 0.09483152282584373 154
1757518231025 0.2876765147518533 155
1757518231066 0.2638487115231289 156
1757518231106 0.03614118864815239 157
1757518231145 0.3632013856642238 158
1757518231185 0.08418177197759977 159
1757518231224 0.11389314415106287 160
1757518231264 0.0816094578004866 161
1757518231303 0.023904628988735445 162
1757518231342 0.07188744825075935 163
1757518231382 0.034931751819688286 164
1757518231422 0.031718117550599764 165
1757518231461 0.06618347060383566 166
1757518231501 0.00831772882221799 167
1757518231540 0.1268526944086261 168
1757518231580 0.06177105954902925 169
1757518231620 0.002801647147902332 170
1757518231659 0.0788369734897258 171
1757518231699 0.011712457519730978 172
1757518231739 0.012817919968750266 173
1757518231778 0.013615429418905952 174
1757518231818 0.03619899530494906 175
1757518231857 0.000427206527241388 176
1757518231897 2.0016309634337155 177
1757518231936 2.5315656148258232e-05 178
1757518231976 0.2945335437191717 179
1757518232015 0.13097789201269422 180
1757518232055 0.00018161124997720377 181
1757518232095 0.05609598964134459 182
1757518232133 0.021398750904659588 183
1757518232173 0.12656205398362422 184
1757518232212 0.023074551684658617 185
1757518232253 0.05888474367956874 186
1757518232294 0.13747909637068953 187
1757518232333 0.008264067706974458 188
1757518232373 0.16927869736969306 189
1757518232413 0.011613741819857195 190
1757518232452 0.004700630514382693 191
1757518232492 0.47799229844950075 192
1757518232531 0.030602491044518666 193
1757518232571 0.026233609496112417 194
1757518232611 0.018855100607652643 195
1757518232650 0.30490081164456534 196
1757518232689 0.03336000106538398 197
1757518232729 0.13227662978028343 198
1757518232769 0.005948299527610062 199
1757518232809 0.06638672840071376 200
1757518232848 0.3694756669815668 201
1757518232889 0.11847249297808118 202
1757518232929 0.15129819569439112 203
1757518232969 0.003466560957396301 204
1757518233009 0.1269080598148834 205
1757518233049 0.12374920088230942 206
1757518233090 0.3663236496261131 207
1757518233129 0.014677503238412904 208
1757518233169 0.14041327414986074 209
1757518233209 0.23241331190452688 210
1757518233251 0.07568275350912702 211
1757518233297 0.05130541599481025 212
1757518233338 0.01481633196027865 213
1757518233378 0.02505211848022334 214
1757518233418 0.06414130612730823 215
1757518233458 0.0005485080648414677 216
1757518233498 0.4248590792510181 217
1757518233538 0.018282014761060963 218
1757518233580 0.036254236884784054 219
1757518233625 0.012118098458830226 220
1757518233666 0.41343603067289686 221
1757518233707 0.5894022072343776 222
1757518233747 0.36800451398333733 223
1757518233788 0.009818694132597602 224
1757518233829 0.12039710142181206 225
1757518233869 0.02089634878247634 226
1757518233910 0.2980873269715868 227
1757518233950 0.024882878632391185 228
1757518233991 0.12220647141058219 229
1757518234031 0.022483675074498468 230
1757518234072 0.023342694290597342 231
1757518234114 0.005699692825777677 232
1757518234156 0.06562523277512158 233
1757518234197 0.0375824034340113 234
1757518234238 0.0002508451632821327 235
1757518234279 0.031008161284182937 236
1757518234320 0.004363540921274943 237
1757518234360 0.0017913429002837855 238
1757518234402 0.06508531095372518 239
1757518234443 0.05484063103067783 240
1757518234483 0.0227827940365484 241
1757518234523 0.0012858737037457163 242
1757518234563 1.5571246036445043 243
1757518234603 0.009956394639314328 244
1757518234644 0.020082368498219882 245
1757518234684 0.07402309492294085 246
1757518234725 0.00028129760232863213 247
1757518234765 0.00015127322259216679 248
1757518234814 0.019060821194652557 249
1757518234856 0.00500190388637864 250
1757518234896 0.029808771735425895 251
1757518234936 2.0506724656715822e-05 252
1757518234976 0.004932698939403066 253
1757518235016 0.04385811752572211 254
1757518235057 0.04632929685702917 255
1757518235098 0.13248382274623585 256
1757518235138 0.0010814848440308823 257
1757518235178 0.008311666603602696 258
1757518235219 0.01435005519392064 259
1757518235259 0.05413631107314969 260
1757518235299 0.06047581362159115 261
1757518235340 0.4742769520560655 262
1757518235380 0.012710129987891085 263
1757518235420 0.062303468376682346 264
1757518235460 0.0024530260826352034 265
1757518235501 0.8716280358590027 266
1757518235540 0.011386300137585256 267
1757518235580 0.0005134857283962422 268
1757518235621 0.013073635089132696 269
1757518235662 0.1033306666039254 270
1757518235704 0.03736623227492835 271
1757518235746 0.008813071039922314 272
1757518235786 0.01739619023098712 273
1757518235827 0.14360475101816683 274
1757518235868 0.0050143864514665395 275
1757518235908 0.2711435550936912 276
1757518235948 0.04897507015043742 277
1757518235989 0.0003165264642956134 278
1757518236029 0.08191382800181315 279
1757518236070 0.21409963700737397 280
1757518236112 0.11193050429335134 281
1757518236153 0.15107894171269765 282
1757518236195 0.03902804503516371 283
1757518236236 0.15698212809764422 284
1757518236276 0.02680304838111464 285
1757518236317 0.10337107361876986 286
1757518236358 0.019383054433900843 287
1757518236398 0.00920288958892027 288
1757518236438 0.00025607689201775707 289
1757518236478 0.0921124288825766 290
1757518236519 0.20768969032055637 291
1757518236559 0.07864763237760947 292
1757518236601 0.02337868165092668 293
1757518236642 0.2938173172858779 294
1757518236682 0.09103510062371352 295
1757518236722 0.015991659124540772 296
1757518236762 0.009553360526920116 297
1757518236803 0.022439747257004962 298
1757518236843 0.06708309500116537 299
1757518236883 0.003980149655720726 300
1757518236923 0.14003436910529263 301
1757518236963 0.3036892942228502 302
1757518237003 0.11684790620133377 303
1757518237044 0.004822234432769794 304
1757518237085 0.027748603151477282 305
1757518237126 0.02526693814012548 306
1757518237167 2.322021910360857e-05 307
1757518237207 0.0005389838033940127 308
1757518237248 0.037910306525242216 309
1757518237289 0.2919975365103115 310
1757518237330 16.788647789764653 311
1757518237370 0.16389470799059896 312
1757518237411 0.39176742256645597 313
1757518237452 0.061902589872037984 314
1757518237492 0.07473433863929763 315
1757518237533 0.006366900914371475 316
1757518237573 0.02592568107369439 317
1757518237616 0.09737400981776514 318
1757518237657 0.022137463717693078 319
1757518237698 0.10890572562000492 320
1757518237740 4.707263324620874e-06 321
1757518237781 0.0013814343302047758 322
1757518237822 0.08570127713429233 323
1757518237863 0.14909822677343001 324
1757518237903 0.008272062998284861 325
1757518237944 0.009055400619798253 326
1757518237986 0.11205578714177199 327
1757518238028 0.029200039499224208 328
1757518238069 0.002381939349061795 329
1757518238112 0.01674126738220302 330
1757518238157 0.41260286952420394 331
1757518238198 0.0018057013843749837 332
1757518238239 0.04358915236433174 333
1757518238280 0.08451973926713366 334
1757518238320 0.06077458811470838 335
1757518238361 0.16087930961882693 336
1757518238402 0.11263152505253753 337
1757518238443 0.0013293211287331381 338
1757518238483 0.033707676170278554 339
1757518238523 0.048999758513104084 340
1757518238564 0.45400905605640035 341
1757518238605 0.07113519431426772 342
1757518238646 0.07202098590323633 343
1757518238686 0.013576319281976989 344
1757518238727 0.11984925877002603 345
1757518238768 0.01149500117349921 346
1757518238809 0.08079639132069824 347
1757518238850 0.09817303817311399 348
1757518238894 8.546444985928375e-08 349
1757518238936 0.0030905137217947082 350
1757518238979 0.035467404678113254 351
1757518239020 0.03156496021320749 352
1757518239062 0.00818098477348093 353
1757518239103 0.05042065007875232 354
1757518239144 0.12571279916521588 355
1757518239184 0.009829553875225557 356
1757518239225 0.07370734829063241 357
1757518239266 0.03225556185182922 358
1757518239307 0.09941300565797055 359
1757518239348 0.03179996797153376 360
1757518239390 0.33613760297278555 361
1757518239433 0.02899251580332639 362
1757518239474 0.00045283222566480414 363
1757518239515 2.3351921119202215e-05 364
1757518239556 0.041849218682091016 365
1757518239597 1.3286788661549043 366
1757518239637 0.24580058123477544 367
1757518239678 0.09032960030437136 368
1757518239718 0.08098897356993506 369
1757518239759 0.011407866561742076 370
1757518239800 0.20713173570551918 371
1757518239840 0.0328788179336171 372
1757518239881 0.008818838013702633 373
1757518239922 1.1303455711532654e-05 374
1757518239963 0.04693646197026103 375
1757518240004 0.1307043327330239 376
1757518240046 0.004149838655872274 377
1757518240088 0.22148475228919232 378
1757518240131 0.00489904151935837 379
1757518240173 0.21669493279266488 380
1757518240214 0.04967512386345728 381
1757518240255 6.14497299159707e-07 382
1757518240296 0.05856138268951845 383
1757518240337 0.022809704496590064 384
1757518240378 0.08731186864824404 385
1757518240419 0.16630486179289122 386
1757518240459 4.6102755183448527e-07 387
1757518240500 0.181750986507102 388
1757518240541 0.12379471710168537 389
1757518240581 0.1075126017540165 390
1757518240622 0.07371834687951011 391
1757518240663 0.046544654648258244 392
1757518240704 0.01242972231829084 393
1757518240745 0.0009734743060510258 394
1757518240787 0.049321708109085635 395
1757518240830 0.12467642568809223 396
1757518240872 0.20626850749554487 397
1757518240913 0.12355688946581884 398
1757518240955 0.018376852066941066 399
1757518240996 0.019654880119491753 400
1757518241037 0.025596975188482404 401
1757518241078 0.0006829851537170951 402
1757518241120 0.3023506826831767 403
1757518241161 0.3082833005286131 404
1757518241202 0.000956704608015902 405
1757518241243 0.0011395018165989694 406
1757518241284 0.037858324544527165 407
1757518241325 0.001755354983237245 408
1757518241367 0.13062959747395558 409
1757518241407 0.15054247454837053 410
1757518241448 0.1410700219938299 411
1757518241489 0.0648849524654822 412
1757518241530 0.00033364526286627343 413
1757518241573 0.16215168116023201 414
1757518241614 0.07336995712313675 415
1757518241656 0.1738407034257466 416
1757518241697 0.026660870772859852 417
1757518241738 0.32745292839538026 418
1757518241779 0.03614942052368125 419
1757518241821 0.016654897876290313 420
1757518241862 0.02116347774045977 421
1757518241903 0.23466950342702989 422
1757518241943 0.0050728561717546415 423
1757518241985 0.0355763396049743 424
1757518242026 0.12617347739461535 425
1757518242069 0.04805419303537714 426
1757518242111 0.01076965920738186 427
1757518242154 0.05102705289823339 428
1757518242196 0.0024694428508252385 429
1757518242238 0.010018630708322967 430
1757518242280 0.007826224476935411 431
1757518242322 0.1075736539082397 432
1757518242363 0.14908982350026137 433
1757518242405 0.0958081818470378 434
1757518242448 0.19371786879590774 435
1757518242491 0.0010959695598428143 436
1757518242532 0.06335481218216057 437
1757518242577 0.24158891933334645 438
1757518242619 0.1730649207938131 439
1757518242661 0.34761729873141484 440
1757518242703 0.02476337939895189 441
1757518242744 0.0008228191513821874 442
1757518242785 0.00805514916101584 443
1757518242827 0.11579023572867457 444
1757518242868 0.013731648688351038 445
1757518242910 0.03422962081814196 446
1757518242951 0.44488490555245985 447
1757518242994 0.05947982735987425 448
1757518243036 0.0040979101936363 449
1757518243078 0.007483870746932252 450
1757518243119 0.3030120727867774 451
1757518243161 0.032520744853703445 452
1757518243203 0.032156329594044575 453
1757518243246 0.023092476449368987 454
1757518243293 0.1873370077162967 455
1757518243334 0.24612252001288196 456
1757518243376 0.008547871454667464 457
1757518243418 0.02506007717878683 458
1757518243459 0.7829232957798112 459
1757518243501 0.17901721970201726 460
1757518243543 4.5772148835468196e-05 461
1757518243596 0.12197372330033367 462
1757518243638 0.026124988081671862 463
1757518243679 0.09534133557390466 464
1757518243723 0.000809467479222165 465
1757518243766 0.05510962259412204 466
1757518243809 0.19623560203109255 467
1757518243851 0.003944093276806199 468
1757518243893 0.1250153870805137 469
1757518243936 0.04342805398555934 470
1757518243977 0.007841495131397265 471
1757518244019 0.0009986825287021553 472
1757518244060 0.24423980449814903 473
1757518244103 0.016690557023647683 474
1757518244145 0.019144396288443482 475
1757518244188 0.0276612125965141 476
1757518244231 0.10916412847981798 477
1757518244273 0.06465326038639481 478
1757518244314 0.0726014935708497 479
1757518244355 0.01934782652815813 480
1757518244397 0.033001169764355666 481
1757518244439 0.07165172849794235 482
1757518244481 0.020548659308231472 483
1757518244523 0.34669310613884485 484
1757518244565 0.02094128160219504 485
1757518244607 0.0001824445801404454 486
1757518244649 0.008904331727165888 487
1757518244693 0.026580605993059538 488
1757518244736 0.08012138999461703 489
1757518244778 0.0865198818816571 490
1757518244833 0.15671115321614232 491
1757518244875 0.0003230316868287344 492
1757518244917 0.051722155480416906 493
1757518244959 0.40948073928874706 494
1757518245001 0.0010413160973892163 495
1757518245043 0.013492081821614068 496
1757518245087 0.00024202966597656586 497
1757518245129 0.08896699344869147 498
1757518245173 0.26775992761203377 499
