1757517916048 163.9950581368358 0
1757517916057 163.3799176724068 1
1757517916066 162.76717744626748 2
1757517916075 162.15682802251104 3
1757517916083 161.54886000247774 4
1757517916091 160.94326402461263 5
1757517916100 160.3400307643108 6
1757517916108 159.73915093377636 7
1757517916117 159.14061528187926 8
1757517916125 158.54441459399987 9
1757517916134 157.95053969189757 10
1757517916142 157.35898143355715 11
1757517916151 156.7697307130501 12
1757517916159 156.1827784603892 13
1757517916168 155.59811564138894 14
1757517916177 155.01573325752094 15
1757517916185 154.4356223457737 16
1757517916194 153.85777397851717 17
1757517916202 153.28217926335225 18
1757517916211 152.7088293429807 19
1757517916220 152.13771539506112 20
1757517916228 151.56882863207392 21
1757517916237 151.0021603011809 22
1757517916246 150.43770168408776 23
1757517916255 149.875444096912 24
1757517916264 149.3153788900396 25
1757517916273 148.7574974479952 26
1757517916282 148.2017911893038 27
1757517916291 147.64825156635942 28
1757517916300 147.0968700652866 29
1757517916308 146.54763820580993 30
1757517916317 146.0005475411224 31
1757517916325 145.4555896577473 32
1757517916334 144.91275617541348 33
1757517916342 144.37203874691932 34
1757517916351 143.83342905800237 35
1757517916359 143.29691882721073 36
1757517916368 142.76249980577188 37
1757517916378 142.23016377746188 38
1757517916386 141.69990255848177 39
1757517916395 141.17170799732423 40
1757517916404 140.64557197464552 41
1757517916413 140.12148640314334 42
1757517916422 139.59944322742498 43
1757517916430 139.07943442388284 44
1757517916439 138.56145200056997 45
1757517916447 138.04548799707098 46
1757517916456 137.53153448438374 47
1757517916465 137.01958356478724 48
1757517916474 136.5096273717237 49
1757517916483 136.00165806967482 50
1757517916492 135.49566785403388 51
1757517916501 134.9916489509892 52
1757517916510 134.48959361740086 53
1757517916519 133.98949414067633 54
1757517916528 133.49134283865362 55
1757517916537 132.99513205947846 56
1757517916546 132.50085418148598 57
1757517916554 132.0085016130783 58
1757517916564 131.5180667926096 59
1757517916573 131.02954218826483 60
1757517916583 130.54292029794271 61
1757517916591 130.05819364913756 62
1757517916600 129.5753547988239 63
1757517916609 129.09439633333548 64
1757517916618 128.61531086825553 65
1757517916627 128.13809104829744 66
1757517916636 127.6627295471856 67
1757517916645 127.18921906755028 68
1757517916654 126.71755234080467 69
1757517916663 126.24772212703407 70
1757517916672 125.77972121488455 71
1757517916681 125.31354242144593 72
1757517916689 124.84917859214096 73
1757517916698 124.38662260061515 74
1757517916707 123.9258673486229 75
1757517916716 123.46690576591736 76
1757517916725 123.0097308101364 77
1757517916734 122.55433546669973 78
1757517916743 122.10071274869092 79
1757517916752 121.64885569675157 80
1757517916761 121.19875737897424 81
1757517916770 120.75041089079016 82
1757517916779 120.30380935486284 83
1757517916788 119.85894592097934 84
1757517916797 119.41581376594588 85
1757517916806 118.97440609347908 86
1757517916815 118.5347161340957 87
1757517916824 118.09673714501483 88
1757517916833 117.66046241004346 89
1757517916842 117.22588523947903 90
1757517916851 116.79299897000062 91
1757517916860 116.3617969645626 92
1757517916869 115.9322726122962 93
1757517916878 115.5044193284017 94
1757517916887 115.07823055404624 95
1757517916897 114.65369975626257 96
1757517916906 114.2308204278455 97
1757517916916 113.80958608724892 98
1757517916925 113.38999027848732 99
1757517916934 112.97202657103202 100
1757517916943 112.55568855971154 101
1757517916952 112.14096986461115 102
1757517916961 111.72786413097347 103
1757517916970 111.31636502909771 104
1757517916979 110.9064662542423 105
1757517916988 110.4981615265238 106
1757517916998 110.0914445908221 107
1757517917007 109.6863092166793 108
1757517917016 109.28274919820247 109
1757517917026 108.88075835396837 110
1757517917035 108.4803305269266 111
1757517917044 108.08145958429984 112
1757517917053 107.68413941749131 113
1757517917063 107.2883639419892 114
1757517917072 106.89412709726868 115
1757517917082 106.50142284669941 116
1757517917091 106.11024517745129 117
1757517917100 105.72058810039631 118
1757517917109 105.3324456500207 119
1757517917119 104.94581188432872 120
1757517917128 104.56068088474703 121
1757517917137 104.17704675603784 122
1757517917146 103.79490362620115 123
1757517917156 103.41424564638652 124
1757517917165 103.0350669907988 125
1757517917174 102.65736185661008 126
1757517917183 102.28112446386588 127
1757517917193 101.90634905539622 128
1757517917202 101.53302989672494 129
1757517917211 101.16116127598147 130
1757517917221 100.79073750380952 131
1757517917230 100.42175291327783 132
1757517917239 100.05420185979342 133
1757517917249 99.68807872101284 134
1757517917258 99.32337789675194 135
1757517917269 98.96009380890149 136
1757517917294 98.59822090133848 137
1757517917304 98.23775363983721 138
1757517917314 97.87868651198664 139
1757517917323 97.521014027101 140
1757517917333 97.16473071613521 141
1757517917342 96.80983113159846 142
1757517917351 96.45630984747054 143
1757517917361 96.10416145911539 144
1757517917370 95.75338058319765 145
1757517917380 95.40396185759737 146
1757517917390 95.05589994132654 147
1757517917399 94.70918951444672 148
1757517917409 94.36382527798409 149
1757517917419 94.01980195384708 150
1757517917428 93.67711428474513 151
1757517917437 93.33575703410281 152
1757517917447 92.99572498598474 153
1757517917456 92.65701294500504 154
1757517917466 92.31961573625269 155
1757517917476 91.9835282052104 156
1757517917485 91.64874521766936 157
1757517917495 91.3152616596535 158
1757517917504 90.9830724373372 159
1757517917514 90.65217247696656 160
1757517917523 90.32255672477956 161
1757517917533 89.99422014692793 162
1757517917543 89.66715772939591 163
1757517917552 89.34136447792537 164
1757517917562 89.01683541793567 165
1757517917571 88.6935655944456 166
1757517917581 88.37155007199658 167
1757517917591 88.05078393457661 168
1757517917601 87.73126228554004 169
1757517917610 87.41298024753534 170
1757517917620 87.09593296242474 171
1757517917629 86.78011559121255 172
1757517917639 86.46552331396379 173
1757517917648 86.15215132973591 174
1757517917657 85.83999485649714 175
1757517917667 85.5290491310567 176
1757517917676 85.21930940898648 177
1757517917686 84.9107709645501 178
1757517917695 84.60342909062551 179
1757517917705 84.29727909863597 180
1757517917715 83.99231631847262 181
1757517917724 83.68853609842434 182
1757517917734 83.38593380510267 183
1757517917743 83.08450482337054 184
1757517917753 82.78424455627064 185
1757517917763 82.4851484249533 186
1757517917772 82.18721186860422 187
1757517917783 81.8904303443732 188
1757517917792 81.59479932730474 189
1757517917802 81.30031431026505 190
1757517917812 81.00697080387327 191
1757517917822 80.71476433643055 192
1757517917831 80.42369045385128 193
1757517917841 80.13374471959075 194
1757517917850 79.8449227145793 195
1757517917860 79.5572200371508 196
1757517917870 79.27063230297517 197
1757517917880 78.98515514498838 198
1757517917890 78.70078421332668 199
1757517917899 78.41751517525616 200
1757517917909 78.13534371510613 201
1757517917919 77.85426553420291 202
1757517917928 77.57427635079911 203
1757517917938 77.29537190001025 204
1757517917948 77.01754793374735 205
1757517917958 76.74080022064935 206
1757517917971 76.46512454601746 207
1757517917982 76.1905167117512 208
1757517917992 75.91697253627888 209
1757517918003 75.64448785449721 210
1757517918013 75.37305851770083 211
1757517918023 75.10268039352312 212
1757517918032 74.83334936586613 213
1757517918042 74.56506133484126 214
1757517918052 74.29781221670203 215
1757517918061 74.03159794378075 216
1757517918071 73.76641446442643 217
1757517918081 73.50225774293993 218
1757517918091 73.2391237595116 219
1757517918101 72.97700851015802 220
1757517918111 72.71590800666141 221
1757517918121 72.45581827650395 222
1757517918131 72.19673536280823 223
1757517918141 71.93865532427539 224
1757517918150 71.68157423512297 225
1757517918160 71.42548818502249 226
1757517918170 71.17039327904013 227
1757517918180 70.91628563757644 228
1757517918190 70.66316139630291 229
1757517918200 70.41101670610536 230
1757517918210 70.15984773301855 231
1757517918221 69.9096506581733 232
1757517918231 69.66042167773183 233
1757517918241 69.41215700282804 234
1757517918251 69.16485285951286 235
1757517918261 68.91850548869012 236
1757517918271 68.67311114606201 237
1757517918281 68.42866610206693 238
1757517918291 68.1851666418255 239
1757517918301 67.94260906507851 240
1757517918311 67.70098968613205 241
1757517918321 67.46030483379732 242
1757517918331 67.22055085133718 243
1757517918341 66.98172409640449 244
1757517918351 66.74382094098831 245
1757517918361 66.5068377713574 246
1757517918371 66.27077098800109 247
1757517918382 66.03561700557644 248
1757517918392 65.80137225285023 249
1757517918402 65.56803317264311 250
1757517918412 65.33559622177555 251
1757517918422 65.10405787101175 252
1757517918432 64.87341460500345 253
1757517918442 64.64366292223731 254
1757517918452 64.41479933497885 255
1757517918462 64.1868203692177 256
1757517918472 63.95972256461412 257
1757517918483 63.73350247444547 258
1757517918493 63.50815666555105 259
1757517918503 63.283681718279794 260
1757517918513 63.06007422643586 261
1757517918523 62.837330797226976 262
1757517918534 62.61544805120945 263
1757517918544 62.394422622237315 264
1757517918553 62.17425115740864 265
1757517918564 61.954930317014124 266
1757517918574 61.73645677448338 267
1757517918585 61.51882721633592 268
1757517918595 61.30203834212616 269
1757517918605 61.08608686439457 270
1757517918616 60.87096950861404 271
1757517918626 60.65668301314157 272
1757517918636 60.443224129165046 273
1757517918646 60.23058962065329 274
1757517918657 60.01877626430631 275
1757517918667 59.80778084950381 276
1757517918677 59.59760017825638 277
1757517918687 59.38823106515405 278
1757517918698 59.17967033731871 279
1757517918708 58.971914834352205 280
1757517918718 58.764961408289565 281
1757517918729 58.55880692354737 282
1757517918739 58.35344825687722 283
1757517918749 58.14888229731588 284
1757517918759 57.94510594613539 285
1757517918770 57.742116116797895 286
1757517918780 57.53990973490521 287
1757517918790 57.33848373815108 288
1757517918801 57.13783507627488 289
1757517918811 56.93796071101144 290
1757517918821 56.73885761604638 291
1757517918832 56.54052277696776 292
1757517918842 56.34295319121863 293
1757517918852 56.14614586805157 294
1757517918862 55.950097828479514 295
1757517918873 55.7548061052329 296
1757517918883 55.56026774271062 297
1757517918894 55.36647979693447 298
1757517918904 55.17343933550505 299
1757517918914 54.98114343755275 300
1757517918924 54.78958919369543 301
1757517918935 54.598773705991455 302
1757517918945 54.40869408789471 303
1757517918955 54.21934746420948 304
1757517918966 54.03073097104624 305
1757517918976 53.84284175577687 306
1757517918986 53.65567697698981 307
1757517918997 53.469233804445345 308
1757517919008 53.283509419033166 309
1757517919018 53.09850101272627 310
1757517919029 52.914205788539334 311
1757517919039 52.73062096048393 312
1757517919050 52.54774375352466 313
1757517919060 52.365571403536926 314
1757517919071 52.184101157264166 315
1757517919081 52.00333027227259 316
1757517919092 51.82325601691228 317
1757517919102 51.64387567027084 318
1757517919113 51.46518652213345 319
1757517919123 51.287185872939766 320
1757517919134 51.10987103374156 321
1757517919144 50.933239326161555 322
1757517919155 50.75728808235165 323
1757517919166 50.58201464495041 324
1757517919176 50.40741636704274 325
1757517919187 50.233490612118146 326
1757517919197 50.0602347540301 327
1757517919208 49.8876461769544 328
1757517919219 49.71572227534864 329
1757517919229 49.54446045391274 330
1757517919240 49.373858127546605 331
1757517919250 49.20391272131153 332
1757517919261 49.03462167038893 333
1757517919272 48.86598242004187 334
1757517919282 48.69799242557269 335
1757517919293 48.53064915228694 336
1757517919303 48.36395007545025 337
1757517919314 48.19789268025168 338
1757517919325 48.032474461763364 339
1757517919336 47.86769292490212 340
1757517919346 47.703545584389765 341
1757517919357 47.5400299647149 342
1757517919368 47.37714360009448 343
1757517919378 47.214884034436096 344
1757517919389 47.05324882129752 345
1757517919400 46.89223552385089 346
1757517919410 46.73184171484383 347
1757517919421 46.57206497656149 348
1757517919432 46.41290290078974 349
1757517919442 46.25435308877692 350
1757517919453 46.09641315119628 351
1757517919464 45.9390807081093 352
1757517919474 45.7823533889293 353
1757517919485 45.626228832383006 354
1757517919496 45.47070468647474 355
1757517919507 45.31577860844988 356
1757517919517 45.1614482647587 357
1757517919528 45.00771133101781 358
1757517919539 44.85456549197753 359
1757517919550 44.702008441483294 360
1757517919561 44.550037882440805 361
1757517919571 44.39865152677895 362
1757517919582 44.247847095416674 363
1757517919593 44.09762231822553 364
1757517919604 43.94797493399443 365
1757517919614 43.79890269039556 366
1757517919625 43.650403343948135 367
1757517919636 43.502474659984436 368
1757517919647 43.355114412615286 369
1757517919658 43.20832038469357 370
1757517919668 43.06209036778164 371
1757517919679 42.91642216211634 372
1757517919690 42.77131357657479 373
1757517919701 42.626762428639715 374
1757517919712 42.482766544366605 375
1757517919722 42.33932375834952 376
1757517919733 42.19643191368629 377
1757517919744 42.05408886194656 378
1757517919755 41.91229246313773 379
1757517919766 41.77104058567155 380
1757517919777 41.63033110633092 381
1757517919787 41.490161910237 382
1757517919798 41.35053089081677 383
1757517919809 41.21143594976903 384
1757517919820 41.07287499703358 385
1757517919831 40.934845950756774 386
1757517919842 40.79734673726072 387
1757517919853 40.66037529100965 388
1757517919864 40.52392955457957 389
1757517919875 40.388007478624374 390
1757517919886 40.252607021845726 391
1757517919897 40.1177261509592 392
1757517919908 39.98336284066536 393
1757517919919 39.84951507361521 394
1757517919930 39.71618084038218 395
1757517919941 39.58335813942767 396
1757517919952 39.4510449770724 397
1757517919962 39.319239367463986 398
1757517919973 39.18793933254656 399
1757517919984 39.057142902030144 400
1757517919995 38.92684811335973 401
1757517920007 38.797053011684916 402
1757517920018 38.66775564982928 403
1757517920030 38.53895408826112 404
1757517920041 38.4106463950615 405
1757517920052 38.2828306458963 406
1757517920064 38.15550492398436 407
1757517920075 38.02866732006915 408
1757517920086 37.902315932388255 409
1757517920097 37.77644886664445 410
1757517920108 37.65106423597553 411
1757517920120 37.52616016092582 412
1757517920131 37.40173476941639 413
1757517920142 37.27778619671593 414
1757517920154 37.15431258541196 415
1757517920165 37.0313120853825 416
1757517920176 36.90878285376623 417
1757517920187 36.78672305493473 418
1757517920199 36.66513086046338 419
1757517920210 36.544004449103895 420
1757517920222 36.4233420067545 421
1757517920233 36.30314172643312 422
1757517920244 36.18340180824909 423
1757517920256 36.0641204593742 424
1757517920267 35.945295894016326 425
1757517920278 35.826926333390254 426
1757517920289 35.70901000569143 427
1757517920301 35.591545146067276 428
1757517920312 35.47452999659021 429
1757517920324 35.35796280623077 430
1757517920335 35.241841830830055 431
1757517920346 35.1261653330718 432
1757517920357 35.010931582457445 433
1757517920369 34.89613885527704 434
1757517920380 34.78178543458411 435
1757517920391 34.66786961016784 436
1757517920402 34.554389678527784 437
1757517920413 34.441343942845734 438
1757517920425 34.32873071296118 439
1757517920436 34.21654830534361 440
1757517920447 34.104795043067384 441
1757517920459 33.99346925578508 442
1757517920470 33.882569279701556 443
1757517920481 33.77209345754876 444
1757517920492 33.66204013855945 445
1757517920503 33.55240767844169 446
1757517920515 33.44319443935313 447
1757517920527 33.33439878987592 448
1757517920538 33.2260191049917 449
1757517920549 33.11805376605488 450
1757517920560 33.01050116076972 451
1757517920572 32.9033596831636 452
1757517920583 32.79662773356261 453
1757517920594 32.69030371856715 454
1757517920606 32.58438605102613 455
1757517920617 32.47887315001381 456
1757517920632 32.373763440804176 457
1757517920643 32.269055354846834 458
1757517920655 32.16474732974256 459
1757517920666 32.06083780921937 460
1757517920678 31.95732524310806 461
1757517920689 31.854208087318177 462
1757517920700 31.75148480381429 463
1757517920712 31.649153860592044 464
1757517920723 31.547213731654097 465
1757517920735 31.445662896986807 466
1757517920746 31.34449984253666 467
1757517920758 31.243723060186678 468
1757517920770 31.14333104773243 469
1757517920781 31.043322308860077 470
1757517920792 30.943695353122386 471
1757517920804 30.844448695914657 472
1757517920815 30.74558085845386 473
1757517920827 30.647090367753766 474
1757517920838 30.548975756602967 475
1757517920849 30.45123556354228 476
1757517920861 30.353868332841415 477
1757517920873 30.25687261447732 478
1757517920884 30.160246964110453 479
1757517920896 30.06398994306369 480
1757517920907 29.96810011829916 481
1757517920918 29.872576062396362 482
1757517920930 29.777416353529784 483
1757517920941 29.682619575447426 484
1757517920953 29.58818431744816 485
1757517920964 29.494109174360148 486
1757517920976 29.400392746519408 487
1757517920987 29.307033639747228 488
1757517920999 29.21403046532954 489
1757517921010 29.12138183999486 490
1757517921022 29.029086385893056 491
1757517921034 28.937142730573207 492
1757517921045 28.84554950696431 493
1757517921057 28.754305353351384 494
1757517921068 28.663408913356815 495
1757517921080 28.57285883591756 496
1757517921091 28.48265377526542 497
1757517921103 28.392792390905708 498
1757517921114 28.303273347596086 499
