1757595172499 0.8316348810498898 0
1757595172532 1.2825229417443975 1
1757595172565 4.798147283435095 2
1757595172599 0.16042255170337485 3
1757595172632 0.025068446550952018 4
1757595172666 0.38434687340343104 5
1757595172700 0.3542147516905711 6
1757595172733 0.10701870251112612 7
1757595172767 0.017121684855473367 8
1757595172800 0.016770557714585375 9
1757595172834 0.014761745029626553 10
1757595172867 0.010241410021822987 11
1757595172900 0.441223814759461 12
1757595172933 0.12219291983472305 13
1757595172967 0.7061828905751418 14
1757595173002 0.000653694369205491 15
1757595173035 0.0020117127197112955 16
1757595173069 0.089486129196659 17
1757595173103 0.0033264054283832696 18
1757595173137 0.07819911613944155 19
1757595173170 0.0690159354100637 20
1757595173204 0.11750935384768295 21
1757595173237 0.008756538635702724 22
1757595173270 0.0017437150111945794 23
1757595173304 0.03412860967895202 24
1757595173337 0.0411648622689211 25
1757595173371 0.012187011515232835 26
1757595173404 0.0075573969216584935 27
1757595173437 0.00013233053732070348 28
1757595173471 0.07053608723547891 29
1757595173504 0.0019808051367374907 30
1757595173540 0.09546733818399457 31
1757595173576 0.07759237002386739 32
1757595173612 0.01624388522557014 33
1757595173650 0.02034519290416885 34
1757595173685 0.06726857688332147 35
1757595173720 0.07710673508756109 36
1757595173762 0.08750910716670414 37
1757595173809 0.12742263906619736 38
1757595173843 0.031522365550258766 39
1757595173878 0.0014559360549151626 40
1757595173911 0.22686384186828282 41
1757595173945 0.11465361789754895 42
1757595173979 0.08416061861632176 43
1757595174015 0.0012242489983203093 44
1757595174049 0.08637868249074791 45
1757595174084 0.1781272615209297 46
1757595174118 0.007160708433044673 47
1757595174152 0.03241559168988508 48
1757595174185 0.15699304663365216 49
1757595174219 0.006629858227196781 50
1757595174253 0.007759167886545663 51
1757595174286 0.008826628104659775 52
1757595174320 0.008165823264221526 53
1757595174353 0.0006729115550723549 54
1757595174387 0.0428424265227491 55
1757595174421 0.02375312489495496 56
1757595174454 0.016098084720369818 57
1757595174487 0.47009119154536294 58
1757595174521 0.0031094754611657276 59
1757595174555 0.004889157106331191 60
1757595174588 0.03731987793089484 61
1757595174621 0.003137393446556852 62
1757595174655 0.02024484700076229 63
1757595174689 0.006598197563815173 64
1757595174723 0.004753149459234211 65
1757595174756 0.019561101261028117 66
1757595174789 0.004727249696521868 67
1757595174823 0.12195862841128376 68
1757595174858 0.025313325955105707 69
1757595174892 0.005862997785596888 70
1757595174925 0.1936764557563519 71
1757595174958 0.020306536416558482 72
1757595174992 0.1297747193129072 73
1757595175026 0.005642356444765534 74
1757595175060 2.7284811199221453e-06 75
1757595175093 0.138642788461921 76
1757595175127 0.031356076867393876 77
1757595175161 0.12188692506022643 78
1757595175194 4.0302437941241083e-07 79
1757595175228 0.006051815866628937 80
1757595175262 0.005268960185136292 81
1757595175295 0.8709235992002023 82
1757595175329 0.18315996219414382 83
1757595175362 0.03457737758546519 84
1757595175397 0.00455582958471333 85
1757595175430 0.021666848185569246 86
1757595175464 0.000795958649196873 87
1757595175498 0.01749941515410229 88
1757595175531 0.0031374500024865357 89
1757595175574 0.006911785873247179 90
1757595175611 0.022118997706134454 91
1757595175645 0.38259523427580483 92
1757595175679 0.18834156017982334 93
1757595175713 0.2048679175775752 94
1757595175747 0.02533195345823047 95
1757595175781 0.11534662274099551 96
1757595175815 0.12264475602024534 97
1757595175849 0.028792199885235382 98
1757595175884 0.04054899692962945 99
1757595175918 0.0404845225986099 100
1757595175952 0.0004947656726483185 101
1757595175986 2.4380474942244094e-06 102
1757595176020 0.004999321601708521 103
1757595176054 0.053662932136665564 104
1757595176088 0.316164377043823 105
1757595176122 0.002850848439708127 106
1757595176156 0.017870177458259227 107
1757595176189 0.025666565438302636 108
1757595176223 0.00030357852482856183 109
1757595176257 0.0742116914779708 110
1757595176291 0.034741094245563285 111
1757595176325 0.043022857255507044 112
1757595176359 0.004346360937148011 113
1757595176393 0.21101166806560856 114
1757595176427 2.204773994967379e-05 115
1757595176461 0.01640186293413752 116
1757595176495 0.004309291538853307 117
1757595176529 0.024675459248324896 118
1757595176563 0.10632701296145358 119
1757595176597 0.08806058008830042 120
1757595176631 0.11090851115287036 121
1757595176665 0.006873730962646046 122
1757595176699 0.02173472829359598 123
1757595176732 0.04715807289840824 124
1757595176766 0.11548650377553871 125
1757595176800 0.09302490253810192 126
1757595176834 0.012163222271416425 127
1757595176867 0.015145792713660075 128
1757595176901 0.0017214765043983128 129
1757595176935 0.07692967480262115 130
1757595176968 0.014348378098960161 131
1757595177003 0.07038650981936037 132
1757595177037 0.026561355606591258 133
1757595177071 0.033382629455553425 134
1757595177104 0.01645372008899039 135
1757595177138 0.04137559708378335 136
1757595177173 0.18407127181110108 137
1757595177208 0.12028667948278202 138
1757595177242 0.039777647768945205 139
1757595177276 0.0014934719000836334 140
1757595177310 0.14851285481117169 141
1757595177345 0.1070734271182594 142
1757595177379 0.04977737369804509 143
1757595177413 0.009648084122531474 144
1757595177447 0.027998615413873565 145
1757595177481 0.20000607754019004 146
1757595177515 0.36690734428223515 147
1757595177549 0.06740976338598038 148
1757595177583 0.04632151395094083 149
1757595177617 0.2925629503549693 150
1757595177652 0.06774612633835665 151
1757595177685 0.05389799885684725 152
1757595177720 0.02008169402822438 153
1757595177754 0.10993421746479018 154
1757595177788 0.12272525706106854 155
1757595177822 0.000331597021254554 156
1757595177856 0.005001578366117476 157
1757595177891 0.020097297240339665 158
1757595177926 0.052182719343610816 159
1757595177961 0.03983372285827686 160
1757595177996 0.007303851185454777 161
1757595178030 0.04858395929645447 162
1757595178064 0.0496365739536853 163
1757595178098 0.010666668834381261 164
1757595178132 0.029546870452547665 165
1757595178166 6.825694337147572e-05 166
1757595178201 0.00801953726175985 167
1757595178235 0.008873215733871837 168
1757595178269 0.0743137629905598 169
1757595178303 0.06969809317700437 170
1757595178337 0.45940251375716834 171
1757595178371 0.20378893004603554 172
1757595178405 0.028815568688402248 173
1757595178439 0.1045250542431212 174
1757595178473 0.025901782132121777 175
1757595178511 0.12227062706775715 176
1757595178545 0.11647555423219626 177
1757595178580 0.011345649612798863 178
1757595178615 0.09179031625799308 179
1757595178650 0.06934588143222754 180
1757595178684 0.025306823893767653 181
1757595178718 0.0006443342291257729 182
1757595178753 0.0014179223106899337 183
1757595178787 0.0033115122245218616 184
1757595178822 0.014957892335928157 185
1757595178856 0.2624613723359514 186
1757595178891 0.18722100436367592 187
1757595178926 0.011976400022939605 188
1757595178960 0.0073666791091164694 189
1757595178995 0.029474680782719972 190
1757595179029 0.1675256787381812 191
1757595179064 3.1456530582551803e-05 192
1757595179098 0.02963593520873788 193
1757595179133 0.2768530312695583 194
1757595179168 0.06907478177394068 195
1757595179203 0.002758043307250548 196
1757595179238 0.019256681610601626 197
1757595179273 0.06706541848159661 198
1757595179308 0.060618134970692975 199
1757595179343 0.07883494121523382 200
1757595179377 0.02784422802759673 201
1757595179412 0.013165491783479866 202
1757595179447 0.06136161767413733 203
1757595179481 0.045719794351180836 204
1757595179516 0.2863085602339608 205
1757595179550 0.07526697823537776 206
1757595179585 0.036019564535358005 207
1757595179619 0.0019376716381681125 208
1757595179654 0.19512881362427095 209
1757595179688 0.07130667667147328 210
1757595179723 0.028677381502114668 211
1757595179758 0.04512199087987167 212
1757595179792 0.04249168051773937 213
1757595179827 0.14866323791056907 214
1757595179861 0.019920719407871604 215
1757595179896 0.1887355269276553 216
1757595179930 0.0418764012023393 217
1757595179965 0.11545115734997931 218
1757595179999 0.01161542595701728 219
1757595180035 0.09279279502232318 220
1757595180071 0.1349405300105197 221
1757595180106 0.03529505055718964 222
1757595180142 0.002919929087385178 223
1757595180177 0.3320473284210738 224
1757595180211 0.05853054429148671 225
1757595180247 0.0036192879448116153 226
1757595180282 0.11912539519227021 227
1757595180317 0.06190736311891353 228
1757595180352 0.47278986454740785 229
1757595180386 0.1528135284163067 230
1757595180421 0.018666297902878087 231
1757595180457 0.005434648201284468 232
1757595180492 0.16789210507523564 233
1757595180527 0.09782488151297873 234
1757595180562 0.16789369162485693 235
1757595180596 0.1074982773938419 236
1757595180631 0.09820743928271335 237
1757595180665 0.04731262276876078 238
1757595180700 0.0023121716881102125 239
1757595180734 0.30924148099450705 240
1757595180769 0.055431109074033556 241
1757595180803 0.013418376762757079 242
1757595180837 0.0005473208453483871 243
1757595180872 0.0020283701110678444 244
1757595180906 0.00936303470321402 245
1757595180941 0.035237641992848394 246
1757595180975 0.029912469411431143 247
1757595181010 0.12823328727011463 248
1757595181044 0.11078011211285102 249
1757595181079 0.005502801428924872 250
1757595181114 0.01896960148989796 251
1757595181149 0.05756115019033219 252
1757595181184 0.029233269022712602 253
1757595181219 9.029266140306737e-06 254
1757595181254 0.03025998933606777 255
1757595181289 0.10665560189798165 256
1757595181323 0.00809136216040983 257
1757595181358 0.21766768169586506 258
1757595181393 0.0016380776618734661 259
1757595181428 0.03638260110913239 260
1757595181462 0.010583484897724291 261
1757595181497 0.3861108879258486 262
1757595181532 0.02660598155658906 263
1757595181567 0.18613778010725945 264
1757595181602 0.17969524921182542 265
1757595181638 0.012725382912059739 266
1757595181674 0.08735508831695317 267
1757595181710 0.032057936917593496 268
1757595181746 6.796068441927448e-05 269
1757595181781 0.0005715283046482295 270
1757595181815 0.043601445004611245 271
1757595181851 0.009289415651944756 272
1757595181886 0.0032890234110848357 273
1757595181922 2.7284592778388765e-05 274
1757595181957 0.004482129594751984 275
1757595181993 0.34537915275419007 276
1757595182027 0.04307404820610048 277
1757595182062 0.050047631973676024 278
1757595182098 0.006881150440049618 279
1757595182133 0.004605917094131158 280
1757595182169 0.0036956496520583718 281
1757595182205 0.2626113466294593 282
1757595182240 0.009892205743444078 283
1757595182275 0.1653736663883882 284
1757595182311 0.04100430350813811 285
1757595182346 0.07567469547837599 286
1757595182382 0.01307161794798433 287
1757595182417 0.0052484034547758684 288
1757595182452 0.03659721253427452 289
1757595182487 0.011046756503021844 290
1757595182522 0.030348773431124836 291
1757595182557 0.06054036470594915 292
1757595182592 0.049430477139821793 293
1757595182628 0.1154973097904681 294
1757595182663 0.03467831464052055 295
1757595182698 0.013928427632224879 296
1757595182733 0.0036213330860200483 297
1757595182768 0.11193650761423866 298
1757595182804 0.09520750201164441 299
1757595182839 0.30265046284943947 300
1757595182874 0.33851197929766036 301
1757595182909 0.13326077496959052 302
1757595182944 0.13809562669135783 303
1757595182979 0.013339927835246878 304
1757595183016 0.10137032559752056 305
1757595183051 0.1137587035687112 306
1757595183087 7.5017269357371e-06 307
1757595183122 0.044756615211630275 308
1757595183158 0.42502734339649867 309
1757595183193 0.020464988806931084 310
1757595183228 0.015200973930255884 311
1757595183264 0.017908694501679652 312
1757595183299 0.02371945606253367 313
1757595183335 0.021501724406282383 314
1757595183371 0.12146176370530834 315
1757595183406 0.10984049438819954 316
1757595183441 0.015429189300671048 317
1757595183476 6.343138465673871e-07 318
1757595183512 0.0700589903409533 319
1757595183547 0.0598000750029649 320
1757595183583 1.086875203527652 321
1757595183618 0.010365467591645586 322
1757595183653 0.07845658866405951 323
1757595183691 0.007530874428330735 324
1757595183726 0.004136348858977359 325
1757595183763 0.04521783165688775 326
1757595183798 0.038885294472810014 327
1757595183834 0.20705757174817127 328
1757595183870 0.8343783356386187 329
1757595183905 0.5867205707950675 330
1757595183940 0.24423500974855605 331
1757595183976 0.0010586594798547117 332
1757595184011 0.12386350736920486 333
1757595184047 0.16647021189174066 334
1757595184082 0.00016266940534377718 335
1757595184118 0.001950338050610104 336
1757595184153 0.13888361286486936 337
1757595184189 0.08550609111316924 338
1757595184224 0.23785347854713768 339
1757595184260 0.005254923218966285 340
1757595184295 0.0026987004892630334 341
1757595184331 0.23381370620429182 342
1757595184367 0.058825151708642054 343
1757595184402 0.12407713613468974 344
1757595184438 0.0058017356371740225 345
1757595184474 0.07820994655009317 346
1757595184509 0.0072741003592097595 347
1757595184545 0.3024395352597629 348
1757595184580 0.040665633642125686 349
1757595184616 0.11224870175881624 350
1757595184651 0.265254922314082 351
1757595184687 0.05222875016966428 352
1757595184722 0.10091380838106392 353
1757595184758 0.012767815020496476 354
1757595184793 0.07318170437076887 355
1757595184829 0.0026294089188092324 356
1757595184865 0.01860418893122548 357
1757595184901 0.11192052204773743 358
1757595184937 0.06018313338267676 359
1757595184972 0.03857340379152256 360
1757595185007 0.04291509487274145 361
1757595185042 0.049318181456287004 362
1757595185077 0.048548823020393324 363
1757595185113 0.031054267935110163 364
1757595185148 0.14203833375027225 365
1757595185184 0.1559977655560036 366
1757595185220 0.3283483358323736 367
1757595185255 0.21735611936709712 368
1757595185291 0.8457369696689858 369
1757595185327 0.15037517319446625 370
1757595185362 0.11770413555280433 371
1757595185398 0.0022584742261107897 372
1757595185433 0.0008392632112685316 373
1757595185469 0.09186026109788187 374
1757595185505 0.10929400475818012 375
1757595185541 0.001837282184591055 376
1757595185587 0.00020577059400870863 377
1757595185623 0.08157257613316267 378
1757595185659 0.23740930978765765 379
1757595185695 0.008999392116604115 380
1757595185731 0.005977849220983878 381
1757595185767 0.08535990189322379 382
1757595185803 0.1488420827852112 383
1757595185838 0.2666944885015299 384
1757595185874 0.02428653256266196 385
1757595185910 0.0010833950277542768 386
1757595185947 0.009374828838143294 387
1757595185983 0.05255775437809098 388
1757595186018 0.2434584010659242 389
1757595186054 0.031667912050431964 390
1757595186089 0.11121399926776752 391
1757595186124 6.011331392500252e-05 392
1757595186161 0.021617349190092443 393
1757595186197 0.0033459029839888773 394
1757595186234 0.005602864273446893 395
1757595186273 0.00029490711914636466 396
1757595186312 0.16662023757870587 397
1757595186351 1.0183992602253238 398
1757595186390 6.850925750155062e-06 399
1757595186429 0.042579305817051924 400
1757595186467 0.3897898324673855 401
1757595186504 0.07466630671221489 402
1757595186540 0.009668505493252417 403
1757595186578 0.0025851643662203657 404
1757595186615 0.0007724262323810386 405
1757595186651 0.0013061975231775953 406
1757595186688 0.1285458718848915 407
1757595186724 0.0012720846259484406 408
1757595186760 0.03145361884336292 409
1757595186795 0.017516420836921 410
1757595186831 0.0009608678936347669 411
1757595186867 0.15419969026904126 412
1757595186904 0.0245825157338935 413
1757595186939 0.18130578112358528 414
1757595186975 0.03486893128801202 415
1757595187012 0.142531694083592 416
1757595187047 0.156306282937012 417
1757595187084 0.0015977821464179206 418
1757595187120 0.07160939009164544 419
1757595187156 0.08874494504478962 420
1757595187192 0.027864015533960645 421
1757595187228 0.012869412049270152 422
1757595187264 0.06821800567226502 423
1757595187300 0.048901323833297164 424
1757595187336 0.08686819664804943 425
1757595187376 0.00942201398185192 426
1757595187416 0.08502718211700862 427
1757595187458 0.1655025014423806 428
1757595187498 0.08268680119076371 429
1757595187538 0.0034747372279741473 430
1757595187601 0.0007600880728468156 431
1757595187642 0.01048237246526463 432
1757595187684 0.00013797177119297818 433
1757595187726 0.15133324984035287 434
1757595187763 0.0989976690609502 435
1757595187800 0.1381743523396713 436
1757595187836 0.0057696554156942605 437
1757595187873 0.08342513357288313 438
1757595187910 0.17364532675481772 439
1757595187947 0.033430505769710586 440
1757595187986 0.4597997200800821 441
1757595188025 0.024053189484608745 442
1757595188064 0.031731776988416976 443
1757595188101 0.0033772378246302716 444
1757595188140 0.20351801377528572 445
1757595188179 0.0507928046378966 446
1757595188217 0.05048192498094996 447
1757595188256 1.1954186249625649e-06 448
1757595188297 0.006259276095594242 449
1757595188339 0.017839557286426094 450
1757595188378 0.00021741178742864072 451
1757595188415 0.07851055830916101 452
1757595188453 0.2824692093274204 453
1757595188492 0.013557941681060726 454
1757595188531 0.012591866021502859 455
1757595188570 0.12962939443745755 456
1757595188607 0.005581836752701964 457
1757595188644 0.13642150470579895 458
1757595188681 0.07497272194234483 459
1757595188718 0.47604502896467726 460
1757595188756 0.021453233454142982 461
1757595188793 0.08648694736090562 462
1757595188831 0.10477167980829435 463
1757595188868 0.018268450190929906 464
1757595188906 0.0535272318110543 465
1757595188943 0.005953005892647752 466
1757595188980 0.139644546114486 467
1757595189016 0.0010641250848517545 468
1757595189053 0.0036261722551956437 469
1757595189089 0.11456911887425628 470
1757595189126 0.005558983900519339 471
1757595189163 0.2265721134232564 472
1757595189199 0.0012857061924192975 473
1757595189236 0.018515401595892995 474
1757595189273 0.04687551904679007 475
1757595189309 0.36995900218523586 476
1757595189346 0.0816994266321144 477
1757595189382 0.006063470261786555 478
1757595189418 0.01830931774729915 479
1757595189454 0.24645318137087635 480
1757595189490 0.17433235071005002 481
1757595189527 0.00024364038150781941 482
1757595189569 0.08181240187871239 483
1757595189610 0.003596118942798742 484
1757595189650 0.15849386163594 485
1757595189691 0.018221570841435813 486
1757595189731 0.024167073309158897 487
1757595189769 0.09403016434602576 488
1757595189806 0.00889181459031621 489
1757595189843 0.3509488416933862 490
1757595189879 0.015418642216150634 491
1757595189916 0.03239163818529296 492
1757595189953 0.0008539831824779798 493
1757595189990 0.04131726499502336 494
1757595190026 0.08368669629299137 495
1757595190063 0.061866799580054296 496
1757595190101 7.920044945578733e-05 497
1757595190143 0.17797526818945786 498
1757595190180 0.0030442900503694303 499
