1757595198482 0.45720718626461965 0
1757595198521 0.11152961890924136 1
1757595198559 0.8822793145179539 2
1757595198598 0.274427838853364 3
1757595198637 2.0970394928432645 4
1757595198676 0.39233141796015053 5
1757595198715 0.005922190329474215 6
1757595198754 0.0029158776765667777 7
1757595198793 0.14026956519313305 8
1757595198832 0.2965674104036369 9
1757595198872 0.004373218734971408 10
1757595198911 0.010529109144149227 11
1757595198951 0.06045701465984593 12
1757595198990 0.0700051931219865 13
1757595199028 0.03459660153834228 14
1757595199067 0.04580140345286437 15
1757595199107 0.020729644872282953 16
1757595199145 0.03154249222804356 17
1757595199184 0.1329873874420423 18
1757595199223 0.022172362463133918 19
1757595199262 0.946083389588557 20
1757595199300 0.0018567364115325917 21
1757595199340 0.38978969592061663 22
1757595199380 0.024487528780665534 23
1757595199419 0.07246481066339175 24
1757595199457 0.08516272100432402 25
1757595199507 0.0380430867503907 26
1757595199560 0.09317950707056037 27
1757595199601 0.005710774345159413 28
1757595199641 0.010848941609272548 29
1757595199681 0.18033830708272736 30
1757595199722 0.21862213678168393 31
1757595199763 0.287586882440469 32
1757595199804 0.08882037574245981 33
1757595199844 0.09710761960720403 34
1757595199884 0.13401528357822 35
1757595199924 0.05976141577886964 36
1757595199964 0.003481678243377721 37
1757595200004 0.048176092956498294 38
1757595200044 0.023486079409199143 39
1757595200085 0.18238221147713407 40
1757595200125 0.0925896631713463 41
1757595200165 0.014438905634191864 42
1757595200205 0.08429411392722551 43
1757595200244 0.1809957936646488 44
1757595200286 0.008883594041629089 45
1757595200329 0.16975505984953304 46
1757595200369 0.006360698726599221 47
1757595200410 0.03265559909879355 48
1757595200450 0.10967505450495425 49
1757595200491 0.000568517010626951 50
1757595200531 0.23843607802301872 51
1757595200571 0.11123935301442416 52
1757595200611 0.024591226775222314 53
1757595200651 0.23163485137167353 54
1757595200692 0.7878405933834233 55
1757595200731 0.12271583610041725 56
1757595200771 0.29661081089333846 57
1757595200811 0.0026418100666643594 58
1757595200851 0.28865237310328107 59
1757595200891 0.08212802060707425 60
1757595200930 0.004999748633759795 61
1757595200970 0.12470093772654665 62
1757595201009 0.10539538801384365 63
1757595201050 0.22538623181019538 64
1757595201092 0.04719447722549666 65
1757595201132 0.010563418697244715 66
1757595201172 0.008448078027479603 67
1757595201212 0.04403572061095365 68
1757595201252 0.05946215110481488 69
1757595201307 0.054584819195483594 70
1757595201352 0.1529189315486529 71
1757595201393 0.004269458470984433 72
1757595201432 0.34883775032264197 73
1757595201472 0.020483933140021265 74
1757595201514 0.0036115998265180077 75
1757595201554 0.012346829820751368 76
1757595201594 0.15121829847515478 77
1757595201634 0.1904017552724962 78
1757595201674 0.02420625091649869 79
1757595201713 0.36116011040642826 80
1757595201754 0.019952689860155182 81
1757595201794 0.0511287252988567 82
1757595201834 0.04216795862274649 83
1757595201874 0.03833857856861551 84
1757595201914 0.001963942525923236 85
1757595201963 0.0007911202339350496 86
1757595202003 0.01187970956011784 87
1757595202043 0.01671223255850509 88
1757595202087 0.006665869504164834 89
1757595202127 0.0106303313801579 90
1757595202168 0.006755877037127989 91
1757595202209 0.0011518885121446262 92
1757595202251 0.06330809090043492 93
1757595202296 0.004157073191233767 94
1757595202338 0.033173057461867675 95
1757595202381 0.3844590514246357 96
1757595202423 0.00018474315147227539 97
1757595202466 0.01707296139570741 98
1757595202508 0.03654443098495543 99
1757595202549 0.04311654487668899 100
1757595202593 0.0008536891718118352 101
1757595202639 0.18508864553347087 102
1757595202681 0.027046971385336592 103
1757595202724 0.023376595477965736 104
1757595202767 0.050635314243573766 105
1757595202809 0.014715175243845103 106
1757595202849 0.6108783904296726 107
1757595202889 0.008063364657909128 108
1757595202929 0.001055284822382438 109
1757595202991 0.06258574418636659 110
1757595203040 0.04069145485755441 111
1757595203083 0.044027659195999644 112
1757595203130 0.4507504559462163 113
1757595203174 0.7088184177524556 114
1757595203220 0.11751003173663051 115
1757595203267 0.061820974143550575 116
1757595203308 0.2617491784968883 117
1757595203350 0.06872634311829821 118
1757595203396 0.021313369536275332 119
1757595203442 0.1518717395522402 120
1757595203499 0.06154146527378843 121
1757595203549 0.059075461221443394 122
1757595203599 0.2879912756032184 123
1757595203648 0.006140592261821415 124
1757595203692 0.8768591634904478 125
1757595203734 0.0714528620925349 126
1757595203777 1.2300578124688663e-05 127
1757595203822 0.16049441639189574 128
