1757518265627 0.00021556117641571495 0
1757518265665 0.17099863172890253 1
1757518265704 0.017565338429315472 2
1757518265742 0.06852781384518125 3
1757518265780 0.044594718792400845 4
1757518265819 0.0013802430495052239 5
1757518265858 3.165346461519466e-05 6
1757518265896 0.03678283861696277 7
1757518265935 0.04946135826880122 8
1757518265973 0.02631203680528771 9
1757518266012 0.011303599370605759 10
1757518266050 0.058864779651722404 11
1757518266089 0.06322718872203481 12
1757518266127 0.051730464001087814 13
1757518266165 0.012002697383123793 14
1757518266204 0.3299415549097591 15
1757518266242 0.13247562154356743 16
1757518266282 0.006451937816467095 17
1757518266322 0.1594617117140264 18
1757518266360 0.0030148566822552165 19
1757518266399 0.011967927212886007 20
1757518266438 0.04656543855977927 21
1757518266476 0.018072773521412785 22
1757518266514 0.33627785582454095 23
1757518266554 0.04801583345134997 24
1757518266592 0.07979574129419155 25
1757518266631 0.00643323918377606 26
1757518266669 0.08099631301949041 27
1757518266707 0.03322265271760202 28
1757518266746 0.015251984119922304 29
1757518266785 0.32411004714813874 30
1757518266824 2.5752571095388262e-05 31
1757518266863 0.0016825410737930802 32
1757518266901 0.023923302368421544 33
1757518266940 0.09985232888389038 34
1757518266993 0.1369974931915058 35
1757518267032 0.006265657102706437 36
1757518267070 0.002557600752607743 37
1757518267109 0.07460477356688197 38
1757518267148 0.14160530136801167 39
1757518267186 0.17824014087811701 40
1757518267225 0.22804190829810914 41
1757518267264 0.2818865989242077 42
1757518267303 0.0736864461352412 43
1757518267342 0.0034211635819929864 44
1757518267381 0.44071235590629104 45
1757518267420 0.030876524472198612 46
1757518267459 0.14465776003406006 47
1757518267497 0.0481203126973313 48
1757518267536 0.02105580721380428 49
1757518267575 0.0032705654639800168 50
1757518267614 0.07626592155964562 51
1757518267653 0.1350830498956614 52
1757518267692 0.6593364420922934 53
1757518267731 0.026612550618435756 54
1757518267770 0.024949939551178323 55
1757518267809 0.0026064695358417773 56
1757518267848 0.03783149952707658 57
1757518267887 0.0009263531009767765 58
1757518267926 0.002833306810704595 59
1757518267965 0.041775592091221204 60
1757518268003 0.002961793227970951 61
1757518268041 0.04330565788086953 62
1757518268080 0.05728554372433029 63
1757518268119 0.10721119377052876 64
1757518268158 0.046421440972159854 65
1757518268196 0.3807410072834462 66
1757518268235 0.026908639953490715 67
1757518268274 0.0010995663741625874 68
1757518268313 0.06220121925732086 69
1757518268352 0.25923225707440406 70
1757518268391 0.5302394957836697 71
1757518268429 0.06486591726873905 72
1757518268468 0.020000173618699196 73
1757518268506 0.025340133658968703 74
1757518268545 0.14255912783739638 75
1757518268584 0.017482930683914714 76
1757518268623 0.19379747544348755 77
1757518268662 0.05388636138794863 78
1757518268704 0.09673766638423249 79
1757518268743 0.03318481253643248 80
1757518268782 0.04838522976891721 81
1757518268821 0.025776771480393458 82
1757518268860 0.14607405312197871 83
1757518268899 0.0684811903334884 84
1757518268939 0.05617067925320626 85
1757518268978 0.09218086766679623 86
1757518269018 0.000919689764534211 87
1757518269056 0.02907181584865513 88
1757518269095 0.05813861236332334 89
1757518269134 0.004825886294146492 90
1757518269173 0.0024277983651945787 91
1757518269212 0.003912830799684688 92
1757518269251 0.03354557003788964 93
1757518269290 0.0005145901887041118 94
1757518269330 0.08837963619220673 95
1757518269370 0.0019173956829381567 96
1757518269409 0.009859906743718198 97
1757518269448 0.0676260865476552 98
1757518269487 0.033167300625249835 99
1757518269526 0.10658749014763813 100
1757518269566 0.04731642540192625 101
1757518269605 0.027384833426601935 102
1757518269644 0.0005003019560940783 103
1757518269683 0.0925971077615886 104
1757518269722 0.016832234623552298 105
1757518269761 0.003245614845073262 106
1757518269801 0.028151910732067534 107
1757518269840 0.006595958396116351 108
1757518269879 0.011464567316558445 109
1757518269918 0.0071631136590896505 110
1757518269957 5.3052258807017e-06 111
1757518269996 0.12450869302537107 112
1757518270036 0.01316543322183795 113
1757518270075 0.042124096311663924 114
1757518270114 0.0469709619072004 115
1757518270153 0.013100715774772278 116
1757518270193 0.01910259042915494 117
1757518270232 0.0003782344610109702 118
1757518270272 0.0029996541294887136 119
1757518270311 0.14903239182992142 120
1757518270350 0.08032226825651743 121
1757518270390 0.008616025876934011 122
1757518270429 0.031766012162027055 123
1757518270468 0.04458706253708707 124
1757518270508 0.011101900702523693 125
1757518270548 0.0328213973481536 126
1757518270587 0.04347565593871708 127
1757518270627 0.17818604391762577 128
1757518270666 0.08574886673103967 129
1757518270706 0.11984223225779099 130
1757518270745 0.05015413869578623 131
1757518270785 0.05210710118227169 132
1757518270824 0.4911805212946573 133
1757518270864 0.17349186911448838 134
1757518270904 0.044253237567662834 135
1757518270943 0.06255848854340684 136
1757518270982 0.01647778419115536 137
1757518271022 0.048421082639169936 138
1757518271061 0.012238541149347415 139
1757518271101 4.8109467071857966e-05 140
1757518271140 0.0008918958426850088 141
1757518271181 0.08709273508230025 142
1757518271221 0.12983017650372478 143
1757518271261 0.17631390604896277 144
1757518271301 0.0016144125139602534 145
1757518271341 0.044708572577941134 146
1757518271381 0.42163685896148717 147
1757518271421 0.00591357154779395 148
1757518271460 0.0345163114523008 149
1757518271499 0.006398465347841318 150
1757518271547 0.6856348944591815 151
1757518271587 0.008659617100857282 152
1757518271626 0.10636352933239546 153
1757518271666 0.0882329843681967 154
1757518271706 0.0033317587437418 155
1757518271746 0.05476691381906024 156
1757518271786 0.0002532976237144241 157
1757518271826 0.2542476900109467 158
1757518271865 0.016508426487675237 159
1757518271905 0.13675336134621555 160
1757518271945 0.4045517269755738 161
1757518271985 0.10310455682321365 162
1757518272024 0.00019136210849715436 163
1757518272064 0.6326227673362668 164
1757518272104 0.015806710390793472 165
1757518272143 0.18988885374652664 166
1757518272183 0.07896974799730665 167
1757518272223 0.00994012245846397 168
1757518272262 0.013904567867318538 169
1757518272302 0.00379866074009523 170
1757518272342 0.0011743690696376697 171
1757518272381 0.007548987856786918 172
1757518272421 0.024774271206701365 173
1757518272460 0.0030437305845496996 174
1757518272499 0.053928120877426385 175
1757518272539 0.10058834758587457 176
1757518272579 0.9232284271519717 177
1757518272618 0.10505904333709035 178
1757518272658 0.025399515651290342 179
1757518272697 0.096510412561551 180
1757518272737 0.1430574509316416 181
1757518272776 0.00032049343619377894 182
1757518272816 0.09587637187891078 183
1757518272855 0.00594958850041198 184
1757518272895 0.006252704151730196 185
1757518272934 0.017181446345794858 186
1757518272974 0.07744572032554285 187
1757518273013 0.06620332153143685 188
1757518273053 0.044810378392899926 189
1757518273094 0.05920365082094186 190
1757518273133 0.06251437851210571 191
1757518273173 0.024601145428843278 192
1757518273213 0.05729834705626956 193
1757518273255 0.03918859432525243 194
1757518273300 0.08267729551513468 195
1757518273342 0.01449472632624731 196
1757518273383 0.03891901237085872 197
1757518273423 0.5295029798169021 198
1757518273462 0.0018938333974849093 199
1757518273501 0.08653469444463471 200
1757518273541 0.05146580941990572 201
1757518273580 0.22512150351774843 202
1757518273620 0.02115238031892784 203
1757518273660 0.24861934844723796 204
1757518273700 0.02423958077429525 205
1757518273739 0.1493949785344234 206
1757518273779 0.0031951406602845366 207
1757518273818 0.0009638670768711725 208
1757518273857 0.07173921318450373 209
1757518273897 0.004322503973817969 210
1757518273937 0.202371724263956 211
1757518273976 0.07211463869222061 212
1757518274017 0.01608993741879659 213
1757518274058 0.07495865568618686 214
1757518274098 0.01200284668056491 215
1757518274137 0.08205467482286638 216
1757518274177 0.022507059374103917 217
1757518274216 0.08171992599000016 218
1757518274257 0.03137280546472239 219
1757518274296 0.036341857171672154 220
1757518274336 0.037988972516901504 221
1757518274376 0.0038673768000310133 222
1757518274415 0.007308866990319565 223
1757518274455 0.01154677806582591 224
1757518274495 0.04047637847894758 225
1757518274535 0.0003162642672469456 226
1757518274574 0.007249094003080496 227
1757518274614 0.011745319926223727 228
1757518274655 0.020524230465834063 229
1757518274694 0.00011649770157032708 230
1757518274734 0.008497164402121385 231
1757518274774 0.09824997769835861 232
1757518274813 0.007211719033145697 233
1757518274856 0.007369411917507704 234
1757518274896 0.010907120563015073 235
1757518274937 0.09077997517167828 236
1757518274977 0.067872482951216 237
1757518275018 0.05350091079547387 238
1757518275058 0.04212894225518973 239
1757518275097 0.014501050967425834 240
1757518275137 0.022732272396263388 241
1757518275176 0.21065453438378362 242
1757518275216 1.121733896255725 243
1757518275255 0.1728344368499517 244
1757518275296 0.20670661858427802 245
1757518275335 0.14765391526085636 246
1757518275375 0.01945169164875774 247
1757518275416 0.016874984891427056 248
1757518275456 0.017241343326732245 249
1757518275498 0.07051213089937762 250
1757518275539 0.0013192735975453061 251
1757518275578 0.10125735722588351 252
1757518275619 4.113057946169787e-05 253
1757518275659 0.0685140729960806 254
1757518275699 0.02303360964993742 255
1757518275739 0.11035902565416718 256
1757518275779 0.0124215096735112 257
1757518275828 0.05806513807632726 258
1757518275871 0.017143707510114778 259
1757518275912 0.020429280028488133 260
1757518275952 0.06048032244230834 261
1757518275992 0.002881408830128639 262
1757518276032 0.034388091672461735 263
1757518276073 0.060329506275591284 264
1757518276113 0.0179600841523425 265
1757518276153 0.032919052347023296 266
1757518276193 0.02983627835411471 267
1757518276233 0.30946696976726196 268
1757518276273 0.1001943236012244 269
1757518276314 0.006918694805844873 270
1757518276354 0.0007896881594223941 271
1757518276395 0.00793806661519782 272
1757518276435 0.13133413190017024 273
1757518276475 0.035996191732847335 274
1757518276516 0.06626761642414043 275
1757518276556 0.042856467478680604 276
1757518276596 0.03501158157760367 277
1757518276637 0.011528498706776398 278
1757518276677 0.09212389442134628 279
1757518276717 0.0038408498684261087 280
1757518276757 0.002821618681663666 281
1757518276798 0.0418988927107055 282
1757518276838 1.9194522922817854 283
1757518276878 0.02016896139471775 284
1757518276918 0.000757936776255491 285
1757518276959 0.05727681850827722 286
1757518276999 0.5990732323275875 287
1757518277039 0.0029745781584251674 288
1757518277079 0.008069393806415567 289
1757518277119 0.06465818180522967 290
1757518277159 0.21472003745101784 291
1757518277199 0.02074206774174918 292
1757518277239 0.0011799721797556603 293
1757518277280 0.05396123788570903 294
1757518277320 0.06926566568510222 295
1757518277360 0.14102666544825226 296
1757518277401 0.20632225993800413 297
1757518277441 0.005446436173487378 298
1757518277482 7.956656911430057e-11 299
1757518277522 0.005894702698548685 300
1757518277563 0.07927563198884849 301
1757518277604 0.011821669985933293 302
1757518277646 0.004906469029547573 303
1757518277687 0.5173788567832276 304
1757518277727 0.061890543240948594 305
1757518277767 0.14051225282865856 306
1757518277807 0.0177734285966157 307
1757518277847 0.21568265755463092 308
1757518277888 7.68629918479948e-06 309
1757518277928 0.031097931786463515 310
1757518277968 0.08257294632727243 311
1757518278008 0.003856230861326762 312
1757518278049 0.17507153427639738 313
1757518278089 0.0008603312042485778 314
1757518278130 0.0022621156715624557 315
1757518278171 0.026903373480749032 316
1757518278211 0.010166262968636144 317
1757518278251 0.033677161204955314 318
1757518278292 0.04104523188485871 319
1757518278332 0.09641207596999679 320
1757518278373 0.01510761093571384 321
1757518278413 6.62183412897375e-08 322
1757518278454 0.019918705214144142 323
1757518278494 0.07098046379121069 324
1757518278535 0.0005380890887398313 325
1757518278575 0.2284218463571631 326
1757518278616 0.011743980792733012 327
1757518278657 0.0003120272130522849 328
1757518278701 0.128434113189244 329
1757518278741 0.0052426169557868215 330
1757518278782 0.006159708303745854 331
1757518278822 0.12143542745548538 332
1757518278863 0.011462026362398726 333
1757518278903 0.029465796948190074 334
1757518278944 2.2575691128292343e-07 335
1757518278984 0.00010942921010337197 336
1757518279025 0.08417769017454746 337
1757518279065 0.08523696660836694 338
1757518279105 0.029630159426764897 339
1757518279146 0.005699146917331024 340
1757518279187 0.009972148291308545 341
1757518279228 0.06512656970726707 342
1757518279268 0.10994375485740228 343
1757518279309 0.0019189380050397154 344
1757518279350 0.011106612882455232 345
1757518279390 0.28776059680958815 346
1757518279432 0.14760748636199303 347
1757518279472 0.022254992499004835 348
1757518279513 0.11570898461082633 349
1757518279554 0.08432354844441801 350
1757518279594 0.013673015688642771 351
1757518279635 0.12716977340610644 352
1757518279676 0.0004783611434163288 353
1757518279717 0.12523881271204565 354
1757518279757 0.00377875626238331 355
1757518279798 0.5987469918891861 356
1757518279840 0.044410371211104714 357
1757518279880 0.35987941442232435 358
1757518279921 0.12999058363403404 359
1757518279961 0.017337529996712082 360
1757518280002 0.05258504809421379 361
1757518280042 0.06293961949029823 362
1757518280083 0.0016378079319042803 363
1757518280124 0.04003172259532146 364
1757518280165 0.006396453829172904 365
1757518280206 0.11250871737290143 366
1757518280247 0.022885707183730095 367
1757518280287 0.078303167348561 368
1757518280327 0.008150319917853019 369
1757518280367 0.014997140737979218 370
1757518280408 0.003922778211345553 371
1757518280449 0.008628035792144214 372
1757518280489 0.12642258593937672 373
1757518280529 0.004524456784277644 374
1757518280570 0.04612639533692557 375
1757518280611 0.005430448326161089 376
1757518280651 0.01989055461090427 377
1757518280692 0.08209085647202312 378
1757518280733 0.010995147346628693 379
1757518280773 0.28072095029608246 380
1757518280814 0.14614840037478635 381
1757518280855 0.05558461685613893 382
1757518280895 1.4137014937509094 383
1757518280936 0.17724705755836664 384
1757518280977 0.0034158405181128454 385
1757518281018 0.023877546809283123 386
1757518281059 0.014073979335644806 387
1757518281099 0.002537052194198801 388
1757518281141 2.0467868011056606e-05 389
1757518281181 0.10140535355468845 390
1757518281222 0.0015901540464584826 391
1757518281266 0.3199250148208718 392
1757518281308 0.05858994269627042 393
1757518281349 0.007415063834364239 394
1757518281390 0.5298755551306699 395
1757518281431 0.02589740816170833 396
1757518281473 0.2342061461401203 397
1757518281515 0.0007426869181999623 398
1757518281555 0.011272086538588912 399
1757518281597 0.054951415814139044 400
1757518281639 0.009963262715122843 401
1757518281679 0.023031530483073867 402
1757518281720 0.08186847699415048 403
1757518281761 0.04757278839468583 404
1757518281802 0.047471215165028544 405
1757518281843 0.7772051269300245 406
1757518281885 0.031248777549362595 407
1757518281926 0.05834473323339936 408
1757518281968 0.003639213751790321 409
1757518282011 0.07742370775720166 410
1757518282053 0.23137720008972396 411
1757518282095 0.5173896810221922 412
1757518282137 0.012523466600009145 413
1757518282178 0.0004720884965971859 414
1757518282220 0.012352756935220706 415
1757518282261 0.20645183314698623 416
1757518282302 0.11191628561007848 417
1757518282343 0.03915856956128076 418
1757518282384 0.0055380561077719125 419
1757518282425 0.17810230715821787 420
1757518282466 0.051367483392394116 421
1757518282507 4.120143262333986e-06 422
1757518282549 0.0002573263347930294 423
1757518282590 0.10189810288141916 424
1757518282632 0.11822798004705302 425
1757518282673 0.1011445340068408 426
1757518282714 0.018905170972039385 427
1757518282755 0.18699879092547592 428
1757518282796 0.1687080698547857 429
1757518282838 0.1801049499194058 430
1757518282879 0.012205237634060678 431
1757518282921 0.05248943670542879 432
1757518282962 0.00030198192884479377 433
1757518283003 0.0043820667820344775 434
1757518283045 0.17284014354421434 435
1757518283086 0.046040095170665346 436
1757518283128 0.023780534988139895 437
1757518283169 0.02154117384541062 438
1757518283210 0.03942572059548201 439
1757518283253 0.9794192171445156 440
1757518283299 0.0018008947825897046 441
1757518283341 0.2404734190415991 442
1757518283381 0.0009055241875323404 443
1757518283422 0.08829508763198705 444
1757518283464 0.17419348269518353 445
1757518283505 0.16036040429220028 446
1757518283546 0.0018446390393152985 447
1757518283588 0.12336441359951576 448
1757518283629 0.1034850843005564 449
1757518283671 0.0031639532959288883 450
1757518283711 0.0029777219301882125 451
1757518283753 0.009822133219055947 452
1757518283794 0.15407046246999856 453
1757518283835 0.1962316084676651 454
1757518283876 0.018177636097769498 455
1757518283917 0.007574581539896819 456
1757518283959 0.06844882099512985 457
1757518284000 0.18743997956459155 458
1757518284041 0.022410313978268964 459
1757518284096 0.00036559404469277407 460
1757518284138 0.1260152489075218 461
1757518284179 0.005666269212661368 462
1757518284221 0.010112549914901776 463
1757518284263 0.007070821718338843 464
1757518284304 0.26700728492820014 465
1757518284346 0.03997979101099064 466
1757518284387 0.000615421663014787 467
1757518284428 0.08366180072380945 468
1757518284470 0.04445820981115641 469
1757518284512 0.00012924059968728686 470
1757518284554 0.0765934215959672 471
1757518284595 0.07006177439777923 472
1757518284636 0.01921370579895513 473
1757518284678 0.12417431701173821 474
1757518284720 0.04549417167948035 475
1757518284761 0.0708515362000527 476
1757518284804 0.05165991864379651 477
1757518284855 0.0014140346551124218 478
1757518284897 0.306143868161968 479
1757518284939 0.006477329311324122 480
1757518284980 0.23446873192118067 481
1757518285022 0.3554162458234488 482
1757518285064 0.010180808819023685 483
1757518285106 0.06235495844151073 484
1757518285147 0.12694864430633113 485
1757518285189 0.46836497272269817 486
1757518285231 0.0005653055854653473 487
1757518285272 0.004385783309383561 488
1757518285313 0.24872353897679592 489
1757518285354 0.23625478233602856 490
1757518285396 0.004839758553957075 491
1757518285438 0.17736791553648978 492
1757518285480 0.00176478676501219 493
1757518285522 3.07899434935445e-08 494
1757518285564 0.018444709362140318 495
1757518285605 0.0020911546578427824 496
1757518285647 0.007221869603587345 497
1757518285689 0.056908035512250855 498
1757518285731 0.005220852709519889 499
