1757594383250 168.97338417662615 0
1757594383259 162.69597451450497 1
1757594383267 151.22599534185193 2
1757594383275 135.88166278457362 3
1757594383284 118.06694412231052 4
1757594383292 99.14617724483745 5
1757594383300 80.34598211043607 6
1757594383308 62.68652642740151 7
1757594383316 46.9416336559329 8
1757594383324 33.625173253190084 9
1757594383333 22.999704326739295 10
1757594383344 15.102454463991698 11
1757594383352 9.783362041668623 12
1757594383360 6.7500174768916095 13
1757594383369 5.614811155846265 14
1757594383377 5.940328461689016 15
1757594383385 7.279921108442737 16
1757594383394 9.21133269679354 17
1757594383402 11.362182664868735 18
1757594383410 13.426951587108 19
1757594383419 15.175815978413008 20
1757594383427 16.456225072534266 21
1757594383435 17.188485403782497 22
1757594383443 17.356826097163903 23
1757594383452 16.99747480457619 24
1757594383460 16.185205605411678 25
1757594383468 15.01965507897442 26
1757594383477 13.612471985813116 27
1757594383485 12.076099437520272 28
1757594383494 10.514712942860164 29
1757594383502 9.017575686506174 30
1757594383510 7.654840929889346 31
1757594383518 6.475642061815725 32
1757594383526 5.50816974052939 33
1757594383534 4.761344122062513 34
1757594383543 4.227645733305982 35
1757594383551 3.8866654616583878 36
1757594383560 3.7089647086811173 37
1757594383568 3.659892243589422 38
1757594383576 3.7030757436896518 39
1757594383585 3.803384984175128 40
1757594383593 3.9292427486214 41
1757594383601 4.054232788019926 42
1757594383610 4.15801716075628 43
1757594383618 4.226625253602262 44
1757594383626 4.252212445190473 45
1757594383634 4.232407780656915 46
1757594383643 4.169378296095241 47
1757594383651 4.068734658119973 48
1757594383659 3.938390946806806 49
1757594383668 3.7874733025443024 50
1757594383676 3.6253503488651555 51
1757594383684 3.460835151625296 52
1757594383692 3.3015859877329263 53
1757594383700 3.1537129473867527 54
1757594383709 3.021580485755664 55
1757594383717 2.907783112990449 56
1757594383726 2.8132626819423674 57
1757594383734 2.7375310588212263 58
1757594383743 2.6789609216982 59
1757594383754 2.6351094095099383 60
1757594383765 2.6030436137660153 61
1757594383774 2.579642705654546 62
1757594383782 2.5618580913822675 63
1757594383790 2.5469197362506706 64
1757594383799 2.5324831543815702 65
1757594383807 2.516717119833021 66
1757594383815 2.498336647637124 67
1757594383824 2.4765890834623208 68
1757594383832 2.4512032086071898 69
1757594383841 2.4223121895082445 70
1757594383850 2.390361126579471 71
1757594383858 2.356009081746143 72
1757594383866 2.320034006528792 73
1757594383875 2.2832471742979155 74
1757594383883 2.2464217477869184 75
1757594383892 2.2102381648898017 76
1757594383900 2.1752472450343094 77
1757594383908 2.141850407988168 78
1757594383917 2.110295219736854 79
1757594383925 2.0806836617763276 80
1757594383933 2.052990054450947 81
1757594383942 2.02708542001485 82
1757594383950 2.0027651968680713 83
1757594383959 1.9797775519133531 84
1757594383968 1.9578500179292635 85
1757594383976 1.936712743473988 86
1757594383985 1.9161172263675725 87
1757594383993 1.8958499597352374 88
1757594384001 1.8757409145837818 89
1757594384010 1.8556671894369543 90
1757594384019 1.8355524617211174 91
1757594384028 1.8153630738141942 92
1757594384036 1.795101684083095 93
1757594384045 1.7747994216227225 94
1757594384053 1.7545074190546477 95
1757594384062 1.7342884793369542 96
1757594384070 1.714209479308929 97
1757594384079 1.694334942858626 98
1757594384087 1.6747220461684587 99
1757594384096 1.6554171594822487 100
1757594384104 1.636453893851559 101
1757594384113 1.6178525134786155 102
1757594384121 1.599620497404788 103
1757594384130 1.581753988345006 104
1757594384138 1.564239849060441 105
1757594384147 1.5470580537036662 106
1757594384156 1.5301841679017407 107
1757594384164 1.5135917113176953 108
1757594384173 1.497254244445119 109
1757594384182 1.4811470722906108 110
1757594384190 1.465248506989935 111
1757594384199 1.4495406758370686 112
1757594384208 1.4340098982589222 113
1757594384217 1.418646683536879 114
1757594384226 1.403445420083758 115
1757594384234 1.3884038371443495 116
1757594384243 1.373522321830856 117
1757594384252 1.3588031697902851 118
1757594384261 1.3442498381355077 119
1757594384269 1.3298662562388348 120
1757594384278 1.3156562352061787 121
1757594384290 1.30162300176729 122
1757594384298 1.2877688681286346 123
1757594384307 1.2740950369420743 124
1757594384316 1.2606015305424332 125
1757594384325 1.247287226302061 126
1757594384334 1.2341499753852863 127
1757594384343 1.2211867801871505 128
1757594384352 1.208394005977527 129
1757594384361 1.1957676043037808 130
1757594384370 1.1833033290433126 131
1757594384379 1.1709969301430387 132
1757594384388 1.1588443145737464 133
1757594384397 1.146841668459604 134
1757594384406 1.1349855383958405 135
1757594384415 1.1232728734066393 136
1757594384424 1.1117010316789993 137
1757594384432 1.100267758076159 138
1757594384441 1.0889711395009836 139
1757594384454 1.0778095455147458 140
1757594384471 1.0667815613341876 141
1757594384505 1.0558859195659687 142
1757594384515 1.045121435941225 143
1757594384524 1.0344869530287832 144
1757594384533 1.0239812945649318 145
1757594384542 1.0136032317519235 146
1757594384551 1.0033514617327275 147
1757594384560 0.993224597504458 148
1757594384569 0.9832211678212204 149
1757594384578 0.9733396251677553 150
1757594384587 0.9635783596474092 151
1757594384596 0.9539357165962907 152
1757594384605 0.9444100158726737 153
1757594384614 0.9349995710353906 154
1757594384623 0.9257027069725737 155
1757594384631 0.9165177749313662 156
1757594384640 0.9074431642930064 157
1757594384649 0.8984773108058606 158
1757594384658 0.8896187013084367 159
1757594384668 0.8808658752312002 160
1757594384677 0.8722174233521046 161
1757594384686 0.8636719843962035 162
1757594384695 0.8552282401189164 163
1757594384703 0.8468849095046185 164
1757594384712 0.8386407426586168 165
1757594384721 0.8304945148838271 166
1757594384730 0.8224450213265608 167
1757594384739 0.8144910724604756 168
1757594384748 0.8066314905643004 169
1757594384757 0.7988651072453065 170
1757594384766 0.7911907619729027 171
1757594384776 0.7836073015184787 172
1757594384785 0.7761135801499438 173
1757594384794 0.768708460402529 174
1757594384803 0.761390814238689 175
1757594384812 0.7541595244171742 176
1757594384821 0.7470134859103553 177
1757594384830 0.7399516072367558 178
1757594384839 0.7329728116076688 179
1757594384848 0.7260760378207014 180
1757594384857 0.7192602408652677 181
1757594384866 0.7125243922335457 182
1757594384875 0.7058674799544369 183
1757594384885 0.6992885083855613 184
1757594384894 0.6927864978102423 185
1757594384903 0.6863604838923429 186
1757594384912 0.6800095170426468 187
1757594384921 0.6737326617471034 188
1757594384931 0.6675289959007166 189
1757594384940 0.6613976101823253 190
1757594384949 0.6553376074958127 191
1757594384958 0.649348102493741 192
1757594384967 0.6434282211902538 193
1757594384976 0.6375771006622827 194
1757594384985 0.631793888831882 195
1757594384994 0.6260777443178772 196
1757594385003 0.6204278363423834 197
1757594385013 0.614843344676473 198
1757594385022 0.6093234596095746 199
1757594385032 0.6038673819285622 200
1757594385042 0.5984743228945755 201
1757594385052 0.5931435042083544 202
1757594385061 0.5878741579576423 203
1757594385071 0.5826655265429361 204
1757594385081 0.5775168625805372 205
1757594385090 0.5724274287837671 206
1757594385100 0.5673964978250123 207
1757594385110 0.5624233521823134 208
1757594385119 0.5575072839748252 209
1757594385128 0.5526475947917038 210
1757594385138 0.547843595518681 211
1757594385147 0.5430946061662295 212
1757594385156 0.538399955702357 213
1757594385165 0.5337589818924123 214
1757594385175 0.5291710311473781 215
1757594385184 0.5246354583813959 216
1757594385193 0.5201516268785167 217
1757594385202 0.515718908168155 218
1757594385212 0.5113366819082941 219
1757594385221 0.5070043357752162 220
1757594385230 0.5027212653584067 221
1757594385240 0.4984868740592627 222
1757594385249 0.49430057299238933 223
1757594385259 0.49016178088835455 224
1757594385278 0.48606992399706794 225
1757594385291 0.48202443599115125 226
1757594385301 0.47802475786890863 227
1757594385311 0.47407033785674685 228
1757594385320 0.4701606313110613 229
1757594385330 0.46629510061976226 230
1757594385340 0.462473215103727 231
1757594385349 0.458694450918527 232
1757594385359 0.4549582909567688 233
1757594385368 0.4512642247514515 234
1757594385378 0.44761174838059337 235
1757594385387 0.4440003643734515 236
1757594385397 0.4404295816184848 237
1757594385406 0.4368989152731991 238
1757594385416 0.43340788667593816 239
1757594385425 0.4299560232595907 240
1757594385435 0.4265428584671737 241
1757594385444 0.4231679316692128 242
1757594385454 0.4198307880827461 243
1757594385464 0.41653097869189837 244
1757594385473 0.41326806016981316 245
1757594385482 0.4100415948018654 246
1757594385492 0.40685115041002134 247
1757594385501 0.40369630027826764 248
1757594385511 0.4005766230790075 249
1757594385520 0.39749170280039675 250
1757594385531 0.3944411286745876 251
1757594385540 0.3914244951068428 252
1757594385550 0.3884414016055357 253
1757594385560 0.38549145271304447 254
1757594385569 0.38257425793754396 255
1757594385579 0.37968943168573205 256
1757594385589 0.3768365931964758 257
1757594385598 0.3740153664754395 258
1757594385608 0.37122538023064383 259
1757594385618 0.36846626780902314 260
1757594385628 0.3657376671339391 261
1757594385637 0.36303922064363664 262
1757594385650 0.36037057523068955 263
1757594385660 0.35773138218232825 264
1757594385669 0.35512129712172313 265
1757594385679 0.3525399799501335 266
1757594385688 0.34998709478991624 267
1757594385698 0.34746230992840227 268
1757594385708 0.34496529776257434 269
1757594385717 0.3424957347445445 270
1757594385727 0.34005330132782624 271
1757594385737 0.33763768191434734 272
1757594385746 0.3352485648022319 273
1757594385756 0.3328856421342861 274
1757594385765 0.33054860984724577 275
1757594385775 0.32823716762169375 276
1757594385784 0.3259510188327083 277
1757594385794 0.323689870501191 278
1757594385803 0.3214534332458842 279
1757594385813 0.31924142123606775 280
1757594385823 0.31705355214491904 281
1757594385832 0.3148895471035469 282
1757594385842 0.31274913065566695 283
1757594385852 0.3106320307129284 284
1757594385861 0.3085379785108754 285
1757594385871 0.3064667085655383 286
1757594385881 0.30441795863062987 287
1757594385890 0.30239146965536634 288
1757594385900 0.3003869857428666 289
1757594385910 0.29840425410915394 290
1757594385920 0.29644302504272707 291
1757594385930 0.2945030518646996 292
1757594385940 0.2925840908894963 293
1757594385950 0.2906859013861001 294
1757594385959 0.28880824553984646 295
1757594385969 0.28695088841473 296
1757594385978 0.28511359791625657 297
1757594385988 0.2832961447547993 298
1757594385998 0.2814983024094564 299
1757594386008 0.2797198470924243 300
1757594386018 0.2779605577138569 301
1757594386028 0.27622021584719464 302
1757594386038 0.2744986056950064 303
1757594386048 0.2727955140552707 304
1757594386058 0.2711107302881374 305
1757594386067 0.269444046283146 306
1757594386077 0.26779525642689195 307
1757594386087 0.2661641575711385 308
1757594386097 0.2645505490013685 309
1757594386107 0.262954232405769 310
1757594386117 0.26137501184463613 311
1757594386127 0.25981269372020105 312
1757594386137 0.25826708674686794 313
1757594386146 0.2567380019218651 314
1757594386156 0.25522525249628225 315
1757594386166 0.25372865394651745 316
1757594386177 0.2522480239460955 317
1757594386187 0.25078318233789376 318
1757594386197 0.2493339511067114 319
1757594386207 0.24790015435224402 320
1757594386216 0.2464816182624003 321
1757594386226 0.2450781710869901 322
1757594386236 0.243689643111766 323
1757594386246 0.2423158666328104 324
1757594386256 0.24095667593127906 325
1757594386266 0.23961190724846987 326
1757594386276 0.23828139876123838 327
1757594386286 0.23696499055773806 328
1757594386296 0.23566252461348938 329
1757594386306 0.23437384476776324 330
1757594386316 0.23309879670029207 331
1757594386326 0.23183722790827818 332
1757594386336 0.23058898768372227 333
1757594386346 0.22935392709104405 334
1757594386356 0.2281318989450115 335
1757594386366 0.2269227577889534 336
1757594386376 0.2257263598732714 337
1757594386386 0.22454256313423068 338
1757594386396 0.22337122717303118 339
1757594386406 0.22221221323517107 340
1757594386416 0.22106538419005775 341
1757594386426 0.21993060451091576 342
1757594386436 0.218807740254939 343
1757594386446 0.21769665904371815 344
1757594386456 0.21659723004392156 345
1757594386466 0.21550932394823155 346
1757594386476 0.21443281295652436 347
1757594386486 0.21336757075731924 348
1757594386496 0.2123134725094382 349
1757594386506 0.21127039482393917 350
1757594386517 0.2102382157462624 351
1757594386527 0.20921681473862494 352
1757594386537 0.20820607266263932 353
1757594386547 0.2072058717621564 354
1757594386557 0.20621609564634297 355
1757594386567 0.20523662927296688 356
1757594386577 0.20426735893191394 357
1757594386587 0.20330817222889933 358
1757594386598 0.20235895806941875 359
1757594386608 0.20141960664288341 360
1757594386618 0.20049000940697226 361
1757594386628 0.19957005907218622 362
1757594386639 0.19865964958660148 363
1757594386648 0.19775867612081643 364
1757594386659 0.1968670350531056 365
1757594386669 0.1959846239547488 366
1757594386679 0.19511134157555893 367
1757594386689 0.19424708782959746 368
1757594386699 0.1933917637810737 369
1757594386709 0.19254527163041488 370
1757594386719 0.1917075147005325 371
1757594386730 0.19087839742325202 372
1757594386740 0.19005782532592147 373
1757594386750 0.18924570501819113 374
1757594386760 0.18844194417896495 375
1757594386770 0.18764645154351342 376
1757594386781 0.18685913689075773 377
1757594386791 0.1860799110307099 378
1757594386801 0.18530868579207874 379
1757594386812 0.18454537401003085 380
1757594386822 0.18378988951410766 381
1757594386832 0.18304214711629832 382
1757594386842 0.18230206259926093 383
1757594386852 0.18156955270469533 384
1757594386863 0.18084453512186507 385
1757594386873 0.18012692847626036 386
1757594386883 0.17941665231841186 387
1757594386894 0.17871362711283745 388
1757594386904 0.17801777422713275 389
1757594386920 0.1773290159212044 390
1757594386933 0.17664727533663055 391
1757594386947 0.17597247648616177 392
1757594386959 0.17530454424335146 393
1757594386969 0.17464340433231862 394
1757594386981 0.17398898331763502 395
1757594386993 0.17334120859434682 396
1757594387003 0.1727000083781158 397
1757594387014 0.17206531169548697 398
1757594387025 0.17143704837427712 399
1757594387035 0.17081514903408127 400
1757594387046 0.17019954507690513 401
1757594387057 0.1695901686779061 402
1757594387068 0.1689869527762609 403
1757594387080 0.16838983106612962 404
1757594387091 0.16779873798775488 405
1757594387102 0.16721360871865285 406
1757594387112 0.1666343791649219 407
1757594387123 0.16606098595266544 408
1757594387133 0.16549336641950865 409
1757594387144 0.16493145860622807 410
1757594387154 0.16437520124848612 411
1757594387165 0.16382453376866554 412
1757594387175 0.16327939626780635 413
1757594387186 0.162739729517636 414
1757594387198 0.16220547495271478 415
1757594387208 0.16167657466265845 416
1757594387219 0.1611529713844709 417
1757594387233 0.1606346084949639 418
1757594387245 0.1601214300032765 419
1757594387258 0.1596133805434779 420
1757594387287 0.15911040536727447 421
1757594387321 0.15861245033679336 422
1757594387336 0.15811946191746076 423
1757594387349 0.15763138717097022 424
1757594387364 0.1571481737483311 425
1757594387381 0.15666976988300696 426
1757594387397 0.15619612438414013 427
1757594387411 0.1557271866298488 428
1757594387425 0.1552629065606183 429
1757594387441 0.15480323467276647 430
1757594387456 0.15434812201199338 431
1757594387500 0.1538975201670016 432
1757594387513 0.1534513812632057 433
1757594387526 0.15300965795650665 434
1757594387537 0.1525723034271532 435
1757594387548 0.15213927137366925 436
1757594387560 0.15171051600686142 437
1757594387572 0.1512859920438946 438
1757594387583 0.1508656547024409 439
1757594387594 0.1504494596949037 440
1757594387606 0.15003736322270497 441
1757594387618 0.14962932197064588 442
1757594387630 0.14922529310133748 443
1757594387641 0.14882523424969438 444
1757594387652 0.1484291035174968 445
1757594387664 0.1480368594680205 446
1757594387675 0.14764846112072746 447
1757594387686 0.14726386794602508 448
1757594387697 0.14688303986008575 449
1757594387708 0.14650593721972777 450
1757594387719 0.14613252081736458 451
1757594387731 0.14576275187600277 452
1757594387742 0.1453965920443142 453
1757594387753 0.1450340033917573 454
1757594387764 0.14467494840375983 455
1757594387775 0.14431938997696342 456
1757594387786 0.14396729141451706 457
1757594387797 0.14361861642143411 458
1757594387808 0.14327332910000418 459
1757594387818 0.14293139394525312 460
1757594387829 0.142592775840468 461
1757594387840 0.14225744005276503 462
1757594387851 0.14192535222872174 463
1757594387862 0.1415964783900475 464
1757594387872 0.14127078492931933 465
1757594387883 0.1409482386057588 466
1757594387894 0.14062880654106336 467
1757594387905 0.14031245621528943 468
1757594387916 0.13999915546277972 469
1757594387927 0.13968887246813844 470
1757594387937 0.1393815757622632 471
1757594387949 0.13907723421841464 472
1757594387961 0.13877581704833278 473
1757594387972 0.13847729379841045 474
1757594387983 0.13818163434589487 475
1757594387994 0.13788880889515284 476
1757594388005 0.13759878797396285 477
1757594388016 0.1373115424298644 478
1757594388027 0.13702704342654393 479
1757594388038 0.136745262440262 480
1757594388048 0.1364661712563307 481
1757594388059 0.13618974196562306 482
1757594388070 0.1359159469611276 483
1757594388081 0.13564475893454842 484
1757594388097 0.13537615087293528 485
1757594388110 0.13511009605536156 486
1757594388122 0.13484656804964 487
1757594388134 0.13458554070906964 488
1757594388146 0.1343269881692353 489
1757594388158 0.13407088484482854 490
1757594388170 0.13381720542652112 491
1757594388183 0.133565924877859 492
1757594388195 0.13331701843220894 493
1757594388206 0.13307046158972885 494
1757594388217 0.13282623011438077 495
1757594388228 0.13258430003097593 496
1757594388243 0.13234464762225068 497
1757594388260 0.1321072494259861 498
1757594388274 0.13187208223215321 499
