1757518326222 0.040848567631877546 0
1757518326261 4.7169382020880235 1
1757518326300 0.018890521756353917 2
1757518326339 0.8570774603929409 3
1757518326378 0.06600152853765469 4
1757518326416 0.14779187644658565 5
1757518326456 2.0154832240974936 6
1757518326495 0.0025287056559074443 7
1757518326534 1.0966699984479937 8
1757518326573 0.14031178276139816 9
1757518326612 0.8594608054433213 10
1757518326650 0.18291694404824968 11
1757518326689 0.2247628407731826 12
1757518326728 0.01050361869934823 13
1757518326767 0.00010964656191616568 14
1757518326806 0.1858639145898129 15
1757518326844 0.004022273627317 16
1757518326883 0.40068989095900975 17
1757518326921 0.023054714344826272 18
1757518326960 0.05400540692375763 19
1757518326999 0.01156838665728008 20
1757518327038 0.058533236856825537 21
1757518327077 0.07778939136478492 22
1757518327116 0.015906366436197687 23
1757518327154 0.007904264979555476 24
1757518327193 0.006550869861682226 25
1757518327232 0.19225580597242947 26
1757518327271 0.006640220940217032 27
1757518327310 0.0012551826443569713 28
1757518327349 4.552942396124401e-05 29
1757518327388 0.05415650735842179 30
1757518327427 0.04626252112449039 31
1757518327466 0.052227028013946505 32
1757518327505 0.2865717388650831 33
1757518327544 0.005171192143286836 34
1757518327584 0.0017667480983213919 35
1757518327623 0.046497487800569504 36
1757518327679 0.0503787379971204 37
1757518327719 0.0009491960654167648 38
1757518327758 0.3364311050374959 39
1757518327797 0.3551678254366199 40
1757518327836 0.03580634099428687 41
1757518327875 0.006587379712372297 42
1757518327914 0.1874684700478806 43
1757518327953 0.04895198592963122 44
1757518327992 0.03978584999403551 45
1757518328031 0.18138644760441733 46
1757518328070 0.03676069378519929 47
1757518328109 0.16577721347892324 48
1757518328147 0.0923474974083421 49
1757518328187 0.011245916105540736 50
1757518328226 0.03266111033537458 51
1757518328264 0.019735130637912653 52
1757518328304 0.014379643317016718 53
1757518328343 0.01142817328978513 54
1757518328382 1.361713400378579 55
1757518328420 0.0978377494703578 56
1757518328460 0.3005842103963328 57
1757518328498 0.08578707649197836 58
1757518328538 0.04240088306705465 59
1757518328577 0.02933314215816974 60
1757518328616 0.030235267801508085 61
1757518328655 0.24649506560376844 62
1757518328694 0.07901967282054594 63
1757518328733 0.04458359437366218 64
1757518328772 0.048986378747279 65
1757518328811 0.316548418478718 66
1757518328850 0.02704428605044588 67
1757518328889 0.1938896465368813 68
1757518328931 0.06704333463984337 69
1757518328970 0.2135857566511845 70
1757518329009 0.01529044048967911 71
1757518329048 0.061342903450480255 72
1757518329087 0.027593491362917104 73
1757518329126 0.0010455971674030323 74
1757518329166 0.011852138301674768 75
1757518329205 0.458715531652328 76
1757518329244 0.08943321526349694 77
1757518329283 0.07187182380126664 78
1757518329322 0.12107607621396084 79
1757518329362 0.18215517323451957 80
1757518329401 0.05642649112944351 81
1757518329439 0.08201386885388598 82
1757518329479 0.001726077045282126 83
1757518329517 0.015737217323015522 84
1757518329557 0.0034480204389826957 85
1757518329596 0.02052818915868356 86
1757518329635 0.01576350966753457 87
1757518329675 0.18025757201601267 88
1757518329714 0.01566455650962092 89
1757518329753 0.15741674976350992 90
1757518329794 0.644755571916415 91
1757518329834 0.022680778159113738 92
1757518329873 0.06072826138987022 93
1757518329912 0.04460514160066249 94
1757518329952 2.6226069339567033e-05 95
1757518329992 0.16567756413473603 96
1757518330031 0.01582173699031901 97
1757518330070 0.050863168566630555 98
1757518330110 0.08019340313425898 99
1757518330149 0.06677488551257542 100
1757518330189 0.0019860938895106183 101
1757518330229 0.016021050044878814 102
1757518330268 0.28414553888130273 103
1757518330307 0.03133606134963836 104
1757518330347 0.04180613606565799 105
1757518330386 0.08015772786251382 106
1757518330425 0.29063714719915673 107
1757518330465 0.018588135315584696 108
1757518330504 0.0029679984686328854 109
1757518330544 0.1122293807921121 110
1757518330584 0.4275746837937418 111
1757518330623 0.007105255163576007 112
1757518330662 0.04967643449037715 113
1757518330701 0.05541176736226888 114
1757518330740 0.02112414005903341 115
1757518330781 0.0023105252441520748 116
1757518330820 0.011921356865827588 117
1757518330860 0.21682686502059118 118
1757518330900 0.0165347162571357 119
1757518330939 0.76793113976679 120
1757518330979 0.00946717969879607 121
1757518331018 0.24311103942340065 122
1757518331058 0.006306072281816466 123
1757518331097 0.00560504521478182 124
1757518331136 0.006973541137919638 125
1757518331176 5.992247558098705e-05 126
1757518331215 0.01657916309129246 127
1757518331255 0.05344785005092161 128
1757518331294 0.01738895098284104 129
1757518331333 0.00876806448495933 130
1757518331373 0.0026240255079261966 131
1757518331412 0.003951959177148421 132
1757518331451 0.04779654990730668 133
1757518331491 0.015346873724688596 134
1757518331530 0.0021006240390013787 135
1757518331569 0.00578050701481425 136
1757518331608 0.6389350738170407 137
1757518331647 0.09148107506801922 138
1757518331687 0.0008734966851383641 139
1757518331726 0.18710761202415516 140
1757518331765 0.08905814671921586 141
1757518331805 0.028330081204185033 142
1757518331845 0.06420911138363025 143
1757518331884 0.020862625101454906 144
1757518331924 0.004617183377811989 145
1757518331964 0.002503863249470753 146
1757518332005 0.00018235462008433045 147
1757518332045 0.24152539747019716 148
1757518332084 2.332607301744235e-05 149
1757518332124 0.010637402397380903 150
1757518332164 0.07259374914029357 151
1757518332203 0.0917849308020323 152
1757518332242 0.3199444462642552 153
1757518332282 0.12889065934079932 154
1757518332322 0.07545010438006546 155
1757518332361 0.22298735101910924 156
1757518332400 0.03346155100437732 157
1757518332440 0.07327219807104264 158
1757518332479 0.03927911976755318 159
1757518332519 0.14302131682668012 160
1757518332558 0.012371039929373316 161
1757518332598 0.04240974421649575 162
1757518332637 0.325663937585196 163
1757518332676 0.3369264171869596 164
1757518332716 0.005021713226758091 165
1757518332755 0.001532082658639282 166
1757518332794 0.008467955140056436 167
1757518332834 0.09619839112995884 168
1757518332873 0.048152707769888316 169
1757518332913 0.08999297890561411 170
1757518332952 0.1035036827566314 171
1757518332992 0.004875867023325407 172
1757518333031 0.0387180798313006 173
1757518333071 0.004395263164581613 174
1757518333110 0.4608485849959307 175
1757518333150 0.1769779985680934 176
1757518333189 0.13649098015930877 177
1757518333228 0.036809432171451835 178
1757518333269 0.005258353015821655 179
1757518333314 0.0018226115512348425 180
1757518333357 0.04721844834917381 181
1757518333397 0.07509050018644307 182
1757518333437 0.10707705773571478 183
1757518333477 0.437359573969724 184
1757518333517 6.742405388900303e-05 185
1757518333556 0.03787937514356995 186
1757518333596 0.026035195403259093 187
1757518333636 0.006751121198770716 188
1757518333675 0.035625121909398476 189
1757518333715 0.24994715925464858 190
1757518333755 0.010040779767846649 191
1757518333794 0.08468895027295233 192
1757518333833 0.05557854608359513 193
1757518333874 0.14122940825290622 194
1757518333914 0.0013543954999778078 195
1757518333954 0.03767650776520042 196
1757518333993 0.07071689061615334 197
1757518334034 0.046016512513079075 198
1757518334074 0.03847722078817745 199
1757518334114 0.048792333814165874 200
1757518334154 0.07480288279497446 201
1757518334195 0.4925961482550328 202
1757518334235 0.05543048246836905 203
1757518334275 0.02445585716676209 204
1757518334314 0.07144422478582013 205
1757518334354 0.12528769439168055 206
1757518334394 0.0027301891585530423 207
1757518334434 0.0744281418838747 208
1757518334474 0.0157510956189697 209
1757518334514 0.00258427152156704 210
1757518334554 0.10817603083042003 211
1757518334593 0.12857369804151697 212
1757518334633 0.015401268189401946 213
1757518334673 0.005748522974309007 214
1757518334712 0.022209458830851774 215
1757518334753 0.06382404598944831 216
1757518334793 0.0020259792514513817 217
1757518334838 0.0075706758481085355 218
1757518334880 0.023191364972228505 219
1757518334920 0.0335492775654959 220
1757518334960 0.4995104277925983 221
1757518335001 0.0010426453291717353 222
1757518335041 0.023698493854026725 223
1757518335081 0.022223568960306805 224
1757518335121 0.015289864778385422 225
1757518335161 0.06859860067887956 226
1757518335200 0.0011598930246589534 227
1757518335240 0.17548568004551954 228
1757518335280 0.08612520919490375 229
1757518335320 0.5408721254483468 230
1757518335360 0.14192967959025035 231
1757518335400 0.030585858343590084 232
1757518335440 0.001576548583927239 233
1757518335480 0.2597883442018827 234
1757518335520 0.04573402344337846 235
1757518335560 0.1995511998772336 236
1757518335600 0.08274958076189919 237
1757518335640 0.022843911807859687 238
1757518335680 0.20458091890013458 239
1757518335719 0.17554518188891693 240
1757518335759 0.023373183788689026 241
1757518335798 0.04132144203300952 242
1757518335845 0.06830017832297303 243
1757518335891 0.02034167718080314 244
1757518335931 0.009174463297491647 245
1757518335971 0.008966182755618255 246
1757518336011 0.0005010403268554525 247
1757518336051 0.022406371813749854 248
1757518336090 0.00249698865274932 249
1757518336130 0.02856854239752376 250
1757518336169 0.03441008921845539 251
1757518336208 0.002879584865863611 252
1757518336248 0.11784526390317306 253
1757518336288 0.012361590524639176 254
1757518336329 0.2161948543284723 255
1757518336370 0.03033172543197907 256
1757518336410 0.018522918551559686 257
1757518336450 0.3253899944321805 258
1757518336490 0.0006963716639532049 259
1757518336530 0.009729812255924968 260
1757518336570 0.13302180028276828 261
1757518336609 0.002992297750485497 262
1757518336649 0.06991894917197337 263
1757518336689 0.08288403037023845 264
1757518336729 0.0022338242114670055 265
1757518336769 0.015405396985493149 266
1757518336809 0.03563388451931159 267
1757518336848 0.017483389815125257 268
1757518336888 0.2745290104338945 269
1757518336927 0.007254838622146351 270
1757518336967 0.18469671925018455 271
1757518337007 0.179517224718609 272
1757518337047 0.0406245584261823 273
1757518337087 0.012909161260382203 274
1757518337126 0.02587807391773191 275
1757518337166 0.009957611135155269 276
1757518337206 0.025064648061361192 277
1757518337246 0.2449888465011094 278
1757518337286 0.11792753029813031 279
1757518337326 0.00010804072041220486 280
1757518337366 0.0009135984366218282 281
1757518337406 0.021081620866222416 282
1757518337445 0.03982029228660783 283
1757518337486 0.46765580001681917 284
1757518337525 0.07335918262711474 285
1757518337566 3.0062112349135106e-05 286
1757518337605 0.27108305166571395 287
1757518337645 0.1988023869739639 288
1757518337686 0.16449742100734863 289
1757518337726 0.06815476206151372 290
1757518337766 0.34646746218359253 291
1757518337806 0.0018956928450367695 292
1757518337846 0.0021597923144835054 293
1757518337887 0.19180154358185997 294
1757518337927 0.11354448434146448 295
1757518337969 0.015363942730281556 296
1757518338010 0.016182723226265006 297
1757518338050 0.10273400169160365 298
1757518338089 0.1388300913657299 299
1757518338129 0.8084500786137312 300
1757518338169 0.016488711950962964 301
1757518338209 0.11590779739064279 302
1757518338249 0.0065992954507337 303
1757518338289 0.21290200820917035 304
1757518338329 7.666955487094656e-05 305
1757518338370 0.1109969828027816 306
1757518338410 0.07034194542198013 307
1757518338449 0.4951947955396733 308
1757518338490 0.29691111578115587 309
1757518338531 0.1941141028874802 310
1757518338572 0.05301279922854097 311
1757518338612 0.08022258730807894 312
1757518338652 0.012403040366329693 313
1757518338693 0.2092977017006187 314
1757518338733 0.09866913086572074 315
1757518338774 0.03588621805466607 316
1757518338814 0.251625622888116 317
1757518338854 0.06786068979921807 318
1757518338895 0.055921811871842995 319
1757518338934 0.23624679300086004 320
1757518338974 0.04748730795010902 321
1757518339015 0.38074287970856524 322
1757518339055 0.046059520698812854 323
1757518339096 0.10689502244529232 324
1757518339136 0.00040421360716700553 325
1757518339176 0.025511932734277702 326
1757518339216 0.0007897980137812644 327
1757518339257 0.5090472093122154 328
1757518339297 0.010467912769945046 329
1757518339338 0.014554326686564915 330
1757518339378 0.0007368899077876667 331
1757518339418 0.003499829457580444 332
1757518339459 0.013437387474613436 333
1757518339499 0.03658457955051576 334
1757518339540 0.0018754062905072348 335
1757518339581 0.05746571199118379 336
1757518339622 0.0009121285532492719 337
1757518339662 0.11031549226021627 338
1757518339703 0.15925983173917704 339
1757518339744 0.09789389752431608 340
1757518339784 2.7205788407776037e-05 341
1757518339824 0.022623516419078508 342
1757518339865 0.0026638887853263644 343
1757518339906 0.019648718078410503 344
1757518339947 0.05373183978486196 345
1757518339987 0.13482443937697328 346
1757518340028 0.001419983224163458 347
1757518340070 0.13282043655359418 348
1757518340111 0.0028642516987713806 349
1757518340151 0.14669541201545008 350
1757518340192 0.0013662771165802127 351
1757518340232 0.30560469308269556 352
1757518340273 0.2751906499967706 353
1757518340314 0.13574758359928413 354
1757518340378 0.10718570816116171 355
1757518340421 0.00034536412331888497 356
1757518340462 0.015124733950610635 357
1757518340503 6.206359586251813e-06 358
1757518340544 0.0251530737597736 359
1757518340584 0.015905492913511326 360
1757518340625 0.20253709521899518 361
1757518340666 0.0029444964906684846 362
1757518340708 0.09736678240431472 363
1757518340751 0.008299089021118535 364
1757518340792 0.005959496999765971 365
1757518340833 0.11152975499539215 366
1757518340874 0.02591838553477147 367
1757518340915 0.022740251283534445 368
1757518340956 0.07820441554075057 369
1757518340998 0.0007470760761389709 370
1757518341038 0.1377245356301663 371
1757518341079 0.033335400943435456 372
1757518341120 0.0053775608771737 373
