1757513170732 167.13635315706722 0
1757513170742 164.22561673002247 1
1757513170751 163.96511835720244 2
1757513170761 163.681408127628 3
1757513170771 163.39847993906648 4
1757513170781 163.11611028561768 5
1757513170791 162.83430014800535 6
1757513170801 162.55304836658237 7
1757513170810 162.2723538052094 8
1757513170820 161.99221532990944 9
1757513170830 161.7126318090831 10
1757513170840 161.4336021135008 11
1757513170850 161.155125116295 12
1757513170859 160.877199692957 13
1757513170869 160.5998247213339 14
1757513170879 160.3229990816204 15
1757513170890 160.04672165635625 16
1757513170900 159.7709913304187 17
1757513170910 159.49580699101625 18
1757513170920 159.22116752769026 19
1757513170930 158.9470718323034 20
1757513170941 158.67351879903677 21
1757513170952 158.40050732438527 22
1757513170962 158.12803630715132 23
1757513170971 157.85610464844373 24
1757513170982 157.58471125166616 25
1757513170992 157.31385502251786 26
1757513171002 157.04353486898722 27
1757513171012 156.77374970134545 28
1757513171021 156.50449843214304 29
1757513171031 156.23577997620333 30
1757513171041 155.9675932506188 31
1757513171051 155.69993717474753 32
1757513171061 155.4328106702053 33
1757513171072 155.16621266086284 34
1757513171082 154.90014207283906 35
1757513171092 154.63459783449994 36
1757513171103 154.369578876449 37
1757513171113 154.10508413152596 38
1757513171123 153.84111253479995 39
1757513171133 153.5776630235647 40
1757513171144 153.31473453733727 41
1757513171154 153.05232601784658 42
1757513171164 152.79043640903586 43
1757513171174 152.52906465705303 44
1757513171184 152.26820971024864 45
1757513171194 152.0078705191646 46
1757513171204 151.7480460365443 47
1757513171213 151.48873521730943 48
1757513171224 151.2299370185703 49
1757513171234 150.97165039961115 50
1757513171243 150.71387432189113 51
1757513171254 150.456607749038 52
1757513171264 150.1998496468422 53
1757513171277 149.9435989832542 54
1757513171290 149.68785472837826 55
1757513171302 149.4326158544711 56
1757513171320 149.17788133592893 57
1757513171331 148.92365014929447 58
1757513171341 148.66992127324346 59
1757513171352 148.41669368858385 60
1757513171362 148.16396637824943 61
1757513171373 147.91173832729797 62
1757513171383 147.6600085229032 63
1757513171393 147.40877595435313 64
1757513171404 147.1580396130425 65
1757513171415 146.90779849247315 66
1757513171425 146.65805158824318 67
1757513171435 146.40879789804734 68
1757513171445 146.16003642167183 69
1757513171455 145.91176616098713 70
1757513171466 145.6639861199448 71
1757513171475 145.41669530457477 72
1757513171486 145.16989272298 73
1757513171496 144.92357738532928 74
1757513171507 144.6777483038575 75
1757513171517 144.4324044928567 76
1757513171527 144.18754496867427 77
1757513171537 143.9431687497095 78
1757513171547 143.69927485640721 79
1757513171557 143.45586231125128 80
1757513171567 143.21293013876468 81
1757513171577 142.9704773655039 82
1757513171587 142.7285030200522 83
1757513171598 142.48700613301833 84
1757513171608 142.24598573702966 85
1757513171618 142.0054408667296 86
1757513171628 141.76537055877205 87
1757513171638 141.52577385181922 88
1757513171648 141.28664978653285 89
1757513171659 141.04799740557573 90
1757513171669 140.80981575360224 91
1757513171680 140.57210387725817 92
1757513171691 140.3348608251737 93
1757513171702 140.09808564795998 94
1757513171715 139.86177739820423 95
1757513171726 139.62593513046758 96
1757513171739 139.39055790127915 97
1757513171750 139.15564476913124 98
1757513171761 138.9211947944766 99
1757513171771 138.6872070397241 100
1757513171782 138.4536805692331 101
1757513171793 138.22061444931037 102
1757513171804 137.98800774820668 103
1757513171815 137.75585953611127 104
1757513171826 137.52416888514617 105
1757513171836 137.2929348693679 106
1757513171847 137.06215656475626 107
1757513171857 136.8318330492149 108
1757513171868 136.6019634025646 109
1757513171879 136.37254670654156 110
1757513171890 136.1435820447901 111
1757513171901 135.91506850286254 112
1757513171913 135.6870051682117 113
1757513171924 135.45939113018864 114
1757513171936 135.23222548003693 115
1757513171947 135.0055073108932 116
1757513171961 134.77923571777507 117
1757513171971 134.55340979758304 118
1757513171982 134.32802864909783 119
1757513171994 134.10309137297003 120
1757513172022 133.87859707172285 121
1757513172042 133.65454484974086 122
1757513172054 133.4309338132746 123
1757513172065 133.2077630704297 124
1757513172076 132.98503173116416 125
1757513172087 132.76273890728794 126
1757513172098 132.54088371245527 127
1757513172109 132.3194652621617 128
1757513172121 132.0984826737414 129
1757513172131 131.87793506636115 130
1757513172142 131.65782156101832 131
1757513172153 131.43814128053597 132
1757513172163 131.21889334955893 133
1757513172174 131.0000768945503 134
1757513172185 130.78169104378642 135
1757513172195 130.56373492735523 136
1757513172206 130.34620767715091 137
1757513172217 130.12910842686878 138
1757513172228 129.91243631200498 139
1757513172238 129.69619046984897 140
1757513172249 129.4803700394805 141
1757513172260 129.26497416176943 142
1757513172271 129.0500019793653 143
1757513172281 128.83545263670032 144
1757513172292 128.62132527998014 145
1757513172303 128.40761905718279 146
1757513172315 128.19433311805594 147
1757513172326 127.98146661411062 148
1757513172336 127.76901869861635 149
1757513172347 127.55698852660366 150
1757513172358 127.34537525485302 151
1757513172369 127.13417804189463 152
1757513172380 126.92339604800559 153
1757513172391 126.71302843520297 154
1757513172401 126.50307436724374 155
1757513172414 126.2935330096169 156
1757513172425 126.08440352954558 157
1757513172437 125.87568509597602 158
1757513172448 125.66737687958111 159
1757513172460 125.4594780527513 160
1757513172471 125.25198778959367 161
1757513172483 125.0449052659279 162
1757513172495 124.83822965928094 163
1757513172506 124.63196014888642 164
1757513172518 124.42609591567785 165
1757513172530 124.22063614228726 166
1757513172541 124.01558001304087 167
1757513172553 123.81092671395501 168
1757513172564 123.60667543273271 169
1757513172575 123.40282535875951 170
1757513172589 123.19937568310309 171
1757513172602 122.99632559850373 172
1757513172614 122.7936742993769 173
1757513172626 122.5914209818067 174
1757513172638 122.38956484353997 175
1757513172650 122.18810508398897 176
1757513172662 121.98704090422235 177
1757513172674 121.78637150696275 178
1757513172685 121.58609609658492 179
1757513172696 121.38621387911171 180
1757513172707 121.186724062209 181
1757513172722 120.98762585518453 182
1757513172734 120.78891846898152 183
1757513172745 120.59060111617829 184
1757513172757 120.39267301098238 185
1757513172768 120.19513336922932 186
1757513172779 119.99798140837537 187
1757513172790 119.80121634749959 188
1757513172802 119.60483740729407 189
1757513172814 119.40884381006771 190
1757513172825 119.21323477973368 191
1757513172836 119.01800954181635 192
1757513172848 118.8231673234384 193
1757513172870 118.62870735332515 194
1757513172883 118.43462886179366 195
1757513172896 118.2409310807583 196
1757513172907 118.0476132437179 197
1757513172920 117.85467458575935 198
1757513172931 117.66211434354926 199
1757513172943 117.46993175533696 200
1757513172961 117.27812606094362 201
1757513172976 117.08669650176333 202
1757513172990 116.89564232076039 203
1757513173005 116.70496276246296 204
1757513173020 116.51465707296063 205
1757513173035 116.32472449990449 206
1757513173050 116.13516429249741 207
1757513173065 115.94597570149814 208
1757513173080 115.75715797921058 209
1757513173094 115.56871037948635 210
1757513173106 115.3806321577191 211
1757513173119 115.19292257083981 212
1757513173130 115.00558087731724 213
1757513173142 114.8186063371509 214
1757513173153 114.63199821187023 215
1757513173164 114.44575576452985 216
1757513173176 114.259878259708 217
1757513173189 114.07436496350117 218
1757513173201 113.88921514352218 219
1757513173213 113.70442806889689 220
1757513173227 113.52000301026196 221
1757513173239 113.33593923975806 222
1757513173251 113.15223603103185 223
1757513173263 112.96889265922766 224
1757513173275 112.78590840098772 225
1757513173287 112.6032825344486 226
1757513173298 112.42101433923568 227
1757513173309 112.23910309646476 228
1757513173321 112.05754808873142 229
1757513173333 111.87634860011558 230
1757513173345 111.69550391617396 231
1757513173356 111.51501332393849 232
1757513173368 111.33487611191137 233
1757513173380 111.15509157006501 234
1757513173391 110.97565898983565 235
1757513173402 110.79657766412267 236
1757513173415 110.6178468872845 237
1757513173427 110.43946595513526 238
1757513173439 110.26143416494148 239
1757513173451 110.0837508154217 240
1757513173463 109.90641520673762 241
1757513173476 109.72942664049837 242
1757513173488 109.5527844197512 243
1757513173500 109.37648784898127 244
1757513173513 109.2005362341099 245
1757513173525 109.0249288824877 246
1757513173537 108.84966510289428 247
1757513173548 108.67474420553619 248
1757513173560 108.50016550204006 249
1757513173571 108.32592830545342 250
1757513173582 108.15203193023929 251
1757513173594 107.97847569227375 252
1757513173605 107.80525890884454 253
1757513173617 107.63238089864532 254
1757513173629 107.45984098177556 255
1757513173640 107.28763847973417 256
1757513173651 107.11577271541978 257
1757513173663 106.94424301312579 258
1757513173675 106.77304869853886 259
1757513173687 106.60218909873383 260
1757513173698 106.43166354217372 261
1757513173710 106.26147135870313 262
1757513173723 106.09161187955003 263
1757513173736 105.92208443731639 264
1757513173747 105.75288836598276 265
1757513173759 105.58402300089892 266
1757513173773 105.41548767878642 267
1757513173787 105.24728173772934 268
1757513173802 105.0794045171773 269
1757513173817 104.9118553579396 270
1757513173833 104.74463360218262 271
1757513173849 104.57773859342898 272
1757513173866 104.41116967655019 273
1757513173882 104.24492619776849 274
1757513173898 104.0790075046515 275
1757513173913 103.91341294611023 276
1757513173927 103.74814187239504 277
1757513173939 103.58319363509445 278
1757513173951 103.41856758713227 279
1757513173963 103.25426308276158 280
1757513173975 103.09027947756718 281
1757513173987 102.92661612845858 282
1757513173999 102.76327239366782 283
1757513174011 102.60024763274957 284
1757513174023 102.43754120657334 285
1757513174035 102.27515247732686 286
1757513174046 102.11308080850677 287
1757513174058 101.95132556492143 288
1757513174070 101.78988611268426 289
1757513174082 101.62876181921322 290
1757513174095 101.46795205322654 291
1757513174107 101.30745618474204 292
1757513174119 101.14727358507238 293
1757513174131 100.98740362682169 294
1757513174143 100.82784568388678 295
1757513174154 100.66859913144903 296
1757513174167 100.5096633459766 297
1757513174179 100.35103770521854 298
1757513174191 100.19272158820291 299
1757513174204 100.03471437523399 300
1757513174216 99.87701544789151 301
1757513174228 99.71962418902427 302
1757513174240 99.56253998274981 303
1757513174254 99.40576221445241 304
1757513174267 99.24929027077803 305
1757513174280 99.09312353963381 306
1757513174293 98.93726141018429 307
1757513174307 98.78170327284934 308
1757513174320 98.62644851930095 309
1757513174332 98.47149654246003 310
1757513174345 98.31684673649612 311
1757513174357 98.16249849682137 312
1757513174369 98.00845122009098 313
1757513174380 97.85470430419954 314
1757513174393 97.70125714827735 315
1757513174404 97.54810915268905 316
1757513174417 97.3952597190299 317
1757513174429 97.2427082501256 318
1757513174442 97.09045415002528 319
1757513174454 96.93849682400395 320
1757513174466 96.78683567855812 321
1757513174478 96.63547012139895 322
1757513174492 96.48439956145707 323
1757513174507 96.33362340887459 324
1757513174522 96.18314107500483 325
1757513174537 96.03295197240975 326
1757513174551 95.88305551485519 327
1757513174563 95.73345111731216 328
1757513174576 95.58413819594962 329
1757513174588 95.43511616813643 330
1757513174601 95.28638445243666 331
1757513174614 95.13794246860566 332
1757513174626 94.98978963759222 333
1757513174639 94.8419253815289 334
1757513174653 94.69434912373744 335
1757513174666 94.5470602887199 336
1757513174679 94.4000583021592 337
1757513174692 94.25334259091736 338
1757513174705 94.10691258302995 339
1757513174717 93.96076770770651 340
1757513174731 93.81490739532705 341
1757513174743 93.66933107743861 342
1757513174756 93.52403818675465 343
1757513174769 93.3790281571511 344
1757513174781 93.23430042366485 345
1757513174794 93.08985442248996 346
1757513174806 92.945689590978 347
1757513174818 92.80180536763129 348
1757513174831 92.65820119210554 349
1757513174844 92.51487650520241 350
1757513174856 92.37183074887155 351
1757513174869 92.22906336620451 352
1757513174881 92.08657380143455 353
1757513174893 91.94436149993494 354
1757513174905 91.80242590821298 355
1757513174918 91.66076647391088 356
1757513174931 91.51938264580316 357
1757513174943 91.37827387379205 358
1757513174956 91.2374396089086 359
1757513174969 91.09687930330512 360
1757513174981 90.9565924102591 361
1757513174993 90.81657838416515 362
1757513175005 90.67683668053728 363
1757513175018 90.53736675600308 364
1757513175031 90.39816806830332 365
1757513175043 90.25924007628774 366
1757513175055 90.12058223991684 367
1757513175068 89.9821940202539 368
1757513175080 89.84407487946599 369
1757513175093 89.70622428082231 370
1757513175105 89.56864168868955 371
1757513175118 89.43132656853105 372
1757513175131 89.29427838690417 373
1757513175144 89.15749661145718 374
1757513175157 89.02098071092999 375
1757513175169 88.88473015514619 376
1757513175181 88.74874441501692 377
1757513175194 88.61302296253506 378
1757513175206 88.47756527077287 379
1757513175219 88.34237081388122 380
1757513175231 88.20743906708773 381
1757513175244 88.07276950669153 382
1757513175256 87.93836161006317 383
1757513175269 87.80421485564395 384
1757513175282 87.6703287229395 385
1757513175294 87.53670269252153 386
1757513175307 87.40333624602354 387
1757513175319 87.27022886613801 388
1757513175332 87.13738003661615 389
1757513175345 87.0047892422649 390
1757513175357 86.87245596894408 391
1757513175370 86.74037970356292 392
1757513175383 86.60855993408276 393
1757513175395 86.4769961495087 394
1757513175408 86.34568783989187 395
1757513175420 86.21463449632498 396
1757513175433 86.08383561094064 397
1757513175447 85.9532906769104 398
1757513175460 85.82299918844038 399
1757513175472 85.69296064077025 400
1757513175484 85.56317453017185 401
1757513175497 85.43364035394505 402
1757513175510 85.30435761041798 403
1757513175522 85.17532579894193 404
1757513175535 85.04654441989241 405
1757513175552 84.91801297466553 406
1757513175567 84.78973096567456 407
1757513175595 84.66169789634976 408
1757513175612 84.53391327113505 409
1757513175625 84.40637659548779 410
1757513175638 84.27908737587227 411
1757513175651 84.1520451197636 412
1757513175664 84.02524933564158 413
1757513175677 83.89869953298792 414
1757513175690 83.77239522228862 415
1757513175704 83.6463359150261 416
1757513175716 83.52052112368163 417
1757513175730 83.39495036173165 418
1757513175744 83.26962314364438 419
1757513175758 83.1445389848806 420
1757513175770 83.01969740188868 421
1757513175784 82.89509791210455 422
1757513175797 82.77074003394786 423
1757513175814 82.64662328682186 424
1757513175830 82.52274719111074 425
1757513175846 82.39911126817618 426
1757513175861 82.27571504035551 427
1757513175874 82.15255803096316 428
1757513175888 82.0296397642838 429
1757513175902 81.90695976557373 430
1757513175915 81.78451756105626 431
1757513175929 81.66231267792156 432
1757513175941 81.54034464432458 433
1757513175955 81.41861298938151 434
1757513175968 81.29711724316967 435
1757513175981 81.1758569367236 436
1757513175994 81.05483160203426 437
1757513176007 80.93404077204865 438
1757513176019 80.81348398066301 439
1757513176032 80.69316076272548 440
1757513176045 80.57307065403187 441
1757513176058 80.45321319132442 442
1757513176070 80.33358791228976 443
1757513176084 80.21419435555553 444
1757513176096 80.09503206069161 445
1757513176109 79.97610056820506 446
1757513176122 79.85739941953872 447
1757513176135 79.73892815707156 448
1757513176148 79.62068632411206 449
1757513176161 79.502673464902 450
1757513176177 79.38488912461074 451
1757513176190 79.26733284933353 452
1757513176203 79.15000418609094 453
1757513176216 79.03290268282574 454
1757513176229 78.91602788840203 455
1757513176242 78.7993793526022 456
1757513176256 78.68295662612597 457
1757513176269 78.56675926058698 458
1757513176282 78.4507868085134 459
1757513176295 78.33503882334414 460
1757513176307 78.21951485942618 461
1757513176321 78.10421447201546 462
1757513176334 77.98913721727247 463
1757513176348 77.87428265226104 464
1757513176361 77.75965033494725 465
1757513176374 77.64523982419719 466
1757513176387 77.53105067977361 467
1757513176400 77.41708246233628 468
1757513176413 77.30333473343802 469
1757513176426 77.1898070555261 470
1757513176439 77.07649899193574 471
1757513176453 76.96341010689162 472
1757513176466 76.85053996550539 473
1757513176479 76.73788813377313 474
1757513176493 76.62545417857464 475
1757513176506 76.51323766766943 476
1757513176519 76.40123816969677 477
1757513176531 76.28945525417481 478
1757513176544 76.17788849149545 479
1757513176558 76.06653745292478 480
1757513176574 75.95540171060131 481
1757513176589 75.84448083753311 482
1757513176604 75.73377440759728 483
1757513176618 75.62328199553635 484
1757513176631 75.51300317695922 485
1757513176644 75.40293752833526 486
1757513176658 75.29308462699683 487
1757513176672 75.18344405113517 488
1757513176685 75.0740153797986 489
1757513176699 74.96479819289023 490
1757513176712 74.85579207116928 491
1757513176726 74.74699659624495 492
1757513176739 74.63841135057835 493
1757513176752 74.5300359174778 494
1757513176766 74.42186988109982 495
1757513176779 74.31391282644438 496
1757513176792 74.20616433935503 497
1757513176806 74.09862400651816 498
1757513176820 73.99129141545859 499
