1757594671848 129.13540171087192 0
1757594671857 95.23396739757233 1
1757594671868 76.77077596776687 2
1757594671877 50.01566958198297 3
1757594671887 43.05788847485688 4
1757594671897 27.612161612255214 5
1757594671906 18.727064843044452 6
1757594671915 16.886010602814075 7
1757594671925 16.138999714220073 8
1757594671934 8.724618460873028 9
1757594671944 5.733902228100474 10
1757594671953 7.451205914241398 11
1757594671962 5.778557796973966 12
1757594671972 6.216074076969582 13
1757594671981 5.516176717019639 14
1757594671991 6.6233622698273615 15
1757594672000 5.256610923182771 16
1757594672010 2.803822478061488 17
1757594672019 2.9164937133570716 18
1757594672029 3.3789709756619817 19
1757594672039 6.804060625550761 20
1757594672049 2.1160634735436967 21
1757594672060 2.9594539245129243 22
1757594672069 4.451098910916266 23
1757594672079 2.1282588763491037 24
1757594672089 3.0366477694330416 25
1757594672099 4.598760507643342 26
1757594672109 6.1027880447367515 27
1757594672118 2.2022147427816128 28
1757594672128 3.130791936459889 29
1757594672137 5.406816200548773 30
1757594672147 0.7409602597567556 31
1757594672156 1.0423938508159731 32
1757594672166 1.9711612490142565 33
1757594672176 2.1752443038158686 34
1757594672185 5.082838575250778 35
1757594672195 3.0327478841700186 36
1757594672204 3.4077369696260087 37
1757594672214 2.548693703377827 38
1757594672223 2.2842578265903186 39
1757594672233 4.717433171543113 40
1757594672242 2.2696605504680623 41
1757594672251 1.5579282846917861 42
1757594672261 2.345066910233177 43
1757594672270 3.0335578725506958 44
1757594672279 1.9290885459512248 45
1757594672289 2.181409456858663 46
1757594672298 4.93632193101523 47
1757594672307 2.4623390730392054 48
1757594672317 1.7736324137598105 49
1757594672326 2.739985344840478 50
1757594672336 3.4286196703660052 51
1757594672345 1.623467609027657 52
1757594672355 3.7459335488248775 53
1757594672365 2.0060498473887676 54
1757594672374 2.8403846769628736 55
1757594672384 0.9989486575901343 56
1757594672393 3.206101569518983 57
1757594672403 2.998399090121135 58
1757594672412 2.509804243707903 59
1757594672422 2.3461381140209983 60
1757594672431 3.888830279175088 61
1757594672441 2.9976423534314134 62
1757594672451 1.946622757593628 63
1757594672460 1.6237761759808234 64
1757594672470 1.8273756385210307 65
1757594672479 0.9723594492925309 66
1757594672489 1.3495661920752215 67
1757594672498 3.347453141059665 68
1757594672508 4.230658011269595 69
1757594672517 1.5948645245033721 70
1757594672527 2.0013358560184336 71
1757594672538 1.5184404109143947 72
1757594672548 2.1455611252524625 73
1757594672558 1.9961260295019287 74
1757594672567 2.529968531963728 75
1757594672577 1.974985682766106 76
1757594672587 2.2454399388557715 77
1757594672597 2.3396590147223777 78
1757594672606 2.7265752077658694 79
1757594672616 2.042428915395447 80
1757594672625 1.5965662925575377 81
1757594672635 1.2792182724387007 82
1757594672645 1.7493296948934292 83
1757594672654 1.4814540985960576 84
1757594672664 1.664926297388194 85
1757594672674 2.936171870875204 86
1757594672683 0.7685875926142112 87
1757594672693 0.5019371255090762 88
1757594672703 0.9307549080122334 89
1757594672713 2.223522182327372 90
1757594672722 2.950151675736525 91
1757594672732 3.3090371336525544 92
1757594672742 1.3020532649320653 93
1757594672752 1.2218326740606085 94
1757594672762 2.4782475106833735 95
1757594672772 2.283734261132249 96
1757594672782 1.6149807278538564 97
1757594672792 1.9479739606598678 98
1757594672802 1.302512275885205 99
1757594672811 2.6521860005894013 100
1757594672822 3.220327682791025 101
1757594672834 0.7144281977012944 102
1757594672844 2.773740472911629 103
1757594672854 1.3815153369746898 104
1757594672864 1.157366166512318 105
1757594672874 2.7179882548197805 106
1757594672884 1.829063958372312 107
1757594672894 1.6045094809840852 108
1757594672904 0.7082821404880206 109
1757594672914 1.5601170803472675 110
1757594672925 1.358466222577213 111
1757594672935 1.1394623810524558 112
1757594672945 3.181514039508548 113
1757594672955 1.375018810234702 114
1757594672966 1.0493038024591745 115
1757594672977 1.7917047893940132 116
1757594672987 1.3776146151596869 117
1757594672997 1.4797218143479944 118
1757594673007 0.9491431850125364 119
1757594673017 1.3326617578939772 120
1757594673028 0.5598532958662332 121
1757594673038 1.7099499168031236 122
1757594673048 1.0451068711836577 123
1757594673058 1.1728567489294668 124
1757594673090 1.1277709079995812 125
1757594673101 0.7681356472741981 126
1757594673111 1.2167091167767528 127
1757594673122 1.7430383241251122 128
1757594673132 1.0754662255823664 129
1757594673142 0.4713497866777721 130
1757594673153 2.000446704108319 131
1757594673163 1.150967196262282 132
1757594673173 1.6855477546455728 133
1757594673184 1.0350686089776333 134
1757594673194 0.8988226113826709 135
1757594673204 1.9575478661502634 136
1757594673214 1.3134455772201215 137
1757594673224 0.401494950648107 138
1757594673234 1.423226046195516 139
1757594673245 2.8075545857495547 140
1757594673255 1.0429658148663667 141
1757594673266 1.5834454652167402 142
1757594673276 2.355748179832359 143
1757594673286 1.166048912167104 144
1757594673296 2.1675868954433546 145
1757594673306 1.4925838200657615 146
1757594673317 1.842191559266628 147
1757594673327 1.072839438926545 148
1757594673337 1.7341841244257161 149
1757594673347 0.8261781904527395 150
1757594673358 0.6095140061938464 151
1757594673368 1.998536955645873 152
1757594673378 1.0771116335431608 153
1757594673388 0.9730050173744013 154
1757594673398 1.6821334851657155 155
1757594673409 1.5343273001754976 156
1757594673419 0.6075979021987055 157
1757594673429 1.6566319930590443 158
1757594673439 1.47590594971162 159
1757594673449 0.8372751882725837 160
1757594673459 1.1288875730440584 161
1757594673469 0.5243706854980928 162
1757594673479 1.1543053515438053 163
1757594673490 1.4582709459906043 164
1757594673500 1.3469792240999587 165
1757594673510 0.8658381929392884 166
1757594673520 1.6142852771343177 167
1757594673530 0.5393670353512117 168
1757594673540 1.1792533159936105 169
1757594673550 1.172926319353208 170
1757594673561 0.6943462555257589 171
1757594673571 0.9374744482127241 172
1757594673581 0.8805993073016046 173
1757594673591 1.3487931975049987 174
1757594673602 0.9727817025848018 175
1757594673612 0.8369062492229268 176
1757594673622 1.1048165556402005 177
1757594673633 0.8440631815467455 178
1757594673643 0.8873993728613054 179
1757594673654 1.3480949919209098 180
1757594673664 0.8949109818455028 181
1757594673675 1.147328824823766 182
1757594673685 0.6255587647441715 183
1757594673695 1.2790060773680365 184
1757594673706 0.7222141178613188 185
1757594673716 0.9423997941944338 186
1757594673726 1.2296258263228756 187
1757594673736 0.9462003613536123 188
1757594673747 0.766476827620656 189
1757594673758 0.7209341690735669 190
1757594673768 0.9796803131413978 191
1757594673778 1.3763184149809737 192
1757594673789 0.441908350768982 193
1757594673799 0.9670673952424613 194
1757594673809 0.57220549397087 195
1757594673820 0.9910772702410979 196
1757594673830 0.7548690590071756 197
1757594673841 1.1087791802188578 198
1757594673851 0.48310443681342535 199
1757594673862 0.33569282122007355 200
1757594673872 0.8445308241876192 201
1757594673882 0.6209811856367246 202
1757594673893 0.8352986794787979 203
1757594673903 1.2351169876230306 204
1757594673914 0.8421380344240889 205
1757594673924 0.5985279934395744 206
1757594673934 0.9373815576959847 207
1757594673945 0.8017876234095644 208
1757594673955 0.6053479238649654 209
1757594673966 1.0774941432316327 210
1757594673977 0.19028613505482286 211
1757594673987 0.549463836143797 212
1757594673997 0.5135982302797709 213
1757594674008 1.272803855069841 214
1757594674019 0.7863966736015451 215
1757594674033 0.9032691617771839 216
1757594674045 0.6626352507538681 217
1757594674057 0.8904425953067799 218
1757594674068 0.538806935850322 219
1757594674079 1.0876651651369904 220
1757594674090 1.0491689410933598 221
1757594674103 0.9877523912111127 222
1757594674114 0.3939267280657742 223
1757594674125 0.7004600850679036 224
1757594674136 0.34532321341167427 225
1757594674147 0.4775260061976143 226
1757594674158 0.49914565143089995 227
1757594674169 0.3516139102329517 228
1757594674180 0.7751322932395168 229
1757594674191 0.46750844060338304 230
1757594674202 0.804899501089548 231
1757594674213 0.48527006660865984 232
1757594674224 0.6157371657942972 233
1757594674235 0.42550480860712026 234
1757594674247 0.19500989275746916 235
1757594674259 1.0731201886671167 236
1757594674271 0.40028697997016655 237
1757594674282 0.33150083776695166 238
1757594674294 0.7790382173907965 239
1757594674305 0.5977327285766566 240
1757594674317 0.5564064996975792 241
1757594674328 0.47600539381989954 242
1757594674339 0.33240648144315155 243
1757594674350 0.7367568186295309 244
1757594674361 0.8353511926471586 245
1757594674372 0.5991151219027279 246
1757594674383 0.560727505406188 247
1757594674394 0.2403952348393198 248
1757594674405 0.6686612915325978 249
1757594674415 0.23896297796965396 250
1757594674427 0.7323866346653096 251
1757594674438 0.6438200828142454 252
1757594674449 0.8168566630819688 253
1757594674459 0.47026116756778025 254
1757594674471 0.3549406708179795 255
1757594674483 0.6335011846290507 256
1757594674496 0.5794016102109334 257
1757594674508 0.3654838060594166 258
1757594674521 0.5836093272589319 259
1757594674534 0.2778588975035558 260
1757594674548 0.4389114208647021 261
1757594674561 0.6559755235603785 262
1757594674575 0.7152608580048322 263
1757594674590 0.5845476198059966 264
1757594674603 0.5745730146361745 265
1757594674615 0.6035856535105923 266
1757594674628 0.666975491142437 267
1757594674642 0.37419598367071577 268
1757594674656 0.3833271650538409 269
1757594674671 0.318995474317221 270
1757594674683 0.5043130134587167 271
1757594674696 0.4816734920114559 272
1757594674709 0.3551223995723558 273
1757594674720 0.7046800517164126 274
1757594674731 0.521699551662288 275
1757594674743 0.29808276620348445 276
1757594674754 0.638209332972187 277
1757594674765 0.35580255763009927 278
1757594674778 0.33461947965732314 279
1757594674791 0.49465544309196186 280
1757594674804 0.47895756051696337 281
1757594674817 0.5244283871011194 282
1757594674830 0.26720485875075783 283
1757594674843 0.2232052165726722 284
1757594674856 0.46693972990320226 285
1757594674870 0.40353347846712984 286
1757594674882 0.45424389130187215 287
1757594674895 0.3390849816765466 288
1757594674908 0.4171286682218485 289
1757594674919 0.33478929499335763 290
1757594674931 0.36170025423431107 291
1757594674942 0.3968512466847324 292
1757594674954 0.38802054766637006 293
1757594674965 0.36313268660125525 294
1757594674976 0.35975454596100737 295
1757594674988 0.3984768374053097 296
1757594674999 0.5851925986679397 297
1757594675010 0.6471009724493973 298
1757594675021 0.4430505762697216 299
1757594675032 0.4011661754606471 300
1757594675044 0.44351967155272193 301
1757594675055 0.3565825742060321 302
1757594675067 0.2943752273554189 303
1757594675079 0.23170657755234264 304
1757594675091 0.36316818411793744 305
1757594675104 0.42995019111588645 306
1757594675116 0.6011385543873847 307
1757594675129 0.25843891612286846 308
1757594675142 0.5934234730173147 309
1757594675155 0.2294476526950566 310
1757594675168 0.44376940614969757 311
1757594675181 0.1353976129671407 312
1757594675194 0.22839877288419339 313
1757594675207 0.42071002176894823 314
1757594675220 0.4348083089082045 315
1757594675258 0.22625918311165832 316
1757594675276 0.18780106393658863 317
1757594675289 0.24290779717830577 318
1757594675301 0.1336112990589998 319
1757594675313 0.2992324360333958 320
1757594675324 0.18680449635942123 321
1757594675336 0.28252095907757957 322
1757594675347 0.3649611079703638 323
1757594675359 0.3075244820971704 324
1757594675370 0.6100054133866437 325
1757594675396 0.25903444478018767 326
1757594675412 0.37459651883367345 327
1757594675424 0.20585476540988296 328
1757594675435 0.244504501011633 329
1757594675447 0.12883085174603942 330
1757594675458 0.4521561970062683 331
1757594675470 0.2603495994817606 332
1757594675481 0.5176469966278205 333
1757594675493 0.31490811672315744 334
1757594675504 0.1553527178096763 335
1757594675516 0.2715312395794771 336
1757594675527 0.32689373181647285 337
1757594675539 0.4819585657212065 338
1757594675550 0.254416953021565 339
1757594675561 0.26411973912842507 340
1757594675573 0.23684328141268537 341
1757594675586 0.21706267275164404 342
1757594675598 0.5451142063988514 343
1757594675612 0.3451527754888313 344
1757594675625 0.28608332011678667 345
1757594675638 0.4290068262500974 346
1757594675652 0.24528621171272316 347
1757594675667 0.4697151923337271 348
1757594675681 0.25787401315709585 349
1757594675695 0.35814105481117814 350
1757594675709 0.12187195552195594 351
1757594675723 0.31824764263831395 352
1757594675737 0.1351764520542074 353
1757594675751 0.23079176072478294 354
1757594675764 0.38697411886987665 355
1757594675778 0.20775170555655648 356
1757594675791 0.2456007450345297 357
1757594675805 0.3256439645103128 358
1757594675818 0.4124218457481676 359
1757594675838 0.4471856612540614 360
1757594675850 0.23421575802047603 361
1757594675862 0.2878003904183838 362
1757594675876 0.2071235542422575 363
1757594675888 0.24399068148365494 364
1757594675900 0.2672326433463408 365
1757594675912 0.19653325151317966 366
1757594675924 0.12787730223435267 367
1757594675935 0.20167125568125763 368
1757594675947 0.4299382655104436 369
1757594675958 0.3331571618053915 370
1757594675970 0.24266036543459119 371
1757594675981 0.23748793797943163 372
1757594675993 0.5140121555217283 373
1757594676004 0.2246631212096528 374
1757594676016 0.16947672175203607 375
1757594676028 0.11493451525813753 376
1757594676040 0.21624516130370813 377
1757594676051 0.3209703499077578 378
1757594676063 0.31598073260271703 379
1757594676075 0.22915222618021613 380
1757594676087 0.16122925279528227 381
1757594676098 0.28353076624615836 382
1757594676110 0.22454281109783658 383
1757594676122 0.212906141582227 384
1757594676134 0.09995388018470168 385
1757594676145 0.19653471553430363 386
1757594676157 0.15653740415703501 387
1757594676169 0.3042466310663234 388
1757594676181 0.35993610290809813 389
1757594676195 0.16654945110986383 390
1757594676208 0.13918182150108044 391
1757594676221 0.14780532033885926 392
1757594676234 0.1920273180971229 393
1757594676247 0.42333640559824454 394
1757594676261 0.2848721752774328 395
1757594676273 0.24086581646788266 396
1757594676286 0.12878616797034717 397
1757594676298 0.26210778301119053 398
1757594676310 0.12080546379165429 399
1757594676322 0.18942777713898187 400
1757594676334 0.26071275051975557 401
1757594676346 0.1831560595241361 402
1757594676358 0.2442880927288923 403
1757594676371 0.21724067970908892 404
1757594676384 0.13403354352146327 405
1757594676396 0.15974049002260451 406
1757594676408 0.3000577638684815 407
1757594676420 0.1784128543762114 408
1757594676432 0.24981008555577314 409
1757594676444 0.21942380941041734 410
1757594676456 0.13266213811960265 411
1757594676467 0.2119569956091299 412
1757594676479 0.3408389403191841 413
1757594676491 0.10400887775637392 414
1757594676503 0.3429342106048004 415
1757594676515 0.11588793664756626 416
1757594676527 0.18990405516517436 417
1757594676539 0.6124929889165565 418
1757594676551 0.1973114748969445 419
1757594676563 0.1668360162951629 420
1757594676575 0.11787557157422172 421
1757594676587 0.1103919867141079 422
1757594676599 0.3330241677452038 423
1757594676611 0.23704945420291343 424
1757594676623 0.1578088695573159 425
1757594676635 0.2649422445347193 426
1757594676647 0.3861301915509151 427
1757594676659 0.14679687425634583 428
1757594676671 0.1037340208719612 429
1757594676683 0.19735502301012878 430
1757594676695 0.13185581574093158 431
1757594676707 0.1940654251320764 432
1757594676719 0.21605508037591747 433
1757594676731 0.1922381233877038 434
1757594676743 0.22955057693852396 435
1757594676755 0.26260626270733556 436
1757594676767 0.13385339435753224 437
1757594676779 0.17494286140928625 438
1757594676791 0.622711899609864 439
1757594676804 0.08801984752275642 440
1757594676817 0.14607189450921515 441
1757594676830 0.16234297393118816 442
1757594676842 0.12665772541311549 443
1757594676854 0.19659528502389903 444
1757594676867 0.20825909232620549 445
1757594676879 0.24417148428501687 446
1757594676891 0.2514420600258665 447
1757594676903 0.19462988885293755 448
1757594676915 0.12283645772201982 449
1757594676927 0.070271287101297 450
1757594676939 0.192765625459166 451
1757594676952 0.15104176776050526 452
1757594676963 0.131036686517844 453
1757594676975 0.14236392147144455 454
1757594676987 0.13812254259680642 455
1757594676999 0.1893577072854542 456
1757594677011 0.19727378770722154 457
1757594677023 0.1262950210673854 458
1757594677035 0.1145170529118814 459
1757594677047 0.1955561993048149 460
1757594677059 0.07218047437711858 461
1757594677071 0.19139092397637789 462
1757594677083 0.15186991281691303 463
1757594677095 0.23333750067424144 464
1757594677107 0.15785679531936733 465
1757594677119 0.19050974079025218 466
1757594677132 0.1649478337470887 467
1757594677144 0.2474651802713704 468
1757594677156 0.2193383087520994 469
1757594677168 0.21946782883180435 470
1757594677180 0.1859563843694365 471
1757594677196 0.1201060959531407 472
1757594677208 0.1902866575768456 473
1757594677220 0.15664683930405626 474
1757594677232 0.19973149143982125 475
1757594677244 0.2914277287959383 476
1757594677256 0.21825194018512656 477
1757594677268 0.09653370559556335 478
1757594677280 0.09103978611146153 479
1757594677293 0.10742416510373677 480
1757594677305 0.14704777699221006 481
1757594677318 0.22889957900479438 482
1757594677330 0.15126260816933335 483
1757594677343 0.09073712295189464 484
1757594677355 0.13029571951185512 485
1757594677367 0.132425278002694 486
1757594677380 0.18822573784760055 487
1757594677392 0.13288712325644653 488
1757594677404 0.14933735639797643 489
1757594677416 0.16324020343058707 490
1757594677429 0.2105492254390551 491
1757594677441 0.1843613316134928 492
1757594677453 0.22719691654378002 493
1757594677465 0.16702553609528525 494
1757594677477 0.18645662336046323 495
1757594677490 0.2780035434453596 496
1757594677502 0.16248045660842575 497
1757594677514 0.1657621770773791 498
1757594677527 0.4881153851312188 499
