1757513780139 175.3773665012645 0
1757513780147 168.85139493119536 1
1757513780155 156.92820808158257 2
1757513780164 140.97972817882598 3
1757513780172 122.46714770676351 4
1757513780180 102.81021526605755 5
1757513780189 83.28498685477426 6
1757513780198 64.95220484898589 7
1757513780207 48.615774821195885 8
1757513780215 34.808667945352866 9
1757513780224 23.802040351755444 10
1757513780234 15.632430550963807 11
1757513780243 10.141526601687886 12
1757513780252 7.023107265272072 13
1757513780260 5.872255994509374 14
1757513780269 6.232713611106838 15
1757513780277 7.63916569898086 16
1757513780285 9.652253366826173 17
1757513780294 11.88506486180644 18
1757513780302 14.020742482108165 19
1757513780310 15.821576112930867 20
1757513780319 17.130522957607113 21
1757513780327 17.86648219647055 22
1757513780336 18.014868352962022 23
1757513780344 17.615085170748458 24
1757513780354 16.746428427719735 25
1757513780363 15.513771934088014 26
1757513780372 14.03414831782899 27
1757513780380 12.425056401426566 28
1757513780391 10.795038147026673 29
1757513780399 9.236793730956686 30
1757513780408 7.822861184393144 31
1757513780416 6.603689244413374 32
1757513780424 5.60778500563237 33
1757513780433 4.843523013807853 34
1757513780442 4.3021567844460336 35
1757513780451 3.961571374927396 36
1757513780460 3.790348485195426 37
1757513780468 3.751774404336209 38
1757513780477 3.807496554008385 39
1757513780485 3.9206175471885274 40
1757513780494 4.058098834160139 41
1757513780502 4.19242288049315 42
1757513780510 4.302528817967428 43
1757513780519 4.374088731006837 44
1757513780527 4.399228882483345 45
1757513780536 4.3758223246893975 46
1757513780544 4.306487680716336 47
1757513780553 4.19742542791019 48
1757513780562 4.057210283976479 49
1757513780570 3.8956390228431084 50
1757513780580 3.7227099381809574 51
1757513780588 3.5477857068466983 52
1757513780597 3.3789676908021407 53
1757513780606 3.22268840333665 54
1757513780615 3.083511106635111 55
1757513780623 2.964111967384501 56
1757513780631 2.865411094228873 57
1757513780640 2.7868139574946054 58
1757513780650 2.7265236965456365 59
1757513780658 2.6818869990210343 60
1757513780668 2.649740819625357 61
1757513780678 2.626733389644491 62
1757513780687 2.6095999799100316 63
1757513780695 2.5953810320384494 64
1757513780704 2.581576998280663 65
1757513780713 2.566240102340639 66
1757513780721 2.548007970941969 67
1757513780730 2.5260875468655497 68
1757513780739 2.500199860209393 69
1757513780748 2.4704971886236575 70
1757513780757 2.437464037904569 71
1757513780765 2.401812429614313 72
1757513780774 2.364380424605197 73
1757513780783 2.3260408748412615 74
1757513780791 2.287625299098658 75
1757513780799 2.2498657099145882 76
1757513780808 2.2133553303529903 77
1757513780816 2.1785275383319203 78
1757513780825 2.145651129568099 79
1757513780833 2.114839124462943 80
1757513780842 2.086067852428274 81
1757513780851 2.059202895275736 82
1757513780860 2.03402860620321 83
1757513780868 2.010278277886095 84
1757513780877 1.987662543042268 85
1757513780886 1.9658941860166463 86
1757513780894 1.94470816326045 87
1757513780903 1.923876222707543 88
1757513780912 1.903216037436944 89
1757513780920 1.8825952006820026 90
1757513780929 1.8619307524315776 91
1757513780937 1.8411851187996024 92
1757513780946 1.8203594494437845 93
1757513780955 1.7994853480544148 94
1757513780963 1.7786159235323533 95
1757513780972 1.7578169647046595 96
1757513780981 1.7371588796335369 97
1757513780990 1.716709861036427 98
1757513780998 1.6965305590016195 99
1757513781007 1.6766703748449259 100
1757513781016 1.6571653457930335 101
1757513781025 1.6380374756954488 102
1757513781034 1.6192952851808005 103
1757513781042 1.6009353055563458 104
1757513781051 1.5829442218143421 105
1757513781060 1.5653013770547852 106
1757513781069 1.5479813780233875 107
1757513781077 1.5309565833443435 108
1757513781086 1.5141993064828667 109
1757513781095 1.4976836190598226 110
1757513781104 1.4813866922145362 111
1757513781113 1.4652896606205112 112
1757513781122 1.4493780329354897 113
1757513781132 1.433641702415485 114
1757513781141 1.4180746316262016 115
1757513781150 1.402674295964262 116
1757513781159 1.3874409730247728 117
1757513781168 1.3723769601463836 118
1757513781177 1.3574857924173755 119
1757513781186 1.3427715198057326 120
1757513781194 1.3282380865896128 121
1757513781203 1.313888840433953 122
1757513781212 1.2997261835461837 123
1757513781221 1.2857513653019808 124
1757513781230 1.2719644051925247 125
1757513781238 1.2583641272305324 126
1757513781247 1.2449482821131517 127
1757513781256 1.2317137312976978 128
1757513781265 1.2186566673542347 129
1757513781274 1.205772847058246 130
1757513781284 1.1930578171623238 131
1757513781293 1.180507117116356 132
1757513781302 1.1681164477043031 133
1757513781311 1.1558817992086323 134
1757513781320 1.1437995369623235 135
1757513781329 1.1318664457576635 136
1757513781338 1.1200797373998177 137
1757513781347 1.1084370276584399 138
1757513781358 1.096936289995988 139
1757513781368 1.085575793810383 140
1757513781377 1.074354034639788 141
1757513781386 1.0632696629830616 142
1757513781396 1.052321417245466 143
1757513781405 1.0415080649772432 144
1757513781414 1.0308283551712127 145
1757513781423 1.020280983040461 146
1757513781432 1.0098645674994273 147
1757513781441 0.9995776405827359 148
1757513781450 0.9894186472908955 149
1757513781460 0.9793859538605897 150
1757513781501 0.9694778622081452 151
1757513781512 0.9596926282613764 152
1757513781523 0.9500284820382217 153
1757513781537 0.9404836476074192 154
1757513781547 0.9310563614298417 155
1757513781556 0.921744887986067 156
1757513781566 0.9125475320073991 157
1757513781576 0.903462647012094 158
1757513781585 0.8944886401823869 159
1757513781595 0.8856239738857902 160
1757513781605 0.876867164338026 161
1757513781614 0.8682167780252866 162
1757513781623 0.8596714265540137 163
1757513781633 0.8512297605878737 164
1757513781643 0.8428904634746266 165
1757513781652 0.8346522450747779 166
1757513781661 0.8265138361917773 167
1757513781671 0.8184739838825836 168
1757513781680 0.8105314478090645 169
1757513781689 0.8026849976823257 170
1757513781698 0.7949334117607684 171
1757513781708 0.7872754762915668 172
1757513781717 0.7797099857360427 173
1757513781726 0.7722357435914334 174
1757513781735 0.7648515636130832 175
1757513781745 0.7575562712489502 176
1757513781754 0.7503487051186077 177
1757513781763 0.7432277183982536 178
1757513781773 0.736192180006966 179
1757513781782 0.7292409755250452 180
1757513781792 0.7223730078087841 181
1757513781801 0.7155871972962744 182
1757513781811 0.7088824820232364 183
1757513781820 0.702257817386649 184
1757513781829 0.6957121757058246 185
1757513781839 0.6892445456368177 186
1757513781848 0.6828539314965543 187
1757513781858 0.676539352549591 188
1757513781867 0.6702998423031622 189
1757513781877 0.6641344478472552 190
1757513781886 0.658042229266243 191
1757513781895 0.6520222591383875 192
1757513781905 0.6460736221299572 193
1757513781914 0.6401954146827549 194
1757513781924 0.634386744786884 195
1757513781933 0.6286467318263079 196
1757513781943 0.6229745064816585 197
1757513781953 0.6173692106736155 198
1757513781962 0.6118299975306037 199
1757513781971 0.6063560313659603 200
1757513781981 0.6009464876520378 201
1757513781991 0.5956005529815874 202
1757513782001 0.5903174250097041 203
1757513782010 0.5850963123725796 204
1757513782020 0.5799364345819794 205
1757513782030 0.5748370218965301 206
1757513782039 0.5697973151727151 207
1757513782049 0.564816565699517 208
1757513782059 0.559894035021435 209
1757513782068 0.5550289947546119 210
1757513782078 0.5502207264007595 211
1757513782089 0.5454685211628214 212
1757513782099 0.5407716797657509 213
1757513782108 0.5361295122848483 214
1757513782118 0.5315413379831933 215
1757513782128 0.5270064851589534 216
1757513782137 0.522524291002563 217
1757513782147 0.5180941014631743 218
1757513782157 0.513715271123365 219
1757513782166 0.5093871630808073 220
1757513782176 0.5051091488353886 221
1757513782186 0.5008806081804607 222
1757513782196 0.4967009290967365 223
1757513782206 0.4925695076478186 224
1757513782216 0.48848574787633187 225
1757513782225 0.4844490617000932 226
1757513782235 0.4804588688078091 227
1757513782245 0.4765145965542361 228
1757513782255 0.47261567985474684 229
1757513782265 0.4687615610795447 230
1757513782275 0.46495168994779074 231
1757513782285 0.4611855234220273 232
1757513782295 0.45746252560329537 233
1757513782304 0.45378216762729223 234
1757513782314 0.4501439275619358 235
1757513782324 0.4465472903066076 236
1757513782333 0.44299174749326303 237
1757513782343 0.4394767973895595 238
1757513782353 0.43600194480406534 239
1757513782364 0.43256670099351 240
1757513782374 0.4291705835720649 241
1757513782383 0.4258131164225211 242
1757513782393 0.4224938296092418 243
1757513782403 0.41921225929277 244
1757513782413 0.4159679476459141 245
1757513782423 0.4127604427712193 246
1757513782433 0.4095892986196657 247
1757513782443 0.40645407491051344 248
1757513782453 0.40335433705222135 249
1757513782464 0.40028965606437283 250
1757513782474 0.3972596085005598 251
1757513782484 0.3942637763722433 252
1757513782493 0.39130174707356746 253
1757513782503 0.3883731133071258 254
1757513782513 0.3854774730107174 255
1757513782523 0.38261442928509254 256
1757513782533 0.37978359032271647 257
1757513782543 0.37698456933757185 258
1757513782553 0.374216984495983 259
1757513782563 0.37148045884849973 260
1757513782573 0.3687746202628319 261
1757513782583 0.36609910135779156 262
1757513782593 0.3634535394382949 263
1757513782603 0.3608375764313433 264
1757513782613 0.3582508588230066 265
1757513782624 0.3556930375963415 266
1757513782634 0.353163768170293 267
1757513782644 0.3506627103394504 268
1757513782654 0.3481895282147428 269
1757513782664 0.3457438901649611 270
1757513782674 0.343325468759153 271
1757513782685 0.3409339407098201 272
1757513782696 0.3385689868169435 273
1757513782706 0.3362302919127938 274
1757513782716 0.3339175448075276 275
1757513782726 0.3316304382355465 276
1757513782736 0.3293686688026308 277
1757513782746 0.32713193693381254 278
1757513782758 0.32491994682200437 279
1757513782769 0.3227324063773459 280
1757513782779 0.32056902717729896 281
1757513782789 0.3184295244174334 282
1757513782799 0.3163136168629491 283
1757513782809 0.31422102680087133 284
1757513782819 0.3121514799929671 285
1757513782829 0.31010470562929526 286
1757513782839 0.3080804362824745 287
1757513782849 0.3060784078625707 288
1757513782859 0.30409835957265596 289
1757513782870 0.30214003386498955 290
1757513782880 0.3002031763978364 291
1757513782890 0.298287535992887 292
1757513782900 0.2963928645932943 293
1757513782910 0.29451891722230794 294
1757513782920 0.2926654519424754 295
1757513782930 0.29083222981544654 296
1757513782940 0.289019014862327 297
1757513782950 0.2872255740245951 298
1757513782960 0.28545167712557007 299
1757513782971 0.28369709683242356 300
1757513782981 0.28196160861872754 301
1757513782991 0.280244990727524 302
1757513783001 0.2785470241349141 303
1757513783012 0.2768674925141667 304
1757513783023 0.27520618220031773 305
1757513783033 0.2735628821552781 306
1757513783044 0.271937383933426 307
1757513783054 0.27032948164768084 308
1757513783065 0.268738971936049 309
1757513783086 0.2671656539286508 310
1757513783097 0.26560932921518715 311
1757513783108 0.26406980181288103 312
1757513783118 0.2625468781348513 313
1757513783129 0.26104036695893273 314
1757513783140 0.25955007939692987 315
1757513783150 0.2580758288642991 316
1757513783161 0.256617431050247 317
1757513783171 0.25517470388824554 318
1757513783182 0.2537474675269582 319
1757513783192 0.2523355443015654 320
1757513783203 0.2509387587054852 321
1757513783213 0.24955693736248574 322
1757513783223 0.2481899089991852 323
1757513783233 0.24683750441792546 324
1757513783244 0.2454995564700252 325
1757513783254 0.24417590002939155 326
1757513783265 0.24286637196650815 327
1757513783275 0.24157081112276574 328
1757513783286 0.240289058285156 329
1757513783297 0.23902095616130598 330
1757513783308 0.2377663493548617 331
1757513783318 0.2365250843411912 332
1757513783329 0.23529700944344886 333
1757513783339 0.2340819748089326 334
1757513783349 0.23287983238579252 335
1757513783360 0.2316904359000396 336
1757513783371 0.2305136408328732 337
1757513783382 0.22934930439831702 338
1757513783392 0.22819728552115967 339
1757513783403 0.22705744481519285 340
1757513783413 0.22592964456174197 341
1757513783424 0.22481374868849804 342
1757513783434 0.22370962274862424 343
1757513783445 0.22261713390014912 344
1757513783455 0.22153615088564374 345
1757513783466 0.22046654401216467 346
1757513783476 0.2194081851314749 347
1757513783487 0.21836094762052238 348
1757513783497 0.21732470636219545 349
1757513783508 0.2162993377263174 350
1757513783518 0.21528471955091663 351
1757513783529 0.2142807311237383 352
1757513783540 0.21328725316399869 353
1757513783550 0.2123041678043935 354
1757513783561 0.21133135857334942 355
1757513783571 0.21036871037749724 356
1757513783582 0.20941610948439773 357
1757513783592 0.20847344350548466 358
1757513783603 0.2075406013792444 359
1757513783614 0.20661747335461492 360
1757513783624 0.20570395097460062 361
1757513783634 0.2047999270601247 362
1757513783645 0.20390529569406904 363
1757513783655 0.20301995220554722 364
1757513783666 0.2021437931543789 365
1757513783676 0.20127671631576433 366
1757513783687 0.20041862066517543 367
1757513783698 0.1995694063634321 368
1757513783708 0.19872897474198598 369
1757513783719 0.1978972282883915 370
1757513783729 0.1970740706319797 371
1757513783740 0.19625940652970167 372
1757513783751 0.19545314185218302 373
1757513783761 0.19465518356994177 374
1757513783772 0.19386543973979434 375
1757513783782 0.1930838194914451 376
1757513783793 0.19231023301424321 377
1757513783804 0.19154459154412037 378
1757513783815 0.19078680735069914 379
1757513783826 0.19003679372455737 380
1757513783836 0.1892944649646837 381
1757513783847 0.18855973636606976 382
1757513783858 0.18783252420748908 383
1757513783869 0.187112745739415 384
1757513783881 0.1864003191721111 385
1757513783893 0.18569516366386443 386
1757513783906 0.1849971993093858 387
1757513783918 0.18430634712834523 388
1757513783930 0.18362252905406884 389
1757513783942 0.18294566792237762 390
1757513783955 0.18227568746057046 391
1757513783967 0.18161251227654818 392
1757513783980 0.18095606784808654 393
1757513783992 0.1803062805122344 394
1757513784005 0.17966307745486496 395
1757513784016 0.17902638670034735 396
1757513784030 0.1783961371013599 397
1757513784041 0.1777722583288357 398
1757513784054 0.17715468086202854 399
1757513784066 0.17654333597871646 400
1757513784079 0.17593815574552785 401
1757513784091 0.1753390730083903 402
1757513784104 0.17474602138310366 403
1757513784117 0.1741589352460346 404
1757513784130 0.17357774972492457 405
1757513784142 0.17300240068982878 406
1757513784154 0.17243282474415392 407
1757513784166 0.17186895921582618 408
1757513784178 0.17131074214856018 409
1757513784190 0.1707581122932463 410
1757513784201 0.17021100909944595 411
1757513784213 0.16966937270699461 412
1757513784224 0.16913314393770926 413
1757513784236 0.16860226428721076 414
1757513784247 0.16807667591683587 415
1757513784258 0.16755632164566803 416
1757513784269 0.16704114494264918 417
1757513784280 0.16653108991881782 418
1757513784291 0.1660261013196181 419
1757513784302 0.16552612451732715 420
1757513784314 0.1650311055035641 421
1757513784325 0.1645409908819063 422
1757513784336 0.16405572786058595 423
1757513784347 0.1635752642452891 424
1757513784358 0.16309954843203933 425
1757513784369 0.1626285294001748 426
1757513784381 0.16216215670540907 427
1757513784392 0.16170038047298932 428
1757513784403 0.16124315139092293 429
1757513784414 0.16079042070330707 430
1757513784425 0.16034214020373436 431
1757513784437 0.15989826222877646 432
1757513784447 0.15945873965155885 433
1757513784459 0.15902352587541038 434
1757513784470 0.1585925748275915 435
1757513784481 0.15816584095310368 436
1757513784492 0.1577432792085756 437
1757513784503 0.1573248450562225 438
1757513784514 0.1569104944578904 439
1757513784526 0.15650018386915623 440
1757513784537 0.15609387023352286 441
1757513784548 0.1556915109766701 442
1757513784559 0.15529306400078907 443
1757513784570 0.15489848767897302 444
1757513784581 0.15450774084969335 445
1757513784593 0.15412078281132974 446
1757513784604 0.15373757331678417 447
1757513784615 0.15335807256814302 448
1757513784627 0.15298224121141926 449
1757513784638 0.15261004033135445 450
1757513784650 0.15224143144628596 451
1757513784661 0.15187637650307523 452
1757513784672 0.15151483787210077 453
1757513784683 0.151156778342316 454
1757513784695 0.1508021611163583 455
1757513784707 0.15045094980573123 456
1757513784718 0.15010310842603175 457
1757513784730 0.14975860139225275 458
1757513784741 0.14941739351412373 459
1757513784752 0.1490794499915274 460
1757513784764 0.14874473640995833 461
1757513784775 0.1484132187360497 462
1757513784787 0.148084863313138 463
1757513784799 0.1477596368569026 464
1757513784811 0.14743750645104017 465
1757513784822 0.14711843954300435 466
1757513784834 0.14680240393979274 467
1757513784846 0.1464893678037823 468
1757513784857 0.14617929964862092 469
1757513784868 0.14587216833516845 470
1757513784880 0.14556794306748236 471
1757513784891 0.14526659338885584 472
1757513784903 0.1449680891779054 473
1757513784914 0.14467240064470444 474
1757513784925 0.14437949832696093 475
1757513784937 0.1440893530862434 476
1757513784948 0.14380193610425904 477
1757513784960 0.1435172188791639 478
1757513784971 0.14323517322193077 479
1757513784983 0.14295577125274841 480
1757513784994 0.14267898539748064 481
1757513785006 0.14240478838414997 482
1757513785018 0.14213315323947628 483
1757513785029 0.14186405328545112 484
1757513785041 0.14159746213595856 485
1757513785053 0.14133335369343156 486
1757513785065 0.14107170214554934 487
1757513785076 0.1408124819619786 488
1757513785087 0.14055566789114976 489
1757513785099 0.14030123495707142 490
1757513785111 0.1400491584561892 491
1757513785122 0.1397994139542731 492
1757513785134 0.13955197728334942 493
1757513785146 0.13930682453866722 494
1757513785157 0.13906393207570034 495
1757513785169 0.13882327650718357 496
1757513785180 0.13858483470019067 497
1757513785192 0.13834858377324089 498
1757513785203 0.13811450109344028 499
