1757516789197 173.32543575957698 0
1757516789205 166.88066497778075 1
1757516789213 155.10518429349602 2
1757516789221 139.35282499907632 3
1757516789229 121.06549902097993 4
1757516789237 101.64436356038047 5
1757516789246 82.34903290964823 6
1757516789254 64.22695994582467 7
1757516789262 48.07246242991902 8
1757516789270 34.41276269968993 9
1757516789278 23.516898707209773 10
1757516789286 15.422449613336546 11
1757516789294 9.974655667791458 12
1757516789302 6.872622415634328 13
1757516789310 5.7177851347498025 14
1757516789319 6.060563108058026 15
1757516789327 7.442047553746907 16
1757516789335 9.428542833290285 17
1757516789343 11.637733185784098 18
1757516789352 13.756109808131187 19
1757516789360 15.548018199432148 20
1757516789368 16.857245227593687 21
1757516789377 17.602449026581365 22
1757516789385 17.767947416430985 23
1757516789393 17.39143878393225 24
1757516789401 16.55015838277575 25
1757516789410 15.346802823628941 26
1757516789419 13.896317858969775 27
1757516789428 12.314370163743112 28
1757516789436 10.70804029924251 29
1757516789444 9.1690044600611 30
1757516789453 7.769234532309157 31
1757516789461 6.559051297004703 32
1757516789469 5.567220630728707 33
1757516789477 4.802688673907823 34
1757516789485 4.257506435809632 35
1757516789493 3.9104913463860123 36
1757516789502 3.731204926478356 37
1757516789510 3.6838830176172666 38
1757516789518 3.7310286749821993 39
1757516789527 3.836459194957672 40
1757516789535 3.9676802165611966 41
1757516789543 4.097535245658271 42
1757516789551 4.205143778667696 43
1757516789560 4.2761925875766424 44
1757516789568 4.302681370251114 45
1757516789576 4.282245929207966 46
1757516789584 4.217190473916678 47
1757516789593 4.1133575012092 48
1757516789601 3.9789514494376594 49
1757516789609 3.823413617184872 50
1757516789618 3.6564233344167003 51
1757516789627 3.487076501034413 52
1757516789635 3.323269431941461 53
1757516789644 3.1712950881270965 54
1757516789652 3.035641364448365 55
1757516789661 2.918967803693147 56
1757516789669 2.822228134076906 57
1757516789678 2.744901235133127 58
1757516789686 2.685292088954716 59
1757516789694 2.640866334137258 60
1757516789703 2.6085864591941044 61
1757516789712 2.5852236660138943 62
1757516789720 2.5676262482175423 63
1757516789728 2.5529322919965174 64
1757516789737 2.5387210631460433 65
1757516789745 2.5231031751567676 66
1757516789754 2.5047542631991147 67
1757516789762 2.482900277382052 68
1757516789771 2.4572646361724497 69
1757516789779 2.427988426810209 70
1757516789787 2.395534757641795 71
1757516789796 2.3605874596566196 72
1757516789804 2.32395282720722 73
1757516789813 2.2864712092706854 74
1757516789822 2.24894322558336 75
1757516789830 2.2120733708985787 76
1757516789839 2.1764319327464734 77
1757516789847 2.142434589539468 78
1757516789856 2.110337841452173 79
1757516789864 2.0802475826373956 80
1757516789873 2.0521376433821747 81
1757516789882 2.0258749818652855 82
1757516789890 2.0012483355694037 83
1757516789899 1.9779974891560312 84
1757516789907 1.955840811366969 85
1757516789916 1.9344992924522415 86
1757516789925 1.9137159161475792 87
1757516789933 1.893269776283092 88
1757516789942 1.8729848591687108 89
1757516789951 1.8527338326743537 90
1757516789959 1.8324374970122868 91
1757516789968 1.8120607569685618 92
1757516789976 1.7916060760177448 93
1757516789985 1.7711053815517195 94
1757516789993 1.7506113241563126 95
1757516790002 1.7301886717637531 96
1757516790011 1.7099064614382848 97
1757516790019 1.6898313563079987 98
1757516790028 1.6700224792625322 99
1757516790037 1.650527831928162 100
1757516790045 1.6313822670261193 101
1757516790054 1.6126068708351307 102
1757516790063 1.5942095330401846 103
1757516790072 1.5761864337087612 104
1757516790080 1.5585241590449244 105
1757516790089 1.541202164717736 106
1757516790098 1.5241953326220952 107
1757516790106 1.5074764080880791 108
1757516790115 1.491018154027637 109
1757516790124 1.4747951109801924 110
1757516790133 1.4587849029556024 111
1757516790142 1.4429690748150403 112
1757516790150 1.4273334851759454 113
1757516790159 1.4118683080225432 114
1757516790168 1.396567715854947 115
1757516790176 1.3814293276360736 116
1757516790185 1.3664535069538317 117
1757516790194 1.3516425911054826 118
1757516790203 1.3370001218858139 119
1757516790211 1.3225301354555066 120
1757516790220 1.3082365534503535 121
1757516790230 1.2941227019568409 122
1757516790239 1.2801909703575565 123
1757516790248 1.2664426092732113 124
1757516790256 1.2528776565115614 125
1757516790265 1.2394949723928865 126
1757516790274 1.2262923611014223 127
1757516790283 1.213266752636958 128
1757516790292 1.2004144201690714 129
1757516790302 1.1877312096765904 130
1757516790311 1.1752127621822488 131
1757516790321 1.16285471315464 132
1757516790330 1.150652858269714 133
1757516790339 1.1386032792861993 134
1757516790348 1.1267024279624687 135
1757516790357 1.1149471694854682 136
1757516790366 1.1033347896481953 137
1757516790375 1.0918629719394868 138
1757516790384 1.0805297518114934 139
1757516790393 1.0693334557399512 140
1757516790402 1.0582726324042195 141
1757516790411 1.047345982531651 142
1757516790421 1.0365522928242312 143
1757516790431 1.025890378065721 144
1757516790440 1.0153590341284964 145
1757516790449 1.0049570032769921 146
1757516790458 0.9946829519861358 147
1757516790467 0.9845354605207952 148
1757516790476 0.974513022789006 149
1757516790485 0.9646140544982496 150
1757516790495 0.9548369073985167 151
1757516790504 0.9451798873625837 152
1757516790513 0.9356412741946389 153
1757516790523 0.9262193413299084 154
1757516790532 0.9169123739454087 155
1757516790541 0.9077186844020573 156
1757516790550 0.8986366243432731 157
1757516790559 0.8896645931537934 158
1757516790569 0.8808010428111692 159
1757516790578 0.8720444794265311 160
1757516790587 0.8633934619624682 161
1757516790596 0.8548465987350161 162
1757516790605 0.8464025423571458 163
1757516790614 0.8380599837731347 164
1757516790623 0.8298176459782001 165
1757516790633 0.8216742779283823 166
1757516790642 0.8136286490359288 167
1757516790651 0.8056795445267237 168
1757516790660 0.7978257618194894 169
1757516790669 0.79006610798027 170
1757516790678 0.7823993982152798 171
1757516790688 0.7748244552952034 172
1757516790697 0.7673401097550723 173
1757516790706 0.7599452006860358 174
1757516790715 0.7526385769266729 175
1757516790724 0.7454190984686958 176
1757516790734 0.7382856379117121 177
1757516790743 0.7312370818301811 178
1757516790753 0.7242723319488311 179
1757516790762 0.7173903060574562 180
1757516790772 0.710589938629283 181
1757516790781 0.7038701811364385 182
1757516790790 0.6972300020805863 183
1757516790799 0.6906683867749239 184
1757516790809 0.6841843369258875 185
1757516790818 0.6777768700690214 186
1757516790827 0.6714450189142345 187
1757516790836 0.6651878306522843 188
1757516790845 0.659004366267392 189
1757516790857 0.6528936998923187 190
1757516790867 0.6468549182321265 191
1757516790876 0.6408871200729114 192
1757516790885 0.6349894158826436 193
1757516790895 0.629160927502935 194
1757516790904 0.6234007879243723 195
1757516790914 0.6177081411331795 196
1757516790924 0.6120821420143352 197
1757516790934 0.6065219562948895 198
1757516790944 0.6010267605116575 199
1757516790953 0.5955957419887785 200
1757516790963 0.5902280988128916 201
1757516790973 0.5849230397963785 202
1757516790983 0.5796797844221027 203
1757516790993 0.5744975627658384 204
1757516791002 0.5693756153952697 205
1757516791012 0.564313193246552 206
1757516791022 0.5593095574811141 207
1757516791034 0.554363979326604 208
1757516791043 0.5494757399064022 209
1757516791053 0.5446441300624271 210
1757516791063 0.539868450175635 211
1757516791073 0.535148009988178 212
1757516791084 0.5304821284304198 213
1757516791094 0.5258701334552366 214
1757516791104 0.5213113618810931 215
1757516791113 0.5168051592446786 216
1757516791123 0.512350879663112 217
1757516791133 0.5079478857051067 218
1757516791143 0.503595548270203 219
1757516791153 0.4992932464747013 220
1757516791162 0.4950403675429688 221
1757516791172 0.4908363067026916 222
1757516791181 0.48668046708277574 223
1757516791191 0.48257225961280564 224
1757516791201 0.4785111029231208 225
1757516791211 0.4744964232449127 226
1757516791220 0.4705276543099259 227
1757516791230 0.46660423724957245 228
1757516791240 0.46272562049355054 229
1757516791250 0.4588912596680684 230
1757516791260 0.4551006174940274 231
1757516791269 0.45135316368547634 232
1757516791279 0.44764837484875697 233
1757516791288 0.44398573438264965 234
1757516791298 0.4403647323799049 235
1757516791308 0.4367848655303749 236
1757516791318 0.4332456370260069 237
1757516791328 0.4297465564677538 238
1757516791338 0.426287139774523 239
1757516791348 0.42286690909409436 240
1757516791358 0.4194853927160356 241
1757516791367 0.4161421249864059 242
1757516791377 0.412836646224224 243
1757516791387 0.409568502639502 244
1757516791396 0.40633724625274054 245
1757516791406 0.40314243481571876 246
1757516791416 0.3999836317335038 247
1757516791425 0.3968604059875481 248
1757516791435 0.39377233205982026 249
1757516791445 0.3907189898578912 250
1757516791454 0.38769996464097556 251
1757516791464 0.3847148469468692 252
1757516791474 0.38176323251983363 253
1757516791484 0.3788447222393773 254
1757516791493 0.37595892204998455 255
1757516791503 0.373105442891832 256
1757516791513 0.3702839006324311 257
1757516791523 0.36749391599929976 258
1757516791533 0.3647351145136245 259
1757516791542 0.3620071264249178 260
1757516791552 0.35930958664669416 261
1757516791562 0.3566421346931341 262
1757516791572 0.35400441461674037 263
1757516791582 0.35139607494693875 264
1757516791591 0.3488167686296612 265
1757516791601 0.34626615296781604 266
1757516791611 0.34374388956267704 267
1757516791620 0.34124964425614324 268
1757516791631 0.3387830870738451 269
1757516791641 0.33634389216909044 270
1757516791651 0.3339317377675964 271
1757516791661 0.33154630611304853 272
1757516791671 0.3291872834133946 273
1757516791681 0.3268543597879235 274
1757516791691 0.3245472292150956 275
1757516791701 0.3222655894810814 276
1757516791711 0.3200091421290625 277
1757516791720 0.3177775924092315 278
1757516791730 0.3155706492295039 279
1757516791740 0.3133880251069407 280
1757516791750 0.3112294361198601 281
1757516791760 0.3090946018606242 282
1757516791770 0.3069832453891294 283
1757516791780 0.30489509318693986 284
1757516791790 0.3028298751120871 285
1757516791800 0.3007873243545257 286
1757516791810 0.2987671773922157 287
1757516791820 0.296769173947844 288
1757516791830 0.2947930569461579 289
1757516791840 0.292838572471904 290
1757516791850 0.2909054697283695 291
1757516791860 0.28899350099651444 292
1757516791870 0.2871024215946648 293
1757516791880 0.28523198983879855 294
1757516791890 0.28338196700336254 295
1757516791900 0.28155211728266977 296
1757516791910 0.2797422077528058 297
1757516791920 0.2779520083340959 298
1757516791930 0.2761812917540811 299
1757516791940 0.2744298335110166 300
1757516791950 0.27269741183787666 301
1757516791961 0.27098380766686875 302
1757516791971 0.26928880459443133 303
1757516791981 0.26761218884673255 304
1757516791991 0.26595374924563114 305
1757516792001 0.2643132771751342 306
1757516792011 0.2626905665482993 307
1757516792021 0.2610854137746085 308
1757516792031 0.25949761772779134 309
1757516792041 0.2579269797140926 310
1757516792051 0.25637330344098275 311
1757516792061 0.2548363949862919 312
1757516792071 0.25331606276778956 313
1757516792082 0.2518121175131547 314
1757516792095 0.25032437223038406 315
1757516792114 0.2488526421785957 316
1757516792125 0.24739674483923538 317
1757516792135 0.2459564998876779 318
1757516792145 0.24453172916522 319
1757516792156 0.24312225665144807 320
1757516792166 0.2417279084369967 321
1757516792176 0.24034851269666654 322
1757516792187 0.23898389966291464 323
1757516792197 0.23763390159970607 324
1757516792207 0.23629835277671865 325
1757516792217 0.23497708944390314 326
1757516792227 0.23366994980637856 327
1757516792238 0.23237677399968243 328
1757516792248 0.23109740406534524 329
1757516792259 0.2298316839268001 330
1757516792269 0.22857945936561336 331
1757516792279 0.2273405779980453 332
1757516792290 0.22611488925191853 333
1757516792300 0.22490224434380374 334
1757516792310 0.22370249625650618 335
1757516792320 0.22251549971686466 336
1757516792331 0.2213411111738379 337
1757516792341 0.22017918877689013 338
1757516792352 0.21902959235467415 339
1757516792362 0.21789218339398186 340
1757516792372 0.21676682501899236 341
1757516792383 0.21565338197078926 342
1757516792393 0.21455172058715827 343
1757516792404 0.21346170878264373 344
1757516792414 0.21238321602887952 345
1757516792425 0.2113161133351778 346
1757516792435 0.21026027322938215 347
1757516792445 0.2092155697389613 348
1757516792456 0.20818187837236726 349
1757516792467 0.207159076100639 350
1757516792478 0.20614704133923403 351
1757516792489 0.20514565393012799 352
1757516792500 0.20415479512412135 353
1757516792510 0.20317434756340397 354
1757516792521 0.20220419526433167 355
1757516792531 0.20124422360044333 356
1757516792542 0.20029431928568944 357
1757516792553 0.1993543703578926 358
1757516792564 0.1984242661624148 359
1757516792574 0.19750389733604948 360
1757516792585 0.1965931557911139 361
1757516792595 0.19569193469975935 362
1757516792605 0.19480012847848008 363
1757516792616 0.19391763277282895 364
1757516792626 0.19304434444232824 365
1757516792637 0.1921801615455869 366
1757516792647 0.19132498332559417 367
1757516792658 0.19047871019522675 368
1757516792669 0.18964124372292346 369
1757516792680 0.18881248661856534 370
1757516792692 0.18799234271952053 371
1757516792703 0.18718071697688507 372
1757516792716 0.18637751544189687 373
1757516792731 0.18558264525252152 374
1757516792742 0.18479601462021522 375
1757516792753 0.18401753281686448 376
1757516792764 0.18324711016187986 377
1757516792775 0.1824846580094739 378
1757516792786 0.1817300887360881 379
1757516792797 0.18098331572799065 380
1757516792808 0.1802442533690285 381
1757516792818 0.17951281702854818 382
1757516792828 0.17878892304944596 383
1757516792839 0.17807248873640635 384
1757516792850 0.17736343234426472 385
1757516792861 0.17666167306652653 386
1757516792871 0.17596713102403794 387
1757516792882 0.17527972725379737 388
1757516792893 0.17459938369790973 389
1757516792904 0.1739260231926827 390
1757516792914 0.1732595694578622 391
1757516792925 0.1725999470860045 392
1757516792936 0.17194708153198465 393
1757516792946 0.17130089910263585 394
1757516792957 0.1706613269465224 395
1757516792968 0.1700282930438458 396
1757516792979 0.1694017261964696 397
1757516792989 0.16878155601807868 398
1757516793000 0.16816771292446656 399
1757516793011 0.1675601281239282 400
1757516793022 0.16695873360779698 401
1757516793033 0.16636346214108813 402
1757516793044 0.16577424725325385 403
1757516793054 0.16519102322907842 404
1757516793065 0.16461372509965752 405
1757516793076 0.1640422886335206 406
1757516793087 0.16347665032784153 407
1757516793099 0.16291674739977324 408
1757516793110 0.16236251777788846 409
1757516793120 0.16181390009372346 410
1757516793131 0.1612708336734361 411
1757516793142 0.16073325852955492 412
1757516793153 0.16020111535285125 413
1757516793164 0.15967434550429166 414
1757516793175 0.15915289100710764 415
1757516793186 0.1586366945389557 416
1757516793197 0.15812569942417404 417
1757516793208 0.15761984962614678 418
1757516793219 0.15711908973974847 419
1757516793230 0.1566233649838923 420
1757516793241 0.15613262119416987 421
1757516793252 0.15564680481558046 422
1757516793263 0.1551658628953495 423
1757516793274 0.1546897430758409 424
1757516793285 0.15421839358755138 425
1757516793296 0.15375176324219694 426
1757516793308 0.1532898014258824 427
1757516793319 0.15283245809235288 428
1757516793330 0.15237968375633498 429
1757516793341 0.15193142948695332 430
1757516793353 0.15148764690123523 431
1757516793364 0.1510482881576897 432
1757516793376 0.15061330594996894 433
1757516793387 0.15018265350060483 434
1757516793398 0.14975628455482662 435
1757516793409 0.149334153374452 436
1757516793420 0.148916214731854 437
1757516793431 0.14850242390400245 438
1757516793442 0.14809273666657252 439
1757516793456 0.14768710928814044 440
1757516793467 0.1472854985244323 441
1757516793478 0.14688786161265607 442
1757516793489 0.14649415626589682 443
1757516793500 0.14610434066758302 444
1757516793511 0.14571837346601915 445
1757516793522 0.14533621376898728 446
1757516793534 0.1449578211384093 447
1757516793545 0.1445831555850819 448
1757516793556 0.14421217756346869 449
1757516793567 0.14384484796655947 450
1757516793578 0.14348112812079006 451
1757516793589 0.143120979781027 452
1757516793600 0.14276436512561144 453
1757516793612 0.14241124675145897 454
1757516793623 0.14206158766922586 455
1757516793634 0.1417153512985314 456
1757516793646 0.14137250146323666 457
1757516793656 0.1410330023867796 458
1757516793668 0.14069681868757228 459
1757516793679 0.1403639153744451 460
1757516793690 0.1400342578421537 461
1757516793701 0.13970781186693693 462
1757516793712 0.13938454360212826 463
1757516793724 0.13906441957382085 464
1757516793736 0.13874740667658178 465
1757516793747 0.13843347216922508 466
1757516793758 0.1381225836706289 467
1757516793770 0.13781470915560318 468
1757516793781 0.1375098169508135 469
1757516793792 0.13720787573074378 470
1757516793804 0.1369088545137194 471
1757516793815 0.1366127226579653 472
1757516793826 0.13631944985772382 473
1757516793837 0.13602900613940508 474
1757516793848 0.13574136185780147 475
1757516793859 0.1354564876923272 476
1757516793871 0.13517435464331834 477
1757516793882 0.13489493402837102 478
1757516793893 0.13461819747872278 479
1757516793905 0.13434411693567846 480
1757516793916 0.13407266464707743 481
1757516793927 0.13380381316380532 482
1757516793939 0.1335375353363463 483
1757516793950 0.1332738043113742 484
1757516793962 0.13301259352838538 485
1757516793973 0.1327538767163755 486
1757516793984 0.1324976278905503 487
1757516793996 0.13224382134907484 488
1757516794007 0.13199243166986932 489
1757516794018 0.13174343370743324 490
1757516794030 0.13149680258971494 491
1757516794042 0.13125251371501198 492
1757516794053 0.13101054274891089 493
1757516794064 0.13077086562126633 494
1757516794076 0.13053345852321044 495
1757516794087 0.1302982979041988 496
1757516794099 0.13006536046909675 497
1757516794110 0.12983462317529015 498
1757516794121 0.1296060632298407 499
