1757594567394 7.637052238578408 0
1757594567404 5.379762858899239 1
1757594567413 3.173455754201006 2
1757594567422 3.974524139014232 3
1757594567431 5.724694481395503 4
1757594567440 2.932715247647715 5
1757594567449 2.1483762684939904 6
1757594567458 2.360577724545248 7
1757594567467 2.4871510331293423 8
1757594567476 1.5082830117060029 9
1757594567486 1.4844632353406744 10
1757594567495 2.390930080933646 11
1757594567504 1.4980151834572535 12
1757594567513 0.5883954752288116 13
1757594567522 1.2858143465972194 14
1757594567531 0.7943861546329475 15
1757594567540 1.731646378621644 16
1757594567549 0.6550687052706052 17
1757594567558 1.0394900154278797 18
1757594567567 1.1693126015174984 19
1757594567576 0.5290967102456915 20
1757594567586 0.6948011668805355 21
1757594567595 0.4954397391539547 22
1757594567604 0.30777999567824815 23
1757594567612 0.5154792661934926 24
1757594567621 0.386110053988935 25
1757594567630 0.3828241840779182 26
1757594567640 0.3043339844413935 27
1757594567649 0.25858567883296174 28
1757594567658 0.2958355689505126 29
1757594567668 0.3024921570939547 30
1757594567677 0.42787313636445823 31
1757594567686 0.20910144975723483 32
1757594567696 0.39200123563282935 33
1757594567705 0.17157980134546197 34
1757594567714 0.1994903589310391 35
1757594567723 0.27949509591995453 36
1757594567732 0.14667662921935548 37
1757594567742 0.1922310700508592 38
1757594567751 0.2559580570585038 39
1757594567760 0.1417304274124174 40
1757594567769 0.1600632234020076 41
1757594567779 0.09158542145121025 42
1757594567788 0.12362563894610715 43
1757594567797 0.15537851675128228 44
1757594567807 0.28739198047678666 45
1757594567817 0.1356761772816386 46
1757594567826 0.22094367418541203 47
1757594567835 0.13824073289965072 48
1757594567844 0.09494581899982525 49
1757594567854 0.1040798489214258 50
1757594567863 0.1278880502285871 51
1757594567872 0.17274412231271186 52
1757594567881 0.16120545064455333 53
1757594567890 0.11301721472340925 54
1757594567899 0.13996976715093076 55
1757594567908 0.1236945079837765 56
1757594567918 0.17672146901587066 57
1757594567927 0.12339754017205577 58
1757594567936 0.07935426175424219 59
1757594567946 0.10645469948374597 60
1757594567955 0.2073997974049842 61
1757594567964 0.14835238282735158 62
1757594567974 0.13905183815428176 63
1757594567983 0.13642468033735616 64
1757594567993 0.1994311344028243 65
1757594568002 0.06393340180622023 66
1757594568011 0.14770039979967148 67
1757594568021 0.08288049542419562 68
1757594568031 0.10198458003252477 69
1757594568040 0.16868719121075762 70
1757594568049 0.12536367603110793 71
1757594568059 0.08321953565784009 72
1757594568068 0.1529280854166898 73
1757594568077 0.25054064831771955 74
1757594568087 0.06730008145762302 75
1757594568096 0.2378669647977185 76
1757594568106 0.09127661146632059 77
1757594568115 0.106578378691452 78
1757594568125 0.09645938552926235 79
1757594568134 0.14834946726429957 80
1757594568144 0.11058554931810431 81
1757594568153 0.1703719823551263 82
1757594568163 0.23002238140414327 83
1757594568172 0.09185108264561524 84
1757594568182 0.09666869076455079 85
1757594568192 0.1390228617181376 86
1757594568202 0.08134327083003558 87
1757594568211 0.12303170758664879 88
1757594568221 0.13009654623828407 89
1757594568231 0.0952413894678568 90
1757594568240 0.12450459914645999 91
1757594568250 0.711461421570293 92
1757594568261 0.13034340771414163 93
1757594568271 0.06493333589406228 94
1757594568281 0.1937733520466838 95
1757594568291 0.051471383895539013 96
1757594568301 0.06293439011714133 97
1757594568310 0.0945757381524879 98
1757594568320 0.11960375573529565 99
1757594568330 0.10941612119109906 100
1757594568339 0.09202713546367362 101
1757594568349 0.11251108048693162 102
1757594568359 0.06339805372428313 103
1757594568368 0.1193429863519782 104
1757594568378 0.0896869328609625 105
1757594568388 0.1325941865117393 106
1757594568398 0.0848837596932918 107
1757594568408 0.06464165884986918 108
1757594568417 0.1290617037010129 109
1757594568427 0.12453337014388859 110
1757594568437 0.08607097361160623 111
1757594568447 0.11032618194052034 112
1757594568458 0.20650983112775437 113
1757594568468 0.08186910936329382 114
1757594568477 0.08513223496134353 115
1757594568487 0.20301224541578913 116
1757594568497 0.10827143920287671 117
1757594568507 0.12374152640213683 118
1757594568517 0.0968316593901197 119
1757594568526 0.10039785536484841 120
1757594568536 0.07331605055945302 121
1757594568546 0.18865953805494173 122
1757594568556 0.09055090457693493 123
1757594568566 0.07039839877994973 124
1757594568576 0.09065274918958194 125
1757594568587 0.07157279059059282 126
1757594568597 0.09421644455686314 127
