1757518170910 0.054920982510608826 0
1757518170944 0.002672773955389212 1
1757518170977 0.045729265880073026 2
1757518171010 0.15855040457199818 3
1757518171043 0.017499159405504207 4
1757518171080 0.00182575898565791 5
1757518171114 0.02886773837661035 6
1757518171149 0.01881181425677501 7
1757518171182 0.3698835482302434 8
1757518171215 0.053105445826506004 9
1757518171249 0.6281278854787127 10
1757518171282 0.07994965403865524 11
1757518171315 0.029217245648749404 12
1757518171349 0.0030223426482469022 13
1757518171383 0.019881145941931293 14
1757518171416 0.0750125395831957 15
1757518171450 0.0014426002813099647 16
1757518171483 0.004668503004060372 17
1757518171517 0.00449283422038062 18
1757518171552 0.05537757441191757 19
1757518171586 0.15809885376594499 20
1757518171620 0.19852845256718907 21
1757518171653 0.004809257809223252 22
1757518171687 0.2051341537799565 23
1757518171720 0.040357057297340085 24
1757518171753 0.010794491824945449 25
1757518171786 0.06296497918106111 26
1757518171820 0.019851712107278152 27
1757518171853 0.0661374785581387 28
1757518171887 0.1372956713856487 29
1757518171920 0.11360764801522692 30
1757518171953 0.15501581763690092 31
1757518171987 0.0050683033051522235 32
1757518172020 0.025498365094312754 33
1757518172053 0.12729363830091547 34
1757518172086 0.020681442532968195 35
1757518172120 0.12952506698346264 36
1757518172154 0.013100391248108464 37
1757518172188 0.007279217855693181 38
1757518172221 0.012030615824483448 39
1757518172255 0.09493196584955046 40
1757518172288 0.00023047587565895185 41
1757518172337 0.008838482835113997 42
1757518172370 0.002567939051595365 43
1757518172404 0.20353919863527378 44
1757518172437 0.2706824146489666 45
1757518172471 0.2134573183605696 46
1757518172505 0.008131275936628653 47
1757518172538 0.014928457904955457 48
1757518172572 0.004682414812979859 49
1757518172606 0.07364253509474664 50
1757518172639 0.1314391620364872 51
1757518172673 0.29926513349441564 52
1757518172706 0.21569920665896347 53
1757518172739 0.5867280170458019 54
1757518172772 0.01781173060820022 55
1757518172806 0.19138341483723756 56
1757518172839 1.4753210726294268 57
1757518172872 0.021728215619821883 58
1757518172905 0.1947874792716952 59
1757518172939 8.113992980000712e-06 60
1757518172973 0.15222911466486194 61
1757518173006 0.1977554203094524 62
1757518173040 0.44519798506695435 63
1757518173073 0.0009983923815228125 64
1757518173107 0.06099000967352201 65
1757518173140 0.42438898415093124 66
1757518173174 0.17771777737292022 67
1757518173224 0.19223064362562178 68
1757518173259 0.3891372819852697 69
1757518173293 0.10951486547619914 70
1757518173327 0.011388907513993895 71
1757518173361 0.12972630987670947 72
1757518173395 0.06005392356779921 73
1757518173429 0.05678104487155576 74
1757518173463 0.13452732373391219 75
1757518173497 0.08981008284570685 76
1757518173530 0.3632597179718326 77
1757518173564 0.10843279831791922 78
1757518173597 0.029569140174164364 79
1757518173631 3.82503976548637e-05 80
1757518173664 0.0966132695684337 81
1757518173698 0.5292386652803541 82
1757518173732 0.014477115171232098 83
1757518173766 0.24364321266387973 84
1757518173803 0.00018346560143117174 85
1757518173847 0.33116209598228125 86
1757518173881 0.036392477123711325 87
1757518173915 0.12886206118180715 88
1757518173949 0.5496266843041258 89
1757518173982 1.1342577419215927 90
1757518174016 0.06314180916086957 91
1757518174050 0.07561379992433084 92
1757518174083 0.025328878147333325 93
1757518174117 0.6259266021305178 94
1757518174152 0.07324414048060982 95
1757518174185 0.015750627341604297 96
1757518174219 0.03718112820026387 97
1757518174252 0.09157435005195941 98
1757518174286 0.0015101615705107757 99
1757518174319 0.043107913300889554 100
1757518174352 0.026744230445902413 101
1757518174386 0.27076763334295534 102
1757518174420 0.16055650975799343 103
1757518174453 4.067042272791682e-06 104
1757518174486 0.45504165190129864 105
1757518174520 0.12387233469125523 106
1757518174554 0.001470881274441846 107
1757518174588 0.024456795579502897 108
1757518174622 0.0025980763859681667 109
1757518174656 0.06572108159917818 110
1757518174689 0.06548449160645438 111
1757518174724 0.058050399973511704 112
1757518174757 0.02063678439538799 113
1757518174802 0.11856239066441454 114
1757518174837 0.04713845238052479 115
1757518174871 0.04841902448321592 116
1757518174905 0.006886479884121227 117
1757518174939 0.002091828648955759 118
1757518174973 0.003855434971612275 119
1757518175007 0.00467251905753266 120
1757518175041 0.010074066806411819 121
1757518175075 0.14723159552012846 122
1757518175109 0.009851119945175608 123
1757518175142 0.40817114580039376 124
1757518175176 0.0012435536944175693 125
1757518175210 0.0014527392691093277 126
1757518175244 0.12674586843555616 127
1757518175278 0.10982108700772968 128
1757518175311 0.28500567972080226 129
1757518175345 0.004506667791727843 130
1757518175379 0.0009509785475871837 131
1757518175413 0.3372748846954658 132
1757518175447 0.09485325256721606 133
1757518175480 0.0031705021794061483 134
1757518175514 0.007086970789008785 135
1757518175548 0.08858031459604905 136
1757518175582 6.568915489058622e-05 137
1757518175616 0.12841340232098164 138
1757518175649 1.8522985016984366 139
1757518175684 0.057230249268696284 140
1757518175718 0.2429077522311503 141
1757518175752 0.15656380839700243 142
1757518175806 0.1503175013020116 143
1757518175852 0.13723849585613992 144
1757518175887 0.007582311719033035 145
1757518175921 0.18402400965804902 146
1757518175957 0.1449238685101318 147
1757518175991 1.9006775113550778 148
1757518176025 0.3791623592255344 149
1757518176059 0.04171079256617017 150
1757518176095 0.15040150598255778 151
1757518176129 0.001340045495427625 152
1757518176163 0.3687781578455788 153
1757518176197 2.0226680373551283e-05 154
1757518176233 0.11770358035642023 155
1757518176275 0.0010687305751251527 156
1757518176311 0.08918978261574984 157
1757518176348 0.13232913328492008 158
1757518176382 0.8844229095173373 159
1757518176417 0.06806484059162518 160
1757518176451 4.561511097852954 161
1757518176486 0.00020599706248830872 162
1757518176520 0.11377343640261475 163
1757518176555 0.09130390448397567 164
1757518176589 0.08917572134239866 165
1757518176624 0.0027455701509750126 166
1757518176659 0.021199103985956595 167
1757518176693 0.07647683392700771 168
1757518176727 0.07029709702990969 169
1757518176761 0.0015798689748009792 170
1757518176795 0.01487244367936356 171
1757518176830 0.9293455717236659 172
1757518176864 0.007155428151832609 173
1757518176898 0.19068631419223248 174
1757518176933 0.03984779487116112 175
1757518176967 0.07235886793578088 176
1757518177004 0.0007844443523886889 177
1757518177040 0.05821718368227073 178
1757518177077 0.0074579820027497095 179
1757518177113 0.20571776903095101 180
1757518177148 0.803392908929405 181
1757518177182 0.14169731621530157 182
1757518177217 0.017023168191752203 183
1757518177251 0.012672833586423682 184
1757518177286 0.17712888381812325 185
1757518177321 0.12870039479208376 186
1757518177355 0.032041254740273646 187
1757518177390 0.0994715866045542 188
1757518177424 0.19450864417873273 189
1757518177459 0.23607151082644506 190
1757518177494 0.009866815762986232 191
1757518177528 0.006855173682314421 192
1757518177563 4.7933482151493986e-05 193
1757518177598 0.017584346501423948 194
1757518177633 0.13006007155085217 195
1757518177667 0.003166368265789002 196
1757518177701 0.16873427596025112 197
1757518177735 0.20277820209435787 198
1757518177770 0.020342730566168223 199
1757518177804 0.20493687009760267 200
1757518177838 0.02051400233223506 201
1757518177873 0.12085773280074501 202
1757518177907 0.00015301083973756242 203
1757518177941 0.0011489317527357448 204
1757518177975 0.01885618225406672 205
1757518178009 0.11988463430809147 206
1757518178045 0.0021366023264703373 207
1757518178080 0.03187396141933481 208
1757518178115 0.02943442038687761 209
1757518178149 0.029896875918917154 210
1757518178184 0.15574324862588948 211
1757518178218 0.05245169854212488 212
1757518178253 0.056153888254160254 213
1757518178287 0.02326001586991624 214
1757518178322 0.02784345426482259 215
1757518178356 0.03254922737859827 216
1757518178391 0.14783285988593187 217
1757518178435 0.3691327022780961 218
1757518178475 0.012208968726729708 219
1757518178513 0.1365771199080586 220
1757518178551 0.15962146127814153 221
1757518178589 0.00028740626776807625 222
1757518178632 0.017598792998768518 223
1757518178668 0.02340906576921584 224
1757518178704 0.1381816617650932 225
1757518178740 0.11800163169753973 226
1757518178775 0.008388755752550542 227
1757518178811 0.17777839682252425 228
1757518178846 0.006485777649341697 229
1757518178889 0.8963361561143276 230
1757518178926 0.6807333065621445 231
1757518178963 0.09519770638189874 232
1757518178999 0.10659365326602019 233
1757518179035 0.010519773853684522 234
1757518179071 0.008988250132306617 235
1757518179112 0.03081469060278603 236
1757518179169 0.0036376160832205136 237
1757518179228 0.2928987397801366 238
1757518179274 0.09102173782151075 239
1757518179314 0.03416583545981577 240
1757518179364 1.3733298156634965 241
1757518179407 0.023092769574509196 242
1757518179450 0.1445999701998662 243
1757518179505 0.6637254238338363 244
1757518179548 0.07075762692226449 245
1757518179602 0.00021484301531866218 246
1757518179641 0.010485319505448351 247
1757518179685 0.08511514263214286 248
1757518179733 0.009769929113129744 249
1757518179798 0.15582704918587892 250
1757518179849 0.06602060648690715 251
1757518179897 0.05327704741914182 252
1757518179977 0.4429414073263806 253
1757518180030 0.08468245503694358 254
1757518180073 0.007991622953788979 255
1757518180111 0.061749870175091044 256
1757518180151 0.0008450803659736841 257
1757518180194 0.13234662430643676 258
1757518180233 0.01464392006149149 259
1757518180271 0.0004166466195483321 260
1757518180307 0.0962128328167248 261
1757518180344 0.0006816000304992196 262
1757518180384 0.03157041881228254 263
1757518180421 0.10432050684431773 264
1757518180456 0.2595298082014404 265
1757518180490 0.0036614278713691887 266
1757518180526 0.596098784678035 267
1757518180561 0.0001893957063797557 268
1757518180596 0.0007345884838353629 269
1757518180631 0.0878152277390351 270
1757518180703 0.015849062095530515 271
1757518180739 0.044709778942563574 272
1757518180776 0.09510661757227977 273
1757518180812 0.030155605738187756 274
1757518180849 0.05096699230508789 275
1757518180885 0.4030257259679401 276
1757518180920 0.010661633098870558 277
1757518180956 0.001737554322518902 278
1757518180994 0.05453895609080308 279
1757518181031 0.1025773389204107 280
1757518181068 0.11480909542320346 281
1757518181104 0.0225877278196764 282
1757518181141 0.010754583882945605 283
1757518181177 0.12475150612769698 284
1757518181212 0.29426820918881264 285
1757518181249 0.11753758432230532 286
1757518181284 0.11354872372024465 287
1757518181320 0.04090695151056747 288
1757518181356 0.009815161055782399 289
1757518181392 0.016080806734690842 290
1757518181427 0.20381996206648476 291
1757518181462 0.012941603377945822 292
1757518181497 0.049844904666055005 293
1757518181541 0.05398503088230037 294
1757518181577 0.21570880680764143 295
1757518181614 0.16340675329175075 296
1757518181651 0.04568518359379143 297
1757518181688 0.013069189002181486 298
1757518181724 0.2531101067168389 299
1757518181760 0.1671502635168228 300
1757518181796 0.04068520272088047 301
1757518181832 0.004873316083021385 302
1757518181868 0.08083272302492889 303
1757518181903 0.017496098754178874 304
1757518181938 0.002266116848088769 305
1757518181973 1.2369143705113999 306
1757518182009 0.17916825140772752 307
1757518182044 0.007222820129674635 308
1757518182080 0.2795404444095443 309
1757518182115 0.011837815732183949 310
1757518182150 0.0013008867503024085 311
1757518182186 0.24633695801778932 312
1757518182221 0.005631094175485749 313
1757518182263 0.10999636106166276 314
1757518182299 0.182246647246015 315
1757518182334 3.297850274293362e-05 316
1757518182371 0.021187099363849732 317
1757518182413 0.0808687701168725 318
1757518182450 0.033235082947968037 319
1757518182487 0.030772168771255264 320
1757518182523 0.006408753425746743 321
1757518182559 0.013383119416547025 322
1757518182594 0.03664513072357294 323
1757518182649 0.22896328499790142 324
1757518182693 0.07403160637675936 325
1757518182734 0.0073832720342667055 326
1757518182788 0.05351916295384988 327
1757518182839 0.16839854939158386 328
1757518182882 0.000839830123083158 329
1757518182930 0.07367295927107666 330
1757518182983 0.07450188772478096 331
1757518183036 0.006146576549263617 332
1757518183077 0.31221728676486055 333
1757518183122 0.0020743138601674854 334
1757518183168 0.06774601780445144 335
1757518183210 0.06323643698778272 336
1757518183257 0.001758026476625713 337
1757518183300 0.1454221563854333 338
1757518183344 0.016175905332730466 339
1757518183406 0.20187893255897058 340
1757518183443 0.01988267530372821 341
1757518183480 0.06157088721191386 342
1757518183517 0.041864367598274284 343
1757518183555 0.0017494308617868732 344
1757518183593 0.737373933303112 345
1757518183631 0.0336322925185452 346
1757518183667 0.01688307502891314 347
1757518183703 0.018779612215041517 348
1757518183739 0.0007202420889015232 349
1757518183774 0.0007825717445093237 350
1757518183810 0.0385750791373914 351
1757518183846 0.03738324694863449 352
1757518183883 0.004515759603472015 353
1757518183919 0.0027092473982498824 354
1757518183955 0.0013727784154544593 355
1757518183991 0.004542363426956842 356
1757518184027 0.10158610268875023 357
1757518184062 0.14331418684382483 358
1757518184098 0.04561739915925039 359
1757518184133 0.05222576004075093 360
1757518184169 0.0003384073602035694 361
1757518184204 0.07139404665183526 362
1757518184240 0.02191882317657978 363
1757518184275 0.006244609556313174 364
1757518184310 0.10799981205607896 365
1757518184346 0.012114266572475819 366
1757518184381 0.00011875655540730503 367
1757518184418 0.15030625730253563 368
1757518184454 0.11401876161267506 369
1757518184490 0.24398511691640576 370
1757518184525 0.12058540635222657 371
1757518184560 0.19416914080709383 372
1757518184596 0.018753327682770275 373
1757518184632 0.21748099798304063 374
1757518184668 0.0024769662490132503 375
1757518184704 0.2491800213593671 376
1757518184740 0.09568146554858696 377
1757518184776 0.0015635404328719587 378
1757518184823 0.035757559123813835 379
1757518184859 0.04696238246930915 380
1757518184895 0.0736628146044035 381
1757518184930 3.97383204200031e-06 382
1757518184966 9.5731089071636e-05 383
1757518185001 0.00042212614235941174 384
1757518185036 0.0028495533734793537 385
1757518185074 0.011410760214217552 386
1757518185110 0.0008180526763121101 387
1757518185146 0.028637332491866323 388
1757518185182 0.0702609811192297 389
1757518185217 0.06801240609269572 390
1757518185253 0.02358766096605724 391
1757518185288 0.3734944165410181 392
1757518185325 0.03934019127145912 393
1757518185361 0.23031263718038578 394
1757518185397 0.027950777689670196 395
1757518185433 7.611198262578435e-05 396
1757518185469 0.04032109149034574 397
1757518185505 0.1920048802242759 398
1757518185540 0.000990399719607322 399
1757518185576 0.002530990294118897 400
1757518185612 0.009568752649381252 401
1757518185648 3.9646795991152826e-05 402
1757518185684 0.0030495017921639864 403
1757518185720 0.0007333640489498826 404
1757518185757 0.20823067480444044 405
1757518185795 0.04712418809804228 406
1757518185833 0.07339620384587213 407
1757518185869 0.012504402074564446 408
1757518185905 0.16548550813643437 409
1757518185945 4.183968443245031e-06 410
1757518185986 0.0004131105474005693 411
1757518186028 0.2733991225031673 412
1757518186083 0.36346405268183113 413
1757518186124 0.10703827167374731 414
1757518186180 0.5351696773390553 415
1757518186224 0.006870963523033969 416
1757518186261 0.4235510386770014 417
1757518186298 0.002534456830320392 418
1757518186335 0.005154115592830269 419
1757518186371 0.09084376005437207 420
1757518186408 0.012885426888995027 421
1757518186444 0.15675393707182056 422
1757518186480 0.0013120269577642806 423
1757518186516 0.007373542774901539 424
1757518186552 0.0026556604746217857 425
1757518186588 0.02680670114881617 426
1757518186624 0.01762102863592022 427
1757518186660 0.22814645613451004 428
1757518186697 0.010031587623777177 429
1757518186734 0.054630113182611434 430
1757518186772 2.5975617345906615e-05 431
1757518186810 0.0640901542600187 432
1757518186847 0.0042558345373345016 433
1757518186891 0.05145547777368912 434
1757518186928 0.03284462182294117 435
1757518186964 0.052971477990570046 436
1757518187001 0.0005803360014528576 437
1757518187038 0.005442351710292347 438
1757518187075 3.2647193936765235e-05 439
1757518187111 4.286486530061606 440
1757518187147 0.08981319832397451 441
1757518187183 0.0023253547650126296 442
1757518187219 0.033271373724104956 443
1757518187255 0.005197594364382727 444
1757518187291 0.0023240434955271974 445
1757518187328 0.14552042889117328 446
1757518187364 0.004924991236121042 447
1757518187400 0.11913212166038428 448
1757518187436 0.01898035608252351 449
1757518187472 0.06334918984252527 450
1757518187508 0.06612799271222684 451
1757518187544 0.040588545266737885 452
1757518187581 0.04095154172980612 453
1757518187617 0.00022623416023991795 454
1757518187653 1.5285824466279966e-05 455
1757518187689 0.02857308051576797 456
1757518187726 0.020530127520399715 457
1757518187761 0.2852290102956012 458
1757518187798 0.0016031098648523312 459
1757518187839 0.028220043069665104 460
1757518187875 0.09636506807438472 461
1757518187912 0.021748828095400564 462
1757518187948 0.036380020404682266 463
1757518187988 0.002594387944550121 464
1757518188026 0.00616301020836424 465
1757518188062 0.0004417558990510802 466
1757518188099 0.0021249676363489203 467
1757518188135 0.011754377397058379 468
1757518188172 0.0643405612612596 469
1757518188209 0.005643166919474225 470
1757518188245 0.07844274775841642 471
1757518188282 0.0433401585085633 472
1757518188318 0.28404075042342564 473
1757518188354 0.003919836144017743 474
1757518188390 0.011023410020307668 475
1757518188426 0.008016097374213523 476
1757518188463 0.0005720327862350074 477
1757518188499 0.7327098097140242 478
1757518188535 0.0005218901752351613 479
1757518188571 0.09250294155691677 480
1757518188609 0.005904472271847397 481
1757518188648 0.0054773535590946255 482
1757518188685 0.12325672327078002 483
1757518188723 0.13481383873641492 484
1757518188759 0.3607463821560517 485
1757518188796 0.10370550496021583 486
1757518188833 0.0893284537972007 487
1757518188869 0.10214509999430203 488
1757518188906 0.04669520662216795 489
1757518188943 0.01185584190458025 490
1757518188979 0.3088900001225196 491
1757518189015 0.03644929863180328 492
1757518189051 0.00027176423267685377 493
1757518189087 0.0036702459504687245 494
1757518189124 0.11527910480615385 495
1757518189162 0.5984372017321357 496
1757518189200 0.023036160062526363 497
1757518189237 0.03349815676373463 498
1757518189274 0.08518458615132929 499
