1757594565194 23.03787905017219 0
1757594565204 4.073222562508367 1
1757594565214 1.8812405107265362 2
1757594565223 1.7741658264165063 3
1757594565232 1.9465936106122181 4
1757594565242 2.8657045858018617 5
1757594565251 2.209998542646422 6
1757594565261 1.5572824528608256 7
1757594565271 1.766429570702304 8
1757594565280 1.020053862798074 9
1757594565289 1.3008302797334261 10
1757594565299 0.2742493249901065 11
1757594565308 0.8359454343508268 12
1757594565317 1.7663015237860544 13
1757594565326 1.1639378556772282 14
1757594565335 0.5295731334937759 15
1757594565348 1.3376392811563544 16
1757594565366 1.3504383632485502 17
1757594565376 0.7180084001950433 18
1757594565386 0.6222568841735311 19
1757594565396 0.8425657089736431 20
1757594565405 0.37156193566226065 21
1757594565415 0.3998466488869557 22
1757594565424 0.6246333369285635 23
1757594565434 0.25927193355329387 24
1757594565443 0.6939329307097077 25
1757594565453 0.4801810266548023 26
1757594565462 0.3375577964826171 27
1757594565472 0.34231094213729585 28
1757594565481 0.46329502094449965 29
1757594565491 0.17137649481475023 30
1757594565500 0.35363479111489554 31
1757594565509 0.33441629312819426 32
1757594565519 0.3025887104416005 33
1757594565529 0.2521413154320081 34
1757594565538 0.29537219985475577 35
1757594565548 0.19248510284916315 36
1757594565557 0.36965802208520854 37
1757594565567 0.15822208847616506 38
1757594565576 0.20302609238697117 39
1757594565586 0.23119915576442515 40
1757594565595 0.12583225745747467 41
1757594565604 0.1780374657246686 42
1757594565613 0.13519890381344396 43
1757594565623 0.159701084294363 44
1757594565633 0.10568563999759766 45
1757594565642 0.1765810592573848 46
1757594565652 0.11683770033082395 47
1757594565661 0.30944004419119175 48
1757594565670 0.13077840364492765 49
1757594565680 0.13248872460697497 50
1757594565689 0.17226636409059512 51
1757594565698 0.11509290396890412 52
1757594565707 0.09128176218834454 53
1757594565717 0.11944863999562769 54
1757594565726 0.18907103024091929 55
1757594565735 0.0676716861031624 56
1757594565745 0.05127011943511863 57
1757594565754 0.11696312137784065 58
1757594565763 0.10986049329284897 59
1757594565773 0.20252756809407868 60
1757594565783 0.15132155383274007 61
1757594565792 0.1377601908224102 62
1757594565802 0.3172030933130878 63
1757594565812 0.1895128939234851 64
1757594565821 0.09444410935549127 65
1757594565831 0.08095298285171824 66
1757594565840 0.1018117717993912 67
1757594565850 0.06777774411618791 68
1757594565859 0.06209003100485616 69
1757594565869 0.26474665252226975 70
1757594565879 0.0723892967247531 71
1757594565888 0.03439010636329642 72
1757594565898 0.06741179743059587 73
1757594565907 0.1110929723503606 74
1757594565917 0.1473899550638565 75
1757594565928 0.08794579199053869 76
1757594565950 0.07137922573789988 77
1757594565981 0.07037311385330716 78
1757594565991 0.058556609699283266 79
1757594566001 0.09849110519505079 80
1757594566011 0.06179298875990566 81
1757594566021 0.06370675966641678 82
1757594566030 0.2351053038627734 83
1757594566040 0.14263273707454457 84
1757594566050 0.03398916072401346 85
1757594566060 0.11479194450415547 86
1757594566070 0.0891817739236491 87
1757594566080 0.13334462074543466 88
1757594566090 0.07133896127718556 89
1757594566099 0.08490922590951526 90
1757594566109 0.11299953200397678 91
1757594566119 0.06493148807858933 92
1757594566129 0.10626997779373959 93
1757594566139 0.07708167757523385 94
1757594566149 0.12384273947110622 95
1757594566160 0.07805055882186078 96
1757594566169 0.12981927297438647 97
1757594566179 0.129099553711251 98
1757594566190 0.10561441195223355 99
1757594566199 0.07492499091615064 100
1757594566210 0.06788047799352576 101
1757594566220 0.12750464616892343 102
1757594566230 0.13627174616722218 103
1757594566241 0.08669662985673349 104
1757594566251 0.09302696247542971 105
1757594566260 0.08309515788682871 106
1757594566270 0.1676237405942675 107
1757594566280 0.11220328788159926 108
1757594566290 0.0776692702764342 109
1757594566299 0.06426619517778141 110
1757594566309 0.10374002441592595 111
1757594566319 0.06048179894695283 112
1757594566329 0.06797134937583035 113
1757594566339 0.13294387606517627 114
1757594566349 0.13249687647150143 115
1757594566359 0.13871347561219738 116
1757594566369 0.04150921534108621 117
1757594566379 0.14127161329911567 118
1757594566389 0.28731206708905593 119
1757594566400 0.06898067257608262 120
1757594566433 0.13657365793497261 121
1757594566445 0.07207594590804133 122
1757594566455 0.10796290685928862 123
1757594566465 0.1330583168315798 124
1757594566475 0.11352262561209311 125
1757594566485 0.04447546344178509 126
1757594566496 0.1006712137762827 127
1757594566505 0.1516705676859816 128
1757594566515 0.11553225771754423 129
1757594566525 0.08120773173596756 130
1757594566535 0.0646629481199674 131
1757594566546 0.14948856981489606 132
1757594566556 0.11584770896196414 133
1757594566566 0.06380046982095786 134
1757594566576 0.15355381706110102 135
1757594566586 0.10014684481581654 136
1757594566596 0.06511512774549902 137
1757594566606 0.08371554302719275 138
1757594566616 0.06671105847345704 139
1757594566626 0.0424721296043949 140
1757594566636 0.1187776858898624 141
1757594566646 0.1278638254700262 142
1757594566655 0.049579791126700565 143
1757594566665 0.050997795143564076 144
1757594566675 0.09128353409273723 145
1757594566685 0.05993414699133244 146
1757594566695 0.12194606159380708 147
1757594566705 0.10506413490475379 148
1757594566715 0.1248688905377207 149
1757594566725 0.0707484637208675 150
1757594566735 0.10938599469136172 151
1757594566745 0.06952526345024877 152
1757594566755 0.15151815811239713 153
1757594566765 0.10336099856131101 154
1757594566778 0.056217886310124185 155
1757594566788 0.06796896029556213 156
1757594566798 0.2958362502243259 157
1757594566808 0.058793837389748776 158
1757594566818 0.14265926332954518 159
1757594566828 0.06912935750262604 160
1757594566838 0.11525738671989104 161
1757594566847 0.0914145566291177 162
1757594566857 0.08439836728515808 163
1757594566867 0.1218791646207736 164
1757594566877 0.13577374295941327 165
1757594566887 0.09454007647700755 166
1757594566898 0.07682128555089843 167
1757594566908 0.1343272469648205 168
1757594566918 0.15409304621137812 169
1757594566928 0.06518292438884597 170
1757594566938 0.11919152959112754 171
1757594566948 0.08806488410411249 172
1757594566957 0.1402191770913609 173
1757594566968 0.08702809319221519 174
1757594566978 0.10787300131978085 175
1757594566988 0.08002063748086549 176
1757594566998 0.11294825902218147 177
1757594567008 0.06366194540048065 178
1757594567019 0.10598638499697852 179
1757594567029 0.07830344317691003 180
1757594567039 0.08474138456212173 181
1757594567049 0.08910597036974274 182
1757594567060 0.09998788053554049 183
1757594567070 0.07838749301273606 184
1757594567080 0.06518745865545629 185
1757594567090 0.06384742465962319 186
1757594567100 0.06849858078074504 187
1757594567110 0.10681860908329323 188
1757594567120 0.033987633217889945 189
1757594567130 0.07494393507389852 190
1757594567141 0.043690367473612185 191
1757594567151 0.19664447928635276 192
1757594567161 0.07231136905890194 193
1757594567172 0.08556902734517156 194
1757594567182 0.09664861185099981 195
1757594567192 0.08130211883896499 196
1757594567202 0.07175995229180591 197
1757594567212 0.05076352526630794 198
1757594567222 0.05875912620524506 199
1757594567233 0.1358883663275906 200
1757594567243 0.07385670376296107 201
1757594567253 0.12986579609373095 202
1757594567264 0.12087696748973366 203
1757594567275 0.07934769295894704 204
1757594567286 0.14040229311179028 205
1757594567296 0.06804266113829276 206
1757594567307 0.16007275342271246 207
1757594567317 0.08613069038003242 208
1757594567327 0.09470511671750607 209
1757594567338 0.13984793220106737 210
1757594567348 0.1143649549397183 211
1757594567358 0.1010273061486128 212
1757594567369 0.0831912849014752 213
1757594567379 0.09582587349122003 214
