1757594528022 169.98498040890743 0
1757594528030 169.92130741121915 1
1757594528039 169.80037529122373 2
1757594528047 169.627994786491 3
1757594528055 169.40942647979006 4
1757594528064 169.1494298535688 5
1757594528072 168.8523085529384 6
1757594528080 168.52195202829418 7
1757594528089 168.1618737504156 8
1757594528097 167.7752462031999 9
1757594528105 167.36493286439833 10
1757594528114 166.93351738452787 11
1757594528123 166.4833301701525 12
1757594528132 166.01647257091162 13
1757594528141 165.53483886097465 14
1757594528149 165.04013619566683 15
1757594528157 164.5339027133993 16
1757594528166 164.0175239420157 17
1757594528175 163.49224765774116 18
1757594528195 162.9591973340313 19
1757594528207 162.41938430718497 20
1757594528216 161.873718775531 21
1757594528225 161.32301973946338 22
1757594528234 160.76802398062082 23
1757594528242 160.2093941701053 24
1757594528251 159.64772618780432 25
1757594528260 159.0835557275989 26
1757594528268 158.5173642565498 27
1757594528277 157.94958438993817 28
1757594528286 157.38060473839317 29
1757594528294 156.8107742780932 30
1757594528303 156.2404062902674 31
1757594528312 155.66978191190825 32
1757594528320 155.09915333558186 33
1757594528329 154.52874669266777 34
1757594528338 153.9587646510273 35
1757594528347 153.38938875515007 36
1757594528355 152.82078153410598 37
1757594528364 152.2530884001894 38
1757594528372 151.6864393588825 39
1757594528381 151.12095054881104 40
1757594528390 150.55672562848392 41
1757594528398 149.99385702499987 42
1757594528407 149.4324270584017 43
1757594528416 148.87250895401309 44
1757594528425 148.31416775387487 45
1757594528434 147.7574611373138 46
1757594528442 147.20244015967128 47
1757594528451 146.6491499173356 48
1757594528460 146.09763014640257 49
1757594528469 145.54791576159488 50
1757594528478 145.00003734136837 51
1757594528486 144.4540215645751 52
1757594528495 143.90989160351913 53
1757594528504 143.3676674777499 54
1757594528513 142.82736637249167 55
1757594528521 142.2890029252757 56
1757594528530 141.75258948390623 57
1757594528538 141.21813633864826 58
1757594528547 140.68565193120403 59
1757594528556 140.15514304278875 60
1757594528565 139.6266149634048 61
1757594528574 139.1000716441792 62
1757594528582 138.57551583446968 63
1757594528591 138.05294920524716 64
1757594528600 137.5323724601377 65
1757594528609 137.0137854353493 66
1757594528617 136.49718718959647 67
1757594528626 135.98257608502584 68
1757594528635 135.46994986003358 69
1757594528643 134.95930569479415 70
1757594528652 134.45064027022454 71
1757594528661 133.9439498210416 72
1757594528670 133.4392301834965 73
1757594528679 132.93647683833072 74
1757594528687 132.43568494942411 75
1757594528696 131.93684939856047 76
1757594528705 131.4399648167119 77
1757594528714 130.94502561217553 78
1757594528722 130.4520259958924 79
1757594528731 129.9609600042156 80
1757594528740 129.47182151939046 81
1757594528749 128.9846042879835 82
1757594528758 128.49930193744154 83
1757594528767 128.0159079909962 84
1757594528776 127.53441588105794 85
1757594528784 127.0548189612626 86
1757594528793 126.57711051730153 87
1757594528802 126.10128377665204 88
1757594528811 125.62733191733207 89
1757594528820 125.15524807575713 90
1757594528829 124.68502535380928 91
1757594528838 124.21665682517907 92
1757594528847 123.75013554106776 93
1757594528855 123.28545453530832 94
1757594528864 122.82260682895429 95
1757594528873 122.36158543441059 96
1757594528882 121.90238335912943 97
1757594528891 121.44499360892979 98
1757594528900 120.98940919097419 99
1757594528909 120.53562311643233 100
1757594528918 120.08362840287616 101
1757594528927 119.63341807641066 102
1757594528936 119.18498517359184 103
1757594528945 118.73832274313968 104
1757594528955 118.29342384746072 105
1757594528963 117.85028156401863 106
1757594528972 117.40888898654953 107
1757594528981 116.96923922614641 108
1757594528990 116.53132541222621 109
1757594528999 116.09514069338385 110
1757594529008 115.66067823815972 111
1757594529017 115.22793123570682 112
1757594529026 114.79689289639386 113
1757594529035 114.36755645232577 114
1757594529045 113.93991515780927 115
1757594529054 113.51396228975814 116
1757594529063 113.08969114804658 117
1757594529072 112.66709505582092 118
1757594529080 112.2461673597627 119
1757594529089 111.82690143032131 120
1757594529099 111.40929066191075 121
1757594529108 110.9933284730763 122
1757594529117 110.57900830663277 123
1757594529126 110.1663236297812 124
1757594529135 109.7552679342018 125
1757594529144 109.34583473612935 126
1757594529153 108.93801757640854 127
1757594529163 108.5318100205346 128
1757594529172 108.12720565868104 129
1757594529181 107.72419810571205 130
1757594529190 107.32278100118705 131
1757594529199 106.92294800935048 132
1757594529208 106.52469281911851 133
1757594529218 106.12800914404897 134
1757594529227 105.7328907223162 135
1757594529237 105.33933131666292 136
1757594529247 104.94732471436566 137
1757594529257 104.55686472717566 138
1757594529266 104.16794519127136 139
1757594529275 103.78055996719468 140
1757594529285 103.39470293979063 141
1757594529294 103.01036801814139 142
1757594529303 102.62754913549722 143
1757594529313 102.24624024920597 144
1757594529322 101.86643534063744 145
1757594529331 101.48812841510926 146
1757594529340 101.11131350180996 147
1757594529350 100.73598465371761 148
1757594529359 100.36213594752229 149
1757594529368 99.98976148354073 150
1757594529377 99.61885538563862 151
1757594529387 99.2494118011407 152
1757594529396 98.8814249007526 153
1757594529406 98.51488887847188 154
1757594529415 98.14979795150388 155
1757594529424 97.78614636017466 156
1757594529433 97.42392836784528 157
1757594529443 97.06313826082616 158
1757594529452 96.703770348287 159
1757594529462 96.34581896217256 160
1757594529471 95.9892784571136 161
1757594529481 95.63414321034085 162
1757594529490 95.28040762159527 163
1757594529500 94.92806611304412 164
1757594529509 94.57711312918894 165
1757594529518 94.22754313678402 166
1757594529528 93.87935062474294 167
1757594529537 93.53253010405564 168
1757594529547 93.18707610770062 169
1757594529556 92.84298319055758 170
1757594529565 92.50024592932117 171
1757594529575 92.15885892241363 172
1757594529584 91.81881678990051 173
1757594529594 91.48011417340173 174
1757594529604 91.14274573601 175
1757594529613 90.80670616220075 176
1757594529623 90.47199015775034 177
1757594529632 90.13859244964947 178
1757594529642 89.8065077860196 179
1757594529651 89.4757309360256 180
1757594529661 89.14625668979531 181
1757594529670 88.8180798583351 182
1757594529680 88.49119527344229 183
1757594529689 88.16559778762789 184
1757594529699 87.84128227402928 185
1757594529709 87.51824362632743 186
1757594529718 87.19647675866935 187
1757594529729 86.87597660557901 188
1757594529738 86.55673812188137 189
1757594529748 86.23875628261868 190
1757594529757 85.92202608296775 191
1757594529767 85.60654253816233 192
1757594529776 85.29230068340998 193
1757594529786 84.97929557381414 194
1757594529796 84.66752228429024 195
1757594529806 84.35697590949194 196
1757594529815 84.04765156372675 197
1757594529825 83.73954438087809 198
1757594529834 83.43264951433092 199
1757594529844 83.12696213688598 200
1757594529854 82.82247744068776 201
1757594529864 82.5191906371446 202
1757594529876 82.21709695685091 203
1757594529887 81.91619164951014 204
1757594529896 81.61646998385909 205
1757594529906 81.31792724759013 206
1757594529915 81.02055874727526 207
1757594529925 80.72435980829026 208
1757594529935 80.42932577473931 209
1757594529944 80.1354520093801 210
1757594529954 79.84273389354709 211
1757594529964 79.55116682707953 212
1757594529974 79.26074622824358 213
1757594529983 78.97146753366172 214
1757594529993 78.68332619823715 215
1757594530003 78.39631769507974 216
1757594530013 78.11043751543312 217
1757594530022 77.82568116860453 218
1757594530032 77.54204418188705 219
1757594530042 77.25952210049132 220
1757594530052 76.9781104874727 221
1757594530062 76.6978049236582 222
1757594530071 76.4186010075762 223
1757594530081 76.14049435538448 224
1757594530091 75.86348060080013 225
1757594530100 75.58755539502853 226
1757594530110 75.31271440669317 227
1757594530120 75.03895332176509 228
1757594530130 74.76626784349361 229
1757594530141 74.4946536923373 230
1757594530151 74.224106605893 231
1757594530161 73.95462233882947 232
1757594530171 73.68619666281609 233
1757594530181 73.41882536645763 234
1757594530191 73.15250425522184 235
1757594530200 72.88722915137687 236
1757594530211 72.62299589391858 237
1757594530221 72.3598003385068 238
1757594530230 72.09763835739727 239
1757594530240 71.83650583937397 240
1757594530250 71.57639868968494 241
1757594530260 71.3173128299736 242
1757594530269 71.05924419821426 243
1757594530279 70.80218874864515 244
1757594530289 70.54614245170586 245
1757594530299 70.29110129396767 246
1757594530309 70.03706127807394 247
1757594530319 69.78401842267131 248
1757594530329 69.53196876234742 249
1757594530339 69.28090834756561 250
1757594530349 69.03083324460354 251
1757594530358 68.78173953548571 252
1757594530368 68.53362331792306 253
1757594530379 68.28648070524922 254
1757594530389 68.04030782635867 255
1757594530399 67.79510082564109 256
1757594530409 67.55085586292229 257
1757594530419 67.30756911340129 258
1757594530429 67.06523676758724 259
1757594530438 66.8238550312396 260
1757594530449 66.58342012530542 261
1757594530458 66.3439282858591 262
1757594530468 66.10537576404194 263
1757594530478 65.86775882599999 264
1757594530488 65.63107375282577 265
1757594530499 65.3953168404963 266
1757594530508 65.1604843998147 267
1757594530519 64.92657275635057 268
1757594530529 64.69357825037868 269
1757594530539 64.4614972368224 270
1757594530548 64.23032608519291 271
1757594530559 64.0000611795323 272
1757594530569 63.77069891835315 273
1757594530579 63.54223571458211 274
1757594530589 63.31466799550158 275
1757594530599 63.08799220269048 276
1757594530609 62.86220479196912 277
1757594530619 62.63730223334049 278
1757594530629 62.413281010933154 279
1757594530639 62.19013762294625 280
1757594530649 61.96786858159002 281
1757594530659 61.746470413031766 282
1757594530669 61.52593965733923 283
1757594530680 61.30627286842489 284
1757594530690 61.08746661398965 285
1757594530700 60.86951747546664 286
1757594530710 60.65242204796969 287
1757594530720 60.43617694023335 288
1757594530730 60.220778774562206 289
1757594530741 60.006224186773935 290
1757594530751 59.792509826146286 291
1757594530761 59.579632355362364 292
1757594530771 59.36758845045689 293
1757594530781 59.15637480076297 294
1757594530791 58.94598810885725 295
1757594530801 58.736425090508405 296
1757594530811 58.52768247462397 297
1757594530821 58.31975700319663 298
1757594530831 58.112645431250925 299
1757594530841 57.90634452679381 300
1757594530851 57.7008510707589 301
1757594530862 57.49616185695753 302
1757594530872 57.29227369202502 303
1757594530882 57.08918339537094 304
1757594530893 56.88688779912471 305
1757594530903 56.68538374808906 306
1757594530913 56.48466809968429 307
1757594530924 56.28473772390125 308
1757594530934 56.085589503248876 309
1757594530944 55.887220332704494 310
1757594530954 55.68962711966388 311
1757594530964 55.492806783890856 312
1757594530975 55.296756257467756 313
1757594530985 55.1014724847467 314
1757594530995 54.90695242229904 315
1757594531005 54.71319303886736 316
1757594531016 54.520191315315955 317
1757594531026 54.32794424458192 318
1757594531036 54.1364488316274 319
1757594531046 53.94570209339145 320
1757594531057 53.755701058739874 321
1757594531067 53.566442768420345 322
1757594531077 53.37792427501234 323
1757594531087 53.190142642880126 324
1757594531097 53.00309494812712 325
1757594531108 52.816778278545456 326
1757594531118 52.631189733571496 327
1757594531128 52.4463264242398 328
1757594531139 52.26218547313344 329
1757594531149 52.07876401433998 330
1757594531159 51.89605919340458 331
1757594531169 51.71406816728431 332
1757594531180 51.53278810430192 333
1757594531190 51.352216184099504 334
1757594531201 51.17234959759522 335
1757594531211 50.99318554693565 336
1757594531222 50.81472124545171 337
1757594531232 50.63695391761429 338
1757594531243 50.45988079898809 339
1757594531253 50.283499136188205 340
1757594531263 50.107806186835546 341
1757594531274 49.93279921951218 342
1757594531284 49.75847551371814 343
1757594531295 49.58483235982659 344
1757594531305 49.41186705904066 345
1757594531316 49.23957692335014 346
1757594531326 49.067959275487894 347
1757594531337 48.89701144888627 348
1757594531348 48.72673078763552 349
1757594531358 48.55711464643923 350
1757594531369 48.38816039057303 351
1757594531379 48.21986539584158 352
1757594531390 48.05222704853626 353
1757594531400 47.88524274539384 354
1757594531410 47.7189098935523 355
1757594531421 47.55322591051257 356
1757594531431 47.38818822409361 357
1757594531442 47.223794272392986 358
1757594531452 47.0600415037447 359
1757594531463 46.896927376678384 360
1757594531474 46.73444935987841 361
1757594531484 46.572604932143044 362
1757594531495 46.41139158234382 363
1757594531505 46.25080680938509 364
1757594531516 46.09084812216335 365
1757594531526 45.93151303952807 366
1757594531537 45.772799090241016 367
1757594531547 45.61470381293639 368
1757594531558 45.45722475608199 369
1757594531568 45.30035947793849 370
1757594531579 45.14410554652091 371
1757594531590 44.9884605395597 372
1757594531600 44.83342204446145 373
1757594531611 44.67898765826898 374
1757594531621 44.525154987624866 375
1757594531632 44.37192164873102 376
1757594531642 44.219285267310745 377
1757594531653 44.067243478571605 378
1757594531663 43.91579392716549 379
1757594531674 43.76493426715229 380
1757594531685 43.6146621619617 381
1757594531696 43.46497528435428 382
1757594531706 43.315871316386556 383
1757594531717 43.16734794937165 384
1757594531728 43.01940288384296 385
1757594531738 42.87203382951691 386
1757594531749 42.725238505255504 387
1757594531760 42.57901463903155 388
1757594531770 42.43335996788975 389
1757594531781 42.28827223791116 390
1757594531791 42.14374920417853 391
1757594531802 41.999788630737434 392
1757594531813 41.85638829056183 393
1757594531824 41.7135459655181 394
1757594531835 41.57125944632956 395
1757594531845 41.42952653253991 396
1757594531856 41.28834503247957 397
1757594531867 41.14771276322799 398
1757594531878 41.00762755058124 399
1757594531889 40.86808722901483 400
1757594531900 40.72908964165022 401
1757594531911 40.59063264021939 402
1757594531921 40.45271408503061 403
1757594531932 40.31533184493418 404
1757594531943 40.17848379728781 405
1757594531955 40.04216782792222 406
1757594531966 39.90638183110823 407
1757594531977 39.77112370952144 408
1757594531988 39.63639137420996 409
1757594531999 39.50218274455969 410
1757594532010 39.36849574826117 411
1757594532020 39.235328321276555 412
1757594532031 39.10267840780633 413
1757594532042 38.97054396025573 414
1757594532053 38.838922939202966 415
1757594532063 38.70781331336487 416
1757594532074 38.57721305956559 417
1757594532085 38.44712016270338 418
1757594532096 38.317532615718385 419
1757594532107 38.18844841956023 420
1757594532118 38.05986558315675 421
1757594532128 37.93178212337978 422
1757594532140 37.804196065016484 423
1757594532151 37.67710544073419 424
1757594532162 37.55050829105189 425
1757594532173 37.424402664306186 426
1757594532184 37.298786616621726 427
1757594532195 37.173658211878994 428
1757594532206 37.04901552168358 429
1757594532217 36.92485662533489 430
1757594532228 36.801179609795795 431
1757594532239 36.67798256966119 432
1757594532250 36.55526360712811 433
1757594532261 36.43302083196459 434
1757594532273 36.311252361479845 435
1757594532284 36.18995632049339 436
1757594532295 36.06913084130547 437
1757594532306 35.94877406366739 438
1757594532317 35.82888413475011 439
1757594532328 35.709459209116154 440
1757594532339 35.590497448689355 441
1757594532350 35.471997022724956 442
1757594532361 35.35395610778009 443
1757594532373 35.23637288768601 444
1757594532384 35.119245553516805 445
1757594532395 35.00257230356187 446
1757594532406 34.886351343296454 447
1757594532416 34.7705808853525 448
1757594532427 34.655259149490774 449
1757594532438 34.54038436257145 450
1757594532449 34.42595475852576 451
1757594532460 34.31196857832862 452
1757594532474 34.19842406996877 453
1757594532485 34.085319488422094 454
1757594532497 33.97265309562248 455
1757594532508 33.86042316043504 456
1757594532519 33.74862795862724 457
1757594532530 33.63726577284159 458
1757594532541 33.52633489256874 459
1757594532553 33.41583361411881 460
1757594532564 33.305760240595085 461
1757594532575 33.19611308186662 462
1757594532586 33.08689045454009 463
1757594532597 32.97809068193421 464
1757594532608 32.86971209405172 465
1757594532619 32.761753027553524 466
1757594532630 32.654211825731196 467
1757594532641 32.54708683848043 468
1757594532653 32.44037642227542 469
1757594532664 32.33407894014172 470
1757594532676 32.228192761629465 471
1757594532687 32.122716262789034 472
1757594532698 32.017647826142955 473
1757594532709 31.912985840661463 474
1757594532720 31.808728701735312 475
1757594532732 31.70487481115157 476
1757594532743 31.601422577066668 477
1757594532754 31.498370413981586 478
1757594532765 31.39571674271607 479
1757594532778 31.29345999038336 480
1757594532790 31.19159859036532 481
1757594532802 31.09013098228709 482
1757594532813 30.989055611991315 483
1757594532825 30.888370931514547 484
1757594532836 30.788075399061547 485
1757594532848 30.68816747898087 486
1757594532859 30.588645641740108 487
1757594532871 30.489508363901365 488
1757594532882 30.39075412809696 489
1757594532894 30.292381423004766 490
1757594532905 30.19438874332452 491
1757594532917 30.096774589753434 492
1757594532928 29.999537468961726 493
1757594532939 29.90267589356915 494
1757594532951 29.80618838212156 495
1757594532962 29.710073459066212 496
1757594532974 29.614329654728557 497
1757594532985 29.51895550528875 498
1757594532996 29.423949552758096 499
