1757518207138 0.0007419759478001199 0
1757518207176 0.12526455102324996 1
1757518207214 0.06166325741571012 2
1757518207250 0.16792396248265645 3
1757518207285 0.09820209212352159 4
1757518207320 0.005534568802918077 5
1757518207354 0.3790176406331507 6
1757518207388 0.009830772347191806 7
1757518207422 0.23385524077084535 8
1757518207455 0.39191658193857254 9
1757518207489 0.16288317724852727 10
1757518207523 0.1841952605594154 11
1757518207558 0.01852063944254319 12
1757518207592 0.086032271924521 13
1757518207626 0.003975784106585 14
1757518207660 0.08561441444618603 15
1757518207694 0.047192597654001064 16
1757518207727 0.013925812850701264 17
1757518207760 0.11999131079257491 18
1757518207793 0.14700562786964722 19
1757518207827 0.0003539065809117177 20
1757518207860 0.1229429686776802 21
1757518207894 0.20139779243544575 22
1757518207929 0.22284936669834024 23
1757518207964 0.054964178920015504 24
1757518207999 0.300145724247595 25
1757518208034 0.028205149847870953 26
1757518208068 0.004756404937593543 27
1757518208102 0.017868634330315783 28
1757518208137 0.12938575176965783 29
1757518208172 0.20613490984682534 30
1757518208206 0.004339668032872181 31
1757518208240 0.06999264780751024 32
1757518208274 0.09798414923898505 33
1757518208308 0.024157755049247658 34
1757518208342 0.07115097429143623 35
1757518208396 0.030124993106580098 36
1757518208431 0.15407283850627637 37
1757518208465 0.5973328718660048 38
1757518208500 0.07722000968616963 39
1757518208533 0.048549370202845124 40
1757518208568 0.009632451539332884 41
1757518208602 0.030233342877393116 42
1757518208636 0.0652552218130484 43
1757518208670 0.0002159003283436074 44
1757518208705 0.029479813790715584 45
1757518208740 0.06162430083272334 46
1757518208775 0.004206769931083507 47
1757518208811 0.0697320235563893 48
1757518208846 0.02859189405895109 49
1757518208882 0.10430189160446572 50
1757518208916 0.16275016403235293 51
1757518208952 7.320229105030961e-05 52
1757518208997 0.27973770585620167 53
1757518209038 0.025075250410436616 54
1757518209074 0.024241981158372856 55
1757518209109 0.005083542372760755 56
1757518209146 0.14952155651092178 57
1757518209180 4.580250947703308e-06 58
1757518209214 0.006256609632487798 59
1757518209247 0.007019684544593001 60
1757518209281 0.0058119343132159605 61
1757518209315 0.1564581865906773 62
1757518209349 0.02544552880337937 63
1757518209382 0.005953234664744606 64
1757518209416 0.030136141796038882 65
1757518209451 0.012800154579046354 66
1757518209485 0.23346224718727826 67
1757518209519 0.0025630420583602027 68
1757518209553 0.006866364242861702 69
1757518209587 0.0002658372313488624 70
1757518209621 0.03835865295224828 71
1757518209655 0.0007063694814799039 72
1757518209690 0.44654874297065206 73
1757518209725 0.06092903200876522 74
1757518209760 0.06566515694123323 75
1757518209794 0.024910338748719705 76
1757518209829 0.0026686732930024048 77
1757518209864 0.011855687477638491 78
1757518209898 1.00964300657418 79
1757518209934 0.008856756954146913 80
1757518209970 0.03936941293472324 81
1757518210007 0.04223331526464429 82
1757518210047 0.07071210799277976 83
1757518210083 0.020632079144503768 84
1757518210118 0.607399060635456 85
1757518210153 0.008460708590813456 86
1757518210187 0.01156809972351582 87
1757518210221 0.1479100996591018 88
1757518210255 0.0658745694996278 89
1757518210289 0.03265920267156314 90
1757518210324 0.048425450603103624 91
1757518210358 0.06407967485862688 92
1757518210393 0.027812620273307102 93
1757518210427 0.012315918261494252 94
1757518210461 0.17774581729229863 95
1757518210495 0.20021761894101042 96
1757518210530 0.02048094966554764 97
1757518210565 0.5285626536796256 98
1757518210600 0.24697917646996798 99
1757518210635 0.003009714502700709 100
1757518210669 0.2736880720758576 101
1757518210703 0.03819103576822249 102
1757518210737 0.017161277008038205 103
1757518210774 0.008147314403465738 104
1757518210808 0.12424767566387727 105
1757518210842 0.1534832125824074 106
1757518210876 0.0007800438436504346 107
1757518210911 0.037663556549980944 108
1757518210946 0.006453338010259592 109
1757518210979 0.06944887065933779 110
1757518211014 0.050906363047033915 111
1757518211048 0.002609509648191448 112
1757518211082 0.11682750974511882 113
1757518211117 0.13019890970152054 114
1757518211151 0.010899553230261589 115
1757518211186 0.10177696089884372 116
1757518211220 0.07274910459688146 117
1757518211254 0.19064660766591723 118
1757518211288 0.009536394717065567 119
1757518211322 0.07337406458356098 120
1757518211357 0.01693167910441119 121
1757518211391 0.00963354220082836 122
1757518211426 0.004162754421769012 123
1757518211460 0.04495832734241132 124
1757518211495 0.07785621440554534 125
1757518211529 0.5644005650062351 126
1757518211563 0.12802208180519611 127
1757518211598 0.04966576908548944 128
1757518211632 0.27480748829690915 129
1757518211667 0.1675860198138325 130
1757518211701 0.20016186349803708 131
1757518211736 0.02689148793568672 132
1757518211770 0.0025003044304069684 133
1757518211804 0.09381371597451635 134
1757518211838 0.7206658169490231 135
1757518211873 0.05696413986938879 136
1757518211907 0.010783455270457237 137
1757518211943 0.16831513113323407 138
1757518211978 0.7398156131451016 139
1757518212012 0.24158426515911202 140
1757518212046 0.002180279582318633 141
1757518212081 0.002134338903987394 142
1757518212116 0.20773096476488026 143
1757518212150 0.008989392240499522 144
1757518212185 0.05938452182178055 145
1757518212219 0.0008846592565139852 146
1757518212254 0.02180839239541298 147
1757518212288 0.1529265687165104 148
1757518212323 0.3507579997696184 149
1757518212357 0.9645689451368888 150
1757518212392 0.4845720488813441 151
1757518212427 0.5327246488767478 152
1757518212462 0.05691402460510893 153
1757518212511 0.008448276040212296 154
1757518212546 0.06294215245352483 155
1757518212581 0.0007908851698376358 156
1757518212615 0.0029961515455576705 157
1757518212650 0.03810769574049316 158
1757518212684 0.020350956530887726 159
1757518212720 0.07884013653443278 160
1757518212755 0.0365865638470268 161
1757518212790 0.016419097552781103 162
1757518212824 0.029549500772995164 163
1757518212859 0.6116551340702077 164
1757518212893 0.0908759796291423 165
1757518212928 0.02142178806002174 166
1757518212963 0.2949580928694538 167
1757518212998 0.3337083596200928 168
1757518213032 0.22765479996326476 169
1757518213067 0.11066255118744478 170
1757518213102 0.4909592524600364 171
1757518213145 0.05508605007731701 172
1757518213180 0.1345254328547693 173
1757518213215 0.011941106467140297 174
1757518213257 0.04479397093581615 175
1757518213292 0.08333257874967208 176
1757518213327 0.0465756786978434 177
1757518213362 0.5148324647611324 178
1757518213397 0.038390411979077534 179
1757518213432 0.05636742177544093 180
1757518213467 0.0029208956741758906 181
1757518213501 0.1465481738051449 182
1757518213536 0.014598226569918441 183
1757518213571 0.03669827455329005 184
1757518213605 0.06872456489174462 185
1757518213640 0.023169811666036082 186
1757518213674 0.31283308947439176 187
1757518213709 0.0005413156176761156 188
1757518213744 0.002906067352669805 189
1757518213779 0.1682662497365509 190
1757518213814 0.004902502700850959 191
1757518213848 0.06992981871341895 192
1757518213883 0.00031356132032599665 193
1757518213917 0.0018615721782071883 194
1757518213952 0.016870542715217873 195
1757518213987 0.06707816190993975 196
1757518214021 0.9852458402430134 197
1757518214056 0.050045647212427706 198
1757518214091 0.12088362211342409 199
1757518214127 0.009225167747259387 200
1757518214164 0.06432410532323425 201
1757518214199 0.049679744682041095 202
1757518214235 0.23416243239349505 203
1757518214270 0.0018639839838123528 204
1757518214305 0.0016174053963023277 205
1757518214339 0.005878075253423909 206
1757518214375 0.01717093293747065 207
1757518214410 0.05829327742029821 208
1757518214445 0.005010364974218236 209
1757518214480 0.0016603705158381719 210
1757518214515 0.18992736966913354 211
1757518214550 0.10934540090380725 212
1757518214585 0.8974200038125824 213
1757518214620 0.4277334957357841 214
1757518214656 0.07141445478413508 215
1757518214691 0.0318848282517423 216
1757518214726 0.01676658303564563 217
1757518214761 0.00025235873137463555 218
1757518214812 0.00045376071035499015 219
1757518214865 0.1132892563900843 220
1757518214903 0.0019009477978439557 221
1757518214938 0.00391476869857096 222
1757518214973 0.005476660822246109 223
1757518215008 0.09602873599504337 224
1757518215043 0.004807603704857791 225
1757518215079 0.05096046557491276 226
1757518215114 0.020970241672868296 227
1757518215149 0.22060720109418383 228
1757518215184 0.0005054051374986697 229
1757518215219 0.24112294414669175 230
1757518215254 0.08918343345017629 231
1757518215289 0.033598497808694415 232
1757518215324 0.18897893106311447 233
1757518215359 0.005462350609441758 234
1757518215394 0.07131398297552398 235
1757518215430 0.01671735664088428 236
1757518215465 0.05669090661922498 237
1757518215500 0.19670148385649278 238
1757518215535 0.03702828312124832 239
1757518215570 0.046820180610388895 240
1757518215605 0.00593803412029463 241
1757518215641 0.0051485132918623585 242
1757518215676 0.004790912105973988 243
1757518215711 0.05642536002879992 244
1757518215746 0.14205526618454342 245
1757518215781 0.03951549539361705 246
1757518215816 0.043744969779238946 247
1757518215851 0.004153596688177283 248
1757518215886 0.5762009772767909 249
1757518215921 0.09055140809497488 250
1757518215956 0.15647931757940292 251
1757518216003 0.07938679558789512 252
1757518216039 0.002797489223167359 253
1757518216074 0.011942167746387832 254
1757518216109 0.09685032594408359 255
1757518216147 0.13317246210783268 256
1757518216184 0.0355191965697783 257
1757518216220 0.05859873953872093 258
1757518216256 0.017542951883386518 259
1757518216291 0.0323388896835648 260
1757518216327 6.0726723983864234e-05 261
1757518216362 0.8095969896027159 262
1757518216397 0.01993139113341474 263
1757518216433 0.07278842843986856 264
1757518216468 0.005411170189803951 265
1757518216503 0.0865364488434279 266
1757518216539 0.038721724765662976 267
1757518216575 0.016928049730095044 268
1757518216611 0.09374689957221549 269
1757518216647 3.5113429123603405e-06 270
1757518216682 0.14868862079983353 271
1757518216718 0.015353267567097074 272
1757518216753 0.0020625507006372264 273
1757518216788 0.14346031198345674 274
1757518216824 0.027254675708766298 275
1757518216859 0.0036374654580537263 276
1757518216894 0.04797262445848471 277
1757518216930 0.017463853603418983 278
1757518216966 0.004969432779174719 279
1757518217001 0.11842164446956444 280
1757518217038 0.0290053636663408 281
1757518217074 0.0006449779833777176 282
1757518217109 1.1407480414712634 283
1757518217144 0.270440598952833 284
1757518217180 0.02257088049042123 285
1757518217215 0.013760390039161241 286
1757518217251 0.12208823470402444 287
1757518217286 0.0005426953997068116 288
1757518217322 0.03249295311622092 289
1757518217357 0.0614872437370429 290
1757518217393 0.08261856050051405 291
1757518217429 0.004671953558091836 292
1757518217464 0.006699588756890494 293
1757518217499 0.025150223714912275 294
1757518217535 0.0032692088319643425 295
1757518217571 0.15198223443658423 296
1757518217607 0.036094632910986205 297
1757518217642 1.1298681729890847e-05 298
1757518217677 0.16178223639203906 299
1757518217713 0.31354826222007565 300
1757518217748 0.08587006460040413 301
1757518217784 0.008122601125133064 302
1757518217819 0.048638121836093236 303
1757518217855 0.007654900268115249 304
1757518217890 0.4045222980505689 305
1757518217926 0.09897203897494145 306
1757518217961 0.0620851184343145 307
1757518217996 0.03479674914970325 308
1757518218032 0.011209442959867836 309
1757518218067 0.00031668849982726977 310
1757518218103 0.00960676204807673 311
1757518218139 0.019509255369677656 312
1757518218176 0.14330285499370377 313
1757518218212 0.004272915271388656 314
1757518218247 0.1617687560073289 315
1757518218283 0.028076630814983964 316
1757518218318 0.10924927064802893 317
1757518218354 0.016761476749517248 318
1757518218389 0.0403702123158431 319
1757518218424 0.022386276074054974 320
1757518218459 0.09138161396072608 321
1757518218494 0.08489292643997988 322
1757518218530 0.8401558547331845 323
1757518218565 0.12406009623396755 324
1757518218600 3.774756195074479e-05 325
1757518218636 0.023098036459846132 326
1757518218672 0.04945967980092301 327
1757518218707 0.022092860888450763 328
1757518218742 0.0397210300881581 329
1757518218778 0.03350618076714922 330
1757518218813 0.06327914265869403 331
1757518218848 0.27431152707961143 332
1757518218887 0.13718577148889793 333
1757518218923 0.01787432572588926 334
1757518218958 0.5414564072813222 335
1757518218994 0.029569837052994458 336
1757518219030 0.0006095230765912259 337
1757518219065 0.022248762829520936 338
1757518219100 0.033335379836327034 339
1757518219136 0.1125962717979787 340
1757518219171 0.07221117997987077 341
1757518219208 0.026353318896792783 342
1757518219244 0.07942914898431412 343
1757518219280 0.06028062987620408 344
1757518219315 0.0007814631211861819 345
1757518219351 0.09523391293922072 346
1757518219387 0.00016074789488982436 347
1757518219423 0.018820460308051585 348
1757518219459 0.038240620496833425 349
1757518219494 0.0033165063814325686 350
1757518219530 0.055425043634646246 351
1757518219566 0.0017925141759069679 352
1757518219601 0.0738008756034422 353
1757518219637 0.14130530919832918 354
1757518219673 0.005627509682416014 355
1757518219708 0.04532002061890094 356
1757518219744 0.0011003125887646115 357
1757518219779 0.11590920120433958 358
1757518219815 0.010900806008759705 359
1757518219850 0.10670359389895398 360
1757518219886 0.15905205757038157 361
1757518219921 0.12426253217262512 362
1757518219957 0.5848916486603891 363
1757518219992 0.015090235438227283 364
1757518220027 0.008935026667482172 365
1757518220063 0.28041783798524644 366
1757518220098 0.041229599598414136 367
1757518220134 0.0897153759253546 368
1757518220169 0.034142354689972676 369
1757518220205 0.128623331876164 370
1757518220240 0.0342162789776498 371
1757518220275 0.011686363751527606 372
1757518220310 0.04622996543415006 373
1757518220346 0.2151008704153261 374
1757518220381 0.03153147731550951 375
1757518220417 0.08414910269046338 376
1757518220452 0.08346893930914172 377
1757518220488 0.029952470783831647 378
1757518220523 0.040401892308000294 379
1757518220559 0.0020437218359085603 380
1757518220595 0.19173880198778578 381
1757518220630 0.005864943262095847 382
1757518220666 0.0027633504006763965 383
1757518220701 0.0017136393728969495 384
1757518220737 0.1716985881048664 385
1757518220773 0.2749743940520122 386
1757518220808 0.0373691678300986 387
1757518220844 0.00011432894623966364 388
1757518220879 0.023166967794961114 389
1757518220914 0.14988563391450688 390
1757518220950 0.20477349757311902 391
1757518220988 0.06693997858882435 392
1757518221024 0.06954426848881137 393
1757518221060 0.03941449171745426 394
1757518221095 0.0016582522112456432 395
1757518221131 0.030454632780693814 396
1757518221167 0.051229731587224825 397
1757518221203 0.03938696012717292 398
1757518221239 0.003007603024134279 399
1757518221275 0.056228688320583545 400
1757518221311 0.13694830900727156 401
1757518221347 0.0035160076403862738 402
1757518221383 0.4736735509842358 403
1757518221421 0.05186537489659155 404
1757518221457 0.022409001150377965 405
1757518221493 0.1578783978850261 406
1757518221529 0.011184965068652684 407
1757518221565 0.06937849255053016 408
1757518221600 2.1697427482987157 409
1757518221636 0.0265660159915188 410
1757518221672 0.13135451061800696 411
1757518221708 0.028871090910429862 412
1757518221744 0.009123579240347967 413
1757518221780 0.1300742288125489 414
1757518221815 0.06657411381901318 415
1757518221851 0.028391107843864363 416
1757518221887 0.03194887261275326 417
1757518221923 0.001116893086135864 418
1757518221959 0.10682089031595535 419
1757518221996 0.0009223858202128873 420
1757518222032 0.38251594753065415 421
1757518222068 0.45688523613927257 422
1757518222104 0.010703191100678595 423
1757518222140 0.004777593826049566 424
1757518222176 0.0144950276114528 425
1757518222212 0.1514692828269963 426
1757518222248 0.0010461405732164408 427
1757518222284 0.0879721377412685 428
1757518222320 0.02552746657513377 429
1757518222356 0.13091019456552874 430
1757518222392 0.0070152059466490595 431
1757518222428 0.09984054016686544 432
1757518222464 0.024049286967172987 433
1757518222501 0.12938610941043432 434
1757518222537 0.04314866480773029 435
1757518222573 0.040094313574744994 436
1757518222609 0.03238059114873747 437
1757518222645 0.006928827257114373 438
1757518222681 0.1934384699061329 439
1757518222717 0.4222689585940654 440
1757518222753 0.019493084943269543 441
1757518222789 0.005578081889223455 442
1757518222825 0.016482427895265005 443
1757518222861 2.4233276390153613e-05 444
1757518222897 0.09372355270254344 445
1757518222933 0.010557303234606935 446
1757518222970 0.06043159854304418 447
1757518223007 0.022056369880128684 448
1757518223043 0.06753153693822286 449
1757518223080 0.07979148810496241 450
1757518223117 0.04968510389370294 451
1757518223153 0.07980257800081193 452
1757518223189 0.011009512508110239 453
1757518223226 0.02646177063101357 454
1757518223268 0.009906924412262786 455
1757518223304 0.001965795820405132 456
1757518223340 0.021590674441615203 457
1757518223377 3.884505733056194e-05 458
1757518223413 0.0899497471874518 459
1757518223449 0.03196967822546876 460
1757518223486 0.00010243354608405241 461
1757518223522 0.004788734144721114 462
1757518223558 0.037628158179756906 463
1757518223596 0.014546561376967405 464
1757518223633 0.0072932171116598336 465
1757518223670 0.00032466118674711404 466
1757518223707 0.14854721574292526 467
1757518223743 0.10791068458453906 468
1757518223779 0.0018812359238226173 469
1757518223816 0.1606782869645847 470
1757518223852 0.013311620553121673 471
1757518223888 0.01521208920857013 472
1757518223924 0.45450354264103426 473
1757518223961 0.14265047000879336 474
1757518223997 0.046147206816679484 475
1757518224033 0.05756862471666523 476
1757518224070 0.16684008961065028 477
1757518224106 0.0058207193736356175 478
1757518224144 0.30241334065646863 479
1757518224182 0.15608295020584867 480
1757518224218 0.30698847440414123 481
1757518224255 0.03724578686957056 482
1757518224291 0.15626490222610182 483
1757518224328 0.0006776084968678913 484
1757518224364 7.540672973819535e-06 485
1757518224401 0.002614181388712294 486
1757518224439 0.006083493294139086 487
1757518224475 0.04989660032159263 488
1757518224512 0.009695737410401506 489
1757518224548 0.010500025074572839 490
1757518224585 0.004087151592011032 491
1757518224621 0.14158505354322642 492
1757518224658 0.009176685677205814 493
1757518224695 0.04976572337631179 494
1757518224731 0.010047243409741164 495
1757518224768 0.0008124508507264791 496
1757518224815 0.0015709711907755288 497
1757518224852 0.28044181826931086 498
1757518224889 0.15081350740067836 499
