1757594533012 170.88456654089995 0
1757594533021 170.82058203186554 1
1757594533029 170.69905822326206 2
1757594533038 170.52583420361813 3
1757594533047 170.3061961931089 4
1757594533055 170.04492684604287 5
1757594533064 169.74635074144103 6
1757594533072 169.41437623404826 7
1757594533081 169.05253385986703 8
1757594533089 168.66401150265202 9
1757594533098 168.2516865329203 10
1757594533106 167.81815513086337 11
1757594533115 167.36575900049561 12
1757594533123 166.89660967548633 13
1757594533132 166.4126106083511 14
1757594533140 165.91547722474763 15
1757594533149 165.4067551138209 16
1757594533157 164.88783651460398 17
1757594533166 164.35997524734879 18
1757594533175 163.82430022783106 19
1757594533184 163.28182769210753 20
1757594533192 162.73347224912433 21
1757594533201 162.18005686898954 22
1757594533210 161.6223219056972 23
1757594533219 161.0609332446393 24
1757594533228 160.49648965737654 25
1757594533237 159.92952943881724 26
1757594533245 159.36053639523274 27
1757594533254 158.78994524529247 28
1757594533263 158.21814649062506 29
1757594533271 157.64549080712638 30
1757594533280 157.07229300350397 31
1757594533288 156.49883558912708 32
1757594533297 155.92537198928954 33
1757594533305 155.3521294423628 34
1757594533316 154.77931160999933 35
1757594533324 154.2071009285704 36
1757594533332 153.63566072729168 37
1757594533341 153.06513713600881 38
1757594533349 152.49566080342535 39
1757594533358 151.92734844447082 40
1757594533367 151.3603042337298 41
1757594533375 150.79462106016848 42
1757594533384 150.23038165690954 43
1757594533393 149.66765961844328 44
1757594533401 149.1065203164616 45
1757594533410 148.5470217243797 46
1757594533418 147.9892151596208 47
1757594533427 147.43314595185865 48
1757594533436 146.87885404456017 49
1757594533444 146.32637453650082 50
1757594533453 145.77573816920687 51
1757594533462 145.2269717657265 52
1757594533470 144.68009862557656 53
1757594533479 144.13513888023755 54
1757594533488 143.5921098131266 55
1757594533497 143.05102614759866 56
1757594533506 142.5119003061633 57
1757594533515 141.97474264379076 58
1757594533524 141.4395616578898 59
1757594533532 140.9063641772979 60
1757594533541 140.37515553236278 61
1757594533550 139.8459397080198 62
1757594533559 139.31871948155688 63
1757594533568 138.79349654658975 64
1757594533576 138.27027162464364 65
1757594533585 137.7490445655559 66
1757594533594 137.22981443784008 67
1757594533603 136.71257960999534 68
1757594533611 136.19733782368078 69
1757594533620 135.68408625955783 70
1757594533629 135.17282159653632 71
1757594533638 134.66354006509292 72
1757594533647 134.15623749523016 73
1757594533656 133.65090935964827 74
1757594533665 133.14755081256723 75
1757594533674 132.64615672467218 76
1757594533683 132.14672171454072 77
1757594533691 131.6492401769222 78
1757594533700 131.15370630817173 79
1757594533709 130.66011412913375 80
1757594533718 130.16845750572224 81
1757594533727 129.67873016743133 82
1757594533736 129.19092572398432 83
1757594533745 128.70503768030053 84
1757594533753 128.22105944996355 85
1757594533762 127.73898436732068 86
1757594533771 127.25880569836623 87
1757594533780 126.78051665052081 88
1757594533789 126.30411038142658 89
1757594533798 125.82958000684621 90
1757594533807 125.35691860775819 91
1757594533816 124.886119236741 92
1757594533825 124.41717492369581 93
1757594533835 123.95007868099239 94
1757594533844 123.48482350808406 95
1757594533853 123.02140239565571 96
1757594533861 122.55980832933932 97
1757594533871 122.10003429305092 98
1757594533879 121.64207327197897 99
1757594533888 121.18591825526623 100
1757594533897 120.73156223840951 101
1757594533906 120.27899822540864 102
1757594533915 119.82821923068906 103
1757594533924 119.3792182808246 104
1757594533934 118.93198841606943 105
1757594533943 118.48652269173427 106
1757594533952 118.04281417940892 107
1757594533961 117.60085596804906 108
1757594533970 117.16064116495154 109
1757594533979 116.72216289661567 110
1757594533989 116.28541430950497 111
1757594533998 115.85038857073084 112
1757594534007 115.41707886864671 113
1757594534017 114.98547841338002 114
1757594534026 114.55558043729685 115
1757594534036 114.12737819541103 116
1757594534045 113.70086496573796 117
1757594534055 113.2760340496057 118
1757594534064 112.85287877192786 119
1757594534073 112.4313924814305 120
1757594534082 112.01156855085203 121
1757594534091 111.5934003771118 122
1757594534100 111.17688138144914 123
1757594534109 110.76200500954013 124
1757594534118 110.34876473159342 125
1757594534128 109.93715404242359 126
1757594534137 109.52716646150893 127
1757594534146 109.11879553303281 128
1757594534155 108.71203482591007 129
1757594534165 108.3068779338012 130
1757594534175 107.90331847511884 131
1757594534184 107.50135009301518 132
1757594534194 107.10096645536707 133
1757594534203 106.7021612547542 134
1757594534212 106.30492820842383 135
1757594534230 105.90926105825177 136
1757594534248 105.51515357070151 137
1757594534258 105.12259953676985 138
1757594534267 104.7315927719341 139
1757594534277 104.34212711609493 140
1757594534286 103.95419643351154 141
1757594534296 103.56779461273692 142
1757594534305 103.18291556654916 143
1757594534314 102.79955323187933 144
1757594534323 102.41770156973833 145
1757594534332 102.0373545651409 146
1757594534341 101.65850622702966 147
1757594534350 101.28115058819259 148
1757594534360 100.90528170518625 149
1757594534369 100.53089365825038 150
1757594534378 100.15798055122865 151
1757594534388 99.78653651148264 152
1757594534398 99.41655568980765 153
1757594534407 99.0480322603495 154
1757594534416 98.6809604205157 155
1757594534425 98.3153343908901 156
1757594534435 97.95114841515024 157
1757594534444 97.58839675997392 158
1757594534453 97.22707371495643 159
1757594534463 96.86717359252319 160
1757594534472 96.50869072784006 161
1757594534481 96.15161947872728 162
1757594534491 95.79595422557281 163
1757594534500 95.44168937124152 164
1757594534509 95.08881934099223 165
1757594534519 94.73733858238535 166
1757594534528 94.38724156519982 167
1757594534537 94.03852278134254 168
1757594534547 93.69117674476398 169
1757594534556 93.34519799136928 170
1757594534565 93.00058107893221 171
1757594534575 92.65732058700866 172
1757594534585 92.31541111685006 173
1757594534594 91.97484729131787 174
1757594534603 91.63562375479688 175
1757594534613 91.29773517310927 176
1757594534622 90.96117623343228 177
1757594534632 90.62594164420793 178
1757594534641 90.29202613506233 179
1757594534651 89.95942445671896 180
1757594534660 89.62813138091697 181
1757594534670 89.29814170032354 182
1757594534679 88.96945022845205 183
1757594534689 88.64205179957999 184
1757594534699 88.31594126866322 185
1757594534708 87.9911135112548 186
1757594534718 87.66756342342269 187
1757594534727 87.345285921666 188
1757594534736 87.02427594283374 189
1757594534746 86.70452844404487 190
1757594534756 86.38603840260566 191
1757594534765 86.0688008159265 192
1757594534775 85.75281070144575 193
1757594534784 85.4380630965465 194
1757594534794 85.12455305847591 195
1757594534803 84.81227566426845 196
1757594534813 84.50122601066309 197
1757594534823 84.19139921402682 198
1757594534832 83.88279041027495 199
1757594534842 83.5753947547912 200
1757594534852 83.26920742235174 201
1757594534864 82.96422360704614 202
1757594534874 82.6604385222002 203
1757594534884 82.35784740029806 204
1757594534894 82.05644549290582 205
1757594534903 81.75622807059494 206
1757594534913 81.4571904228653 207
1757594534923 81.15932785806999 208
1757594534932 80.86263570333928 209
1757594534942 80.56710930450427 210
1757594534952 80.27274402602308 211
1757594534962 79.97953525090537 212
1757594534972 79.68747838063803 213
1757594534981 79.39656883511093 214
1757594534991 79.10680205254212 215
1757594535001 78.81817348940545 216
1757594535011 78.53067862035728 217
1757594535020 78.24431293816114 218
1757594535030 77.95907195361897 219
1757594535040 77.67495119549476 220
1757594535049 77.3919462104447 221
1757594535059 77.11005256294395 222
1757594535069 76.82926583521623 223
1757594535079 76.54958162716163 224
1757594535088 76.27099555628702 225
1757594535098 75.99350325763204 226
1757594535108 75.71710038370259 227
1757594535118 75.44178260439864 228
1757594535127 75.16754560694409 229
1757594535137 74.89438509581785 230
1757594535147 74.62229679268464 231
1757594535157 74.35127643632545 232
1757594535167 74.08131978256895 233
1757594535177 73.81242260422268 234
1757594535187 73.54458069100606 235
1757594535197 73.2777898494808 236
1757594535207 73.01204590298364 237
1757594535217 72.74734469156083 238
1757594535226 72.4836820718985 239
1757594535236 72.22105391725646 240
1757594535246 71.95945611740242 241
1757594535256 71.69888457854552 242
1757594535266 71.43933522326894 243
1757594535276 71.18080399046673 244
1757594535286 70.92328683527555 245
1757594535296 70.66677972901091 246
1757594535306 70.41127865910175 247
1757594535316 70.156779629026 248
1757594535326 69.90327865824537 249
1757594535341 69.65077178214328 250
1757594535357 69.39925505195716 251
1757594535368 69.14872453471861 252
1757594535378 68.89917631318774 253
1757594535388 68.6506064857896 254
1757594535398 68.40301116655465 255
1757594535408 68.15638648505083 256
1757594535418 67.91072858632612 257
1757594535428 67.6660336308423 258
1757594535438 67.42229779441683 259
1757594535448 67.17951726815798 260
1757594535458 66.93768825840492 261
1757594535468 66.69680698666731 262
1757594535478 66.45686968956161 263
1757594535488 66.21787261875406 264
1757594535498 65.9798120408967 265
1757594535508 65.74268423757057 266
1757594535518 65.50648550522294 267
1757594535528 65.27121215510861 268
1757594535538 65.03686051323176 269
1757594535548 64.80342692028314 270
1757594535558 64.57090773158639 271
1757594535568 64.33929931703426 272
1757594535578 64.10859806103282 273
1757594535588 63.878800362442625 274
1757594535598 63.64990263452052 275
1757594535609 63.42190130486198 276
1757594535619 63.19479281534335 277
1757594535629 62.96857362206426 278
1757594535639 62.74324019529111 279
1757594535649 62.51878901940038 280
1757594535659 62.29521659282121 281
1757594535669 62.0725194279783 282
1757594535679 61.850694051238456 283
1757594535689 61.62973700285147 284
1757594535699 61.40964483689626 285
1757594535710 61.19041412122457 286
1757594535720 60.972041437406546 287
1757594535730 60.7545233806744 288
1757594535740 60.53785655986813 289
1757594535751 60.32203759738121 290
1757594535761 60.10706312910636 291
1757594535771 59.892929804380344 292
1757594535781 59.67963428593012 293
1757594535792 59.46717324982044 294
1757594535802 59.255543385398916 295
1757594535812 59.044741395242895 296
1757594535822 58.83476399510748 297
1757594535832 58.62560791387071 298
1757594535842 58.41726989348194 299
1757594535852 58.2097466889104 300
1757594535863 58.0030350680911 301
1757594535873 57.79713181187346 302
1757594535883 57.592033713969876 303
1757594535894 57.38773758090346 304
1757594535904 57.18424023195692 305
1757594535914 56.981538499121946 306
1757594535924 56.77962922704659 307
1757594535935 56.578509272986594 308
1757594535945 56.37817550675256 309
1757594535955 56.178624810660764 310
1757594535965 55.97985407948361 311
1757594535975 55.78186022039868 312
1757594535986 55.58464015293831 313
1757594535996 55.38819080894124 314
1757594536006 55.19250913250323 315
1757594536017 54.99759207992681 316
1757594536027 54.80343661967325 317
1757594536038 54.610039732313254 318
1757594536048 54.4173984104785 319
1757594536058 54.22550965881286 320
1757594536068 54.034370493925884 321
1757594536079 53.8439779443417 322
1757594536089 53.654329050454116 323
1757594536099 53.465420864477295 324
1757594536110 53.277250450399514 325
1757594536120 53.089814883934295 326
1757594536130 52.90311125247502 327
1757594536140 52.717136655047085 328
1757594536151 52.531888202261186 329
1757594536161 52.34736301626805 330
1757594536171 52.16355823070962 331
1757594536183 51.98047099067649 332
1757594536194 51.798098452658174 333
1757594536206 51.616437784500434 334
1757594536221 51.435486165357304 335
1757594536232 51.25524078564794 336
1757594536244 51.0756988470104 337
1757594536255 50.89685756225483 338
1757594536266 50.718714155322594 339
1757594536277 50.54126586123811 340
1757594536288 50.36450992606602 341
1757594536299 50.188443606865974 342
1757594536309 50.01306417164995 343
1757594536320 49.83836889933737 344
1757594536331 49.66435507971016 345
1757594536342 49.49102001337217 346
1757594536353 49.31836101170257 347
1757594536363 49.146375396814726 348
1757594536374 48.975060501512246 349
1757594536385 48.8044136692462 350
1757594536395 48.634432254073054 351
1757594536406 48.46511362061073 352
1757594536417 48.29645514399775 353
1757594536427 48.12845420984973 354
1757594536438 47.96110821421902 355
1757594536448 47.79441456355015 356
1757594536459 47.62837067464125 357
1757594536470 47.462973974600686 358
1757594536480 47.298221900805316 359
1757594536491 47.13411190086076 360
1757594536502 46.970641432559624 361
1757594536512 46.807807963840546 362
1757594536523 46.645608972747475 363
1757594536534 46.48404194738918 364
1757594536544 46.323104385899356 365
1757594536555 46.1627937963957 366
1757594536566 46.003107696940454 367
1757594536577 45.8440436155002 368
1757594536587 45.685599089905686 369
1757594536598 45.52777166781385 370
1757594536609 45.37055890666611 371
1757594536619 45.213958373651046 372
1757594536630 45.057967645664654 373
1757594536641 44.90258430927083 374
1757594536652 44.74780596066367 375
1757594536663 44.59363020562772 376
1757594536674 44.44005465950089 377
1757594536684 44.28707694713468 378
1757594536695 44.134694702856955 379
1757594536706 43.98290557043334 380
1757594536717 43.83170720303041 381
1757594536728 43.681097263176135 382
1757594536739 43.5310734227255 383
1757594536750 43.38163336281852 384
1757594536760 43.232774773847325 385
1757594536771 43.08449535541737 386
1757594536782 42.93679281630914 387
1757594536792 42.789664874443986 388
1757594536803 42.64310925684538 389
1757594536814 42.497123699603264 390
1757594536825 42.35170594783775 391
1757594536835 42.20685375566314 392
1757594536846 42.06256488615109 393
1757594536857 41.91883711129464 394
1757594536868 41.77566821197339 395
1757594536879 41.63305597791796 396
1757594536890 41.4909982076729 397
1757594536900 41.34949270856287 398
1757594536911 41.20853729665696 399
1757594536921 41.06812979673331 400
1757594536932 40.92826804224535 401
1757594536943 40.78894987528469 402
1757594536955 40.65017314654964 403
1757594536966 40.51193571530777 404
1757594536977 40.3742354493633 405
1757594536987 40.237070225022535 406
1757594536998 40.10043792705957 407
1757594537009 39.964336448682104 408
1757594537020 39.82876369149805 409
1757594537031 39.69371756548239 410
1757594537042 39.55919598894202 411
1757594537053 39.42519688848424 412
1757594537064 39.291718198981684 413
1757594537076 39.158757863540906 414
1757594537086 39.02631383346851 415
1757594537098 38.89438406823716 416
1757594537109 38.7629665354554 417
1757594537119 38.6320592108333 418
1757594537130 38.501660078149385 419
1757594537141 38.37176712922131 420
1757594537152 38.242378363868916 421
1757594537163 38.11349178988681 422
1757594537174 37.98510542301008 423
1757594537185 37.857217286881905 424
1757594537196 37.729825413024244 425
1757594537207 37.602927840803005 426
1757594537218 37.47652261739968 427
1757594537229 37.350607797778466 428
1757594537240 37.22518144465497 429
1757594537251 37.100241628465895 430
1757594537262 36.975786427337525 431
1757594537273 36.85181392705499 432
1757594537284 36.72832222103184 433
1757594537295 36.60530941027917 434
1757594537306 36.48277360337608 435
1757594537317 36.360712916437194 436
1757594537329 36.2391254730849 437
1757594537340 36.11800940441815 438
1757594537351 35.99736284898181 439
1757594537362 35.87718395273867 440
1757594537373 35.75747086903808 441
1757594537384 35.638221758586795 442
1757594537395 35.519434789419904 443
1757594537406 35.401108136870924 444
1757594537418 35.28323998354276 445
1757594537429 35.165828519279486 446
1757594537440 35.04887194113528 447
1757594537451 34.93236845334781 448
1757594537462 34.816316267307286 449
1757594537473 34.70071360152983 450
1757594537484 34.5855586816274 451
1757594537498 34.470849740280606 452
1757594537509 34.356585017209234 453
1757594537521 34.242762759144284 454
1757594537532 34.12938121980123 455
1757594537543 34.016438659850024 456
1757594537554 33.903933346888465 457
1757594537565 33.791863555414 458
1757594537576 33.680227566796844 459
1757594537587 33.56902366925111 460
1757594537599 33.45825015780862 461
1757594537610 33.347905334291156 462
1757594537621 33.23798750728272 463
1757594537632 33.12849499210355 464
1757594537643 33.01942611078212 465
1757594537654 32.91077919202894 466
1757594537665 32.80255257120938 467
1757594537676 32.69474459031724 468
1757594537688 32.58735359794861 469
1757594537699 32.48037794927403 470
1757594537710 32.37381600601364 471
1757594537722 32.26766613641066 472
1757594537733 32.161926715204224 473
1757594537744 32.05659612360508 474
1757594537756 31.951672749267974 475
1757594537767 31.847154986266965 476
1757594537778 31.743041235069438 477
1757594537790 31.639329902510084 478
1757594537801 31.53601940176607 479
1757594537812 31.433108152331137 480
1757594537823 31.330594579990812 481
1757594537834 31.22847711679616 482
1757594537846 31.126754201040225 483
1757594537857 31.025424277231803 484
1757594537868 30.92448579607075 485
1757594537880 30.82393721442413 486
1757594537891 30.72377699530026 487
1757594537902 30.624003607824708 488
1757594537914 30.52461552721612 489
1757594537925 30.425611234760936 490
1757594537936 30.326989217790103 491
1757594537948 30.228747969654112 492
1757594537959 30.130885989699415 493
1757594537971 30.03340178324393 494
1757594537982 29.936293861553732 495
1757594537994 29.839560741818527 496
1757594538005 29.743200947128567 497
1757594538016 29.64721300645087 498
1757594538027 29.55159545460502 499
