1757594623463 164.53175482129492 0
1757594623472 152.46485867596041 1
1757594623482 156.67794007865547 2
1757594623491 145.80969394202214 3
1757594623500 142.60917418192366 4
1757594623509 139.60020994424826 5
1757594623518 129.2635582704274 6
1757594623527 133.71588825804594 7
1757594623536 119.15630930137873 8
1757594623545 116.81087023862705 9
1757594623554 113.40403141011186 10
1757594623563 115.09916401140224 11
1757594623572 110.66764042572544 12
1757594623581 110.06078872680946 13
1757594623590 107.76616388165114 14
1757594623599 101.43787663264182 15
1757594623608 95.32209412043123 16
1757594623617 91.18170721540834 17
1757594623627 87.2779308571932 18
1757594623636 84.53288128245822 19
1757594623645 89.73772305798722 20
1757594623654 85.53952314391289 21
1757594623664 81.59965092912034 22
1757594623674 82.34261783161725 23
1757594623683 70.12367584931616 24
1757594623693 67.89826766253898 25
1757594623702 78.32236713908685 26
1757594623712 66.7532816452526 27
1757594623721 63.04390453596308 28
1757594623730 63.45497355701492 29
1757594623739 61.61109188895416 30
1757594623748 62.52407851964329 31
1757594623757 57.88097820206492 32
1757594623767 57.990503719769464 33
1757594623776 60.529185089684354 34
1757594623786 50.74880391331477 35
1757594623795 48.94178472819951 36
1757594623805 45.87014557856469 37
1757594623814 57.02587046088634 38
1757594623824 47.18500227732676 39
1757594623834 49.27185862068894 40
1757594623843 38.43254762511697 41
1757594623853 43.6364833721369 42
1757594623862 53.894941518763055 43
1757594623871 40.83685837066568 44
1757594623881 42.11991547372066 45
1757594623890 34.78139852342362 46
1757594623899 35.255844903945444 47
1757594623909 37.34030515415287 48
1757594623919 35.02513657479132 49
1757594623928 36.82570360443769 50
1757594623937 34.10197132494713 51
1757594623947 33.3305181084366 52
1757594623956 32.78550774016158 53
1757594623965 31.188482217528318 54
1757594623974 32.15019896364561 55
1757594623983 29.078002555318132 56
1757594623992 33.15512646062797 57
1757594624002 28.776659695935507 58
1757594624012 21.78933717561018 59
1757594624021 31.55294423359091 60
1757594624031 27.23692733312499 61
1757594624040 21.196682072902412 62
1757594624052 24.60053800717946 63
1757594624062 27.105881101845817 64
1757594624071 18.43027811991546 65
1757594624081 19.48936708720631 66
1757594624090 18.303703361492747 67
1757594624100 19.400559947037486 68
1757594624109 21.983893830612402 69
1757594624119 20.480129809649316 70
1757594624128 25.607262435535134 71
1757594624137 16.009142638841595 72
1757594624147 20.663734723260152 73
1757594624156 16.15700714004674 74
1757594624166 12.579543371793974 75
1757594624175 14.923220467984995 76
1757594624185 24.981801294237105 77
1757594624194 25.062490512528417 78
1757594624204 17.633509810611447 79
1757594624213 16.270032809773326 80
1757594624222 16.17336498048576 81
1757594624232 12.807049150028474 82
1757594624242 10.693548481095245 83
1757594624251 19.59708227813316 84
1757594624261 12.569916927477506 85
1757594624270 17.1085281026321 86
1757594624280 11.92658361871152 87
1757594624289 9.666149993394674 88
1757594624299 15.117814042078171 89
1757594624309 12.828114085507535 90
1757594624318 12.751566473293611 91
1757594624329 10.018545663891283 92
1757594624338 14.390760813114701 93
1757594624348 16.240429509758922 94
1757594624358 12.116518092421384 95
1757594624367 14.41622482491561 96
1757594624377 9.798170438394195 97
1757594624386 12.372783945904255 98
1757594624396 12.131055119766401 99
1757594624407 12.3076661340036 100
1757594624417 8.591491153446892 101
1757594624428 11.022137435382286 102
1757594624438 10.362340469858415 103
1757594624448 8.088052725895906 104
1757594624457 9.069688000282103 105
1757594624467 6.803132693823927 106
1757594624477 6.989290705799505 107
1757594624487 7.7542401616362335 108
1757594624497 5.2482999880093395 109
1757594624506 7.928809808575891 110
1757594624516 6.955778532437575 111
1757594624526 8.220011374697552 112
1757594624536 10.330189648328577 113
1757594624545 8.790858598368661 114
1757594624555 7.758053956517543 115
1757594624565 9.117083292519686 116
1757594624575 10.597855392482273 117
1757594624585 7.341929540009816 118
1757594624594 6.121086806582767 119
1757594624604 3.404656993721598 120
1757594624614 7.565664371237262 121
1757594624623 8.055439222591085 122
1757594624633 5.4692225372586565 123
1757594624643 5.60248766766453 124
1757594624653 4.969649687206091 125
1757594624663 4.274487573101444 126
1757594624673 5.6988966885755055 127
1757594624683 7.851945364299837 128
1757594624709 5.883135799637174 129
1757594624724 4.901215333075968 130
1757594624734 6.9886587715251425 131
1757594624744 12.499691829232143 132
1757594624754 7.880539609463218 133
1757594624764 9.795632746343973 134
1757594624774 6.031020719547904 135
1757594624783 6.166203701771206 136
1757594624793 4.019144856653764 137
1757594624803 5.714036388391673 138
1757594624813 4.66977809410408 139
1757594624823 8.047209996944893 140
1757594624833 5.210053935271873 141
1757594624843 7.128137176044391 142
1757594624853 8.042439671713664 143
1757594624863 4.582132400709635 144
1757594624873 3.894475667476581 145
1757594624884 1.8899378302859662 146
1757594624894 5.451253723426896 147
1757594624904 4.364998356501033 148
1757594624915 4.988987868863959 149
1757594624926 6.495393572758518 150
1757594624936 3.4533786881373243 151
1757594624946 4.2117994766420965 152
1757594624956 7.09422684563954 153
1757594624971 3.8744662761089304 154
1757594624985 6.817917382076116 155
1757594624996 6.111515272387931 156
1757594625009 6.265498517709788 157
1757594625020 1.5508200876255314 158
1757594625031 6.778663363538138 159
1757594625041 3.9187986029073802 160
1757594625052 5.592516873443435 161
1757594625063 5.5605070232694 162
1757594625076 2.707106587402826 163
1757594625088 5.672769471457864 164
1757594625100 5.319258716769637 165
1757594625111 4.532137996630566 166
1757594625123 5.975211873911714 167
1757594625133 4.736299930396523 168
1757594625145 2.646511649941198 169
1757594625156 2.4561500756676433 170
1757594625167 4.026126286101316 171
1757594625177 5.02275350419476 172
1757594625190 3.958010839548736 173
1757594625201 4.7597083147567805 174
1757594625212 5.077658651123231 175
1757594625223 7.247066798234332 176
1757594625237 7.629519375112658 177
1757594625248 11.010717421568238 178
1757594625259 7.585295216696844 179
1757594625270 4.895623155111834 180
1757594625280 8.545215395885865 181
1757594625291 3.4790085365826138 182
1757594625307 6.525805900632987 183
1757594625320 7.188625712866566 184
1757594625338 4.03149856873867 185
1757594625350 1.6320950177575253 186
1757594625372 3.7903531881368777 187
1757594625386 2.368637590964206 188
1757594625402 2.817350426260355 189
1757594625413 3.211033732524895 190
1757594625424 2.8942416696522395 191
1757594625435 6.94459444633362 192
1757594625445 4.940084805538191 193
1757594625456 3.4076134856433593 194
1757594625467 3.2054639687315194 195
1757594625478 5.460803866349481 196
1757594625492 6.7448956055814975 197
1757594625503 6.089264550223387 198
1757594625514 2.907124766759212 199
1757594625525 5.555868353280884 200
1757594625535 7.500420532100312 201
1757594625547 7.094184227640088 202
1757594625557 2.548507702871975 203
1757594625574 4.385992258914216 204
1757594625587 4.765614352207171 205
1757594625599 5.423924525165595 206
1757594625611 1.9850935561471201 207
1757594625622 6.008623251191623 208
1757594625633 3.990086843077809 209
1757594625643 4.502480715379733 210
1757594625654 2.9995360666075475 211
1757594625664 3.2805746666968414 212
1757594625675 3.7842782800754535 213
1757594625685 4.752953045774897 214
1757594625696 1.9920617587355685 215
1757594625706 3.675875961679361 216
1757594625717 2.4088073405043984 217
1757594625727 5.113291053341963 218
1757594625738 3.94755180567204 219
1757594625748 2.2169490544345436 220
1757594625758 6.148395093549859 221
1757594625769 2.570258851000975 222
1757594625779 4.1477772083129825 223
1757594625790 4.6742438716994705 224
1757594625800 3.92020328738696 225
1757594625810 4.0570362074491895 226
1757594625821 6.019190746161998 227
1757594625831 2.2353562250433208 228
1757594625842 4.075181439791479 229
1757594625852 3.4232703955178185 230
1757594625863 2.7041716131546276 231
1757594625873 8.16340015660233 232
1757594625883 3.114473885220367 233
1757594625894 2.044297567459199 234
1757594625904 5.0053306340854435 235
1757594625914 3.259098899990027 236
1757594625925 1.4979117436887055 237
1757594625935 4.969894741593658 238
1757594625946 3.4826443621168206 239
1757594625956 6.697554896970702 240
1757594625967 4.993185666284378 241
1757594625977 4.343788389155313 242
1757594625988 4.836741278749363 243
1757594625998 3.22640125988911 244
1757594626009 2.453526609130517 245
1757594626019 1.180505522827387 246
1757594626029 5.099014555768379 247
1757594626040 2.8155050155021923 248
1757594626050 2.4519117024575614 249
1757594626061 2.5444622001375663 250
1757594626071 1.4122308647476565 251
1757594626082 3.831285363094176 252
1757594626092 5.696397230888116 253
1757594626103 4.1485647867908275 254
1757594626114 3.1679117670656844 255
1757594626124 5.321084295198928 256
1757594626135 3.969223153547556 257
1757594626146 3.4254735485198786 258
1757594626157 5.77453485944038 259
1757594626167 2.6361823526284587 260
1757594626178 4.396619708723167 261
1757594626189 2.2995817771800584 262
1757594626199 7.480612306704618 263
1757594626210 7.639007036968987 264
1757594626221 4.452706442921223 265
1757594626231 5.447334884136266 266
1757594626242 6.822189548880701 267
1757594626252 5.092040781966197 268
1757594626263 3.859507334635464 269
1757594626273 4.533623162104199 270
1757594626284 5.6687691914649765 271
1757594626295 1.5084088991764226 272
1757594626306 2.7944830600038646 273
1757594626317 4.861872364798382 274
1757594626327 5.744771563766851 275
1757594626338 4.847400064651223 276
1757594626348 2.819364755453498 277
1757594626359 3.9484547467859548 278
1757594626369 3.0446467564082544 279
1757594626380 2.8020399590836225 280
1757594626391 1.6222091798115612 281
1757594626401 4.695937975399017 282
1757594626412 4.176079121406773 283
1757594626423 1.2044547758005992 284
1757594626433 1.2121514613256008 285
1757594626444 1.107812622476749 286
1757594626455 2.3532433726858133 287
1757594626465 3.453105534570442 288
1757594626476 3.8730292387706626 289
1757594626487 2.4627562801049416 290
1757594626498 4.930342510186103 291
1757594626509 1.3017351330542948 292
1757594626519 3.616785042357565 293
1757594626530 1.2647907995673704 294
1757594626541 5.281203564582729 295
1757594626552 1.5126067723068681 296
1757594626563 3.71531759060134 297
1757594626573 4.708772667969077 298
1757594626584 4.599646454994067 299
1757594626595 2.552696854994574 300
1757594626606 5.444047204078234 301
1757594626617 2.172582812437659 302
1757594626629 3.440228413751018 303
1757594626641 3.930278956845216 304
1757594626653 3.7549418415609024 305
1757594626664 0.9832418181623854 306
1757594626679 6.144860666337454 307
1757594626692 3.8506555328921985 308
1757594626705 2.045294060594517 309
1757594626716 3.1222419153487304 310
1757594626727 4.255415359237063 311
1757594626740 3.027460583772061 312
1757594626754 4.76002800169887 313
1757594626766 3.4114109515624684 314
1757594626777 3.6303328073960683 315
1757594626789 5.9030856358225146 316
1757594626800 4.308448036749843 317
1757594626812 1.338577535627807 318
1757594626823 1.6178030997844592 319
1757594626835 4.821090104321398 320
1757594626846 3.2876446731412416 321
1757594626858 1.555798978351016 322
1757594626874 2.7826585565828608 323
1757594626886 2.553038736287451 324
1757594626897 3.309919470421019 325
1757594626908 1.4242823163262668 326
1757594626919 2.2447173493185733 327
1757594626931 1.5382010476725934 328
1757594626942 1.795262379006235 329
1757594626953 5.021318532213319 330
1757594626964 1.6426480488715105 331
1757594626975 2.8880993044996606 332
1757594626986 3.901401675817356 333
1757594626996 5.314567321125941 334
1757594627007 3.15733249179619 335
1757594627018 3.4741948387277626 336
1757594627029 3.164453962649963 337
1757594627040 4.634502353630168 338
1757594627051 5.2528747697096305 339
1757594627062 4.171779134048181 340
1757594627073 4.055360867539958 341
1757594627085 3.9237300972499045 342
1757594627097 1.2968706624429416 343
1757594627108 2.9422131732399306 344
1757594627119 4.064406754205811 345
1757594627130 3.110291895926662 346
1757594627142 2.6981746082172533 347
1757594627153 2.5278073321302545 348
1757594627164 1.9062395670757182 349
1757594627175 3.726686198488037 350
1757594627187 2.6087653365222243 351
1757594627198 3.883832115495465 352
1757594627209 2.4835849894069693 353
1757594627220 4.650552688012916 354
1757594627232 1.5257904856555458 355
1757594627243 2.0346022498193364 356
1757594627254 2.273116968398791 357
1757594627266 3.0582680253760586 358
1757594627277 1.41322937842118 359
1757594627288 4.533187793154735 360
1757594627299 2.2678607918756977 361
1757594627311 2.520610747325504 362
1757594627321 4.435487277461482 363
1757594627333 1.4579578852493693 364
1757594627344 1.919232537444076 365
1757594627355 2.9868928579922187 366
1757594627367 3.8676295336103683 367
1757594627378 5.880206896042879 368
1757594627389 5.519411935868645 369
1757594627401 2.5276022649522067 370
1757594627412 3.383006032705409 371
1757594627423 4.46316127661299 372
1757594627434 2.997691777538018 373
1757594627446 3.003600084211669 374
1757594627457 2.2294504883089292 375
1757594627468 2.266579671047975 376
1757594627480 5.3985714765601065 377
1757594627491 6.081983485548449 378
1757594627502 3.2470159120995983 379
1757594627513 5.035554152912524 380
1757594627525 3.3417372699767465 381
1757594627536 2.5988490971899467 382
1757594627548 2.222970533088467 383
1757594627559 3.130298253968113 384
1757594627570 4.760872033847503 385
1757594627581 4.2439741542477005 386
1757594627593 3.9336814537389553 387
1757594627604 5.2102374668478655 388
1757594627616 2.444066656235996 389
1757594627627 2.9311059860765276 390
1757594627639 6.262830908339414 391
1757594627650 2.3283491009574306 392
1757594627662 2.998817843263935 393
1757594627673 1.895244035392949 394
1757594627684 3.9015677518798455 395
1757594627696 4.840745137127325 396
1757594627707 2.3923485819800856 397
1757594627719 1.919027636008533 398
1757594627730 3.031935261866037 399
1757594627742 1.4720545798482545 400
1757594627753 2.5541497057382183 401
1757594627765 2.6651066382186905 402
1757594627776 5.485529792455035 403
1757594627787 3.634245504000816 404
1757594627799 3.317184267718098 405
1757594627810 2.905723196352484 406
1757594627822 1.1725526370051038 407
1757594627833 2.213983356274099 408
1757594627845 2.337430486807053 409
1757594627857 5.107019376670324 410
1757594627868 3.5744022388637244 411
1757594627879 2.8103374576314044 412
1757594627891 4.01586025483273 413
1757594627902 3.266860291912446 414
1757594627914 3.429575742879355 415
1757594627925 3.647188164474942 416
1757594627937 1.9329343385053412 417
1757594627949 1.8882073346436532 418
1757594627961 2.3359771676276577 419
1757594627973 5.90884505048847 420
1757594627984 3.4752721266589934 421
1757594627996 2.766688580635712 422
1757594628007 2.99199671640318 423
1757594628019 3.8273752630534505 424
1757594628031 4.776321757554431 425
1757594628042 3.7231107593128465 426
1757594628054 2.0201508971667885 427
1757594628066 2.5992118171453953 428
1757594628077 3.093307343659376 429
1757594628089 5.218135939324236 430
1757594628101 4.896071205862348 431
1757594628113 2.058387252040486 432
1757594628124 3.8103972183002455 433
1757594628136 3.0593184595771574 434
1757594628148 3.303651774057168 435
1757594628160 2.9635177097846994 436
1757594628171 3.5119766373133685 437
1757594628183 3.840409519209951 438
1757594628195 2.423249913378449 439
1757594628206 2.723158354748352 440
1757594628218 4.334151589539114 441
1757594628230 3.040013040410065 442
1757594628242 3.080660964081762 443
1757594628254 2.5718656842238 444
1757594628266 2.2331958074323115 445
1757594628278 4.049363626701966 446
1757594628290 4.3634719524345185 447
1757594628302 3.204990468175945 448
1757594628314 4.000543928928184 449
1757594628326 3.9708074348220843 450
1757594628338 5.7135211906315915 451
1757594628350 3.6390852868624863 452
1757594628362 2.76251590393352 453
1757594628374 4.50262273704974 454
1757594628386 4.7757786764179 455
1757594628397 2.5189657315001335 456
1757594628409 1.1214660984698372 457
1757594628421 2.630936397158681 458
1757594628433 6.055707037026423 459
1757594628445 1.9016082144002309 460
1757594628456 2.6594799815356605 461
1757594628469 2.7545769208901247 462
1757594628480 4.196184660988951 463
1757594628492 4.844000808937993 464
1757594628504 2.161504447191096 465
1757594628516 1.7632971210429094 466
1757594628528 3.9217187925754757 467
1757594628540 2.042065587423801 468
1757594628551 2.4517436199140263 469
1757594628564 3.705871163420655 470
1757594628575 3.160465936641104 471
1757594628587 2.7911156268133532 472
1757594628599 1.9747027958241297 473
1757594628611 1.5140443544010884 474
1757594628623 2.9926888217539207 475
1757594628635 3.1014600202351335 476
1757594628647 4.026639537893427 477
1757594628659 3.4397281925645675 478
1757594628671 1.0728028854878644 479
1757594628683 1.9086418434592631 480
1757594628695 3.073758066814094 481
1757594628707 2.277606237307758 482
1757594628719 3.576989234263895 483
1757594628731 1.8870518517948331 484
1757594628743 3.231840074547087 485
1757594628755 1.7256426349193168 486
1757594628767 2.782532375973986 487
1757594628779 1.9097022722129027 488
1757594628791 1.9139265470778395 489
1757594628803 1.5831766642159613 490
1757594628816 3.281668323376612 491
1757594628828 3.3948244692601386 492
1757594628840 2.4087741858429457 493
1757594628853 1.8285313220253403 494
1757594628865 2.1056721833000194 495
1757594628877 3.5266931569757296 496
1757594628889 3.281772165946922 497
1757594628902 3.3614374891862218 498
1757594628915 2.506902357432492 499
