1757518023039 163.55995923589688 0
1757518023049 157.2043860588203 1
1757518023058 159.70297272005885 2
1757518023067 150.3037996345985 3
1757518023076 135.46282294964286 4
1757518023085 139.85998910072382 5
1757518023094 129.46927759948034 6
1757518023103 124.9069836763873 7
1757518023113 125.37891066728608 8
1757518023122 119.48663615715466 9
1757518023131 120.75162262169161 10
1757518023140 111.91641995788572 11
1757518023150 105.80789127029246 12
1757518023162 112.92467798078658 13
1757518023176 112.44900929437452 14
1757518023186 95.19308978954277 15
1757518023197 96.07072283826956 16
1757518023207 108.01671520220503 17
1757518023222 95.48622465472118 18
1757518023232 103.24987348505528 19
1757518023241 87.64861077459364 20
1757518023252 83.89637811589631 21
1757518023261 82.48370841702281 22
1757518023271 89.86581127421343 23
1757518023281 77.06784065355266 24
1757518023290 79.22234524996108 25
1757518023300 71.38062670999406 26
1757518023309 69.08501903812216 27
1757518023318 72.62337286468717 28
1757518023327 66.62086846585514 29
1757518023337 56.24072307723745 30
1757518023346 62.713228059110406 31
1757518023356 57.07236745161185 32
1757518023365 59.26355195624168 33
1757518023374 51.235674043145366 34
1757518023384 60.77892427028458 35
1757518023395 51.76094721293944 36
1757518023405 45.35834038193079 37
1757518023415 47.689621540688904 38
1757518023424 50.42104121599554 39
1757518023433 44.60942065381075 40
1757518023443 44.10514076467926 41
1757518023452 36.98703217598251 42
1757518023461 41.84630592210507 43
1757518023471 41.13849677743292 44
1757518023480 37.35735126635187 45
1757518023489 42.95399851829877 46
1757518023499 36.7135739456843 47
1757518023509 36.49465986557172 48
1757518023519 33.483547065488075 49
1757518023528 37.47188960684298 50
1757518023538 31.36755513891765 51
1757518023547 38.555359136955516 52
1757518023557 36.02647603716079 53
1757518023566 34.6848660608217 54
1757518023575 31.464716824207283 55
1757518023585 26.2128049099477 56
1757518023594 28.882769868138617 57
1757518023604 26.32378863655409 58
1757518023613 34.41011986978198 59
1757518023623 20.85043304910773 60
1757518023632 36.52828872360861 61
1757518023641 21.41571744350153 62
1757518023651 27.273256380745796 63
1757518023660 22.441330119076454 64
1757518023670 18.11610870127053 65
1757518023679 22.21744564765172 66
1757518023689 15.380788301487405 67
1757518023699 21.04529578324926 68
1757518023708 22.461042783700982 69
1757518023718 20.479813526455214 70
1757518023727 17.560205652312728 71
1757518023737 15.868206538600178 72
1757518023746 18.596331396027647 73
1757518023759 15.51935377257828 74
1757518023769 20.7163364508968 75
1757518023779 25.601011763189867 76
1757518023789 20.176005843311362 77
1757518023798 19.66319927764474 78
1757518023808 13.660213784853005 79
1757518023818 18.667348143166734 80
1757518023827 12.103934027061207 81
1757518023837 15.345369232983288 82
1757518023847 21.357840179877392 83
1757518023856 12.187816349489838 84
1757518023866 10.120738177612111 85
1757518023875 17.41922367494258 86
1757518023885 10.110576105800627 87
1757518023895 8.105873084753002 88
1757518023904 10.954754288521242 89
1757518023914 13.721029912966488 90
1757518023924 10.942283880419565 91
1757518023933 17.457768038468153 92
1757518023943 16.09927444030886 93
1757518023953 13.65799676651445 94
1757518023963 9.992233178876658 95
1757518023973 8.568695571647387 96
1757518023982 12.170982057538 97
1757518023992 13.002208386496863 98
1757518024002 11.788218555771559 99
1757518024012 11.370764391079483 100
1757518024022 12.131811420037183 101
1757518024032 10.587136745379215 102
1757518024041 10.297450769907543 103
1757518024051 16.470200306232346 104
1757518024061 8.574950541104343 105
1757518024072 14.033789653447952 106
1757518024082 8.612426987922225 107
1757518024091 17.44258941075028 108
1757518024102 9.493162057925462 109
1757518024112 5.891822204740181 110
1757518024122 8.904347600794152 111
1757518024131 5.871267938188417 112
1757518024141 7.897040245396624 113
1757518024151 5.6680026438987445 114
1757518024161 6.9876788802884 115
1757518024171 8.672191408153148 116
1757518024181 8.64434227182581 117
1757518024191 8.189247803316434 118
1757518024201 4.657348605151977 119
1757518024211 5.6231315584563655 120
1757518024221 9.281898839681046 121
1757518024231 8.983534524120088 122
1757518024241 6.793081807788038 123
1757518024252 9.471957563306944 124
1757518024263 12.051001600231114 125
1757518024273 7.920575335125823 126
1757518024283 6.331182447753499 127
1757518024293 5.884476899755106 128
1757518024313 11.08681596017877 129
1757518024326 6.064423089296439 130
1757518024337 5.889011491972406 131
1757518024347 6.752880577462914 132
1757518024357 6.121243249783049 133
1757518024367 11.540040508699237 134
1757518024377 8.811425067465114 135
1757518024386 11.19307512935128 136
1757518024396 4.9180755825401254 137
1757518024406 4.970985750331353 138
1757518024416 9.53346645657725 139
1757518024426 4.2100754092717345 140
1757518024436 5.360797679390639 141
1757518024446 10.274588551984746 142
1757518024456 9.287783212551425 143
1757518024466 4.349193600769411 144
1757518024476 6.871166831159232 145
1757518024486 4.770106559262564 146
1757518024496 3.3343350330144954 147
1757518024506 7.816596283690907 148
1757518024516 7.546376328270231 149
1757518024527 4.221379621452049 150
1757518024537 5.857384336251789 151
1757518024547 4.550143471955118 152
1757518024558 4.471091388960004 153
1757518024568 2.348924657774482 154
1757518024578 7.424148245773868 155
1757518024588 3.4799995836973143 156
1757518024599 5.3000667597178905 157
1757518024609 3.2540329505685976 158
1757518024619 5.718614019587016 159
1757518024630 5.00015498497427 160
1757518024640 1.820435812801378 161
1757518024650 6.789993899386206 162
1757518024660 3.9072077726577508 163
1757518024670 8.84206157189776 164
1757518024680 2.554105080836005 165
1757518024691 5.928808498017281 166
1757518024701 7.5094563315207195 167
1757518024711 5.146518684975241 168
1757518024721 6.775736638857173 169
1757518024731 2.218006708511895 170
1757518024742 5.049352541294444 171
1757518024761 6.458829386398132 172
1757518024775 5.2229840755694 173
1757518024786 3.736723432019892 174
1757518024796 6.3697507945712495 175
1757518024807 6.2843923077722375 176
1757518024817 3.2131182530882296 177
1757518024828 4.966510142993224 178
1757518024838 1.1595427743861353 179
1757518024848 6.830688723879154 180
1757518024859 4.341602459340126 181
1757518024869 3.344683201388072 182
1757518024879 3.627310832926459 183
1757518024889 8.216082778893657 184
1757518024900 7.260293228365338 185
1757518024910 3.4480792074658297 186
1757518024921 7.292955176244956 187
1757518024931 5.739476529106026 188
1757518024941 3.790416015995831 189
1757518024952 2.051155586517357 190
1757518024962 5.739083849734567 191
1757518024973 3.44265467891167 192
1757518024983 6.423117557090044 193
1757518024993 7.864620470387843 194
1757518025004 5.622469062600669 195
1757518025014 4.507482828565291 196
1757518025025 7.082426217324143 197
1757518025035 9.76441885156476 198
1757518025045 5.438108519496516 199
1757518025056 4.059869549974369 200
1757518025066 6.835289764958434 201
1757518025076 2.465133529226138 202
1757518025086 6.47577859757298 203
1757518025097 3.5214775142793218 204
1757518025107 7.679364388939891 205
1757518025118 1.701544331821173 206
1757518025128 4.026575567208233 207
1757518025139 3.443783942718086 208
1757518025149 3.2690503960423865 209
1757518025159 3.3055683779649483 210
1757518025170 1.7107935759746766 211
1757518025180 0.8274242544577909 212
1757518025191 4.573206710639587 213
1757518025202 3.863158484501875 214
1757518025212 2.3404401812136166 215
1757518025223 4.576701084895267 216
1757518025233 2.968429924117833 217
1757518025244 3.405663616513423 218
1757518025254 2.5228184914084513 219
1757518025264 5.75571954725712 220
1757518025275 2.6227488306344737 221
1757518025286 4.797904294427714 222
1757518025296 6.053970463170025 223
1757518025307 3.973507728641075 224
1757518025317 4.5768265211007755 225
1757518025328 3.2068506983540637 226
1757518025339 2.3558738815038547 227
1757518025349 3.6345426165845907 228
1757518025360 6.23966708883186 229
1757518025371 2.5870458154082203 230
1757518025382 4.913788339162911 231
1757518025393 2.3288749023002304 232
1757518025404 1.1617935359901637 233
1757518025415 5.254254101607772 234
1757518025426 4.393588229683946 235
1757518025437 5.738711404249695 236
1757518025447 4.383830712105922 237
1757518025458 3.728649175533909 238
1757518025468 4.228751143646045 239
1757518025479 6.071155822359112 240
1757518025490 2.2113260069392426 241
1757518025500 5.511809051288984 242
1757518025511 4.650609582648587 243
1757518025521 3.70229384718804 244
1757518025532 5.483606047012658 245
1757518025543 3.1252932547266394 246
1757518025554 5.697529325135928 247
1757518025565 4.34524960847256 248
1757518025575 2.8356236556417036 249
1757518025586 1.1451607581775165 250
1757518025597 3.523172600722128 251
1757518025607 6.243298057983143 252
1757518025618 2.789701204456016 253
1757518025629 2.9305627225871596 254
1757518025639 3.894232449911637 255
1757518025650 2.307079790253841 256
1757518025661 3.4918378111262256 257
1757518025671 1.8566337869868845 258
1757518025682 6.510787913173666 259
1757518025693 2.8452114469395244 260
1757518025704 3.19637202078788 261
1757518025714 1.8806030674612535 262
1757518025725 6.2126764470621865 263
1757518025736 2.0084324547202272 264
1757518025747 7.179959436678889 265
1757518025757 2.619989256861601 266
1757518025768 2.8852699932173764 267
1757518025779 3.3698443832554665 268
1757518025790 5.236790509969599 269
1757518025801 5.318402022903622 270
1757518025812 5.060969585257722 271
1757518025827 3.4535268130827355 272
1757518025839 2.747708319096196 273
1757518025850 3.483216073745705 274
1757518025861 7.983739880654048 275
1757518025872 4.719343704603064 276
1757518025882 4.850777711971865 277
1757518025893 2.659679137124447 278
1757518025904 3.2615625599041618 279
1757518025915 3.3630956558024234 280
1757518025926 1.8035033141657824 281
1757518025937 2.359492424545122 282
1757518025948 3.402123413392175 283
1757518025958 1.661992039474223 284
1757518025969 3.2860552731249753 285
1757518025980 3.549513337044184 286
1757518025991 6.859670709620139 287
1757518026002 2.202657210240758 288
1757518026013 2.6002731582034397 289
1757518026023 3.131027962558339 290
1757518026034 2.785556588234942 291
1757518026045 3.154861205415188 292
1757518026056 1.762868548175086 293
1757518026067 2.5781389010852718 294
1757518026078 2.1148953927336884 295
1757518026088 3.2340701846356534 296
1757518026099 2.539531329748273 297
1757518026110 4.984090008411104 298
1757518026121 4.032354483569737 299
1757518026132 5.067337269893934 300
1757518026143 4.0207033524724665 301
1757518026154 4.541859870377777 302
1757518026166 4.42950482413346 303
1757518026177 3.6591761383036197 304
1757518026188 2.8380665032399706 305
1757518026200 4.155690452577496 306
1757518026211 2.4871434939560104 307
1757518026222 4.357693895766908 308
1757518026233 1.9910495664846601 309
1757518026244 3.245502715530913 310
1757518026256 4.947708067214126 311
1757518026267 1.3550863219386273 312
1757518026278 4.8650489283706095 313
1757518026289 2.6468594253073268 314
1757518026301 4.190350927494763 315
1757518026312 4.334224109802725 316
1757518026323 3.360656582050364 317
1757518026334 2.5369789284162967 318
1757518026345 2.9623659549838703 319
1757518026356 6.166574934114659 320
1757518026367 4.767179454235871 321
1757518026378 1.9629494327902275 322
1757518026390 4.345731063292049 323
1757518026403 6.84486929483654 324
1757518026415 1.4261756647547117 325
1757518026426 4.60644514130319 326
1757518026438 2.3281698570561424 327
1757518026449 3.9530327139586006 328
1757518026460 3.138968271924187 329
1757518026471 1.4140976157351937 330
1757518026483 5.265244324872188 331
1757518026494 2.880201745356046 332
1757518026505 2.68845853793758 333
1757518026517 2.69635961341649 334
1757518026528 4.132669813082732 335
1757518026539 2.503956842042285 336
1757518026550 2.8211851335156237 337
1757518026561 3.54958468549667 338
1757518026573 4.543728025686744 339
1757518026584 2.931189793899496 340
1757518026595 3.225905064239638 341
1757518026607 1.261380086738181 342
1757518026618 2.2549755021952644 343
1757518026629 4.493343543571958 344
1757518026640 5.021095106013247 345
1757518026652 2.903404135768728 346
1757518026663 1.1116529438441252 347
1757518026674 2.3878731541815488 348
1757518026685 1.8745632261336163 349
1757518026697 3.7490832515736106 350
1757518026708 4.4368817730058705 351
1757518026719 4.887281015394304 352
1757518026730 2.6119936345300103 353
1757518026742 4.983463449507271 354
1757518026753 2.014058150777493 355
1757518026764 3.719513799292717 356
1757518026775 2.4142261404136716 357
1757518026787 5.576126559336971 358
1757518026798 3.3544977240072256 359
1757518026809 3.8559228799692495 360
1757518026821 4.230754679850474 361
1757518026832 3.629423565144141 362
1757518026843 2.4269048217196563 363
1757518026855 2.2926667250232127 364
1757518026866 6.229600720293862 365
1757518026878 4.0534515986475546 366
1757518026889 3.2894481864311302 367
1757518026901 2.3159309728026076 368
1757518026912 1.339607491456071 369
1757518026924 4.8596175084360755 370
1757518026936 3.6205220370511118 371
1757518026947 1.5910060103760943 372
1757518026958 4.9611028954020275 373
1757518026970 3.6310916210076676 374
1757518026981 3.0304464879301274 375
1757518026993 4.042777577343456 376
1757518027004 4.545574251329949 377
1757518027016 2.906810294268933 378
1757518027027 4.099549377903736 379
1757518027039 0.9670420778462543 380
1757518027050 4.352829904721614 381
1757518027062 3.6383528363791604 382
1757518027073 2.1984466330443073 383
1757518027085 5.217175173630351 384
1757518027096 4.751544859970031 385
1757518027108 2.506617975698567 386
1757518027120 4.010162334148518 387
1757518027131 3.872759036150088 388
1757518027143 2.833632665221357 389
1757518027155 2.9040605536775357 390
1757518027166 4.086078395101836 391
1757518027178 3.0977771757897883 392
1757518027190 3.1983703154929697 393
1757518027201 3.52166861677581 394
1757518027213 3.376251104434376 395
1757518027225 3.188849938565707 396
1757518027236 5.350888233375313 397
1757518027248 4.660716831210922 398
1757518027260 4.194251565381613 399
1757518027271 4.739007982478011 400
1757518027283 5.129310347047688 401
1757518027295 3.471713638853276 402
1757518027306 4.088116473728197 403
1757518027318 4.208800708077531 404
1757518027330 2.6090480573647032 405
1757518027342 3.7876460014146383 406
1757518027355 6.2929471556141285 407
1757518027367 5.147029582092194 408
1757518027379 3.24316055602789 409
1757518027391 3.7764675900308897 410
1757518027403 2.798796965676732 411
1757518027415 1.427302395935725 412
1757518027427 5.119219285621672 413
1757518027439 2.647658448096316 414
1757518027451 3.797447082088065 415
1757518027463 4.017045853410353 416
1757518027475 4.03821890283603 417
1757518027487 2.9894531187705127 418
1757518027499 3.4571886524043305 419
1757518027511 5.414881047047751 420
1757518027522 2.859304646893341 421
1757518027534 1.267300318971822 422
1757518027546 4.741416725052792 423
1757518027558 4.451039527137188 424
1757518027570 3.508285485532365 425
1757518027582 2.6833338513510947 426
1757518027593 2.211156618993773 427
1757518027605 3.69599228818532 428
1757518027617 2.113719432626434 429
1757518027629 3.999760887337264 430
1757518027641 3.890556819889424 431
1757518027653 0.9709872267444136 432
1757518027665 4.956657314595824 433
1757518027676 3.015092088394946 434
1757518027688 2.4145441629004347 435
1757518027700 2.8287562776779276 436
1757518027712 2.209022816803559 437
1757518027724 3.3835043426550446 438
1757518027736 4.302601822414641 439
1757518027748 3.374156999522305 440
1757518027760 2.9317112742895888 441
1757518027772 1.7403608026632162 442
1757518027784 2.290395216892215 443
1757518027796 3.059987406771445 444
1757518027808 4.823166641831478 445
1757518027819 3.570551498364267 446
1757518027831 3.2863029501391448 447
1757518027843 2.381350719699776 448
1757518027855 3.69126728521813 449
1757518027867 3.867993397074398 450
1757518027879 3.4311223536044135 451
1757518027891 5.620246873963653 452
1757518027902 2.348888381290439 453
1757518027914 1.7783533977574695 454
1757518027926 1.9514348393284817 455
1757518027939 1.376973760455019 456
1757518027951 1.073767616330938 457
1757518027963 2.659788251794122 458
1757518027975 3.3877694664278546 459
1757518027987 5.259496028967487 460
1757518027999 2.912644877904149 461
1757518028011 3.277323996597049 462
1757518028023 4.895794062010928 463
1757518028035 3.357127060857461 464
1757518028047 4.038841694786071 465
1757518028059 4.696767838109454 466
1757518028071 2.9132967180383766 467
1757518028083 2.1645490492313884 468
1757518028095 5.397462800206357 469
1757518028107 3.2156931690905557 470
1757518028119 2.0949191344796168 471
1757518028131 2.2454178118566213 472
1757518028143 2.7590268552686386 473
1757518028155 3.1865359519866976 474
1757518028167 4.219428732637964 475
1757518028179 2.9080381158024324 476
1757518028191 2.0950418840020544 477
1757518028203 4.70719238156292 478
1757518028215 5.122709781398953 479
1757518028227 2.1499304770417793 480
1757518028239 4.275686487188642 481
1757518028251 3.487166057091545 482
1757518028264 2.801712384658963 483
1757518028276 2.8213647771266697 484
1757518028288 4.84607952346069 485
1757518028300 3.622868868280137 486
1757518028312 3.656074894653332 487
1757518028324 4.424558562095167 488
1757518028336 1.8498579570530305 489
1757518028349 3.4626834130238917 490
1757518028362 4.126676105444243 491
1757518028374 3.175898066692676 492
1757518028386 4.729772682149011 493
1757518028400 5.032923781230908 494
1757518028412 3.153090516001714 495
1757518028425 0.8425732180138052 496
1757518028437 2.387227876527863 497
1757518028449 3.39305717726049 498
1757518028461 2.7115600179512165 499
