1757513838433 170.47456264258219 0
1757513838444 164.13198177596166 1
1757513838454 152.54226591451197 2
1757513838463 137.03635149054534 3
1757513838473 119.0318883807784 4
1757513838481 99.90688198756526 5
1757513838490 80.90080314494067 6
1757513838498 63.04522447965902 7
1757513838506 47.12346557774058 8
1757513838515 33.65667987100912 9
1757513838523 22.91234602083103 10
1757513838532 14.930235129191042 11
1757513838540 9.560568794372697 12
1757513838548 6.509186741676565 13
1757513838557 5.385011420895712 14
1757513838564 5.745826394831859 15
1757513838573 7.139271755707677 16
1757513838581 9.136907447681653 17
1757513838590 11.360122134410279 18
1757513838598 13.497506184557047 19
1757513838607 15.314016246290612 20
1757513838615 16.652808151259336 21
1757513838624 17.430994067787285 22
1757513838633 17.630793103202752 23
1757513838643 17.287607680840104 24
1757513838651 16.476494915666443 25
1757513838660 15.298341654484082 26
1757513838668 13.866824381378398 27
1757513838677 12.296970529526082 28
1757513838685 10.695862708671449 29
1757513838694 9.155764436283823 30
1757513838702 7.749712443864261 31
1757513838710 6.529428322939703 32
1757513838719 5.5252576591457 33
1757513838727 4.74774956598793 34
1757513838736 4.190441355594075 35
1757513838744 3.8334065859693487 36
1757513838753 3.6471524343759865 37
1757513838761 3.5965056674723033 38
1757513838769 3.644196541943997 39
1757513838778 3.7539283475245777 40
1757513838786 3.8927995571013425 41
1757513838794 4.033019589512007 42
1757513838803 4.152923483340874 43
1757513838811 4.23734238159753 44
1757513838821 4.277424204085519 45
1757513838831 4.270022131723956 46
1757513838840 4.21677852350457 47
1757513838850 4.123030414224747 48
1757513838859 3.996652099020291 49
1757513838869 3.8469330453133956 50
1757513838879 3.683568039926953 51
1757513838889 3.5158134513623933 52
1757513838898 3.3518408114907583 53
1757513838908 3.198298227457449 54
1757513838918 3.0600725946667406 55
1757513838928 2.940231907342702 56
1757513838938 2.8401174415162824 57
1757513838948 2.7595501380913876 58
1757513838958 2.6971137726931227 59
1757513838967 2.65047888890681 60
1757513838977 2.6167352922182934 61
1757513838987 2.592706404823882 62
1757513838996 2.5752252345291278 63
1757513839006 2.5613584504814426 64
1757513839016 2.5485715256677515 65
1757513839026 2.5348336688696094 66
1757513839036 2.5186660299520467 67
1757513839047 2.4991402562911578 68
1757513839056 2.475836857996214 69
1757513839066 2.4487740582643447 70
1757513839075 2.4183179924384124 71
1757513839084 2.3850844573253793 72
1757513839093 2.3498411121544787 73
1757513839102 2.3134173128858433 74
1757513839111 2.2766268308909865 75
1757513839119 2.240206749924287 76
1757513839128 2.204774003273254 77
1757513839137 2.1707994193332745 78
1757513839146 2.138597862545842 79
1757513839155 2.108332124184389 80
1757513839163 2.0800276373524063 81
1757513839172 2.0535948392363292 82
1757513839181 2.0288560374715923 83
1757513839189 2.00557389974499 84
1757513839198 1.983479113462746 85
1757513839206 1.9622952920563361 86
1757513839215 1.9417597772834885 87
1757513839225 1.9216395517085942 88
1757513839234 1.9017419916960203 89
1757513839243 1.8819206293807147 90
1757513839252 1.862076434257915 91
1757513839260 1.8421553639073251 92
1757513839269 1.822143070706165 93
1757513839278 1.802057696216173 94
1757513839287 1.7819416514808732 95
1757513839296 1.7618531871201935 96
1757513839304 1.7418584204933427 97
1757513839313 1.7220243265680737 98
1757513839322 1.7024130310708048 99
1757513839331 1.6830775829818068 100
1757513839340 1.6640592393261373 101
1757513839349 1.6453861759734285 102
1757513839358 1.6270734479974647 103
1757513839367 1.6091239632873757 104
1757513839376 1.5915302022729259 105
1757513839384 1.5742764116246792 106
1757513839393 1.5573410160896963 107
1757513839402 1.5406990249639765 108
1757513839411 1.5243242526221186 109
1757513839420 1.5081912208064732 110
1757513839429 1.4922766593934218 111
1757513839439 1.4765605682993235 112
1757513839448 1.4610268432088909 113
1757513839457 1.4456635000352576 114
1757513839479 1.430462556521318 115
1757513839504 1.415419644063631 116
1757513839514 1.4005334292594482 117
1757513839524 1.3858049239284573 118
1757513839533 1.3712367558587677 119
1757513839543 1.3568324618471261 120
1757513839552 1.342595851336935 121
1757513839561 1.3285304745860353 122
1757513839570 1.314639215103076 123
1757513839579 1.300924013104141 124
1757513839588 1.2873857157022142 125
1757513839598 1.274024040907824 126
1757513839606 1.2608376364794187 127
1757513839615 1.2478242111780173 128
1757513839625 1.234980714828174 129
1757513839634 1.2223035444128167 130
1757513839643 1.209788755796531 131
1757513839653 1.1974322641127828 132
1757513839662 1.1852300199057595 133
1757513839671 1.173178152368299 134
1757513839680 1.1612730751097091 135
1757513839689 1.1495115535463898 136
1757513839698 1.1378907360429242 137
1757513839707 1.1264081532337944 138
1757513839716 1.1150616914928246 139
1757513839725 1.1038495473195034 140
1757513839734 1.092770169557311 141
1757513839743 1.0818221959626348 142
1757513839752 1.0710043898358668 143
1757513839761 1.0603155813466734 144
1757513839770 1.0497546169648153 145
1757513839779 1.0393203191645728 146
1757513839788 1.0290114574008742 147
1757513839797 1.0188267303322127 148
1757513839807 1.0087647584378006 149
1757513839816 0.9988240855683532 150
1757513839825 0.9890031875855769 151
1757513839834 0.9793004860704847 152
1757513839843 0.9697143650891759 153
1757513839852 0.9602431891605128 154
1757513839861 0.9508853208343083 155
1757513839871 0.9416391366209204 156
1757513839880 0.9325030403754627 157
1757513839889 0.9234754736003782 158
1757513839898 0.9145549224614912 159
1757513839907 0.9057399215967387 160
1757513839916 0.8970290550203386 161
1757513839925 0.8884209545843357 162
1757513839935 0.8799142965533714 163
1757513839944 0.8715077968837092 164
1757513839953 0.8632002057816583 165
1757513839962 0.8549903020612762 166
1757513839971 0.8468768877374382 167
1757513839980 0.8388587831902423 168
1757513839990 0.8309348231308125 169
1757513839999 0.8231038534952354 170
1757513840008 0.8153647293008739 171
1757513840018 0.8077163134213694 172
1757513840028 0.8001574761771277 173
1757513840037 0.7926870955974407 174
1757513840046 0.7853040581882377 175
1757513840056 0.7780072600339164 176
1757513840065 0.7707956080699718 177
1757513840074 0.7636680213818664 178
1757513840084 0.7566234324117721 179
1757513840094 0.7496607879845211 180
1757513840103 0.7427790500948804 181
1757513840112 0.7359771964275585 182
1757513840122 0.7292542206069303 183
1757513840131 0.7226091321945738 184
1757513840141 0.7160409564684622 185
1757513840150 0.7095487340275712 186
1757513840159 0.7031315202707864 187
1757513840169 0.6967883847992029 188
1757513840178 0.6905184107875094 189
1757513840188 0.6843206943640032 190
1757513840197 0.678194344030723 191
1757513840207 0.6721384801465232 192
1757513840216 0.6661522344869434 193
1757513840226 0.6602347498865495 194
1757513840235 0.6543851799625281 195
1757513840245 0.648602688912408 196
1757513840254 0.6428864513750633 197
1757513840263 0.637235652341457 198
1757513840273 0.6316494871007456 199
1757513840282 0.6261271612076801 200
1757513840292 0.6206678904583608 201
1757513840301 0.6152709008635784 202
1757513840310 0.6099354286113146 203
1757513840320 0.6046607200125172 204
1757513840329 0.5994460314269281 205
1757513840339 0.5942906291678818 206
1757513840348 0.5891937893870426 207
1757513840358 0.5841547979414682 208
1757513840367 0.5791729502464077 209
1757513840377 0.574247551117856 210
1757513840387 0.5693779146090113 211
1757513840396 0.5645633638445949 212
1757513840406 0.5598032308565525 213
1757513840415 0.555096856424051 214
1757513840425 0.5504435899198696 215
1757513840434 0.5458427891646852 216
1757513840444 0.5412938202898152 217
1757513840453 0.5367960576086015 218
1757513840463 0.532348883495868 219
1757513840473 0.5279516882746333 220
1757513840482 0.5236038701089737 221
1757513840492 0.5193048349017707 222
1757513840502 0.5150539961961489 223
1757513840511 0.5108507750793952 224
1757513840521 0.5066946000883622 225
1757513840530 0.5025849071155708 226
1757513840540 0.4985211393153694 227
1757513840550 0.49450274700982266 228
1757513840560 0.4905291875941224 229
1757513840570 0.48659992544154357 230
1757513840579 0.4827144318080786 231
1757513840589 0.4788721847370264 232
1757513840598 0.4750726689637724 233
1757513840608 0.47131537582119126 234
1757513840617 0.4675998031459341 235
1757513840627 0.4639254551858807 236
1757513840637 0.4602918425090847 237
1757513840647 0.4566984819143193 238
1757513840656 0.45314489634337246 239
1757513840666 0.44963061479518884 240
1757513840676 0.44615517224180873 241
1757513840686 0.4427181095460845 242
1757513840695 0.4393189733811209 243
1757513840705 0.43595731615126637 244
1757513840715 0.4326326959146347 245
1757513840725 0.42934467630691714 246
1757513840734 0.42609282646648655 247
1757513840744 0.422876720960576 248
1757513840754 0.41969593971254315 249
1757513840766 0.41655006793005217 250
1757513840776 0.41343869603421446 251
1757513840786 0.41036141958955397 252
1757513840796 0.4073178392348856 253
1757513840805 0.4043075606149875 254
1757513840815 0.40133019431320044 255
1757513840825 0.39838535578482154 256
1757513840835 0.39547266529142894 257
1757513840844 0.39259174783610645 258
1757513840854 0.38974223309954636 259
1757513840864 0.3869237553771002 260
1757513840874 0.384135953516772 261
1757513840884 0.3813784708580914 262
1757513840894 0.37865095517195135 263
1757513840904 0.3759530586013502 264
1757513840914 0.3732844376030143 265
1757513840923 0.3706447528899272 266
1757513840933 0.36803366937470433 267
1757513840943 0.36545085611380645 268
1757513840953 0.36289598625259295 269
1757513840963 0.3603687369711423 270
1757513840973 0.3578687894308796 271
1757513840983 0.35539582872194747 272
1757513840993 0.3529495438113194 273
1757513841003 0.3505296274916511 274
1757513841013 0.34813577633083675 275
1757513841025 0.3457676906222612 276
1757513841037 0.3434250743357667 277
1757513841050 0.34110763506927727 278
1757513841062 0.3388150840011135 279
1757513841073 0.33654713584297086 280
1757513841084 0.33430350879353954 281
1757513841095 0.33208392449281277 282
1757513841107 0.3298881079769957 283
1757513841117 0.32771578763408293 284
1757513841129 0.32556669516004466 285
1757513841140 0.3234405655156468 286
1757513841151 0.3213371368838583 287
1757513841163 0.31925615062787965 288
1757513841174 0.31719735124977155 289
1757513841185 0.3151604863496249 290
1757513841197 0.3131453065853547 291
1757513841208 0.31115156563301904 292
1757513841219 0.30917902014771503 293
1757513841230 0.30722742972500633 294
1757513841241 0.3052965568629 295
1757513841251 0.30338616692433756 296
1757513841262 0.30149602810022447 297
1757513841273 0.299625911372948 298
1757513841285 0.2977755904804163 299
1757513841296 0.29594484188059406 300
1757513841306 0.29413344471652186 301
1757513841316 0.29234118078180793 302
1757513841327 0.290567834486625 303
1757513841337 0.288813192824143 304
1757513841348 0.2870770453374404 305
1757513841358 0.28535918408686717 306
1757513841368 0.28365940361786046 307
1757513841379 0.2819775009291964 308
1757513841389 0.28031327544167783 309
1757513841399 0.27866652896725214 310
1757513841410 0.2770370656785584 311
1757513841420 0.2754246920788835 312
1757513841430 0.27382921697252627 313
1757513841440 0.2722504514355809 314
1757513841450 0.2706882087871011 315
1757513841461 0.2691423045606709 316
1757513841472 0.2676125564763475 317
1757513841483 0.26609878441300683 318
1757513841493 0.2646008103810433 319
1757513841504 0.26311845849544535 320
1757513841516 0.2616515549492528 321
1757513841528 0.260199927987343 322
1757513841541 0.2587634078805948 323
1757513841559 0.2573418269003991 324
1757513841571 0.2559350192934955 325
1757513841582 0.2545428212571697 326
1757513841593 0.25316507091477625 327
1757513841604 0.2518016082915865 328
1757513841614 0.2504522752909591 329
1757513841625 0.24911691567084857 330
1757513841636 0.24779537502060672 331
1757513841646 0.24648750073810888 332
1757513841657 0.24519314200717596 333
1757513841668 0.24391214977531187 334
1757513841679 0.242644376731724 335
1757513841689 0.2413896772856474 336
1757513841700 0.24014790754495327 337
1757513841710 0.23891892529504427 338
1757513841721 0.23770258997802657 339
1757513841731 0.23649876267216352 340
1757513841742 0.2353073060716033 341
1757513841752 0.23412808446636818 342
1757513841763 0.2329609637226162 343
1757513841773 0.23180581126315833 344
1757513841784 0.2306624960482406 345
1757513841794 0.22953088855657147 346
1757513841805 0.228410860766608 347
1757513841816 0.2273022861380828 348
1757513841826 0.22620503959377505 349
1757513841837 0.22511899750152886 350
1757513841847 0.22404403765648964 351
1757513841858 0.22298003926360227 352
1757513841868 0.22192688292030768 353
1757513841879 0.2208844505994943 354
1757513841889 0.21985262563264932 355
1757513841900 0.21883129269324933 356
1757513841910 0.21782033778035384 357
1757513841921 0.2168196482024232 358
1757513841931 0.21582911256134202 359
1757513841942 0.21484862073665303 360
1757513841952 0.21387806386999247 361
1757513841963 0.21291733434973764 362
1757513841974 0.2119663257958409 363
1757513841985 0.21102493304487394 364
1757513841995 0.21009305213525117 365
1757513842006 0.20917058029265964 366
1757513842017 0.20825741591566974 367
1757513842028 0.2073534585615329 368
1757513842039 0.20645860893215992 369
1757513842049 0.20557276886028839 370
1757513842060 0.20469584129582138 371
1757513842071 0.20382773029234505 372
1757513842081 0.20296834099382183 373
1757513842092 0.20211757962144544 374
1757513842103 0.20127535346068282 375
1757513842113 0.20044157084846087 376
1757513842124 0.1996161411605344 377
1757513842135 0.19879897479900904 378
1757513842145 0.19798998318002298 379
1757513842156 0.1971890787215906 380
1757513842167 0.19639617483159744 381
1757513842177 0.19561118589594687 382
1757513842188 0.19483402726686785 383
1757513842199 0.19406461525136282 384
1757513842209 0.19330286709979977 385
1757513842220 0.192548700994662 386
1757513842231 0.1918020360394278 387
1757513842241 0.19106279224759973 388
1757513842252 0.19033089053187302 389
1757513842263 0.18960625269343445 390
1757513842274 0.18888880141140207 391
1757513842284 0.18817846023239937 392
1757513842295 0.18747515356025723 393
1757513842306 0.18677880664585317 394
1757513842316 0.18608934557706558 395
1757513842327 0.18540669726887324 396
1757513842338 0.18473078945355947 397
1757513842349 0.18406155067105606 398
1757513842359 0.18339891025940264 399
1757513842370 0.18274279834531904 400
1757513842381 0.18209314583490654 401
1757513842392 0.18144988440446524 402
1757513842402 0.18081294649141477 403
1757513842413 0.18018226528534578 404
1757513842424 0.17955777471916395 405
1757513842435 0.17893940946036696 406
1757513842446 0.17832710490240858 407
1757513842456 0.17772079715618638 408
1757513842467 0.17712042304162914 409
1757513842478 0.1765259200793865 410
1757513842489 0.17593722648263024 411
1757513842500 0.17535428114894844 412
1757513842511 0.17477702365234551 413
1757513842521 0.17420539423534157 414
1757513842532 0.17363933380117005 415
1757513842543 0.17307878390606432 416
1757513842554 0.17252368675165508 417
1757513842565 0.17197398517744722 418
1757513842576 0.1714296226533948 419
1757513842587 0.17089054327257622 420
1757513842598 0.17035669174393836 421
1757513842609 0.16982801338515863 422
1757513842620 0.16930445411556924 423
1757513842632 0.16878596044918565 424
1757513842643 0.16827247948781027 425
1757513842654 0.16776395891422904 426
1757513842665 0.16726034698548545 427
1757513842676 0.1667615925262423 428
1757513842687 0.16626764492221388 429
1757513842698 0.16577845411370085 430
1757513842709 0.1652939705891758 431
1757513842720 0.16481414537896846 432
1757513842731 0.16433893004902494 433
1757513842742 0.1638682766947282 434
1757513842753 0.16340213793481526 435
1757513842764 0.16294046690535613 436
1757513842775 0.1624832172538041 437
1757513842786 0.16203034313312856 438
1757513842797 0.16158179919600887 439
1757513842808 0.16113754058910387 440
1757513842819 0.160697522947396 441
1757513842830 0.1602617023885869 442
1757513842841 0.15983003550758568 443
1757513842853 0.15940247937104152 444
1757513842864 0.15897899151195274 445
1757513842875 0.15855952992434458 446
1757513842886 0.158144053058002 447
1757513842897 0.1577325198132735 448
1757513842908 0.15732488953593252 449
1757513842919 0.1569211220121068 450
1757513842930 0.15652117746325733 451
1757513842942 0.15612501654123773 452
1757513842953 0.1557326003233889 453
1757513842964 0.1553438903077126 454
1757513842975 0.15495884840809168 455
1757513842987 0.1545774369495706 456
1757513842998 0.1541996186636936 457
1757513843010 0.15382535668390027 458
1757513843021 0.15345461454097076 459
1757513843033 0.15308735615852948 460
1757513843045 0.15272354584860254 461
1757513843056 0.15236314830722805 462
1757513843068 0.15200612861011598 463
1757513843085 0.1516524522083656 464
1757513843101 0.15130208492422578 465
1757513843114 0.15095499294691486 466
1757513843126 0.15061114282848595 467
1757513843137 0.15027050147973423 468
1757513843149 0.1499330361661695 469
1757513843160 0.14959871450401996 470
1757513843172 0.14926750445629605 471
1757513843184 0.1489393743288886 472
1757513843195 0.1486142927667262 473
1757513843206 0.14829222874996786 474
1757513843217 0.147973151590247 475
1757513843229 0.1476570309269561 476
1757513843240 0.14734383672357743 477
1757513843251 0.14703353926405419 478
1757513843262 0.1467261091492097 479
1757513843274 0.1464215172932048 480
1757513843285 0.14611973492003502 481
1757513843297 0.1458207335600758 482
1757513843308 0.14552448504666143 483
1757513843319 0.14523096151270715 484
1757513843331 0.14494013538737383 485
1757513843342 0.14465197939276592 486
1757513843354 0.14436646654067037 487
1757513843365 0.14408357012933803 488
1757513843376 0.14380326374029503 489
1757513843388 0.14352552123519893 490
1757513843399 0.14325031675272534 491
1757513843411 0.14297762470549777 492
1757513843422 0.14270741977704182 493
1757513843435 0.14243967691879475 494
1757513843447 0.1421743713471245 495
1757513843461 0.14191147854040553 496
1757513843474 0.1416509742361171 497
1757513843486 0.14139283442797643 498
1757513843497 0.1411370353631105 499
