1757518699841 172.61043767943875 0
1757518699849 166.1740273477622 1
1757518699858 154.4148884150746 2
1757518699867 138.68679598172844 3
1757518699876 120.43168676644432 4
1757518699885 101.05061037814039 5
1757518699894 81.8027806875788 6
1757518699902 63.73486266794792 7
1757518699912 47.6399724255358 8
1757518699920 34.04375321129959 9
1757518699929 23.213373461054726 10
1757518699938 15.184374460678614 11
1757518699947 9.799930307734474 12
1757518699956 6.75719367970169 13
1757518699965 5.655888858674536 14
1757518699973 6.045070309389432 15
1757518699982 7.464883064410221 16
1757518699991 9.481140848075684 17
1757518700000 11.711494147697524 18
1757518700009 13.842826137228979 19
1757518700018 15.640241868149625 20
1757518700026 16.9485772802749 21
1757518700036 17.687739010655783 22
1757518700045 17.843398575267997 23
1757518700054 17.454622109952805 24
1757518700063 16.599944747452017 25
1757518700072 15.383227059187162 26
1757518700081 13.920391702648386 27
1757518700089 12.327862380581626 28
1757518700098 10.713242194510913 29
1757518700107 9.168497598005983 30
1757518700116 7.765675080622631 31
1757518700125 6.554982336453217 32
1757518700134 5.564920330145465 33
1757518700143 4.804058733591978 34
1757518700152 4.264001907018712 35
1757518700161 3.9230900461141025 36
1757518700170 3.7504123287247846 37
1757518700179 3.709766796165979 38
1757518700188 3.763276021205402 39
1757518700197 3.874449609492713 40
1757518700207 4.0105666075516515 41
1757518700216 4.144326761327383 42
1757518700226 4.2547847438792115 43
1757518700235 4.3276330822506415 44
1757518700244 4.354936265182523 45
1757518700253 4.334440476555101 46
1757518700262 4.2685917470349874 47
1757518700271 4.163392023793991 48
1757518700280 4.027210201217478 49
1757518700289 3.869646228267778 50
1757518700298 3.7005236779972943 51
1757518700308 3.5290620762566496 52
1757518700317 3.363256919929859 53
1757518700326 3.2094742981413353 54
1757518700335 3.0722495024207377 55
1757518700344 2.954265632161007 56
1757518700353 2.856479189195386 57
1757518700362 2.7783548574948744 58
1757518700371 2.7181706390794353 59
1757518700381 2.6733566227338676 60
1757518700390 2.640835141598896 61
1757518700399 2.6173361376929045 62
1757518700408 2.599668435846372 63
1757518700417 2.584934659163109 64
1757518700427 2.570684133916372 65
1757518700436 2.555003912572867 66
1757518700445 2.5365527116559425 67
1757518700454 2.5145459756964663 68
1757518700463 2.4887024204191994 69
1757518700472 2.4591633582486443 70
1757518700484 2.426396022576456 71
1757518700494 2.39109118813241 72
1757518700503 2.354063861386608 73
1757518700512 2.3161639175340314 74
1757518700521 2.2782015040116583 75
1757518700531 2.2408900005372185 76
1757518700540 2.204807470791255 77
1757518700549 2.170375968032449 78
1757518700558 2.137856831399337 79
1757518700568 2.107359257988158 80
1757518700577 2.078858951261238 81
1757518700586 2.0522234957164143 82
1757518700595 2.027241238898859 83
1757518700605 2.003650811242998 84
1757518700614 1.9811689139639634 85
1757518700623 1.9595145889022783 86
1757518700633 1.9384287917712315 87
1757518700642 1.9176886711985635 88
1757518700652 1.8971164714360114 89
1757518700661 1.8765834001151755 90
1757518700671 1.856009119434448 91
1757518700680 1.8353577259585319 92
1757518700690 1.8146311861280424 93
1757518700699 1.7938612038533142 94
1757518700708 1.7731004301240367 95
1757518700717 1.7524138018307491 96
1757518700727 1.7318706379567288 97
1757518700737 1.711537944894911 98
1757518700746 1.6914752055237223 99
1757518700755 1.67173076237979 100
1757518700765 1.6523397637912514 101
1757518700774 1.6333235295560666 102
1757518700784 1.6146901126215047 103
1757518700793 1.5964357852023998 104
1757518700802 1.578547159412728 105
1757518700812 1.561003659537436 106
1757518700822 1.5437800901895333 107
1757518700831 1.5268490859238686 108
1757518700840 1.5101832775955208 109
1757518700850 1.4937570635065929 110
1757518700859 1.4775479246155476 111
1757518700868 1.4615372692023625 112
1757518700878 1.4457108308715183 113
1757518700887 1.4300586731683746 114
1757518700897 1.414574873881803 115
1757518700906 1.3992569726271096 116
1757518700916 1.3841052675078866 117
1757518700926 1.3691220419505115 118
1757518700936 1.3543107928524756 119
1757518700946 1.339675517730071 120
1757518700955 1.3252201032709423 121
1757518700965 1.310947842091682 122
1757518700975 1.2968610898098607 123
1757518700984 1.282961061700983 124
1757518700994 1.269247757843065 125
1757518701003 1.2557199980711433 126
1757518701013 1.2423755433176737 127
1757518701024 1.2292112778256779 128
1757518701034 1.2162234269461394 129
1757518701043 1.2034077873173112 130
1757518701054 1.1907599496620231 131
1757518701064 1.1782754987175568 132
1757518701075 1.1659501794492493 133
1757518701085 1.1537800232791504 134
1757518701095 1.1417614322484808 135
1757518701104 1.129891222589207 136
1757518701114 1.1181666319548031 137
1757518701123 1.1065852964934628 138
1757518701133 1.0951452050517994 139
1757518701143 1.0838446381458764 140
1757518701152 1.0726820990469454 141
1757518701162 1.0616562435420067 142
1757518701172 1.0507658137988203 143
1757518701181 1.0400095804398228 144
1757518701191 1.0293862955458712 145
1757518701201 1.0188946579845337 146
1757518701211 1.0085332912760387 147
1757518701220 0.9983007332355793 148
1757518701230 0.988195435896669 149
1757518701240 0.9782157737366022 150
1757518701249 0.9683600579806451 151
1757518701259 0.9586265547294652 152
1757518701269 0.9490135047970927 153
1757518701279 0.9395191434200547 154
1757518701288 0.9301417183576906 155
1757518701298 0.9208795053056371 156
1757518701308 0.9117308199504699 157
1757518701317 0.9026940263733199 158
1757518701327 0.893767541839362 159
1757518701337 0.884949838274179 160
1757518701347 0.8762394409194599 161
1757518701357 0.8676349247784164 162
1757518701366 0.8591349095114242 163
1757518701376 0.8507380534332798 164
1757518701386 0.8424430472073408 165
1757518701396 0.8342486077418864 166
1757518701406 0.826153472683092 167
1757518701415 0.8181563957798498 168
1757518701425 0.8102561432783779 169
1757518701435 0.8024514913979299 170
1757518701445 0.7947412248484687 171
1757518701454 0.7871241362811539 172
1757518701464 0.779599026513826 173
1757518701474 0.7721647053461125 174
1757518701484 0.7648199927703944 175
1757518701494 0.7575637203927132 176
1757518701503 0.7503947328976852 177
1757518701513 0.7433118894204856 178
1757518701523 0.7363140647223902 179
1757518701533 0.7294001501013286 180
1757518701543 0.7225690540022549 181
1757518701553 0.7158197023217897 182
1757518701563 0.7091510384260046 183
1757518701573 0.7025620229184228 184
1757518701584 0.6960516332074104 185
1757518701594 0.6896188629280544 186
1757518701604 0.6832627212743689 187
1757518701614 0.6769822322940134 188
1757518701623 0.6707764341907728 189
1757518701634 0.6646443786711558 190
1757518701644 0.6585851303613756 191
1757518701654 0.6525977663109281 192
1757518701665 0.6466813755896132 193
1757518701675 0.6408350589766636 194
1757518701685 0.635057928734308 195
1757518701695 0.6293491084532488 196
1757518701705 0.6237077329549091 197
1757518701715 0.6181329482339991 198
1757518701726 0.6126239114252937 199
1757518701736 0.6071797907800233 200
1757518701746 0.6017997656395057 201
1757518701756 0.5964830263963453 202
1757518701766 0.5912287744366923 203
1757518701776 0.5860362220597023 204
1757518701786 0.5809045923731299 205
1757518701796 0.5758331191661021 206
1757518701806 0.5708210467618805 207
1757518701816 0.5658676298544718 208
1757518701827 0.5609721333337326 209
1757518701836 0.5561338321036444 210
1757518701847 0.5513520108983034 211
1757518701857 0.5466259640996088 212
1757518701867 0.5419549955599025 213
1757518701877 0.5373384184319808 214
1757518701888 0.5327755550080849 215
1757518701898 0.5282657365684935 216
1757518701908 0.5238083032398991 217
1757518701919 0.5194026038628443 218
1757518701929 0.5150479958673203 219
1757518701939 0.5107438451551917 220
1757518701949 0.5064895259880564 221
1757518701959 0.5022844208791062 222
1757518701969 0.4981279204876875 223
1757518701980 0.49401942351545275 224
1757518701990 0.4899583366031424 225
1757518702000 0.48594407422739283 226
1757518702010 0.48197605859715587 227
1757518702021 0.47805371954956233 228
1757518702031 0.47417649444523496 229
1757518702042 0.47034382806327635 230
1757518702052 0.4665551724961581 231
1757518702062 0.4628099870449703 232
1757518702073 0.459107738115284 233
1757518702084 0.45544789911411326 234
1757518702094 0.451829950348249 235
1757518702104 0.44825337892423056 236
1757518702115 0.44471767865018874 237
1757518702126 0.44122234993967 238
1757518702136 0.4377668997175106 239
1757518702146 0.43435084132773044 240
1757518702156 0.43097369444343414 241
1757518702167 0.4276349849785691 242
1757518702177 0.4243342450014587 243
1757518702187 0.42107101264994357 244
1757518702198 0.41784483204801415 245
1757518702208 0.41465525322378416 246
1757518702219 0.4115018320287036 247
1757518702229 0.4083841300578889 248
1757518702239 0.40530171457152586 249
1757518702249 0.4022541584172647 250
1757518702260 0.39924103995357907 251
1757518702270 0.3962619429740761 252
1757518702281 0.3933164566327675 253
1757518702291 0.39040417537027067 254
1757518702302 0.38752469884100255 255
1757518702313 0.3846776318413502 256
1757518702324 0.38186258423885916 257
1757518702335 0.3790791709024287 258
1757518702346 0.37632701163354626 259
1757518702356 0.3736057310985592 260
1757518702367 0.3709149587619799 261
1757518702377 0.36825432882081116 262
1757518702388 0.36562348013989276 263
1757518702399 0.3630220561882468 264
1757518702410 0.36044970497639 265
1757518702422 0.357906078994606 266
1757518702434 0.3553908351521352 267
1757518702445 0.3529036347172893 268
1757518702456 0.350444143258426 269
1757518702466 0.3480120305857852 270
1757518702477 0.345606970694168 271
1757518702487 0.3432286417064383 272
1757518702498 0.3408767258178155 273
1757518702508 0.33855090924096465 274
1757518702519 0.3362508821518514 275
1757518702529 0.3339763386363805 276
1757518702540 0.33172697663777284 277
1757518702551 0.32950249790469527 278
1757518702561 0.32730260794012767 279
1757518702572 0.3251270159509529 280
1757518702582 0.32297543479828317 281
1757518702593 0.32084758094847693 282
1757518702603 0.31874317442488037 283
1757518702614 0.31666193876024307 284
1757518702625 0.314603600949835 285
1757518702635 0.31256789140522195 286
1757518702646 0.31055454390871967 287
1757518702657 0.30856329556848877 288
1757518702667 0.306593886774277 289
1757518702678 0.30464606115379594 290
1757518702689 0.30271956552971596 291
1757518702699 0.3008141498772707 292
1757518702709 0.29892956728246417 293
1757518702720 0.29706557390087973 294
1757518702730 0.2952219289170463 295
1757518702741 0.29339839450440086 296
1757518702752 0.29159473578580536 297
1757518702762 0.2898107207946208 298
1757518702773 0.28804612043632055 299
1757518702785 0.28630070845065814 300
1757518702811 0.2845742613743496 301
1757518702822 0.28286655850428766 302
1757518702832 0.28117738186127944 303
1757518702843 0.27950651615427075 304
1757518702854 0.27785374874509233 305
1757518702864 0.2762188696136895 306
1757518702875 0.2746016713238408 307
1757518702885 0.27300194898935115 308
1757518702896 0.27141950024072453 309
1757518702907 0.26985412519230273 310
1757518702918 0.26830562640984856 311
1757518702929 0.26677380887859237 312
1757518702939 0.2652584799717253 313
1757518702950 0.263759449419318 314
1757518702960 0.2622765292776819 315
1757518702971 0.2608095338991498 316
1757518702982 0.2593582799022788 317
1757518702992 0.25792258614245445 318
1757518703003 0.2565022736829219 319
1757518703013 0.2550971657661937 320
1757518703027 0.25370708778586676 321
1757518703038 0.2523318672588255 322
1757518703049 0.2509713337978217 323
1757518703060 0.24962531908443839 324
1757518703071 0.24829365684242202 325
1757518703081 0.24697618281137956 326
1757518703092 0.24567273472083637 327
1757518703103 0.24438315226465904 328
1757518703113 0.24310727707581015 329
1757518703124 0.2418449527014645 330
1757518703135 0.24059602457845827 331
1757518703146 0.23936034000907974 332
1757518703156 0.2381377481371788 333
1757518703167 0.23692809992460895 334
1757518703178 0.23573124812799998 335
1757518703189 0.2345470472758247 336
1757518703199 0.23337535364579373 337
1757518703210 0.23221602524255833 338
1757518703221 0.23106892177570398 339
1757518703232 0.2299339046380522 340
1757518703242 0.22881083688425174 341
1757518703253 0.22769958320965927 342
1757518703264 0.2266000099295117 343
1757518703275 0.22551198495837121 344
1757518703286 0.2244353777898491 345
1757518703297 0.22337005947661437 346
1757518703308 0.2223159026106495 347
1757518703319 0.2212727813038009 348
1757518703329 0.22024057116855933 349
1757518703340 0.2192191492991259 350
1757518703351 0.21820839425271563 351
1757518703363 0.21720818603111644 352
1757518703376 0.21621840606249626 353
1757518703388 0.21523893718345397 354
1757518703405 0.2142696636213087 355
1757518703416 0.2133104709766244 356
1757518703427 0.21236124620597538 357
1757518703439 0.21142187760492742 358
1757518703450 0.21049225479126463 359
1757518703461 0.20957226868842202 360
1757518703472 0.20866181150914526 361
1757518703483 0.2077607767393787 362
1757518703494 0.20686905912234474 363
1757518703505 0.20598655464285281 364
1757518703517 0.20511316051181078 365
1757518703528 0.20424877515093748 366
1757518703539 0.20339329817768775 367
1757518703550 0.20254663039036347 368
1757518703561 0.20170867375343013 369
1757518703573 0.2008793313830274 370
1757518703584 0.2000585075326668 371
1757518703595 0.19924610757912123 372
1757518703606 0.1984420380084958 373
1757518703617 0.19764620640248998 374
1757518703628 0.19685852142482838 375
1757518703639 0.19607889280788385 376
1757518703650 0.19530723133946448 377
1757518703661 0.1945434488497775 378
1757518703673 0.1937874581985677 379
1757518703684 0.193039173262421 380
1757518703695 0.19229850892223094 381
1757518703706 0.19156538105083726 382
1757518703717 0.19083970650081467 383
1757518703728 0.1901214030924353 384
1757518703740 0.18941038960177048 385
1757518703751 0.188706585748964 386
1757518703762 0.1880099121866502 387
1757518703774 0.1873202904885174 388
1757518703785 0.18663764313803421 389
1757518703796 0.18596189351730444 390
1757518703807 0.18529296589608807 391
1757518703818 0.1846307854209373 392
1757518703830 0.18397527810450204 393
1757518703841 0.18332637081495115 394
1757518703852 0.18268399126554286 395
1757518703863 0.18204806800432474 396
1757518703875 0.1814185304039714 397
1757518703886 0.18079530865174442 398
1757518703898 0.18017833373959224 399
1757518703909 0.1795675374543693 400
1757518703920 0.1789628523681866 401
1757518703932 0.1783642118288817 402
1757518703943 0.17777154995061442 403
1757518703954 0.17718480160458178 404
1757518703966 0.17660390240985385 405
1757518703977 0.17602878872431968 406
1757518703988 0.17545939763576215 407
1757518703999 0.17489566695303696 408
1757518704011 0.1743375351973653 409
1757518704022 0.1737849415937408 410
1757518704033 0.17323782606244462 411
1757518704045 0.17269612921067273 412
1757518704056 0.17215979232425765 413
1757518704067 0.17162875735951238 414
1757518704079 0.1711029669351647 415
1757518704090 0.17058236432440146 416
1757518704101 0.17006689344701084 417
1757518704113 0.1695564988616225 418
1757518704124 0.16905112575805342 419
1757518704136 0.16855071994974333 420
1757518704148 0.16805522786628446 421
1757518704160 0.1675645965460585 422
1757518704171 0.16707877362894827 423
1757518704183 0.16659770734916005 424
1757518704194 0.16612134652811947 425
1757518704206 0.1656496405674723 426
1757518704217 0.16518253944215897 427
1757518704230 0.16471999369359072 428
1757518704241 0.16426195442289812 429
1757518704253 0.1638083732842763 430
1757518704265 0.16335920247840194 431
1757518704276 0.16291439474594555 432
1757518704287 0.16247390336115597 433
1757518704299 0.16203768212552605 434
1757518704311 0.16160568536154357 435
1757518704322 0.16117786790651287 436
1757518704334 0.16075418510646122 437
1757518704345 0.16033459281011583 438
1757518704357 0.15991904736295506 439
1757518704369 0.15950750560134058 440
1757518704380 0.1590999248467157 441
1757518704392 0.15869626289988195 442
1757518704403 0.1582964780353398 443
1757518704415 0.15790052899570847 444
1757518704426 0.15750837498620843 445
1757518704438 0.1571199756692116 446
1757518704449 0.15673529115886964 447
1757518704461 0.15635428201579102 448
1757518704473 0.15597690924180546 449
1757518704485 0.1556031342747732 450
1757518704497 0.1552329189834714 451
1757518704509 0.15486622566254243 452
1757518704521 0.1545030170274959 453
1757518704532 0.15414325620978359 454
1757518704544 0.15378690675192744 455
1757518704555 0.15343393260271182 456
1757518704567 0.15308429811243296 457
1757518704578 0.15273796802820477 458
1757518704590 0.15239490748933404 459
1757518704602 0.15205508202272963 460
1757518704613 0.15171845753839328 461
1757518704625 0.1513850003249513 462
1757518704637 0.15105467704524253 463
1757518704649 0.15072745473196214 464
1757518704660 0.1504033007833636 465
1757518704672 0.15008218295900091 466
1757518704684 0.14976406937553638 467
1757518704696 0.14944892850259356 468
1757518704708 0.1491367291586563 469
1757518704720 0.14882744050702654 470
1757518704731 0.14852103205182796 471
1757518704743 0.14821747363405557 472
1757518704754 0.1479167354276764 473
1757518704766 0.14761878793577946 474
1757518704778 0.14732360198676672 475
1757518704789 0.14703114873059528 476
1757518704801 0.14674139963506336 477
1757518704812 0.14645432648214285 478
1757518704825 0.146169901364354 479
1757518704836 0.14588809668118635 480
1757518704848 0.14560888513556133 481
1757518704860 0.14533223973033654 482
1757518704872 0.14505813376485882 483
1757518704884 0.14478654083155001 484
1757518704895 0.14451743481253967 485
1757518704907 0.14425078987633816 486
1757518704919 0.1439865804745473 487
1757518704940 0.14372478133861205 488
1757518704955 0.14346536747661276 489
1757518704968 0.143208314170094 490
1757518704980 0.14295359697093288 491
1757518704992 0.1427011916982427 492
1757518705004 0.1424510744353184 493
1757518705016 0.1422032215266124 494
1757518705028 0.14195760957475362 495
1757518705040 0.14171421543759616 496
1757518705051 0.14147301622530858 497
1757518705063 0.14123398929749317 498
1757518705075 0.14099711226034192 499
