1757517974954 7.857972421269914 0
1757517974963 4.606021735857031 1
1757517974972 6.637648078613061 2
1757517974981 4.038900001560561 3
1757517974990 5.116182392039161 4
1757517975000 3.54189805067042 5
1757517975009 3.7396405986119867 6
1757517975019 3.5680519538078146 7
1757517975028 0.6306943392142442 8
1757517975037 1.2552351250291434 9
1757517975047 3.5876047153550408 10
1757517975056 2.207823004331871 11
1757517975065 1.1856102579375984 12
1757517975075 1.5957043816407253 13
1757517975084 0.7003662399305576 14
1757517975093 1.1432421477458736 15
1757517975102 0.7666438496685 16
1757517975112 0.7140697803168655 17
1757517975121 1.4771217668647347 18
1757517975130 1.57629512638355 19
1757517975140 0.706724925417876 20
1757517975149 0.18517065981710454 21
1757517975159 0.5570369232862827 22
1757517975169 0.27640428779636694 23
1757517975178 1.3472088581222337 24
1757517975188 0.6055446283816038 25
1757517975197 0.3000253318254461 26
1757517975206 0.36030653397388773 27
1757517975216 0.5610443522973071 28
1757517975225 0.27149559335107964 29
1757517975235 0.48045880952213255 30
1757517975244 0.5744206743620975 31
1757517975253 0.39240780184295804 32
1757517975266 0.29228647254334644 33
1757517975275 0.17776993431585084 34
1757517975285 0.22319645618166187 35
1757517975295 0.16811978290758953 36
1757517975305 0.3425220091248785 37
1757517975314 0.3229259639139566 38
1757517975323 0.20779088654101666 39
1757517975333 0.08787152189887831 40
1757517975342 0.14230599742622912 41
1757517975352 0.10831083343100788 42
1757517975361 0.1808471753778085 43
1757517975371 0.20380488303231867 44
1757517975380 0.06991180617424567 45
1757517975390 0.21056285106150546 46
1757517975399 0.1997979907910288 47
1757517975408 0.10138766514886602 48
1757517975418 0.10218871891732843 49
1757517975428 0.13797368347551683 50
1757517975437 0.1076327688446139 51
1757517975447 0.18987064233340703 52
1757517975457 0.2250840833373784 53
1757517975466 0.12306770835386686 54
1757517975476 0.14580413743094575 55
1757517975485 0.19481183157396145 56
1757517975494 0.11144838454698534 57
1757517975504 0.14832792030952632 58
1757517975513 0.11975263236120874 59
1757517975523 0.16155276547015107 60
1757517975532 0.31237937436419805 61
1757517975542 0.12999603149338734 62
1757517975552 0.0819023274980399 63
1757517975561 0.13547016695399824 64
1757517975571 0.046164297058090144 65
1757517975580 0.11500525996677988 66
1757517975589 0.11640898473612794 67
1757517975599 0.10023894933300054 68
1757517975608 0.13828263196590182 69
1757517975617 0.11463729062554835 70
1757517975627 0.09232628996869145 71
1757517975636 0.08765152919433208 72
1757517975646 0.1379990684940201 73
1757517975655 0.23248358436536157 74
1757517975665 0.08523140033189647 75
1757517975674 0.21288027565312073 76
1757517975684 0.10118734733088805 77
1757517975693 0.08052794133251615 78
1757517975702 0.08963854554954927 79
1757517975717 0.08686682664693933 80
1757517975732 0.08640467427062777 81
1757517975743 0.15129312430609917 82
1757517975753 0.13244255735589425 83
1757517975763 0.12279290801251523 84
1757517975773 0.15206025959844946 85
1757517975782 0.12119174225439158 86
1757517975792 0.0628551309582452 87
1757517975801 0.1314714699707517 88
1757517975811 0.06458806932716991 89
1757517975821 0.10520929790927727 90
1757517975830 0.05610727037373013 91
1757517975840 0.07231669602272313 92
1757517975850 0.08462243210942995 93
1757517975860 0.0798934335440398 94
1757517975870 0.12495498020209028 95
1757517975879 0.09946183422660738 96
1757517975889 0.06748518605121595 97
1757517975899 0.050158197132503954 98
1757517975909 0.1348102952126131 99
1757517975918 0.0958011986697838 100
1757517975928 0.22106878168275687 101
1757517975937 0.0711634353459075 102
1757517975947 0.09404374861152852 103
1757517975957 0.11517289538970825 104
1757517975967 0.12187720357264617 105
1757517975977 0.08365346303905138 106
1757517975987 0.07260757495406427 107
1757517975997 0.061864062767415504 108
1757517976007 0.08189869135209346 109
1757517976016 0.08158478264112654 110
1757517976026 0.11419835480809423 111
1757517976036 0.15268146166923013 112
1757517976046 0.09199056966015469 113
1757517976056 0.15028031579911966 114
1757517976066 0.12609760755207972 115
1757517976075 0.12026160557340301 116
1757517976085 0.11299507642386737 117
1757517976095 0.15668357161663526 118
1757517976105 0.13404261213411334 119
1757517976114 0.1636527123388399 120
1757517976124 0.05974679411686815 121
1757517976134 0.05940790680583293 122
1757517976144 0.15331315934262235 123
1757517976154 0.15409265958507562 124
1757517976164 0.06518511066040128 125
1757517976175 0.09893686105973118 126
1757517976186 0.1147116327489874 127
1757517976196 0.10147394502453702 128
1757517976206 0.08830885208377312 129
1757517976216 0.1262265076852533 130
1757517976225 0.07735575326704812 131
1757517976235 0.07962737278172351 132
1757517976246 0.10138746993386186 133
1757517976264 0.08381923857525474 134
1757517976276 0.07544911439833467 135
1757517976287 0.1830066926931611 136
1757517976297 0.06977687232121116 137
1757517976307 0.10183638771490182 138
1757517976317 0.10117046010203318 139
1757517976327 0.07700719816706811 140
1757517976337 0.10490346004885352 141
1757517976347 0.13941512866484393 142
1757517976357 0.07501236116226669 143
1757517976367 0.07770379402312398 144
1757517976377 0.19938633939600117 145
1757517976387 0.1784418310965921 146
1757517976398 0.10811122001265498 147
1757517976408 0.13047537184036542 148
1757517976418 0.10217128058792223 149
1757517976429 0.07194471097277791 150
1757517976439 0.057364614970266424 151
1757517976450 0.10781913397351282 152
1757517976460 0.0820921037301775 153
1757517976471 0.0792429233073149 154
1757517976481 0.1576743635689326 155
1757517976491 0.11967445095272537 156
1757517976501 0.08678918464438924 157
1757517976511 0.10497348627804459 158
1757517976521 0.24229758726638823 159
1757517976531 0.16590937449481286 160
1757517976541 0.06117881100705221 161
1757517976552 0.10572023406018778 162
1757517976562 0.055129306420639436 163
1757517976573 0.09474690716311107 164
1757517976582 0.08605773072992158 165
1757517976592 0.09075710516452574 166
1757517976602 0.09887736667069136 167
1757517976612 0.094713563790147 168
1757517976623 0.06633573743798621 169
1757517976633 0.10740850777610628 170
1757517976643 0.15922877225332926 171
1757517976653 0.0691056625547943 172
1757517976663 0.07304238597555998 173
1757517976673 0.06081209689298056 174
1757517976683 0.078441438233319 175
1757517976694 0.09274850310874622 176
1757517976704 0.08506952222838872 177
1757517976713 0.07229898412673372 178
1757517976724 0.07052493627320729 179
1757517976734 0.049616199052297874 180
1757517976744 0.10438894724022875 181
1757517976754 0.0892594442510963 182
1757517976765 0.08242592305474718 183
1757517976775 0.07282270005437592 184
1757517976785 0.11878566502491482 185
1757517976795 0.11140183526984139 186
1757517976806 0.08341332667781441 187
1757517976816 0.10223695430141702 188
1757517976827 0.22972874938678667 189
1757517976837 0.09807067442855812 190
1757517976847 0.07242102886392235 191
1757517976857 0.25108014323914696 192
1757517976868 0.07122137804571994 193
1757517976878 0.09356781322884741 194
1757517976889 0.08709673253447621 195
1757517976899 0.14379524949825673 196
1757517976909 0.05967424220812085 197
1757517976920 0.11628715627978502 198
1757517976930 0.10488580953164482 199
1757517976940 0.06960103152247221 200
1757517976951 0.09088469486690338 201
1757517976961 0.06838518869704281 202
1757517976972 0.0914776999520497 203
1757517976982 0.08798224420765317 204
1757517976992 0.06405999605578287 205
1757517977003 0.07614852354250742 206
1757517977013 0.12459943557266859 207
1757517977024 0.1314782486276949 208
1757517977034 0.11536692825701099 209
1757517977045 0.13342624688218901 210
1757517977055 0.10360382928492017 211
1757517977066 0.040731042858470366 212
1757517977076 0.07731862658565009 213
1757517977087 0.08535284439294825 214
1757517977097 0.12156338885784926 215
1757517977108 0.10985948494333939 216
1757517977118 0.0665766771159296 217
1757517977128 0.11183825864010379 218
1757517977139 0.09674850323040282 219
1757517977149 0.12622270211556025 220
1757517977160 0.11838305395306739 221
1757517977170 0.11323725440921394 222
1757517977180 0.07804256693826349 223
1757517977191 0.07042680500898574 224
1757517977201 0.08397305519153966 225
1757517977212 0.12344081866158374 226
1757517977222 0.08201574832305068 227
1757517977233 0.06138404784527805 228
1757517977243 0.16506924505361092 229
1757517977254 0.12161201678141503 230
1757517977264 0.13089528691300628 231
1757517977275 0.06036483584277839 232
1757517977285 0.17127134099517538 233
1757517977296 0.10138837242216077 234
1757517977306 0.12872401869367237 235
1757517977317 0.09973188937549546 236
1757517977328 0.12069825867702794 237
1757517977338 0.047195866646677145 238
1757517977349 0.062408103473553696 239
1757517977359 0.06677412427621095 240
1757517977370 0.10696960505247718 241
1757517977381 0.07980110049431355 242
1757517977391 0.1357460632578353 243
1757517977402 0.0570029407821155 244
1757517977412 0.0686615632356152 245
1757517977423 0.10062437414119366 246
1757517977433 0.08462174074175412 247
1757517977444 0.13411030789912626 248
1757517977455 0.09207554646516448 249
1757517977465 0.12253207785051762 250
1757517977476 0.09300847299532264 251
1757517977487 0.06156304463640803 252
1757517977497 0.1264901894411079 253
1757517977508 0.07279431364260515 254
1757517977519 0.07661469170976902 255
1757517977529 0.054903960773345216 256
1757517977540 0.07193672112152012 257
1757517977551 0.08857675220028509 258
1757517977562 0.2370722416708379 259
1757517977573 0.06761796508668935 260
1757517977583 0.09302436752358537 261
1757517977594 0.07446669976703083 262
1757517977604 0.17603293907225062 263
1757517977615 0.08006517458923806 264
1757517977626 0.09248245546924855 265
1757517977637 0.08715939527273665 266
1757517977648 0.09155976722089294 267
1757517977658 0.06342919859801543 268
1757517977669 0.0949634019192704 269
1757517977680 0.09842310940331052 270
1757517977691 0.0567532499955474 271
1757517977702 0.11697073697275931 272
