1757595220963 169.32394565039007 0
1757595220975 163.02950045850812 1
1757595220986 151.52753876420192 2
1757595220995 136.13856795860582 3
1757595221004 118.26910498195582 4
1757595221013 99.28634579118918 5
1757595221022 80.42007920107217 6
1757595221031 62.693885829767744 7
1757595221041 46.88510814396018 8
1757595221049 33.51104532214836 9
1757595221058 22.837368847655096 10
1757595221067 14.903870796656324 11
1757595221075 9.56230350503874 12
1757595221084 6.52117219762461 13
1757595221093 5.392806958650015 14
1757595221102 5.738763805656816 15
1757595221110 7.110483675419111 16
1757595221119 9.083077888889596 17
1757595221128 11.281027709412282 18
1757595221137 13.395419541768224 19
1757595221146 15.193040316973491 20
1757595221157 16.518202307822957 21
1757595221166 17.288542649911815 22
1757595221175 17.486254359288736 23
1757595221184 17.146268254762298 24
1757595221193 16.342842638118597 25
1757595221202 15.175858389788644 26
1757595221211 13.75789159470345 27
1757595221220 12.202873387636501 28
1757595221228 10.616873996695446 29
1757595221237 9.091287262012498 30
1757595221246 7.698460363067465 31
1757595221255 6.489622807885316 32
1757595221264 5.494825346839043 33
1757595221274 4.724505046715948 34
1757595221283 4.172244999122826 35
1757595221293 3.8182906998377852 36
1757595221302 3.6334126160758 37
1757595221312 3.582757331764302 38
1757595221321 3.6293991323967627 39
1757595221331 3.7373816047374544 40
1757595221340 3.8741174049473317 41
1757595221350 4.0120877566533695 42
1757595221359 4.129846980459406 43
1757595221368 4.212388510854456 44
1757595221377 4.250966004618325 45
1757595221386 4.2424861833933605 46
1757595221395 4.188599952905846 47
1757595221404 4.094616870007628 48
1757595221413 3.9683574667422477 49
1757595221422 3.8190408131805427 50
1757595221430 3.656283542316455 51
1757595221439 3.489263723500167 52
1757595221448 3.3260804852886383 53
1757595221457 3.1733197705902945 54
1757595221466 3.035819217641283 55
1757595221476 2.9166116053948183 56
1757595221485 2.8170168656887724 57
1757595221495 2.736847269088736 58
1757595221506 2.6746886711003706 59
1757595221517 2.6282220896290633 60
1757595221527 2.59455367867596 61
1757595221540 2.570526624733402 62
1757595221553 2.5529948952125694 63
1757595221563 2.5390454542710783 64
1757595221574 2.526161976461454 65
1757595221585 2.512328804262222 66
1757595221596 2.49607861719616 67
1757595221607 2.4764908437041186 68
1757595221617 2.453150205924168 69
1757595221628 2.4260759946319386 70
1757595221638 2.3956328556012547 71
1757595221649 2.3624332103539456 72
1757595221659 2.327240143120258 73
1757595221670 2.290877878771696 74
1757595221681 2.2541550603207408 75
1757595221691 2.2178040924332176 76
1757595221700 2.1824379995197987 77
1757595221709 2.1485246657556085 78
1757595221719 2.116377053146326 79
1757595221728 2.08615706871665 80
1757595221737 2.0578901764691624 81
1757595221746 2.031487600576349 82
1757595221755 2.0067729999940846 83
1757595221764 1.9835107550666031 84
1757595221774 1.9614334312128352 85
1757595221783 1.940266510530339 86
1757595221792 1.9197490505950296 87
1757595221801 1.8996494902709236 88
1757595221811 1.8797763345749348 89
1757595221821 1.8599838854576356 90
1757595221830 1.8401735249668232 91
1757595221839 1.8202912943641147 92
1757595221849 1.8003226491197182 93
1757595221858 1.7802853142712267 94
1757595221867 1.7602211315155427 95
1757595221876 1.740187695849595 96
1757595221885 1.720250444071381 97
1757595221895 1.7004756981072264 98
1757595221905 1.6809249993964543 99
1757595221918 1.6616509103193329 100
1757595221928 1.6426943156560845 101
1757595221939 1.6240831387361008 102
1757595221950 1.605832297448421 103
1757595221960 1.587944665853769 104
1757595221971 1.5704127765078737 105
1757595221982 1.5532209935982522 106
1757595221992 1.5363479031257894 107
1757595222003 1.5197686984086496 108
1757595222014 1.5034573817341395 109
1757595222025 1.487388650857172 110
1757595222037 1.4715393876529426 111
1757595222048 1.4558897117996734 112
1757595222059 1.4404236020647359 113
1757595222069 1.4251291197378735 114
1757595222080 1.4099982920739498 115
1757595222091 1.39502672817066 116
1757595222101 1.380213046085654 117
1757595222112 1.365558189266678 118
1757595222122 1.3510647039305934 119
1757595222133 1.3367360384447868 120
1757595222143 1.3225759126152092 121
1757595222154 1.3085877905381764 122
1757595222164 1.294774476600933 123
1757595222190 1.2811378413390597 124
1757595222209 1.2676786729121643 125
1757595222219 1.2543966413965941 126
1757595222230 1.2412903571036218 127
1757595222241 1.2283575006749763 128
1757595222251 1.2155950015635775 129
1757595222262 1.2029992423237035 130
1757595222272 1.190566268480962 131
1757595222283 1.1782919871630737 132
1757595222293 1.1661723416924303 133
1757595222304 1.154203453555876 134
1757595222315 1.1423817272244299 135
1757595222325 1.1307039169235833 136
1757595222336 1.1191671574638957 137
1757595222347 1.1077689635245633 138
1757595222357 1.0965072033065257 139
1757595222367 1.0853800532670894 140
1757595222377 1.074385940792726 141
1757595222387 1.0635234812735341 142
1757595222397 1.0527914152426618 143
1757595222407 1.0421885501734722 144
1757595222417 1.0317137103169305 145
1757595222427 1.021365696728797 146
1757595222437 1.0111432584760225 147
1757595222448 1.001045074997415 148
1757595222458 0.9910697487729458 149
1757595222469 0.9812158068530268 150
1757595222480 0.9714817094181354 151
1757595222491 0.9618658633655619 152
1757595222501 0.9523666389286315 153
1757595222512 0.9429823874881047 154
1757595222523 0.9337114589976773 155
1757595222533 0.9245522177747127 156
1757595222544 0.9155030557669891 157
1757595222555 0.9065624027633792 158
1757595222566 0.8977287333455052 159
1757595222576 0.8890005706584732 160
1757595222588 0.8803764873012947 161
1757595222598 0.8718551037946733 162
1757595222609 0.8634350851775621 163
1757595222620 0.8551151363184836 164
1757595222631 0.8468939965120637 165
1757595222641 0.8387704338761622 166
1757595222652 0.8307432399822193 167
1757595222663 0.8228112250519691 168
1757595222673 0.8149732139486761 169
1757595222683 0.8072280430886081 170
1757595222693 0.7995745583068323 171
1757595222703 0.7920116136339197 172
1757595222713 0.7845380708813808 173
1757595222723 0.7771527998931552 174
1757595222733 0.7698546792986349 175
1757595222743 0.7626425975971032 176
1757595222753 0.7555154544116627 177
1757595222763 0.7484721617694381 178
1757595222773 0.741511645290627 179
1757595222784 0.7346328451984375 180
1757595222794 0.7278347170926974 181
1757595222804 0.7211162324585416 182
1757595222814 0.7144763789073942 183
1757595222824 0.7079141601681196 184
1757595222834 0.7014285958617865 185
1757595222844 0.6950187211036399 186
1757595222854 0.6886835859805108 187
1757595222864 0.6824222549525025 188
1757595222874 0.6762338062241604 189
1757595222885 0.6701173311243246 190
1757595222895 0.6640719335259242 191
1757595222905 0.6580967293282678 192
1757595222917 0.6521908460155726 193
1757595222934 0.6463534222974081 194
1757595222946 0.6405836078297006 195
1757595222958 0.6348805630093887 196
1757595222969 0.6292434588318306 197
1757595222980 0.6236714767975864 198
1757595222990 0.6181638088543874 199
1757595223001 0.6127196573601847 200
1757595223014 0.6073382350545631 201
1757595223026 0.6020187650278658 202
1757595223037 0.5967604806795381 203
1757595223048 0.5915626256600213 204
1757595223059 0.5864244537928885 205
1757595223071 0.5813452289762316 206
1757595223082 0.5763242250641879 207
1757595223092 0.57136072573105 208
1757595223102 0.566454024321284 209
1757595223113 0.56160342368949 210
1757595223123 0.5568082360343859 211
1757595223133 0.552067782730741 212
1757595223143 0.5473813941628061 213
1757595223153 0.5427484095619982 214
1757595223163 0.5381681768511113 215
1757595223173 0.5336400524963217 216
1757595223183 0.5291634013677521 217
1757595223193 0.5247375966086014 218
1757595223203 0.5203620195123743 219
1757595223213 0.5160360594073992 220
1757595223223 0.5117591135474452 221
1757595223233 0.5075305870073211 222
1757595223244 0.5033498925821247 223
1757595223254 0.4992164506890356 224
1757595223264 0.4951296892706531 225
1757595223274 0.4910890436990501 226
1757595223284 0.4870939566799528 227
1757595223295 0.48314387815670695 228
1757595223305 0.47923826521379304 229
1757595223315 0.47537658197997196 230
1757595223326 0.47155829953116063 231
1757595223336 0.46778289579325943 232
1757595223346 0.46404985544529687 233
1757595223357 0.4603586698231656 234
1757595223367 0.4567088368243166 235
1757595223377 0.4530998608136679 236
1757595223388 0.4495312525309961 237
1757595223398 0.44600252899999115 238
1757595223408 0.44251321343909206 239
1757595223419 0.43906283517417 240
1757595223429 0.4356509295530599 241
1757595223440 0.43227703786189214 242
1757595223450 0.4289407072431505 243
1757595223460 0.42564149061537215 244
1757595223470 0.42237894659430186 245
1757595223481 0.4191526394154695 246
1757595223491 0.41596213885801236 247
1757595223501 0.4128070201696518 248
1757595223515 0.409686863992725 249
1757595223525 0.4066012562912308 250
1757595223535 0.40354978827878923 251
1757595223546 0.40053205634752775 252
1757595223557 0.3975476619978259 253
1757595223568 0.39459621176896664 254
1757595223579 0.3916773171706425 255
1757595223589 0.38879059461537335 256
1757595223600 0.3859356653518243 257
1757595223612 0.3831121553990415 258
1757595223623 0.38031969548163413 259
1757595223635 0.37755792096588137 260
1757595223647 0.3748264717968063 261
1757595223659 0.3721249924361897 262
1757595223671 0.36945313180152145 263
1757595223683 0.36681054320589296 264
1757595223695 0.36419688429880614 265
1757595223707 0.3616118170078786 266
1757595223719 0.3590550074814206 267
1757595223731 0.35652612603190315 268
1757595223743 0.3540248470802157 269
1757595223755 0.35155084910078194 270
1757595223767 0.34910381456744377 271
1757595223779 0.34668342990012885 272
1757595223790 0.34428938541228965 273
1757595223801 0.3419213752590665 274
1757595223811 0.3395790973861897 275
1757595223822 0.33726225347960803 276
1757595223833 0.33497054891579614 277
1757595223844 0.3327036927128059 278
1757595223855 0.3304613974819527 279
1757595223866 0.32824337938022896 280
1757595223878 0.3260493580633634 281
1757595223889 0.32387905663954647 282
1757595223901 0.3217322016238271 283
1757595223913 0.31960852289315045 284
1757595223924 0.31750775364202377 285
1757595223936 0.31542963033883803 286
1757595223948 0.3133738926827944 287
1757595223959 0.3113402835614423 288
1757595223971 0.3093285490088366 289
1757595223983 0.3073384381642735 290
1757595223994 0.3053697032316129 291
1757595224006 0.30342209943919407 292
1757595224018 0.30149538500027984 293
1757595224029 0.2995893210740942 294
1757595224040 0.2977036717273897 295
1757595224053 0.2958382038965477 296
1757595224066 0.29399268735021955 297
1757595224078 0.29216689465248946 298
1757595224090 0.2903606011265415 299
1757595224102 0.28857358481883905 300
1757595224114 0.28680562646380575 301
1757595224126 0.28505650944898875 302
1757595224138 0.2833260197807125 303
1757595224149 0.2816139460502104 304
1757595224160 0.27992007940022245 305
1757595224171 0.27824421349205486 306
1757595224182 0.2765861444731065 307
1757595224194 0.27494567094482864 308
1757595224206 0.2733225939311468 309
1757595224218 0.27171671684730153 310
1757595224230 0.2701278454691336 311
1757595224242 0.26855578790278195 312
1757595224257 0.2670003545548167 313
1757595224269 0.26546135810275157 314
1757595224282 0.26393861346600433 315
1757595224294 0.2624319377772134 316
1757595224308 0.2609411503539819 317
1757595224321 0.25946607267099175 318
1757595224333 0.2580065283325002 319
1757595224346 0.25656234304521686 320
1757595224358 0.2551333445915518 321
1757595224370 0.2537193628032265 322
1757595224383 0.252320229535236 323
1757595224394 0.2509357786401914 324
1757595224405 0.24956584594297612 325
1757595224416 0.2482102692157771 326
1757595224427 0.2468688881534365 327
1757595224438 0.24554154434914408 328
1757595224449 0.24422808127046514 329
1757595224460 0.2429283442356762 330
1757595224470 0.2416421803904397 331
1757595224481 0.24036943868478258 332
1757595224493 0.23910996985039085 333
1757595224504 0.23786362637819825 334
1757595224516 0.2366302624962997 335
1757595224526 0.23540973414814162 336
1757595224537 0.23420189897101493 337
1757595224548 0.2330066162748322 338
1757595224559 0.23182374702119524 339
1757595224570 0.23065315380273765 340
1757595224581 0.22949470082274845 341
1757595224593 0.22834825387506535 342
1757595224605 0.22721368032424127 343
1757595224616 0.2260908490859629 344
1757595224628 0.22497963060775075 345
1757595224640 0.22387989684989845 346
1757595224652 0.22279152126667573 347
1757595224664 0.22171437878777617 348
1757595224676 0.22064834580001666 349
1757595224688 0.21959330012927106 350
1757595224700 0.21854912102265764 351
1757595224712 0.21751568913094507 352
1757595224724 0.21649288649120843 353
1757595224736 0.2154805965096961 354
1757595224747 0.21447870394494384 355
1757595224758 0.21348709489109413 356
1757595224770 0.21250565676144523 357
1757595224781 0.21153427827221194 358
1757595224792 0.21057284942650203 359
1757595224804 0.20962126149850954 360
1757595224815 0.20867940701789703 361
1757595224826 0.20774717975440765 362
1757595224837 0.2068244747026585 363
1757595224848 0.20591118806714823 364
1757595224859 0.20500721724744275 365
1757595224870 0.20411246082357767 366
1757595224882 0.20322681854162936 367
1757595224893 0.2023501912994934 368
1757595224905 0.2014824811328258 369
1757595224916 0.20062359120119694 370
1757595224928 0.1997734257743954 371
1757595224939 0.19893189021893343 372
1757595224951 0.1980988909847078 373
1757595224966 0.19727433559185478 374
1757595224983 0.196458132617754 375
1757595224996 0.19565019168422051 376
1757595225012 0.19485042344484482 377
1757595225025 0.194058739572513 378
1757595225038 0.19327505274706938 379
1757595225051 0.19249927664315789 380
1757595225064 0.19173132591820866 381
1757595225079 0.19097111620057539 382
1757595225093 0.19021856407784213 383
1757595225107 0.1894735870852608 384
1757595225121 0.18873610369435284 385
1757595225133 0.18800603330164056 386
1757595225146 0.1872832962175453 387
1757595225159 0.18656781365540503 388
1757595225171 0.1858595077206522 389
1757595225187 0.18515830140010708 390
1757595225203 0.18446411855143563 391
1757595225218 0.18377688389271715 392
1757595225231 0.18309652299215823 393
1757595225243 0.1824229622579356 394
1757595225259 0.1817561289281685 395
1757595225271 0.18109595106101337 396
1757595225283 0.18044235752489074 397
1757595225294 0.1797952779888315 398
1757595225306 0.1791546429129517 399
1757595225318 0.17852038353904126 400
1757595225333 0.17789243188127427 401
1757595225346 0.17727072071703934 402
1757595225358 0.17665518357788043 403
1757595225370 0.17604575474055767 404
1757595225382 0.17544236921821837 405
1757595225394 0.1748449627516771 406
1757595225414 0.1742534718008131 407
1757595225428 0.17366783353606077 408
1757595225445 0.17308798583002705 409
1757595225460 0.1725138672492004 410
1757595225472 0.17194541704576344 411
1757595225485 0.17138257514951827 412
1757595225501 0.17082528215990464 413
1757595225514 0.17027347933811723 414
1757595225527 0.16972710859932802 415
1757595225540 0.16918611250499857 416
1757595225553 0.1686504342552992 417
1757595225567 0.16812001768160617 418
1757595225605 0.16759480723910766 419
1757595225619 0.167074747999493 420
1757595225634 0.1665597856437356 421
1757595225646 0.16604986645496836 422
1757595225658 0.16554493731144135 423
1757595225670 0.16504494567957267 424
1757595225682 0.1645498396070811 425
1757595225694 0.16405956771620553 426
1757595225707 0.16357407919701167 427
1757595225719 0.1630933238007748 428
1757595225731 0.16261725183344958 429
1757595225743 0.1621458141492182 430
1757595225755 0.16167896214411856 431
1757595225766 0.16121664774975353 432
1757595225778 0.16075882342706863 433
1757595225790 0.16030544216022258 434
1757595225801 0.15985645745051497 435
1757595225813 0.15941182331039871 436
1757595225824 0.1589714942575698 437
1757595225836 0.1585354253091179 438
1757595225847 0.15810357197575622 439
1757595225859 0.1576758902561233 440
1757595225871 0.15725233663114685 441
1757595225883 0.1568328680584882 442
1757595225895 0.15641744196703994 443
1757595225907 0.15600601625150506 444
1757595225918 0.15559854926703293 445
1757595225930 0.15519499982392213 446
1757595225941 0.15479532718239358 447
1757595225953 0.15439949104741782 448
1757595225965 0.15400745156361287 449
1757595225976 0.1536191693101988 450
1757595225987 0.15323460529602378 451
1757595225999 0.15285372095462746 452
1757595226010 0.1524764781393961 453
1757595226022 0.15210283911875017 454
1757595226034 0.15173276657139825 455
1757595226045 0.15136622358165927 456
1757595226057 0.15100317363482127 457
1757595226069 0.15064358061257213 458
1757595226081 0.150287408788477 459
1757595226092 0.1499346228235174 460
1757595226104 0.14958518776167587 461
1757595226116 0.14923906902557788 462
1757595226128 0.14889623241218714 463
1757595226139 0.14855664408855218 464
1757595226151 0.14822027058760098 465
1757595226163 0.14788707880398844 466
1757595226174 0.1475570359899962 467
1757595226186 0.14723010975147396 468
1757595226197 0.1469062680438387 469
1757595226209 0.1465854791681158 470
1757595226221 0.14626771176702702 471
1757595226232 0.14595293482112917 472
1757595226244 0.14564111764499751 473
1757595226256 0.1453322298834507 474
1757595226268 0.14502624150782692 475
1757595226279 0.14472312281229957 476
1757595226291 0.14442284441023984 477
1757595226302 0.14412537723061947 478
1757595226314 0.14383069251445943 479
1757595226326 0.14353876181132066 480
1757595226337 0.14324955697583036 481
1757595226349 0.14296305016426003 482
1757595226361 0.1426792138311344 483
1757595226373 0.14239802072588448 484
1757595226385 0.14211944388954256 485
1757595226398 0.1418434566514697 486
1757595226409 0.14157003262613072 487
1757595226421 0.1412991457098984 488
1757595226434 0.14103077007790035 489
1757595226447 0.14076488018090352 490
1757595226459 0.14050145074223305 491
1757595226471 0.1402404567547286 492
1757595226483 0.1399818734777337 493
1757595226495 0.1397256764341261 494
1757595226507 0.13947184140737964 495
1757595226519 0.1392203444386578 496
1757595226531 0.1389711618239472 497
1757595226543 0.1387242701112212 498
1757595226558 0.13847964609763544 499
