1757517849456 169.32394565039073 0
1757517849465 169.26038889690824 1
1757517849474 169.196856878038 2
1757517849483 169.13334958409837 3
1757517849492 169.06986700540816 4
1757517849500 169.00640913229154 5
1757517849508 168.94297595507578 6
1757517849517 168.87956746409353 7
1757517849525 168.81618364967758 8
1757517849534 168.75282450216912 9
1757517849542 168.68949001190796 10
1757517849551 168.62618016924372 11
1757517849560 168.56289496452573 12
1757517849568 168.49963438810641 13
1757517849577 168.43639843034455 14
1757517849586 168.3731870816013 15
1757517849594 168.31000033224316 16
1757517849603 168.24683817263977 17
1757517849612 168.183700593162 18
1757517849621 168.12058758418846 19
1757517849629 168.05749913609833 20
1757517849639 167.99443523927687 21
1757517849647 167.9313958841107 22
1757517849657 167.86838106099364 23
1757517849667 167.80539076032056 24
1757517849677 167.7424249724901 25
1757517849685 167.6794836879061 26
1757517849694 167.61656689697557 27
1757517849703 167.55367459010907 28
1757517849712 167.49080675772078 29
1757517849721 167.42796339023 30
1757517849729 167.36514447805715 31
1757517849738 167.3023500116283 32
1757517849746 167.23957998137504 33
1757517849755 167.17683437772723 34
1757517849763 167.1141131911248 35
1757517849772 167.05141641200694 36
1757517849780 166.98874403081888 37
1757517849789 166.92609603800918 38
1757517849797 166.86347242402923 39
1757517849807 166.80087317933425 40
1757517849816 166.73829829438534 41
1757517849824 166.6757477596453 42
1757517849833 166.61322156558006 43
1757517849841 166.55071970266167 44
1757517849850 166.48824216136404 45
1757517849859 166.4257889321652 46
1757517849867 166.36336000554846 47
1757517849876 166.30095537199813 48
1757517849885 166.23857502200477 49
1757517849895 166.17621894606023 50
1757517849904 166.1138871346627 51
1757517849912 166.05157957831153 52
1757517849921 165.9892962675133 53
1757517849930 165.92703719277415 54
1757517849939 165.86480234460655 55
1757517849948 165.80259171352657 56
1757517849957 165.7404052900538 57
1757517849966 165.678243064709 58
1757517849975 165.61610502802176 59
1757517849984 165.5539911705207 60
1757517849993 165.49190148274022 61
1757517850002 165.4298359552192 62
1757517850011 165.36779457849948 63
1757517850020 165.30577734312473 64
1757517850029 165.2437842396456 65
1757517850038 165.18181525861354 66
1757517850047 165.11987039058607 67
1757517850056 165.05794962612262 68
1757517850065 164.99605295578783 69
1757517850075 164.93418037014928 70
1757517850084 164.87233185977743 71
1757517850093 164.8105074152478 72
1757517850102 164.74870702714023 73
1757517850111 164.6869306860337 74
1757517850120 164.6251783825185 75
1757517850129 164.56345010718155 76
1757517850139 164.50174585061825 77
1757517850148 164.44006560342453 78
1757517850157 164.37840935620116 79
1757517850166 164.3167770995545 80
1757517850175 164.25516882409045 81
1757517850184 164.19358452042175 82
1757517850193 164.13202417916477 83
1757517850202 164.0704877909384 84
1757517850210 164.00897534636565 85
1757517850219 163.94748683607375 86
1757517850228 163.88602225069164 87
1757517850237 163.82458158085458 88
1757517850246 163.76316481719977 89
1757517850256 163.7017719503697 90
1757517850265 163.64040297100834 91
1757517850274 163.57905786976474 92
1757517850283 163.51773663728997 93
1757517850292 163.45643926424344 94
1757517850301 163.39516574128143 95
1757517850311 163.33391605906925 96
1757517850320 163.27269020827438 97
1757517850328 163.2114881795654 98
1757517850337 163.15030996361975 99
1757517850346 163.08915555111352 100
1757517850355 163.02802493272864 101
1757517850365 162.9669180991513 102
1757517850374 162.9058350410703 103
1757517850383 162.84477574917665 104
1757517850392 162.7837402141693 105
1757517850401 162.72272842674678 106
1757517850410 162.66174037761388 107
1757517850420 162.600776057477 108
1757517850429 162.53983545704676 109
1757517850438 162.4789185670389 110
1757517850447 162.41802537817165 111
1757517850456 162.35715588116636 112
1757517850465 162.29631006674927 113
1757517850475 162.2354879256489 114
1757517850484 162.17468944859755 115
1757517850493 162.11391462633284 116
1757517850502 162.0531634495938 117
1757517850512 161.9924359091268 118
1757517850521 161.9317319956761 119
1757517850530 161.87105169999427 120
1757517850539 161.81039501283655 121
1757517850548 161.7497619249585 122
1757517850558 161.6891524271252 123
1757517850567 161.62856651010114 124
1757517850577 161.56800416465538 125
1757517850586 161.5074653815607 126
1757517850595 161.44695015159323 127
1757517850605 161.38645846553214 128
1757517850614 161.32599031416467 129
1757517850623 161.26554568827422 130
1757517850632 161.20512457865314 131
1757517850642 161.1447269760978 132
1757517850651 161.08435287140145 133
1757517850662 161.02400225537147 134
1757517850675 160.96367511881024 135
1757517850685 160.90337145252715 136
1757517850694 160.84309124733443 137
1757517850704 160.78283449404918 138
1757517850713 160.72260118349055 139
1757517850722 160.6623913064819 140
1757517850732 160.60220485385028 141
1757517850741 160.5420418164274 142
1757517850750 160.4819021850453 143
1757517850759 160.42178595054438 144
1757517850769 160.3616931037636 145
1757517850778 160.30162363555024 146
1757517850787 160.2415775367501 147
1757517850797 160.18155479821831 148
1757517850806 160.12155541080816 149
1757517850816 160.06157936538173 150
1757517850825 160.00162665280016 151
1757517850835 159.94169726393002 152
1757517850844 159.88179118964229 153
1757517850853 159.82190842080877 154
1757517850873 159.76204894830988 155
1757517850884 159.7022127630232 156
1757517850894 159.64239985583578 157
1757517850904 159.58261021763482 158
1757517850913 159.52284383931158 159
1757517850922 159.46310071176092 160
1757517850932 159.40338082588357 161
1757517850941 159.3436841725799 162
1757517850950 159.28401074275638 163
1757517850960 159.22436052732277 164
1757517850971 159.16473351719196 165
1757517850980 159.10512970328057 166
1757517850990 159.0455490765083 167
1757517851000 158.98599162780087 168
1757517851010 158.9264573480829 169
1757517851020 158.8669462282872 170
1757517851029 158.80745825934753 171
1757517851039 158.74799343220252 172
1757517851048 158.68855173779343 173
1757517851058 158.62913316706417 174
1757517851068 158.56973771096506 175
1757517851078 158.51036536044717 176
1757517851087 158.45101610646736 177
1757517851097 158.3916899399849 178
1757517851106 158.33238685196116 179
1757517851116 158.27310683336498 180
1757517851126 158.2138498751651 181
1757517851135 158.15461596833416 182
1757517851145 158.09540510385122 183
1757517851154 158.03621727269493 184
1757517851164 157.97705246585033 185
1757517851174 157.9179106743059 186
1757517851183 157.85879188905204 187
1757517851193 157.7996961010824 188
1757517851202 157.7406233013982 189
1757517851212 157.68157348099942 190
1757517851222 157.62254663089118 191
1757517851231 157.56354274208334 192
1757517851241 157.50456180558703 193
1757517851251 157.44560381242005 194
1757517851260 157.3866687536003 195
1757517851270 157.32775662015203 196
1757517851280 157.268867403102 197
1757517851290 157.21000109347793 198
1757517851299 157.15115768231598 199
1757517851309 157.09233716065233 200
1757517851319 157.0335395195278 201
1757517851329 156.974764749986 202
1757517851339 156.91601284307526 203
1757517851348 156.85728378984723 204
1757517851358 156.7985775813554 205
1757517851368 156.7398942086581 206
1757517851378 156.68123366281836 207
1757517851387 156.6225959348999 208
1757517851397 156.56398101597142 209
1757517851407 156.50538889710708 210
1757517851417 156.4468195693815 211
1757517851426 156.38827302387423 212
1757517851436 156.32974925166678 213
1757517851446 156.2712482438465 214
1757517851456 156.21276999150362 215
1757517851466 156.15431448573065 216
1757517851476 156.09588171762525 217
1757517851486 156.03747167828524 218
1757517851495 155.97908435881757 219
1757517851505 155.9207197503276 220
1757517851515 155.86237784392674 221
1757517851525 155.8040586307291 222
1757517851535 155.74576210185208 223
1757517851545 155.68748824841703 224
1757517851555 155.62923706155 225
1757517851568 155.57100853237569 226
1757517851578 155.51280265202996 227
1757517851588 155.45461941164456 228
1757517851598 155.39645880236125 229
1757517851608 155.3383208153195 230
1757517851618 155.28020544166537 231
1757517851628 155.22211267254931 232
1757517851638 155.16404249912316 233
1757517851648 155.105994912543 234
1757517851658 155.0479699039663 235
1757517851668 154.98996746455936 236
1757517851678 154.93198758548726 237
1757517851688 154.87403025791838 238
1757517851698 154.8160954730289 239
1757517851708 154.75818322199302 240
1757517851718 154.7002934959931 241
1757517851728 154.6424262862113 242
1757517851738 154.58458158383556 243
1757517851748 154.52675938005638 244
1757517851758 154.4689596660687 245
1757517851768 154.41118243306843 246
1757517851778 154.3534276722588 247
1757517851788 154.29569537484238 248
1757517851798 154.23798553202883 249
1757517851808 154.1802981350277 250
1757517851819 154.12263317505528 251
1757517851829 154.06499064332922 252
1757517851839 154.00737053107252 253
1757517851849 153.94977282950774 254
1757517851859 153.89219752986665 255
1757517851869 153.83464462337835 256
1757517851880 153.77711410128086 257
1757517851890 153.71960595481224 258
1757517851900 153.66212017521497 259
1757517851910 153.60465675373456 260
1757517851920 153.54721568162094 261
1757517851930 153.48979695012568 262
1757517851940 153.43240055050663 263
1757517851950 153.3750264740217 264
1757517851960 153.31767471193547 265
1757517851971 153.26034525551304 266
1757517851981 153.20303809602504 267
1757517851991 153.14575322474514 268
1757517852001 153.08849063294903 269
1757517852012 153.03125031191811 270
1757517852022 152.97403225293561 271
1757517852032 152.9168364472878 272
1757517852042 152.85966288626565 273
1757517852052 152.8025115611627 274
1757517852062 152.7453824632775 275
1757517852073 152.68827558390953 276
1757517852084 152.6311909143628 277
1757517852094 152.5741284459453 278
1757517852105 152.5170881699673 279
1757517852115 152.46007007774494 280
1757517852125 152.40307416059397 281
1757517852136 152.34610040983716 282
1757517852146 152.28914881679765 283
1757517852156 152.23221937280408 284
1757517852166 152.17531206918784 285
1757517852177 152.11842689728394 286
1757517852187 152.0615638484313 287
1757517852197 152.00472291396898 288
1757517852208 151.94790408524474 289
1757517852218 151.8911073536044 290
1757517852228 151.83433271040272 291
1757517852239 151.7775801469931 292
1757517852249 151.72084965473385 293
1757517852259 151.66414122498765 294
1757517852270 151.60745484911993 295
1757517852280 151.55079051849913 296
1757517852290 151.49414822449702 297
1757517852301 151.43752795849025 298
1757517852311 151.3809297118574 299
1757517852322 151.32435347597948 300
1757517852332 151.26779924224394 301
1757517852342 151.21126700203857 302
1757517852352 151.15475674675747 303
1757517852362 151.09826846779416 304
1757517852372 151.04180215654947 305
1757517852383 150.98535780442495 306
1757517852393 150.92893540282776 307
1757517852404 150.87253494316647 308
1757517852414 150.8161564168543 309
1757517852424 150.75979981530674 310
1757517852435 150.70346512994325 311
1757517852445 150.64715235218767 312
1757517852456 150.59086147346503 313
1757517852466 150.53459248520488 314
1757517852477 150.47834537884188 315
1757517852487 150.42212014580963 316
1757517852498 150.36591677755015 317
1757517852508 150.30973526550412 318
1757517852518 150.25357560112013 319
1757517852529 150.19743777584725 320
1757517852539 150.14132178113775 321
1757517852550 150.08522760844897 322
1757517852560 150.02915524924043 323
1757517852571 149.97310469497486 324
1757517852581 149.91707593712007 325
1757517852592 149.86106896714358 326
1757517852602 149.80508377652086 327
1757517852613 149.74912035672784 328
1757517852623 149.69317869924333 329
1757517852634 149.63725879555216 330
1757517852644 149.58136063714028 331
1757517852654 149.5254842154969 332
1757517852665 149.4696295221158 333
1757517852676 149.41379654849428 334
1757517852687 149.35798528613128 335
1757517852697 149.3021957265306 336
1757517852708 149.2464278611987 337
1757517852718 149.19068168164586 338
1757517852729 149.1349571793847 339
1757517852739 149.0792543459323 340
1757517852750 149.0235731728092 341
1757517852760 148.9679136515367 342
1757517852771 148.9122757736436 343
1757517852781 148.85665953065853 344
1757517852792 148.80106491411527 345
1757517852803 148.74549191555064 346
1757517852813 148.68994052650427 347
1757517852824 148.6344107385188 348
1757517852835 148.57890254314174 349
1757517852846 148.5234159319231 350
1757517852856 148.46795089641495 351
1757517852867 148.4125074281742 352
1757517852878 148.35708551876152 353
1757517852888 148.3016851597385 354
1757517852900 148.24630634267268 355
1757517852912 148.1909490591339 356
1757517852923 148.13561330069376 357
1757517852933 148.08029905893156 358
1757517852944 148.0250063254237 359
1757517852955 147.96973509175558 360
1757517852965 147.9144853495118 361
1757517852976 147.85925709028396 362
1757517852987 147.80405030566243 363
1757517852998 147.74886498724575 364
1757517853009 147.69370112663182 365
1757517853019 147.6385587154238 366
1757517853030 147.58343774522848 367
1757517853041 147.52833820765446 368
1757517853051 147.47326009431487 369
1757517853062 147.41820339682525 370
1757517853073 147.3631681068057 371
1757517853084 147.30815421587775 372
1757517853095 147.2531617156685 373
1757517853106 147.198190597806 374
1757517853122 147.1432408539225 375
1757517853134 147.08831247565456 376
1757517853149 147.03340545464096 377
1757517853164 146.97851978252362 378
1757517853175 146.9236554509474 379
1757517853186 146.86881245156295 380
1757517853198 146.81399077602123 381
1757517853209 146.7591904159787 382
1757517853220 146.7044113630919 383
1757517853231 146.64965360902534 384
1757517853241 146.59491714544174 385
1757517853252 146.54020196401183 386
1757517853263 146.48550805640545 387
1757517853274 146.43083541429957 388
1757517853285 146.37618402937113 389
1757517853296 146.32155389330137 390
1757517853307 146.2669449977764 391
1757517853319 146.21235733448347 392
1757517853330 146.15779089511443 393
1757517853341 146.10324567136354 394
1757517853351 146.0487216549282 395
1757517853362 145.99421883751063 396
1757517853373 145.93973721081522 397
1757517853384 145.88527676654897 398
1757517853395 145.83083749642225 399
1757517853406 145.77641939215064 400
1757517853417 145.7220224454505 401
1757517853428 145.66764664804268 402
1757517853439 145.61329199165183 403
1757517853450 145.5589584680039 404
1757517853461 145.50464606883085 405
1757517853473 145.4503547858645 406
1757517853484 145.3960846108438 407
1757517853495 145.3418355355075 408
1757517853506 145.2876075515986 409
1757517853517 145.2334006508657 410
1757517853528 145.17921482505605 411
1757517853539 145.12505006592582 412
1757517853550 145.07090636522892 413
1757517853561 145.01678371472553 414
1757517853572 144.9626821061788 415
1757517853583 144.90860153135523 416
1757517853595 144.85454198202368 417
1757517853606 144.8005034499563 418
1757517853617 144.74648592692878 419
1757517853628 144.69248940472045 420
1757517853639 144.6385138751138 421
1757517853650 144.58455932989446 422
1757517853662 144.53062576085014 423
1757517853673 144.47671315977288 424
1757517853684 144.42282151845896 425
1757517853695 144.36895082870487 426
1757517853707 144.31510108231458 427
1757517853718 144.26127227109026 428
1757517853729 144.20746438684213 429
1757517853740 144.1536774213802 430
1757517853751 144.0999113665186 431
1757517853762 144.04616621407544 432
1757517853774 143.9924419558723 433
1757517853785 143.9387385837315 434
1757517853796 143.88505608948182 435
1757517853807 143.83139446495414 436
1757517853818 143.77775370198003 437
1757517853830 143.72413379239742 438
1757517853841 143.67053472804704 439
1757517853852 143.61695650077115 440
1757517853864 143.56339910241815 441
1757517853875 143.50986252483503 442
1757517853886 143.4563467598772 443
1757517853897 143.40285179939877 444
1757517853909 143.3493776352602 445
1757517853920 143.29592425932358 446
1757517853931 143.24249166345544 447
1757517853942 143.1890798395232 448
1757517853954 143.1356887793995 449
1757517853965 143.08231847496 450
1757517853977 143.0289689180832 451
1757517853988 142.97564010065025 452
1757517853999 142.92233201454653 453
1757517854011 142.86904465165824 454
1757517854022 142.8157780038796 455
1757517854034 142.76253206310292 456
1757517854045 142.70930682122656 457
1757517854056 142.65610227015085 458
1757517854067 142.6029184017802 459
1757517854078 142.54975520802049 460
1757517854090 142.49661268078358 461
1757517854102 142.4434908119821 462
1757517854113 142.39038959353235 463
1757517854125 142.33730901735478 464
1757517854136 142.28424907537314 465
1757517854148 142.23120975951153 466
1757517854159 142.17819106170063 467
1757517854171 142.12519297387286 468
1757517854183 142.07221548796338 469
1757517854194 142.01925859591208 470
1757517854206 141.96632228965953 471
1757517854218 141.91340656115176 472
1757517854229 141.86051140233653 473
1757517854241 141.80763680516583 474
1757517854252 141.7547827615944 475
1757517854266 141.7019492635795 476
1757517854278 141.64913630308237 477
1757517854289 141.59634387206683 478
1757517854300 141.5435719625012 479
1757517854312 141.49082056635405 480
1757517854323 141.43808967560008 481
1757517854335 141.3853792822164 482
1757517854346 141.3326893781825 483
1757517854358 141.2800199554807 484
1757517854369 141.2273710060972 485
1757517854381 141.17474252202302 486
1757517854392 141.12213449524876 487
1757517854404 141.06954691777005 488
1757517854415 141.01697978158694 489
1757517854427 140.96443307870038 490
1757517854439 140.9119068011157 491
1757517854450 140.8594009408411 492
1757517854462 140.8069154898878 493
1757517854474 140.75445044027032 494
1757517854485 140.7020057840055 495
1757517854497 140.64958151311575 496
1757517854509 140.59717761962264 497
1757517854520 140.5447940955548 498
1757517854531 140.49243093294106 499
