1757517823937 169.08220123107475 0
1757517823945 168.44799356156693 1
1757517823954 167.81625965225075 2
1757517823962 167.18698977886595 3
1757517823971 166.56017425554379 4
1757517823980 165.93580343464689 5
1757517823988 165.31386770662917 6
1757517823996 164.69435749987701 7
1757517824005 164.07726328056458 8
1757517824013 163.4625755525017 9
1757517824022 162.85028485698308 10
1757517824030 162.24038177264435 11
1757517824039 161.6328569153108 12
1757517824047 161.02770093785045 13
1757517824056 160.4249045300278 14
1757517824064 159.8244584183619 15
1757517824073 159.22635336597224 16
1757517824081 158.63058017244236 17
1757517824089 158.03712967366843 18
1757517824098 157.44599274172438 19
1757517824107 156.8571602847079 20
1757517824115 156.2706232466061 21
1757517824123 155.6863726071494 22
1757517824132 155.10439938167357 23
1757517824141 154.5246946209739 24
1757517824150 153.94724941116817 25
1757517824160 153.37205487355854 26
1757517824169 152.7991021644857 27
1757517824178 152.22838247519832 28
1757517824186 151.6598870317078 29
1757517824195 151.09360709465705 30
1757517824203 150.52953395917854 31
1757517824212 149.96765895475826 32
1757517824221 149.40797344510347 33
1757517824229 148.8504688280039 34
1757517824238 148.2951365351972 35
1757517824247 147.7419680322358 36
1757517824255 147.19095481835203 37
1757517824264 146.64208842632553 38
1757517824273 146.09536042234924 39
1757517824282 145.55076240590014 40
1757517824290 145.00828600960403 41
1757517824303 144.46792289910522 42
1757517824311 143.92966477293845 43
1757517824320 143.39350336239445 44
1757517824328 142.85943043139537 45
1757517824337 142.32743777635983 46
1757517824346 141.7975172260789 47
1757517824354 141.26966064158805 48
1757517824363 140.74385991603356 49
1757517824372 140.22010697455502 50
1757517824381 139.69839377414985 51
1757517824389 139.17871230355215 52
1757517824398 138.66105458310693 53
1757517824407 138.14541266464212 54
1757517824415 137.63177863134746 55
1757517824424 137.12014459764706 56
1757517824433 136.6105027090792 57
1757517824442 136.10284514217125 58
1757517824450 135.59716410431724 59
1757517824459 135.09345183365505 60
1757517824468 134.59170059894635 61
1757517824477 134.09190269945478 62
1757517824486 133.59405046482422 63
1757517824495 133.09813625496074 64
1757517824504 132.6041524599098 65
1757517824513 132.11209149974084 66
1757517824522 131.62194582442572 67
1757517824530 131.13370791371923 68
1757517824539 130.64737027704533 69
1757517824548 130.16292545337785 70
1757517824557 129.6803660111219 71
1757517824566 129.19968454799894 72
1757517824575 128.7208736909316 73
1757517824584 128.2439260959258 74
1757517824593 127.76883444795817 75
1757517824602 127.29559146085992 76
1757517824611 126.82418987720416 77
1757517824619 126.35462246818908 78
1757517824628 125.8868820335279 79
1757517824637 125.42096140133535 80
1757517824646 124.95685342801387 81
1757517824655 124.49455099814347 82
1757517824673 124.0340470243688 83
1757517824685 123.57533444728949 84
1757517824695 123.11840623534914 85
1757517824704 122.66325538472233 86
1757517824713 122.20987491921076 87
1757517824722 121.75825789012889 88
1757517824731 121.30839737619738 89
1757517824740 120.86028648343371 90
1757517824749 120.41391834504438 91
1757517824758 119.96928612131913 92
1757517824767 119.52638299952157 93
1757517824777 119.08520219378114 94
1757517824786 118.64573694499228 95
1757517824795 118.20798052070236 96
1757517824804 117.77192621501078 97
1757517824813 117.33756734846084 98
1757517824822 116.90489726793845 99
1757517824832 116.47390934656393 100
1757517824841 116.04459698359038 101
1757517824850 115.61695360430306 102
1757517824859 115.19097265990804 103
1757517824869 114.76664762744105 104
1757517824878 114.34397200965519 105
1757517824887 113.92293933492755 106
1757517824896 113.50354315714921 107
1757517824905 113.08577705563187 108
1757517824914 112.66963463500278 109
1757517824924 112.25510952510756 110
1757517824933 111.84219538090724 111
1757517824942 111.43088588238254 112
1757517824951 111.02117473443225 113
1757517824964 110.61305566677471 114
1757517824977 110.20652243385207 115
1757517824990 109.8015688147292 116
1757517825001 109.39818861299864 117
1757517825014 108.9963756566844 118
1757517825026 108.59612379814074 119
1757517825039 108.19742691396188 120
1757517825051 107.800278904881 121
1757517825063 107.40467369567878 122
1757517825078 107.01060523508687 123
1757517825095 106.61806749569104 124
1757517825106 106.22705447383959 125
1757517825117 105.83756018954912 126
1757517825128 105.44957868640945 127
1757517825139 105.0631040314902 128
1757517825150 104.67813031525246 129
1757517825170 104.29465165144886 130
1757517825190 103.91266217703655 131
1757517825200 103.53215605208581 132
1757517825210 103.15312745968528 133
1757517825223 102.77557060585403 134
1757517825232 102.39947971944757 135
1757517825242 102.02484905207258 136
1757517825253 101.65167287799007 137
1757517825263 101.27994549403348 138
1757517825278 100.90966121951278 139
1757517825289 100.5408143961306 140
1757517825299 100.17339938788936 141
1757517825309 99.80741058100688 142
1757517825319 99.44284238382542 143
1757517825330 99.07968922672679 144
1757517825340 98.71794556204344 145
1757517825351 98.3576058639715 146
1757517825364 97.99866462848831 147
1757517825374 97.64111637325809 148
1757517825385 97.28495563755492 149
1757517825395 96.93017698217285 150
1757517825405 96.57677498934005 151
1757517825415 96.22474426263729 152
1757517825430 95.87407942691092 153
1757517825440 95.5247751281888 154
1757517825450 95.17682603359862 155
1757517825461 94.83022683128343 156
1757517825471 94.48497223031637 157
1757517825482 94.1410569606216 158
1757517825492 93.79847577289036 159
1757517825502 93.45722343849626 160
1757517825516 93.11729474941922 161
1757517825526 92.77868451815836 162
1757517825537 92.44138757765337 163
1757517825547 92.10539878120392 164
1757517825557 91.77071300238887 165
1757517825567 91.43732513498612 166
1757517825577 91.1052300928913 167
1757517825587 90.77442281004146 168
1757517825599 90.44489824033266 169
1757517825612 90.11665135754255 170
1757517825629 89.78967715525158 171
1757517825641 89.46397064676498 172
1757517825651 89.1395268650335 173
1757517825661 88.81634086257787 174
1757517825670 88.4944077114102 175
1757517825680 88.1737225029556 176
1757517825690 87.85428034797901 177
1757517825699 87.53607637650437 178
1757517825709 87.21910573774218 179
1757517825722 86.9033636000121 180
1757517825733 86.58884515066747 181
1757517825743 86.27554559601894 182
1757517825754 85.96346016126193 183
1757517825764 85.65258409040038 184
1757517825774 85.3429126461724 185
1757517825784 85.03444110997717 186
1757517825793 84.72716478180062 187
1757517825803 84.42107898014079 188
1757517825813 84.11617904193746 189
1757517825822 83.81246032249594 190
1757517825831 83.50991819541738 191
1757517825841 83.20854805252509 192
1757517825851 82.90834530379165 193
1757517825861 82.60930537726838 194
1757517825871 82.31142371901505 195
1757517825881 82.01469579302577 196
1757517825891 81.71911708115991 197
1757517825901 81.42468308307183 198
1757517825910 81.13138931613916 199
1757517825920 80.83923131539356 200
1757517825929 80.54820463345263 201
1757517825939 80.25830484044575 202
1757517825948 79.96952752395077 203
1757517825958 79.68186828891895 204
1757517825968 79.39532275761322 205
1757517825978 79.10988656953282 206
1757517825988 78.82555538134902 207
1757517825998 78.54232486683732 208
1757517826008 78.2601907168091 209
1757517826018 77.97914863904411 210
1757517826028 77.69919435822293 211
1757517826037 77.42032361586136 212
1757517826047 77.14253217024375 213
1757517826058 76.86581579635654 214
1757517826068 76.59017028581988 215
1757517826078 76.31559144682768 216
1757517826088 76.04207510407596 217
1757517826098 75.76961709870044 218
1757517826107 75.49821328821217 219
1757517826117 75.22785954643152 220
1757517826127 74.95855176342447 221
1757517826137 74.69028584543858 222
1757517826147 74.42305771483663 223
1757517826156 74.15686331003776 224
1757517826166 73.8916985854492 225
1757517826176 73.62755951140579 226
1757517826186 73.3644420741064 227
1757517826195 73.10234227555101 228
1757517826205 72.84125613347908 229
1757517826215 72.58117968130513 230
1757517826225 72.32210896806028 231
1757517826235 72.06404005832763 232
1757517826245 71.80696903218254 233
1757517826257 71.55089198512992 234
1757517826267 71.29580502804433 235
1757517826277 71.04170428711022 236
1757517826287 70.78858590375849 237
1757517826297 70.53644603460877 238
1757517826307 70.28528085140827 239
1757517826317 70.03508654097394 240
1757517826326 69.78585930512877 241
1757517826336 69.53759536064753 242
1757517826346 69.29029093919392 243
1757517826356 69.04394228726365 244
1757517826366 68.79854566612475 245
1757517826375 68.55409735176057 246
1757517826385 68.31059363481013 247
1757517826395 68.06803082051125 248
1757517826405 67.82640522864257 249
1757517826415 67.58571319346649 250
1757517826425 67.34595106367037 251
1757517826435 67.10711520231158 252
1757517826445 66.86920198676044 253
1757517826455 66.63220780864185 254
1757517826465 66.3961290737812 255
1757517826475 66.16096220214655 256
1757517826484 65.92670362779478 257
1757517826494 65.69334979881349 258
1757517826505 65.46089717726716 259
1757517826515 65.22934223914176 260
1757517826525 64.99868147428926 261
1757517826535 64.76891138637447 262
1757517826545 64.5400284928166 263
1757517826555 64.3120293247398 264
1757517826565 64.08491042691531 265
1757517826575 63.858668357710506 266
1757517826585 63.63329968903192 267
1757517826595 63.40880100627467 268
1757517826605 63.185168908268096 269
1757517826615 62.96240000722202 270
1757517826625 62.740490928674326 271
1757517826636 62.519438311439316 272
1757517826646 62.299238807554026 273
1757517826656 62.07988908222658 274
1757517826666 61.861385813783926 275
1757517826676 61.64372569361986 276
1757517826686 61.426905426143975 277
1757517826696 61.210921728730476 278
1757517826706 60.99577133166566 279
1757517826716 60.781450978098015 280
1757517826726 60.56795742398677 281
1757517826736 60.35528743805288 282
1757517826746 60.143437801726044 283
1757517826756 59.93240530909664 284
1757517826769 59.722186766864525 285
1757517826780 59.51277899429029 286
1757517826793 59.30417882314492 287
1757517826807 59.09638309765967 288
1757517826822 58.88938867447878 289
1757517826833 58.68319242260912 290
1757517826844 58.47779122337133 291
1757517826855 58.27318197035231 292
1757517826867 58.06936156935457 293
1757517826877 57.866326938351094 294
1757517826888 57.664075007434285 295
1757517826899 57.462602718769716 296
1757517826911 57.2619070265493 297
1757517826922 57.06198489694077 298
1757517826934 56.86283330804398 299
1757517826945 56.66444924984113 300
1757517826956 56.46682972415072 301
1757517826967 56.26997174458179 302
1757517826978 56.07387233648626 303
1757517826990 55.87852853691192 304
1757517827001 55.68393739455788 305
1757517827012 55.49009596972801 306
1757517827023 55.2970013342847 307
1757517827033 55.10465057160292 308
1757517827044 54.91304077652624 309
1757517827055 54.722169055319675 310
1757517827065 54.532032525626484 311
1757517827075 54.34262831642161 312
1757517827086 54.15395356796774 313
1757517827096 53.96600543177118 314
1757517827107 53.77878107053569 315
1757517827117 53.592277658121475 316
1757517827128 53.40649237949714 317
1757517827138 53.22142243069884 318
1757517827148 53.03706501878548 319
1757517827159 52.85341736179546 320
1757517827169 52.67047668870332 321
1757517827179 52.4882402393761 322
1757517827190 52.3067052645313 323
1757517827200 52.125869025692396 324
1757517827211 51.94572879514793 325
1757517827221 51.76628185590871 326
1757517827231 51.587525501664544 327
1757517827241 51.40945703674279 328
1757517827252 51.23207377606569 329
1757517827263 51.05537304511037 330
1757517827273 50.87935217986459 331
1757517827284 50.70400852678694 332
1757517827294 50.529339442765924 333
1757517827305 50.35534229507684 334
1757517827316 50.182014461342035 335
1757517827326 50.00935332949151 336
1757517827337 49.83735629771854 337
1757517827347 49.666020774442856 338
1757517827358 49.495344178267906 339
1757517827369 49.325323937941754 340
1757517827379 49.15595749231701 341
1757517827390 48.98724229031059 342
1757517827400 48.81917579086423 343
1757517827411 48.651755462903886 344
1757517827422 48.484978785303284 345
1757517827432 48.31884324684059 346
1757517827443 48.153346346162564 347
1757517827454 47.98848559174414 348
1757517827464 47.82425850184966 349
1757517827475 47.66066260449502 350
1757517827485 47.4976954374081 351
1757517827496 47.33535454799152 352
1757517827507 47.17363749328373 353
1757517827518 47.01254183992143 354
1757517827528 46.85206516410072 355
1757517827539 46.692205051541045 356
1757517827550 46.53295909744654 357
1757517827560 46.37432490646817 358
1757517827571 46.21630009266779 359
1757517827582 46.05888227947973 360
1757517827592 45.90206909967487 361
1757517827603 45.74585819532251 362
1757517827613 45.59024721775507 363
1757517827624 45.435233827531036 364
1757517827635 45.28081569439777 365
1757517827645 45.12699049725647 366
1757517827656 44.97375592412549 367
1757517827667 44.82110967210423 368
1757517827677 44.6690494473373 369
1757517827688 44.51757296497946 370
1757517827698 44.36667794915896 371
1757517827709 44.2163621329433 372
1757517827720 44.06662325830373 373
1757517827731 43.91745907607875 374
1757517827742 43.7688673459413 375
1757517827752 43.62084583636198 376
1757517827763 43.473392324575855 377
1757517827774 43.326504596547046 378
1757517827784 43.18018044693419 379
1757517827795 43.034417679056304 380
1757517827806 42.88921410485915 381
1757517827817 42.744567544880624 382
1757517827828 42.60047582821671 383
1757517827838 42.4569367924886 384
1757517827849 42.31394828380807 385
1757517827860 42.17150815674394 386
1757517827871 42.029614274290125 387
1757517827881 41.88826450783099 388
1757517827893 41.74745673710868 389
1757517827904 41.60718885019018 390
1757517827915 41.46745874343473 391
1757517827926 41.32826432145992 392
1757517827937 41.18960349711169 393
1757517827948 41.05147419142859 394
1757517827959 40.91387433361232 395
1757517827970 40.77680186099366 396
1757517827980 40.64025471900147 397
1757517827991 40.50423086112995 398
1757517828002 40.36872824890755 399
1757517828012 40.23374485186485 400
1757517828023 40.099278647503 401
1757517828034 39.96532762126296 402
1757517828045 39.83188976649265 403
1757517828056 39.698963084417905 404
1757517828067 39.566545584108916 405
1757517828077 39.434635282451936 406
1757517828088 39.30323020411609 407
1757517828099 39.17232838152446 408
1757517828110 39.041927854822404 409
1757517828121 38.91202667184761 410
1757517828132 38.782622888099276 411
1757517828143 38.653714566708935 412
1757517828154 38.52529977840905 413
1757517828165 38.39737660150396 414
1757517828176 38.269943121839404 415
1757517828187 38.142997432773534 416
1757517828198 38.01653763514638 417
1757517828208 37.8905618372516 418
1757517828220 37.76506815480534 419
1757517828231 37.640054710918264 420
1757517828242 37.51551963606682 421
1757517828252 37.39146106806191 422
1757517828263 37.267877152023225 423
1757517828274 37.14476604034721 424
1757517828285 37.022125892680926 425
1757517828296 36.89995487589194 426
1757517828307 36.7782511640403 427
1757517828318 36.65701293835032 428
1757517828330 36.53623838718225 429
1757517828341 36.41592570600371 430
1757517828352 36.29607309736276 431
1757517828363 36.17667877085884 432
1757517828374 36.057740943115014 433
1757517828385 35.93925783775141 434
1757517828396 35.821227685356924 435
1757517828407 35.70364872346113 436
1757517828418 35.58651919650738 437
1757517828429 35.469837355826854 438
1757517828441 35.35360145960899 439
1757517828452 35.23780977287611 440
1757517828464 35.122460567456464 441
1757517828475 35.00755212195656 442
1757517828486 34.893082721734814 443
1757517828497 34.77905065887513 444
1757517828508 34.66545423216045 445
1757517828520 34.55229174704608 446
1757517828531 34.43956151563313 447
1757517828542 34.327261856643126 448
1757517828553 34.215391095391254 449
1757517828564 34.10394756376035 450
1757517828575 33.992929600175685 451
1757517828587 33.88233554957819 452
1757517828598 33.772163763399824 453
1757517828609 33.662412599536644 454
1757517828620 33.553080422325536 455
1757517828631 33.44416560251573 456
1757517828642 33.33566651724644 457
1757517828653 33.22758155002044 458
1757517828665 33.1199090906783 459
1757517828676 33.01264753537473 460
1757517828687 32.90579528655267 461
1757517828698 32.79935075291948 462
1757517828710 32.69331234942139 463
1757517828721 32.58767849721879 464
1757517828732 32.482447623662985 465
1757517828743 32.377618162270444 466
1757517828754 32.2731885526992 467
1757517828765 32.169157240724566 468
1757517828777 32.06552267821492 469
1757517828788 31.962283323107535 470
1757517828799 31.859437639385103 471
1757517828811 31.75698409705156 472
1757517828822 31.654921172108423 473
1757517828833 31.553247346531414 474
1757517828845 31.451961108246504 475
1757517828856 31.351060951106597 476
1757517828868 31.250545374868672 477
1757517828879 31.15041288516939 478
1757517828890 31.050661993503105 479
1757517828902 30.951291217198573 480
1757517828913 30.85229907939511 481
1757517828925 30.753684109020675 482
1757517828936 30.655444840768332 483
1757517828950 30.55757981507431 484
1757517828962 30.460087578094605 485
1757517828973 30.36296668168312 486
1757517828985 30.266215683368365 487
1757517828996 30.16983314633212 488
1757517829008 30.07381763938651 489
1757517829019 29.97816773695172 490
1757517829031 29.882882019034618 491
1757517829042 29.787959071205798 492
1757517829054 29.693397484578423 493
1757517829065 29.59919585578635 494
1757517829077 29.50535278696163 495
1757517829088 29.411866885713543 496
1757517829100 29.318736765106973 497
1757517829112 29.225961043640794 498
1757517829123 29.13353834522638 499
