1757594447430 169.32394565039036 0
1757594447439 169.26038889690832 1
1757594447448 169.19685687803832 2
1757594447457 169.13334958409848 3
1757594447465 169.06986700540787 4
1757594447474 169.00640913229162 5
1757594447482 168.94297595507578 6
1757594447491 168.8795674640934 7
1757594447500 168.81618364967753 8
1757594447509 168.75282450216892 9
1757594447517 168.68949001190825 10
1757594447526 168.6261801692441 11
1757594447534 168.56289496452553 12
1757594447543 168.49963438810653 13
1757594447551 168.43639843034433 14
1757594447559 168.37318708160197 15
1757594447568 168.31000033224385 16
1757594447577 168.24683817263949 17
1757594447585 168.18370059316197 18
1757594447594 168.12058758418834 19
1757594447602 168.05749913609833 20
1757594447611 167.99443523927596 21
1757594447620 167.9313958841107 22
1757594447630 167.86838106099358 23
1757594447652 167.80539076032025 24
1757594447660 167.74242497249034 25
1757594447669 167.6794836879065 26
1757594447678 167.61656689697588 27
1757594447687 167.55367459010918 28
1757594447695 167.4908067577209 29
1757594447704 167.42796339022996 30
1757594447713 167.36514447805743 31
1757594447721 167.30235001162885 32
1757594447730 167.23957998137502 33
1757594447738 167.17683437772757 34
1757594447747 167.1141131911248 35
1757594447756 167.05141641200726 36
1757594447765 166.98874403081945 37
1757594447773 166.9260960380095 38
1757594447782 166.8634724240289 39
1757594447791 166.80087317933481 40
1757594447799 166.7382982943851 41
1757594447808 166.67574775964556 42
1757594447817 166.6132215655804 43
1757594447826 166.55071970266258 44
1757594447834 166.4882421613634 45
1757594447843 166.425788932166 46
1757594447852 166.36336000554797 47
1757594447860 166.3009553719988 48
1757594447869 166.23857502200383 49
1757594447877 166.17621894606037 50
1757594447886 166.1138871346629 51
1757594447894 166.05157957831227 52
1757594447903 165.989296267514 53
1757594447912 165.9270371927744 54
1757594447921 165.86480234460646 55
1757594447930 165.8025917135267 56
1757594447939 165.7404052900535 57
1757594447948 165.67824306470897 58
1757594447957 165.6161050280212 59
1757594447966 165.5539911705204 60
1757594447975 165.4919014827401 61
1757594447983 165.4298359552194 62
1757594447992 165.3677945784996 63
1757594448001 165.30577734312467 64
1757594448009 165.24378423964538 65
1757594448018 165.18181525861297 66
1757594448027 165.1198703905865 67
1757594448035 165.0579496261233 68
1757594448044 164.9960529557875 69
1757594448053 164.9341803701485 70
1757594448062 164.8723318597775 71
1757594448070 164.81050741524805 72
1757594448079 164.74870702713952 73
1757594448088 164.68693068603403 74
1757594448096 164.62517838251821 75
1757594448105 164.56345010718195 76
1757594448114 164.50174585061845 77
1757594448123 164.44006560342473 78
1757594448132 164.37840935620096 79
1757594448141 164.31677709955383 80
1757594448149 164.2551688240907 81
1757594448158 164.19358452042187 82
1757594448167 164.13202417916474 83
1757594448177 164.0704877909382 84
1757594448186 164.00897534636601 85
1757594448195 163.9474868360739 86
1757594448203 163.88602225069158 87
1757594448212 163.82458158085484 88
1757594448221 163.7631648171999 89
1757594448230 163.70177195036976 90
1757594448238 163.64040297100777 91
1757594448247 163.5790578697643 92
1757594448256 163.5177366372901 93
1757594448265 163.45643926424333 94
1757594448273 163.3951657412817 95
1757594448282 163.33391605906942 96
1757594448291 163.2726902082748 97
1757594448300 163.21148817956595 98
1757594448309 163.15030996362046 99
1757594448318 163.08915555111395 100
1757594448327 163.02802493272856 101
1757594448335 162.96691809915126 102
1757594448344 162.90583504106962 103
1757594448353 162.84477574917648 104
1757594448362 162.78374021416903 105
1757594448371 162.7227284267477 106
1757594448380 162.66174037761385 107
1757594448389 162.60077605747708 108
1757594448398 162.53983545704693 109
1757594448407 162.47891856703936 110
1757594448416 162.4180253781715 111
1757594448425 162.35715588116622 112
1757594448434 162.296310066748 113
1757594448443 162.23548792564836 114
1757594448452 162.17468944859715 115
1757594448461 162.11391462633347 116
1757594448470 162.05316344959442 117
1757594448479 161.9924359091261 118
1757594448488 161.9317319956757 119
1757594448497 161.8710516999939 120
1757594448506 161.81039501283612 121
1757594448514 161.7497619249589 122
1757594448523 161.68915242712552 123
1757594448532 161.62856651010136 124
1757594448541 161.56800416465526 125
1757594448550 161.5074653815604 126
1757594448559 161.44695015159297 127
1757594448568 161.38645846553246 128
1757594448577 161.32599031416498 129
1757594448586 161.2655456882741 130
1757594448595 161.20512457865357 131
1757594448604 161.14472697609716 132
1757594448613 161.0843528714022 133
1757594448622 161.0240022553721 134
1757594448631 160.9636751188104 135
1757594448641 160.90337145252707 136
1757594448651 160.84309124733466 137
1757594448660 160.7828344940486 138
1757594448669 160.72260118349053 139
1757594448679 160.66239130648148 140
1757594448688 160.60220485385042 141
1757594448697 160.542041816427 142
1757594448706 160.48190218504553 143
1757594448715 160.42178595054423 144
1757594448724 160.36169310376343 145
1757594448734 160.3016236355504 146
1757594448743 160.24157753675024 147
1757594448752 160.18155479821817 148
1757594448761 160.12155541080864 149
1757594448770 160.06157936538173 150
1757594448779 160.00162665280018 151
1757594448788 159.94169726393014 152
1757594448798 159.88179118964192 153
1757594448807 159.8219084208094 154
1757594448816 159.76204894830983 155
1757594448825 159.70221276302354 156
1757594448835 159.64239985583632 157
1757594448844 159.58261021763488 158
1757594448853 159.52284383931226 159
1757594448862 159.46310071176129 160
1757594448872 159.40338082588374 161
1757594448881 159.3436841725798 162
1757594448890 159.2840107427569 163
1757594448899 159.2243605273228 164
1757594448909 159.16473351719165 165
1757594448918 159.10512970328023 166
1757594448927 159.04554907650862 167
1757594448937 158.98599162780098 168
1757594448946 158.92645734808326 169
1757594448955 158.86694622828728 170
1757594448964 158.80745825934827 171
1757594448973 158.74799343220272 172
1757594448983 158.68855173779357 173
1757594448992 158.62913316706394 174
1757594449002 158.569737710965 175
1757594449011 158.51036536044714 176
1757594449020 158.45101610646873 177
1757594449030 158.39168993998456 178
1757594449039 158.33238685196125 179
1757594449049 158.27310683336532 180
1757594449058 158.21384987516507 181
1757594449068 158.1546159683343 182
1757594449077 158.0954051038516 183
1757594449087 158.03621727269467 184
1757594449096 157.97705246585056 185
1757594449105 157.91791067430557 186
1757594449115 157.8587918890519 187
1757594449124 157.7996961010834 188
1757594449134 157.74062330139805 189
1757594449144 157.68157348099896 190
1757594449153 157.62254663089016 191
1757594449163 157.56354274208363 192
1757594449172 157.5045618055868 193
1757594449182 157.44560381242007 194
1757594449191 157.3866687536008 195
1757594449201 157.3277566201524 196
1757594449211 157.26886740310178 197
1757594449220 157.21000109347827 198
1757594449230 157.15115768231647 199
1757594449239 157.0923371606526 200
1757594449249 157.0335395195277 201
1757594449259 156.97476474998626 202
1757594449268 156.9160128430756 203
1757594449277 156.85728378984697 204
1757594449287 156.7985775813553 205
1757594449297 156.7398942086585 206
1757594449306 156.68123366281804 207
1757594449316 156.62259593489995 208
1757594449326 156.56398101597136 209
1757594449335 156.5053888971076 210
1757594449345 156.4468195693816 211
1757594449355 156.38827302387412 212
1757594449364 156.32974925166744 213
1757594449374 156.27124824384697 214
1757594449383 156.21276999150376 215
1757594449393 156.1543144857309 216
1757594449402 156.0958817176248 217
1757594449412 156.03747167828553 218
1757594449421 155.9790843588172 219
1757594449431 155.92071975032755 220
1757594449441 155.86237784392634 221
1757594449451 155.80405863072946 222
1757594449460 155.7457621018521 223
1757594449470 155.6874882484172 224
1757594449479 155.62923706154928 225
1757594449492 155.57100853237674 226
1757594449502 155.51280265202982 227
1757594449512 155.4546194116444 228
1757594449522 155.39645880236097 229
1757594449532 155.33832081531912 230
1757594449541 155.28020544166557 231
1757594449551 155.22211267254957 232
1757594449561 155.16404249912333 233
1757594449571 155.1059949125422 234
1757594449581 155.04796990396662 235
1757594449590 154.9899674645593 236
1757594449600 154.93198758548675 237
1757594449610 154.87403025791832 238
1757594449619 154.816095473029 239
1757594449629 154.75818322199265 240
1757594449639 154.70029349599255 241
1757594449649 154.64242628621122 242
1757594449659 154.5845815838352 243
1757594449669 154.5267593800568 244
1757594449678 154.468959666068 245
1757594449688 154.4111824330694 246
1757594449698 154.35342767225913 247
1757594449708 154.2956953748426 248
1757594449718 154.2379855320286 249
1757594449728 154.18029813502739 250
1757594449737 154.12263317505634 251
1757594449747 154.06499064332954 252
1757594449757 154.0073705310722 253
1757594449767 153.94977282950808 254
1757594449777 153.89219752986648 255
1757594449787 153.8346446233788 256
1757594449797 153.777114101281 257
1757594449807 153.71960595481218 258
1757594449817 153.66212017521477 259
1757594449827 153.60465675373487 260
1757594449837 153.54721568162032 261
1757594449846 153.48979695012554 262
1757594449856 153.43240055050654 263
1757594449866 153.37502647402195 264
1757594449876 153.31767471193504 265
1757594449886 153.26034525551273 266
1757594449895 153.2030380960249 267
1757594449905 153.1457532247451 268
1757594449915 153.08849063294878 269
1757594449925 153.0312503119177 270
1757594449936 152.97403225293564 271
1757594449946 152.91683644728772 272
1757594449956 152.8596628862657 273
1757594449966 152.80251156116267 274
1757594449976 152.74538246327702 275
1757594449986 152.68827558390973 276
1757594449996 152.63119091436232 277
1757594450006 152.57412844594504 278
1757594450016 152.51708816996768 279
1757594450026 152.4600700777449 280
1757594450036 152.403074160594 281
1757594450046 152.34610040983688 282
1757594450056 152.28914881679825 283
1757594450066 152.23221937280448 284
1757594450076 152.17531206918778 285
1757594450086 152.1184268972837 286
1757594450096 152.0615638484307 287
1757594450106 152.00472291396898 288
1757594450116 151.9479040852443 289
1757594450126 151.89110735360515 290
1757594450136 151.83433271040278 291
1757594450148 151.77758014699302 292
1757594450158 151.72084965473402 293
1757594450168 151.6641412249873 294
1757594450178 151.60745484911993 295
1757594450188 151.55079051849893 296
1757594450199 151.49414822449728 297
1757594450209 151.43752795849028 298
1757594450218 151.38092971185705 299
1757594450229 151.32435347597962 300
1757594450239 151.2677992422442 301
1757594450249 151.21126700203843 302
1757594450259 151.15475674675673 303
1757594450270 151.098268467794 304
1757594450280 151.04180215654932 305
1757594450290 150.98535780442552 306
1757594450300 150.92893540282776 307
1757594450310 150.87253494316656 308
1757594450320 150.81615641685386 309
1757594450331 150.75979981530736 310
1757594450341 150.70346512994314 311
1757594450351 150.64715235218776 312
1757594450362 150.59086147346463 313
1757594450372 150.53459248520514 314
1757594450382 150.4783453788415 315
1757594450392 150.42212014580954 316
1757594450402 150.36591677754961 317
1757594450412 150.30973526550386 318
1757594450422 150.2535756011201 319
1757594450432 150.197437775847 320
1757594450443 150.1413217811381 321
1757594450453 150.0852276084486 322
1757594450463 150.02915524924035 323
1757594450473 149.97310469497504 324
1757594450484 149.91707593711934 325
1757594450494 149.86106896714375 326
1757594450504 149.8050837765213 327
1757594450514 149.74912035672713 328
1757594450524 149.6931786992442 329
1757594450534 149.63725879555227 330
1757594450545 149.58136063713957 331
1757594450555 149.525484215497 332
1757594450565 149.46962952211635 333
1757594450576 149.41379654849425 334
1757594450586 149.35798528613125 335
1757594450596 149.30219572653047 336
1757594450607 149.24642786119847 337
1757594450617 149.19068168164512 338
1757594450627 149.13495717938412 339
1757594450637 149.0792543459319 340
1757594450648 149.02357317280894 341
1757594450658 148.96791365153655 342
1757594450668 148.9122757736432 343
1757594450679 148.8566595306582 344
1757594450689 148.80106491411553 345
1757594450700 148.74549191555093 346
1757594450710 148.6899405265041 347
1757594450720 148.6344107385188 348
1757594450730 148.57890254314188 349
1757594450741 148.52341593192236 350
1757594450751 148.46795089641478 351
1757594450762 148.41250742817454 352
1757594450772 148.3570855187614 353
1757594450782 148.3016851597382 354
1757594450793 148.2463063426725 355
1757594450804 148.19094905913383 356
1757594450814 148.13561330069444 357
1757594450825 148.08029905893136 358
1757594450835 148.02500632542407 359
1757594450846 147.96973509175564 360
1757594450856 147.91448534951215 361
1757594450867 147.85925709028373 362
1757594450877 147.80405030566294 363
1757594450888 147.74886498724567 364
1757594450898 147.69370112663202 365
1757594450909 147.63855871542404 366
1757594450919 147.5834377452292 367
1757594450930 147.52833820765463 368
1757594450940 147.47326009431498 369
1757594450951 147.41820339682585 370
1757594450962 147.36316810680617 371
1757594450973 147.30815421587866 372
1757594450983 147.25316171566857 373
1757594450994 147.19819059780633 374
1757594451005 147.1432408539225 375
1757594451016 147.08831247565388 376
1757594451026 147.03340545464076 377
1757594451037 146.9785197825235 378
1757594451048 146.9236554509479 379
1757594451058 146.86881245156243 380
1757594451069 146.81399077602185 381
1757594451083 146.75919041597845 382
1757594451094 146.70441136309194 383
1757594451104 146.649653609025 384
1757594451115 146.59491714544146 385
1757594451125 146.54020196401174 386
1757594451136 146.48550805640588 387
1757594451146 146.43083541429888 388
1757594451157 146.37618402937065 389
1757594451167 146.32155389330126 390
1757594451178 146.2669449977759 391
1757594451188 146.21235733448344 392
1757594451199 146.1577908951138 393
1757594451210 146.10324567136345 394
1757594451221 146.04872165492856 395
1757594451232 145.99421883751108 396
1757594451243 145.93973721081548 397
1757594451253 145.88527676654883 398
1757594451264 145.8308374964223 399
1757594451275 145.7764193921506 400
1757594451285 145.722022445451 401
1757594451296 145.66764664804265 402
1757594451307 145.61329199165192 403
1757594451318 145.55895846800405 404
1757594451329 145.50464606883097 405
1757594451339 145.45035478586485 406
1757594451350 145.39608461084362 407
1757594451361 145.34183553550704 408
1757594451372 145.28760755159874 409
1757594451382 145.23340065086575 410
1757594451393 145.17921482505608 411
1757594451404 145.1250500659255 412
1757594451415 145.07090636522898 413
1757594451426 145.0167837147258 414
1757594451437 144.9626821061792 415
1757594451448 144.90860153135532 416
1757594451459 144.8545419820231 417
1757594451469 144.80050344995593 418
1757594451480 144.74648592692895 419
1757594451491 144.69248940472025 420
1757594451502 144.63851387511343 421
1757594451513 144.58455932989435 422
1757594451524 144.5306257608501 423
1757594451535 144.47671315977314 424
1757594451546 144.42282151845856 425
1757594451557 144.36895082870532 426
1757594451568 144.31510108231436 427
1757594451579 144.26127227109077 428
1757594451590 144.207464386842 429
1757594451601 144.15367742138008 430
1757594451612 144.0999113665189 431
1757594451623 144.04616621407513 432
1757594451634 143.99244195587193 433
1757594451644 143.93873858373166 434
1757594451655 143.88505608948194 435
1757594451666 143.8313944649537 436
1757594451677 143.77775370197958 437
1757594451688 143.7241337923972 438
1757594451699 143.67053472804758 439
1757594451710 143.6169565007714 440
1757594451722 143.56339910241755 441
1757594451733 143.50986252483548 442
1757594451744 143.45634675987728 443
1757594451755 143.40285179939866 444
1757594451765 143.3493776352603 445
1757594451777 143.2959242593241 446
1757594451788 143.2424916634553 447
1757594451799 143.18907983952332 448
1757594451810 143.13568877939966 449
1757594451821 143.0823184749603 450
1757594451832 143.02896891808308 451
1757594451843 142.97564010064949 452
1757594451854 142.92233201454647 453
1757594451865 142.86904465165878 454
1757594451876 142.81577800387967 455
1757594451887 142.7625320631028 456
1757594451898 142.70930682122633 457
1757594451909 142.6561022701512 458
1757594451920 142.6029184017801 459
1757594451932 142.54975520802077 460
1757594451942 142.49661268078336 461
1757594451953 142.44349081198166 462
1757594451965 142.39038959353215 463
1757594451976 142.33730901735515 464
1757594451987 142.28424907537274 465
1757594451998 142.2312097595116 466
1757594452009 142.17819106170037 467
1757594452020 142.12519297387263 468
1757594452031 142.0722154879633 469
1757594452042 142.0192585959123 470
1757594452053 141.96632228965927 471
1757594452065 141.9134065611513 472
1757594452076 141.86051140233621 473
1757594452087 141.80763680516628 474
1757594452099 141.75478276159438 475
1757594452113 141.70194926357954 476
1757594452124 141.64913630308186 477
1757594452135 141.5963438720669 478
1757594452146 141.54357196250083 479
1757594452157 141.49082056635402 480
1757594452168 141.43808967560028 481
1757594452180 141.38537928221598 482
1757594452191 141.33268937818175 483
1757594452202 141.2800199554805 484
1757594452213 141.22737100609746 485
1757594452224 141.17474252202246 486
1757594452235 141.12213449524813 487
1757594452247 141.06954691777008 488
1757594452258 141.01697978158708 489
1757594452269 140.96443307870064 490
1757594452280 140.9119068011158 491
1757594452292 140.85940094084174 492
1757594452303 140.8069154898878 493
1757594452315 140.7544504402705 494
1757594452327 140.7020057840055 495
1757594452338 140.64958151311552 496
1757594452350 140.59717761962264 497
1757594452361 140.5447940955546 498
1757594452372 140.49243093294123 499
