1757517818801 169.32394565039036 0
1757517818810 168.68893475333704 1
1757517818819 168.05639296098704 2
1757517818828 167.42631061506628 3
1757517818836 166.79867809519672 4
1757517818845 166.17348581874413 5
1757517818854 165.55072424068285 6
1757517818862 164.93038385343095 7
1757517818871 164.3124551867146 8
1757517818880 163.69692880741638 9
1757517818888 163.08379531943257 10
1757517818897 162.4730453635262 11
1757517818905 161.86466961717852 12
1757517818914 161.25865879445223 13
1757517818923 160.65500364584088 14
1757517818931 160.05369495812892 15
1757517818940 159.45472355424667 16
1757517818948 158.85808029313347 17
1757517818957 158.26375606958894 18
1757517818966 157.6717418141374 19
1757517818975 157.08202849288426 20
1757517818983 156.49460710737884 21
1757517818992 155.90946869447336 22
1757517819002 155.326604326186 23
1757517819012 154.74600510955753 24
1757517819021 154.16766218652012 25
1757517819030 153.59156673375736 26
1757517819038 153.01770996256587 27
1757517819047 152.44608311872338 28
1757517819055 151.87667748234838 29
1757517819064 151.3094843677692 30
1757517819072 150.7444951233885 31
1757517819081 150.18170113154773 32
1757517819090 149.6210938083931 33
1757517819098 149.06266460374854 34
1757517819107 148.50640500097634 35
1757517819115 147.95230651684804 36
1757517819124 147.40036070141304 37
1757517819134 146.8505591378706 38
1757517819143 146.3028934424346 39
1757517819151 145.7573552642058 40
1757517819160 145.21393628504387 41
1757517819169 144.67262821943748 42
1757517819177 144.1334228143769 43
1757517819186 143.59631184922313 44
1757517819194 143.06128713558647 45
1757517819203 142.52834051719327 46
1757517819212 141.9974638697653 47
1757517819221 141.4686491008885 48
1757517819230 140.9418881498957 49
1757517819238 140.41717298773054 50
1757517819247 139.8944956168349 51
1757517819256 139.373848071016 52
1757517819264 138.85522241533127 53
1757517819273 138.33861074595606 54
1757517819282 137.82400519006987 55
1757517819291 137.31139790573025 56
1757517819299 136.80078108175152 57
1757517819308 136.29214693758593 58
1757517819317 135.78548772320133 59
1757517819326 135.28079571896043 60
1757517819335 134.77806323550482 61
1757517819344 134.2772826136335 62
1757517819352 133.77844622418303 63
1757517819361 133.28154646791504 64
1757517819370 132.78657577539025 65
1757517819378 132.2935266068596 66
1757517819388 131.8023914521406 67
1757517819396 131.3131628305077 68
1757517819405 130.82583329057047 69
1757517819414 130.34039541016344 70
1757517819423 129.85684179622663 71
1757517819432 129.3751650846952 72
1757517819441 128.8953579403822 73
1757517819450 128.41741305686892 74
1757517819459 127.94132315638656 75
1757517819468 127.46708098970893 76
1757517819477 126.99467933603657 77
1757517819485 126.5241110028873 78
1757517819494 126.05536882598348 79
1757517819503 125.58844566914233 80
1757517819512 125.12333442416404 81
1757517819521 124.66002801072402 82
1757517819530 124.1985193762611 83
1757517819539 123.73880149586846 84
1757517819548 123.2808673721881 85
1757517819557 122.82471003529984 86
1757517819566 122.37032254261229 87
1757517819574 121.91769797875818 88
1757517819583 121.46682945548737 89
1757517819592 121.01771011155857 90
1757517819601 120.57033311263328 91
1757517819610 120.1246916511718 92
1757517819619 119.68077894632599 93
1757517819629 119.2385882438358 94
1757517819638 118.79811281592416 95
1757517819647 118.35934596119246 96
1757517819656 117.92228100451906 97
1757517819665 117.48691129695263 98
1757517819674 117.05323021561237 99
1757517819683 116.62123116358299 100
1757517819692 116.19090756981531 101
1757517819701 115.76225288902212 102
1757517819710 115.33526060157969 103
1757517819719 114.90992421342403 104
1757517819728 114.48623725595318 105
1757517819737 114.064193285924 106
1757517819746 113.64378588535561 107
1757517819755 113.22500866142865 108
1757517819764 112.80785524638618 109
1757517819773 112.39231929743669 110
1757517819782 111.97839449665408 111
1757517819792 111.56607455088051 112
1757517819801 111.15535319163128 113
1757517819810 110.74622417499398 114
1757517819819 110.3386812815335 115
1757517819828 109.93271831619991 116
1757517819838 109.5283291082259 117
1757517819848 109.12550751103558 118
1757517819857 108.72424740214734 119
1757517819866 108.32454268308301 120
1757517819875 107.92638727926837 121
1757517819885 107.52977513994207 122
1757517819894 107.13470023806221 123
1757517819903 106.74115657021228 124
1757517819912 106.34913815650916 125
1757517819921 105.95863904050991 126
1757517819931 105.5696532891197 127
1757517819940 105.18217499250063 128
1757517819949 104.79619826398019 129
1757517819959 104.41171723996 130
1757517819968 104.02872607982415 131
1757517819977 103.64721896585313 132
1757517819986 103.2671901031267 133
1757517819996 102.88863371944201 134
1757517820005 102.51154406521819 135
1757517820018 102.13591541341168 136
1757517820027 101.76174205942569 137
1757517820106 101.3890183210221 138
1757517820116 101.01773853823339 139
1757517820125 100.64789707327711 140
1757517820145 100.2794883104656 141
1757517820157 99.91250665612262 142
1757517820167 99.54694653849373 143
1757517820177 99.18280240766263 144
1757517820186 98.82006873546308 145
1757517820196 98.4587400153959 146
1757517820205 98.09881076254136 147
1757517820214 97.7402755134779 148
1757517820223 97.38312882619387 149
1757517820233 97.02736528000457 150
1757517820242 96.67297947546999 151
1757517820252 96.31996603431 152
1757517820261 95.96831959932244 153
1757517820271 95.61803483429685 154
1757517820280 95.26910642393719 155
1757517820289 94.921529073776 156
1757517820299 94.57529751009483 157
1757517820308 94.230406479839 158
1757517820318 93.88685075054187 159
1757517820327 93.54462511023888 160
1757517820337 93.2037243673908 161
1757517820346 92.86414335080082 162
1757517820356 92.5258769095374 163
1757517820365 92.18891991285047 164
1757517820374 91.85326725009767 165
1757517820383 91.51891383065963 166
1757517820393 91.1858545838662 167
1757517820403 90.85408445891473 168
1757517820412 90.52359842479443 169
1757517820422 90.19439147020694 170
1757517820431 89.86645860348891 171
1757517820441 89.53979485253643 172
1757517820450 89.21439526472668 173
1757517820460 88.89025490684193 174
1757517820470 88.56736886499432 175
1757517820479 88.24573224454743 176
1757517820489 87.92534017004313 177
1757517820498 87.60618778512499 178
1757517820508 87.288270252465 179
1757517820517 86.97158275368503 180
1757517820527 86.65612048928564 181
1757517820537 86.34187867857273 182
1757517820547 86.02885255958064 183
1757517820557 85.71703738899942 184
1757517820566 85.40642844210376 185
1757517820576 85.0970210126767 186
1757517820586 84.7888104129406 187
1757517820595 84.48179197348135 188
1757517820605 84.17596104317738 189
1757517820614 83.87131298912938 190
1757517820624 83.56784319658685 191
1757517820634 83.26554706887681 192
1757517820643 82.96442002733473 193
1757517820653 82.664457511231 194
1757517820663 82.36565497770374 195
1757517820672 82.06800790168518 196
1757517820682 81.77151177583472 197
1757517820692 81.47616211046682 198
1757517820701 81.18195443348425 199
1757517820711 80.88888429030729 200
1757517820721 80.59694724380554 201
1757517820730 80.30613887422848 202
1757517820740 80.01645477913857 203
1757517820750 79.72789057334194 204
1757517820760 79.44044188882226 205
1757517820769 79.15410437467216 206
1757517820779 78.86887369702569 207
1757517820789 78.58474553899302 208
1757517820799 78.30171560059132 209
1757517820808 78.01977959868147 210
1757517820818 77.7389332668991 211
1757517820828 77.45917235559051 212
1757517820837 77.1804926317453 213
1757517820847 76.90288987893412 214
1757517820857 76.62635989723951 215
1757517820867 76.35089850319397 216
1757517820877 76.07650152971502 217
1757517820887 75.8031648260391 218
1757517820897 75.53088425766069 219
1757517820907 75.2596557062645 220
1757517820917 74.98947506966508 221
1757517820927 74.72033826174196 222
1757517820936 74.45224121237717 223
1757517820947 74.1851798673922 224
1757517820956 73.91915018848516 225
1757517820966 73.65414815316811 226
1757517820976 73.39016975470759 227
1757517820986 73.1272110020582 228
1757517820996 72.86526791980536 229
1757517821006 72.604336548101 230
1757517821016 72.34441294260418 231
1757517821026 72.08549317441857 232
1757517821035 71.82757333003508 233
1757517821045 71.57064951126635 234
1757517821058 71.31471783519113 235
1757517821068 71.0597744340919 236
1757517821078 70.80581545539678 237
1757517821088 70.55283706161826 238
1757517821098 70.30083543029556 239
1757517821108 70.049806753934 240
1757517821118 69.79974723994843 241
1757517821127 69.55065311060318 242
1757517821137 69.30252060295345 243
1757517821147 69.05534596878809 244
1757517821157 68.80912547457221 245
1757517821167 68.56385540138828 246
1757517821177 68.31953204487917 247
1757517821187 68.0761517151918 248
1757517821197 67.83371073691863 249
1757517821207 67.59220544904319 250
1757517821217 67.35163220488103 251
1757517821227 67.11198737202517 252
1757517821237 66.87326733229033 253
1757517821247 66.63546848165475 254
1757517821257 66.3985872302077 255
1757517821267 66.16262000209159 256
1757517821277 65.92756323544859 257
1757517821287 65.6934133823641 258
1757517821297 65.46016690881326 259
1757517821307 65.22782029460627 260
1757517821317 64.99637003333264 261
1757517821327 64.76581263230918 262
1757517821336 64.53614461252496 263
1757517821347 64.30736250858763 264
1757517821357 64.07946286867066 265
1757517821367 63.85244225445902 266
1757517821377 63.62629724109699 267
1757517821387 63.40102441713501 268
1757517821397 63.176620384476905 269
1757517821407 62.953081758328416 270
1757517821417 62.730405167143665 271
1757517821426 62.50858725257286 272
1757517821437 62.2876246694134 273
1757517821447 62.06751408555449 274
1757517821457 61.84825218192834 275
1757517821467 61.62983565245831 276
1757517821478 61.41226120400647 277
1757517821488 61.19552555632521 278
1757517821498 60.979625442006174 279
1757517821508 60.76455760642787 280
1757517821518 60.55031880770637 281
1757517821528 60.336905816647665 282
1757517821538 60.1243154166947 283
1757517821548 59.9125444038793 284
1757517821558 59.7015895867727 285
1757517821568 59.491447786435636 286
1757517821578 59.28211583637001 287
1757517821588 59.07359058247034 288
1757517821598 58.86586888297429 289
1757517821608 58.65894760841432 290
1757517821619 58.45282364157036 291
1757517821629 58.24749387741998 292
1757517821639 58.04295522309291 293
1757517821649 57.83920459782142 294
1757517821659 57.63623893289383 295
1757517821669 57.43405517160616 296
1757517821680 57.23265026921572 297
1757517821690 57.03202119289477 298
1757517821700 56.83216492168326 299
1757517821710 56.633078446440784 300
1757517821720 56.434758769803125 301
1757517821730 56.23720290613317 302
1757517821741 56.040407881476966 303
1757517821751 55.84437073351655 304
1757517821762 55.64908851152529 305
1757517821772 55.45455827632123 306
1757517821782 55.260777100222974 307
1757517821793 55.067742067004446 308
1757517821803 54.87545027184805 309
1757517821813 54.68389882130282 310
1757517821824 54.493084833238186 311
1757517821834 54.30300543679878 312
1757517821845 54.11365777236239 313
1757517821856 53.92503899149377 314
1757517821866 53.73714625690179 315
1757517821877 53.54997674239611 316
1757517821887 53.363527632842114 317
1757517821898 53.17779612411978 318
1757517821908 52.99277942307699 319
1757517821918 52.80847474749112 320
1757517821928 52.62487932602178 321
1757517821939 52.44199039817093 322
1757517821949 52.25980521423945 323
1757517821960 52.07832103528457 324
1757517821971 51.89753513307749 325
1757517821981 51.717444790062025 326
1757517821991 51.53804729931241 327
1757517822002 51.359339964491284 328
1757517822012 51.181320099808964 329
1757517822023 51.00398502998079 330
1757517822033 50.82733209018761 331
1757517822044 50.65135862603271 332
1757517822055 50.47606199350239 333
1757517822066 50.30143955892541 334
1757517822076 50.127488698930726 335
1757517822086 49.954206800408485 336
1757517822097 49.78159126047022 337
1757517822107 49.60963948640705 338
1757517822118 49.43834889565084 339
1757517822128 49.2677169157344 340
1757517822139 49.097740984251914 341
1757517822150 48.92841854881874 342
1757517822160 48.75974706703253 343
1757517822171 48.59172400643503 344
1757517822181 48.42434684447111 345
1757517822192 48.2576130684518 346
1757517822202 48.09152017551402 347
1757517822213 47.926065672582844 348
1757517822223 47.761247076334236 349
1757517822234 47.59706191315403 350
1757517822245 47.43350771910247 351
1757517822258 47.27058203987408 352
1757517822269 47.10828243076235 353
1757517822282 46.94660645661957 354
1757517822294 46.785551691821006 355
1757517822306 46.625115720226944 356
1757517822318 46.46529613514545 357
1757517822331 46.3060905392954 358
1757517822343 46.14749654476979 359
1757517822355 45.989511772998625 360
1757517822366 45.83213385471203 361
1757517822379 45.675360429904885 362
1757517822390 45.519189147799 363
1757517822401 45.36361766680823 364
1757517822412 45.208643654501344 365
1757517822423 45.05426478756738 366
1757517822433 44.90047875177837 367
1757517822444 44.74728324195481 368
1757517822455 44.594675961929624 369
1757517822466 44.442654624513125 370
1757517822477 44.29121695145804 371
1757517822488 44.140360673423615 372
1757517822499 43.99008352994093 373
1757517822510 43.84038326937915 374
1757517822520 43.691257648909335 375
1757517822531 43.54270443447096 376
1757517822541 43.39472140073681 377
1757517822552 43.24730633107975 378
1757517822563 43.10045701753697 379
1757517822574 42.95417126077766 380
1757517822585 42.80844687006899 381
1757517822595 42.66328166324056 382
1757517822606 42.51867346665293 383
1757517822617 42.37462011516318 384
1757517822628 42.23111945209197 385
1757517822638 42.088169329190265 386
1757517822649 41.94576760660548 387
1757517822661 41.80391215284978 388
1757517822672 41.662600844766544 389
1757517822682 41.52183156749782 390
1757517822693 41.38160221445223 391
1757517822705 41.24191068727153 392
1757517822716 41.10275489579959 393
1757517822726 40.96413275804883 394
1757517822737 40.82604220016941 395
1757517822748 40.68848115641696 396
1757517822759 40.551447569120505 397
1757517822770 40.41493938865109 398
1757517822781 40.2789545733896 399
1757517822792 40.14349108969639 400
1757517822803 40.00854691187991 401
1757517822813 39.87412002216405 402
1757517822824 39.74020841065907 403
1757517822835 39.606810075329236 404
1757517822846 39.4739230219626 405
1757517822857 39.34154526414089 406
1757517822868 39.20967482320716 407
1757517822879 39.07830972823791 408
1757517822890 38.947448016010384 409
1757517822901 38.81708773097395 410
1757517822912 38.68722692521902 411
1757517822926 38.557863658447566 412
1757517822942 38.42899599794371 413
1757517822955 38.30062201854304 414
1757517822967 38.17273980260329 415
1757517822979 38.04534743997581 416
1757517822990 37.91844302797428 417
1757517823001 37.792024671347754 418
1757517823012 37.66609048224977 419
1757517823023 37.540638580209404 420
1757517823034 37.415667092103725 421
1757517823045 37.29117415212754 422
1757517823056 37.167157901765236 423
1757517823067 37.04361648976236 424
1757517823078 36.920548072096985 425
1757517823089 36.79795081195147 426
1757517823101 36.67582287968375 427
1757517823113 36.5541624528002 428
1757517823125 36.43296771592632 429
1757517823141 36.312236860779734 430
1757517823152 36.19196808614221 431
1757517823164 36.07215959783175 432
1757517823175 35.95280960867549 433
1757517823186 35.8339163384816 434
1757517823197 35.71547801401191 435
1757517823208 35.59749286895563 436
1757517823220 35.479959143900906 437
1757517823231 35.36287508630861 438
1757517823242 35.24623895048519 439
1757517823253 35.13004899755582 440
1757517823264 35.01430349543735 441
1757517823275 34.89900071881236 442
1757517823286 34.78413894910231 443
1757517823297 34.66971647444032 444
1757517823309 34.555731589646754 445
1757517823320 34.442182596201036 446
1757517823331 34.329067802216706 447
1757517823342 34.21638552241468 448
1757517823354 34.10413407809874 449
1757517823365 33.99231179712776 450
1757517823376 33.880917013891086 451
1757517823387 33.769948069283565 452
1757517823398 33.659403310678826 453
1757517823410 33.549281091904376 454
1757517823421 33.43957977321639 455
1757517823432 33.33029772127461 456
1757517823443 33.2214333091168 457
1757517823455 33.11298491613421 458
1757517823466 33.00495092804667 459
1757517823478 32.89732973687717 460
1757517823489 32.79011974092785 461
1757517823500 32.68331934475521 462
1757517823512 32.57692695914547 463
1757517823523 32.47094100109033 464
1757517823534 32.36535989376196 465
1757517823545 32.26018206649004 466
1757517823557 32.15540595473646 467
1757517823568 32.05103000007209 468
1757517823579 31.94705265015242 469
1757517823590 31.8434723586938 470
1757517823602 31.740287585449394 471
1757517823613 31.637496796186202 472
1757517823624 31.535098462661093 473
1757517823635 31.433091062596883 474
1757517823646 31.331473079660153 475
1757517823658 31.230243003436716 476
1757517823669 31.12939932940871 477
1757517823680 31.028940558932547 478
1757517823692 30.92886519921416 479
1757517823703 30.829171763287565 480
1757517823714 30.729858769991175 481
1757517823726 30.63092474394529 482
1757517823737 30.532368215529644 483
1757517823749 30.43418772086028 484
1757517823760 30.336381801768418 485
1757517823771 30.238949005775382 486
1757517823783 30.1418878860737 487
1757517823794 30.045197001502416 488
1757517823806 29.94887491652579 489
1757517823817 29.85292020121111 490
1757517823828 29.75733143120699 491
1757517823839 29.662107187721663 492
1757517823851 29.567246057500213 493
1757517823863 29.472746632804025 494
1757517823875 29.378607511388466 495
1757517823887 29.284827296481897 496
1757517823898 29.191404596763476 497
1757517823910 29.098338026342674 498
1757517823921 29.00562620473713 499
