1757518553188 0.2988722653377142 0
1757518553221 0.007101504311007675 1
1757518553254 0.4666807459255681 2
1757518553287 0.23713690808940022 3
1757518553321 3.5357029836840734 4
1757518553361 0.03458964560620661 5
1757518553395 0.005421833232767389 6
1757518553429 0.03933442830790853 7
1757518553462 0.5407578809651828 8
1757518553495 0.05448274811813831 9
1757518553529 0.03865178318727165 10
1757518553562 0.02000826229047639 11
1757518553595 0.39469698222226435 12
1757518553630 0.00010367857699197006 13
1757518553665 0.40017969047650453 14
1757518553698 0.02783263023210354 15
1757518553732 0.20095604747508122 16
1757518553765 0.028309436684063525 17
1757518553799 0.07675102684731043 18
1757518553832 0.02290185782430909 19
1757518553865 0.2053585147487735 20
1757518553898 0.01579218798320754 21
1757518553931 0.254924082057749 22
1757518553965 0.0034547579582913375 23
1757518553998 0.009355421078429791 24
1757518554031 0.08061495175801597 25
1757518554065 0.015060825677870801 26
1757518554099 0.5176935564543531 27
1757518554133 0.007798491322165273 28
1757518554167 0.05425045039507072 29
1757518554200 0.01782261687778759 30
1757518554234 0.058111492128018485 31
1757518554268 0.016672444983366445 32
1757518554301 0.07301207123122774 33
1757518554335 0.016375581228796992 34
1757518554369 0.055872315374183586 35
1757518554415 0.016555736179477445 36
1757518554452 0.020846874141860018 37
1757518554486 0.011949251106364363 38
1757518554520 0.09654046254848686 39
1757518554554 0.03382324615516545 40
1757518554587 0.023283474721735108 41
1757518554621 0.6347527309033663 42
1757518554655 0.03522236583300649 43
1757518554689 0.07711853079871422 44
1757518554722 0.0006121264751310419 45
1757518554756 0.08348267277568713 46
1757518554789 0.0062780795323336865 47
1757518554823 0.04932242818458201 48
1757518554856 0.04279929512365675 49
1757518554890 0.013413366587207586 50
1757518554934 0.1477948205898675 51
1757518554968 0.011334827680447301 52
1757518555004 0.028041203146004307 53
1757518555037 0.02338767633554775 54
1757518555073 0.16138858824873337 55
1757518555107 0.05424901194488567 56
1757518555141 0.00046513717119038876 57
1757518555176 0.05723279718289018 58
1757518555211 0.06802739706729645 59
1757518555245 0.008963895960876921 60
1757518555279 0.6728216891643394 61
1757518555313 0.010102308052863185 62
1757518555347 0.03474621326465948 63
1757518555381 1.111302675798909e-06 64
1757518555415 0.10900284730660677 65
1757518555449 0.022852638520500197 66
1757518555483 0.023728687596470236 67
1757518555517 0.033064357658284374 68
1757518555552 0.08163268118810012 69
1757518555586 0.1983530280171191 70
1757518555619 0.048364028506218064 71
1757518555653 0.012114924608443602 72
1757518555687 0.032326967900267775 73
1757518555720 0.1362638392211736 74
1757518555754 0.006242536805004982 75
1757518555788 0.00612802264584744 76
1757518555822 0.038272938169188676 77
1757518555856 0.02669540354908439 78
1757518555890 0.0741499283336043 79
1757518555924 0.07681908978381141 80
1757518555958 0.028078540624364295 81
1757518555991 0.0014512054257137758 82
1757518556025 2.197010603812678 83
1757518556060 0.1865024623537002 84
1757518556095 0.10496569137641862 85
1757518556129 0.006232317802099646 86
1757518556164 0.0019173136289773966 87
1757518556199 0.12558708561179033 88
1757518556233 0.018113574760445936 89
1757518556267 0.014114434741372731 90
1757518556302 0.04884007110499446 91
1757518556336 0.004172816395563672 92
1757518556370 0.015933310405273095 93
1757518556404 0.05011925795725739 94
1757518556439 0.032313463600387525 95
1757518556473 0.15222444652949912 96
1757518556507 0.012443839476429337 97
1757518556540 0.021084613582602395 98
1757518556574 0.08065688476200161 99
1757518556608 0.00985451911634341 100
1757518556642 0.03588523208446046 101
1757518556676 0.001915511655390988 102
1757518556710 8.789208941676597e-05 103
1757518556744 0.028085974607389597 104
1757518556778 0.23109305934425048 105
1757518556812 0.05785668623846786 106
1757518556846 0.0018735425695511228 107
1757518556880 0.1369528448480386 108
1757518556914 0.021717044737007925 109
1757518556948 0.06482090187445681 110
1757518556982 0.01751104435820405 111
1757518557017 0.023897475961076508 112
1757518557050 0.006053048878921532 113
1757518557084 0.21641164202322932 114
1757518557118 1.8801347259060186e-05 115
1757518557152 0.11000022955467324 116
1757518557186 0.955101474971393 117
1757518557220 0.04754136368119928 118
1757518557254 0.018554627336376507 119
1757518557288 0.10637881963967975 120
1757518557323 0.14513356636029612 121
1757518557358 0.03564337215650765 122
1757518557392 2.8054357362950003e-06 123
1757518557426 0.024246158179610032 124
1757518557460 0.0426874925822101 125
1757518557494 0.01564248538830133 126
1757518557528 0.04500351669675828 127
1757518557563 0.4196039171458729 128
1757518557597 0.04080401660528575 129
1757518557631 0.03515543863725612 130
1757518557665 0.03036325952890038 131
1757518557698 0.011591909852290454 132
1757518557732 0.01849764327168602 133
1757518557767 0.00020082279408278406 134
1757518557801 0.0070964803072829305 135
1757518557835 0.014863810924706827 136
1757518557869 0.036822483142223535 137
1757518557903 0.00535981074134816 138
1757518557937 0.053403506096327574 139
1757518557971 0.191088254739811 140
1757518558006 0.0006979641843328182 141
1757518558040 0.02393291939190184 142
1757518558074 0.05475363257917051 143
1757518558108 0.013262022958725516 144
1757518558143 0.0020261955382650998 145
1757518558177 1.911256405565836e-05 146
1757518558211 0.07121653840713016 147
1757518558245 0.020308223431014866 148
1757518558279 0.013228402352339793 149
1757518558314 0.025394185060986743 150
1757518558348 0.011778838426675129 151
1757518558382 0.003856354849548414 152
1757518558417 0.1726586525611814 153
1757518558451 0.03670602960307494 154
1757518558485 0.03566359877793642 155
1757518558519 0.10257616116100575 156
1757518558553 0.013659239717654117 157
1757518558588 0.0021839486986285988 158
1757518558623 0.07325310103573028 159
1757518558657 0.20123376014635916 160
1757518558691 0.0040751032099069825 161
1757518558725 0.16838503465988322 162
1757518558759 0.01036743784476772 163
1757518558796 0.027957017005468328 164
1757518558830 0.0039976292297719054 165
1757518558865 0.024702656171053047 166
1757518558900 0.32371714379219063 167
1757518558935 0.03869667503805586 168
1757518558970 0.09794592520376423 169
1757518559003 0.1255592823708218 170
1757518559038 0.006004689868183865 171
1757518559073 0.042844936716756946 172
1757518559107 0.034448217899147815 173
1757518559141 0.00013540400719872747 174
1757518559176 6.803937504112301e-05 175
1757518559211 9.919362159357416e-07 176
1757518559245 0.200463811800661 177
1757518559280 0.010515097602700588 178
1757518559315 0.20563543699229128 179
1757518559349 0.023469139815142183 180
1757518559384 0.1110779056059965 181
1757518559418 0.22651084838209024 182
1757518559453 0.3329771572874438 183
1757518559487 0.06404323771441314 184
1757518559522 0.19708956333740413 185
1757518559557 0.07461755565236065 186
1757518559593 0.02127737645168004 187
1757518559629 0.1091625145540783 188
1757518559664 0.15846032523546374 189
1757518559699 0.004180280466733383 190
1757518559734 0.00034142835742617184 191
1757518559769 0.0003303285166433105 192
1757518559804 0.18016092067360898 193
1757518559839 0.03777184603487586 194
1757518559873 0.12021102186763329 195
1757518559908 0.03825294973003889 196
1757518559943 0.5431500614570374 197
1757518559978 1.4346866812084744 198
1757518560012 0.1165519583963159 199
1757518560047 0.3916440808866343 200
1757518560082 0.0023321436120241775 201
1757518560117 0.014730205002806664 202
1757518560152 0.0012671091241205734 203
1757518560186 0.05319907857509767 204
1757518560220 0.8165580382364054 205
1757518560255 0.033178884163711675 206
1757518560290 0.013490936797936288 207
1757518560327 0.017936908709906038 208
1757518560362 0.0041306714212465895 209
1757518560397 0.07307270256694717 210
1757518560432 0.11661493781045044 211
1757518560467 0.006958941172365505 212
1757518560501 0.13515569671886135 213
1757518560536 0.018347840903809292 214
1757518560571 0.1704694732446868 215
1757518560605 0.13146903289049355 216
1757518560640 0.08280360233756824 217
1757518560674 0.3859428133281288 218
1757518560709 0.01788500517787825 219
1757518560744 0.00040200929396107813 220
1757518560778 0.10974416150136135 221
1757518560813 0.2056842873538461 222
1757518560847 1.4689825224463895e-06 223
1757518560882 0.10350114957933024 224
1757518560916 0.025482796041498952 225
1757518560951 0.1161758690351302 226
1757518560985 0.19832670656293921 227
1757518561020 0.1468047585231351 228
1757518561055 0.1883405581068099 229
1757518561089 0.15451156539224833 230
1757518561124 0.11885455324142737 231
1757518561158 0.0009907752637727807 232
1757518561193 0.0005385502036185783 233
1757518561227 0.40131759009859075 234
1757518561262 0.05487090466185544 235
1757518561297 0.01504369453081662 236
1757518561331 0.2530934173541902 237
1757518561366 0.0582681509373909 238
1757518561401 0.1158607007738397 239
1757518561436 0.018831814717484022 240
1757518561471 0.01525653568914341 241
1757518561506 0.15496128524058342 242
1757518561540 0.009600007078148445 243
