1757594947436 2.458682022158687 0
1757594947475 0.08980048621503803 1
1757594947513 0.8704166557392337 2
1757594947551 1.5049977729361546 3
1757594947589 0.12228227813346135 4
1757594947628 0.06822804345377494 5
1757594947668 0.0900268355921312 6
1757594947706 0.0555804291169423 7
1757594947745 0.09249448023475111 8
1757594947784 0.03845966763229483 9
1757594947823 0.023310264705007147 10
1757594947861 0.02863538628508632 11
1757594947900 0.0011591972956983365 12
1757594947938 0.010798313766668559 13
1757594947979 0.0032760394908836372 14
1757594948019 0.06094098302098455 15
1757594948057 0.03368892036689205 16
1757594948095 0.033744720715026086 17
1757594948134 0.012669160515527257 18
1757594948173 0.07825443048387867 19
1757594948212 0.18920096191219582 20
1757594948251 0.0571904701527543 21
1757594948289 0.005697233109450676 22
1757594948327 0.010896670026957213 23
1757594948366 0.028208469399945285 24
1757594948404 0.002109947782235332 25
1757594948443 0.026130876993625884 26
1757594948482 0.014893318439835233 27
1757594948520 0.03367369965009894 28
1757594948558 0.21787774367791202 29
1757594948597 0.6003822483890741 30
1757594948635 0.07458212292102014 31
1757594948682 0.02360373873506259 32
1757594948725 0.7218863745688365 33
1757594948764 0.0004006677331092498 34
1757594948802 0.05836125064184375 35
1757594948841 0.016911889370901715 36
1757594948879 0.02112725143759268 37
1757594948918 0.05084558611408104 38
1757594948956 0.1281198809460765 39
1757594948995 0.073549916381862 40
1757594949034 0.0556368312357979 41
1757594949073 0.06281867395987215 42
1757594949111 0.05870355967183671 43
1757594949150 0.15566371108357852 44
1757594949188 0.09390550465385594 45
1757594949227 0.04681920370159466 46
1757594949265 0.16513435857839429 47
1757594949304 0.047110155772391894 48
1757594949343 0.04833726545221266 49
1757594949382 0.01267849342387295 50
1757594949422 0.015338460680136836 51
1757594949460 0.10825737950581144 52
1757594949499 0.002311051307886922 53
1757594949538 0.006641874595249997 54
1757594949577 0.020584114000412018 55
1757594949615 0.3388076226961386 56
1757594949654 0.0024377850376844684 57
1757594949693 0.00011636507443929002 58
1757594949731 0.06129064148094091 59
1757594949770 0.011278558997188354 60
1757594949809 0.0006284187988937265 61
1757594949848 0.01796734419343717 62
1757594949887 0.01730197098704994 63
1757594949926 0.013867764862417479 64
1757594949965 0.34735911266182506 65
1757594950004 0.04365094175858924 66
1757594950043 0.03097939088784348 67
1757594950083 0.10487933524613656 68
1757594950123 0.047551612362092655 69
1757594950162 1.9888507256743454e-06 70
1757594950201 0.01284179268651553 71
1757594950240 0.08318197591148235 72
1757594950279 0.008075480717471951 73
1757594950318 0.00984365749993804 74
1757594950357 0.0037591350842423894 75
1757594950396 0.0001314771201089749 76
1757594950435 0.005525564546107914 77
1757594950474 0.0488899724192548 78
1757594950513 0.0021504965976557344 79
1757594950552 0.05678804490799815 80
1757594950591 0.033692880224304195 81
1757594950630 0.00011657448626378903 82
1757594950669 0.0070867461824531165 83
1757594950708 0.0004333714448531059 84
1757594950747 0.0003149935326840142 85
1757594950785 0.0024362132504494255 86
1757594950824 0.012797744148724241 87
1757594950863 0.04641584058810157 88
1757594950903 0.11363341921071658 89
1757594950942 0.014857894946835263 90
1757594950981 0.03717653163513281 91
1757594951020 0.3166963730786729 92
1757594951059 0.05805613030643333 93
1757594951098 0.07069378444550357 94
1757594951137 0.22415579664957092 95
1757594951176 0.16966985009723046 96
1757594951215 0.012732754361797318 97
1757594951253 0.07006071025599905 98
1757594951293 0.007319723841071774 99
1757594951333 0.03610625092346386 100
1757594951371 0.9444528567722222 101
1757594951411 0.08626333324301877 102
1757594951451 0.05419505494147472 103
1757594951490 0.06535951279288729 104
1757594951529 0.002484252828475287 105
1757594951568 0.015415085471595959 106
1757594951607 0.05682468688521572 107
1757594951646 0.009402022272898679 108
1757594951684 0.06341195395891294 109
1757594951723 0.39535334625265883 110
1757594951762 0.044718665621943626 111
1757594951801 0.0005180487108713696 112
1757594951840 0.00037269516022509115 113
1757594951880 0.0009001674644057945 114
1757594951919 0.2355895721520216 115
1757594951958 0.41029684744129047 116
1757594951997 0.0961125455700247 117
1757594952036 0.10019559591585017 118
1757594952075 0.7547915100842659 119
1757594952114 0.2092143265914087 120
1757594952153 0.027611337042650223 121
1757594952192 0.15385837549830347 122
1757594952232 0.00033901513504399256 123
1757594952271 0.048337760551406615 124
1757594952311 0.20040033543559232 125
1757594952351 0.24760929328160997 126
1757594952390 0.00026674946701966355 127
1757594952429 0.012328728532231794 128
1757594952468 0.1741589417675215 129
1757594952508 0.01775467937261151 130
1757594952547 0.07798887649472892 131
1757594952586 0.05464410290787645 132
1757594952625 0.03559082275506972 133
1757594952665 0.02934559832897246 134
1757594952704 0.8910800139506865 135
1757594952743 0.0009399485473004607 136
1757594952782 0.26563158448259033 137
1757594952822 0.0061208347004149885 138
1757594952862 0.18687304100581775 139
1757594952901 0.0321377881602559 140
1757594952943 0.03766044053641748 141
1757594952982 0.00016194039363311513 142
1757594953022 0.02977844972769825 143
1757594953061 0.1710472098080829 144
1757594953101 0.19740755391177864 145
1757594953140 0.07080522949586257 146
1757594953180 0.01966401907848918 147
1757594953219 0.00014811029710266188 148
1757594953258 0.17853383975256523 149
1757594953297 0.3521384278651203 150
1757594953337 0.011913066708770943 151
1757594953377 0.3127125480576904 152
1757594953416 0.02483199655006442 153
1757594953456 0.00010582827372228687 154
1757594953495 0.1920290988631448 155
1757594953534 0.004518714953119589 156
1757594953574 4.486092110430819e-05 157
1757594953613 0.10182522661321508 158
1757594953652 0.1976430572183557 159
1757594953691 0.018253767044601552 160
1757594953730 0.002043943061412666 161
1757594953770 0.0018814848729919022 162
1757594953810 0.41013124706832427 163
1757594953849 0.47553067946017497 164
1757594953888 0.1696631179286669 165
1757594953927 0.1032601155520747 166
1757594953967 0.07576410431675269 167
1757594954007 0.00034663613362962364 168
1757594954046 0.2155492023880598 169
1757594954086 0.006331578985288574 170
1757594954125 0.007301036400034081 171
1757594954164 0.03587587857638157 172
1757594954204 0.10752952138819609 173
1757594954243 0.043980736792680296 174
1757594954283 0.045471592591325945 175
1757594954322 0.014375748757753264 176
1757594954361 0.18594256919473123 177
1757594954403 0.008659103773975843 178
1757594954443 0.008148066507382432 179
1757594954482 0.3326951461172238 180
1757594954522 0.007829411764126637 181
1757594954561 0.28433820017644057 182
1757594954601 0.21469214304258283 183
1757594954640 0.01647081541374161 184
1757594954680 0.13367690978467683 185
1757594954719 0.18379125354745562 186
1757594954759 0.001628858640548765 187
1757594954798 0.06967781343656464 188
1757594954840 0.11617861709897338 189
1757594954880 0.01488486256595664 190
1757594954920 0.03487043563831069 191
1757594954960 0.021242588841228583 192
1757594955000 0.04683409937258584 193
1757594955040 0.0034873868266197773 194
1757594955080 0.0514044813905339 195
1757594955119 0.04536629796291723 196
1757594955159 0.03524564992166737 197
1757594955198 0.0043424652020746645 198
1757594955238 0.0015496422416514915 199
1757594955278 0.014437755344201343 200
1757594955317 0.007914440355268997 201
1757594955357 0.07784221694349851 202
1757594955397 0.00020424905667257152 203
1757594955437 0.0124206444302363 204
1757594955485 0.12390076671236255 205
1757594955529 0.054010845463145725 206
1757594955569 0.3276629294273301 207
1757594955609 0.30229209834699594 208
1757594955649 0.14808558836159288 209
1757594955690 0.05307102082645715 210
1757594955730 0.12045564813887026 211
1757594955771 0.21266360838011128 212
1757594955810 0.24626350850221507 213
1757594955851 0.02482743818120723 214
1757594955891 0.20646787444005849 215
1757594955931 0.07544061012821605 216
1757594955970 0.16807689188242603 217
1757594956011 0.07790144424758355 218
1757594956051 0.00254918596607408 219
1757594956091 0.2450086317648189 220
1757594956131 0.10486496330521189 221
1757594956171 0.2609346237292976 222
1757594956211 0.005581965366330404 223
1757594956250 0.0033902101469095993 224
1757594956291 0.04888792549971368 225
1757594956330 0.030593428250680572 226
1757594956370 0.05705499399800693 227
1757594956410 0.4131355259589323 228
1757594956450 0.05051631194804632 229
1757594956490 0.3293517904217809 230
1757594956530 0.2270329740814692 231
1757594956571 0.001250369821058222 232
1757594956610 0.05623151471970761 233
1757594956650 0.04592649563660308 234
1757594956690 0.05126063075626592 235
1757594956730 0.014446793554593058 236
1757594956769 0.3135675597712736 237
1757594956809 0.001617937332636555 238
1757594956849 0.091699697800081 239
1757594956889 0.08853427436525284 240
1757594956928 0.0009518881735274031 241
1757594956969 0.015482734288811502 242
1757594957009 0.0649140414267445 243
1757594957050 0.054331637902030584 244
1757594957089 0.08732269339362682 245
1757594957130 0.0012463615833271018 246
1757594957170 0.02641658012550243 247
1757594957210 0.1275571344566175 248
1757594957250 0.1631268834059181 249
1757594957290 0.05981392248402386 250
1757594957330 0.0023725866161574496 251
1757594957370 0.04105578330124693 252
1757594957409 0.739117842581241 253
1757594957449 0.05027731019958107 254
1757594957490 0.030502926550546577 255
1757594957531 0.4068106750431622 256
1757594957571 4.772934451520163e-05 257
1757594957611 0.0014885281544049901 258
1757594957651 0.15137949820581342 259
1757594957691 0.01661952579510284 260
1757594957731 0.045243370342939626 261
1757594957772 0.004610382953842367 262
1757594957811 0.03495185323605854 263
1757594957852 0.009802254185005643 264
1757594957891 0.057020542436523027 265
1757594957931 0.008938246774068428 266
1757594957971 0.030619242313084702 267
1757594958011 0.2614064251347522 268
1757594958051 0.1432359060379013 269
1757594958092 0.08732765361090714 270
1757594958132 0.0004396996326979673 271
1757594958173 0.08725091096849244 272
1757594958213 0.05278056925049558 273
1757594958253 0.39013602328034896 274
1757594958293 0.0013842760625570644 275
1757594958334 0.14670927811944884 276
1757594958373 0.0007391135831797374 277
1757594958414 0.06842013250386292 278
1757594958454 0.7306146306601867 279
1757594958493 0.04265938845807925 280
1757594958533 0.07384752957321074 281
1757594958573 0.17021173837794043 282
1757594958613 0.00021114299272372082 283
1757594958654 0.01285001656273851 284
1757594958695 0.007398184764541174 285
1757594958737 0.022160528610534993 286
1757594958777 0.0004785068754633507 287
1757594958818 0.3290993887678984 288
1757594958857 0.36466893100014847 289
1757594958898 0.0440746901150097 290
1757594958937 0.06857835385744081 291
1757594958978 0.01575690140889601 292
1757594959018 0.10847490324421036 293
1757594959058 0.1821561201257326 294
1757594959099 0.09861462792853196 295
1757594959139 0.0034867327284095 296
1757594959180 0.0027139860488651886 297
1757594959222 0.12303479208024222 298
1757594959262 0.5735132812950173 299
1757594959303 0.006148176950928079 300
1757594959343 0.011191266129094367 301
1757594959384 0.08997556720651147 302
1757594959425 0.782063996751149 303
1757594959466 0.20583850072059123 304
1757594959507 0.2902547656560369 305
1757594959548 0.036920459462178194 306
1757594959588 0.004013815667733921 307
1757594959629 0.014249242500996025 308
1757594959669 0.21423188270410434 309
1757594959710 0.0025339379517179566 310
1757594959750 0.013174281279101798 311
1757594959790 0.012115404617223291 312
1757594959831 0.10972812577869549 313
1757594959872 0.026086004400249264 314
1757594959912 4.879932407013887e-05 315
1757594959953 0.010373442684211316 316
1757594959993 0.1771271082916923 317
1757594960033 0.09640963961761259 318
1757594960074 0.006641837178308062 319
1757594960114 0.06624070917483255 320
1757594960154 0.005090938016763369 321
1757594960194 0.05260531349598146 322
1757594960235 0.0052951651111696925 323
1757594960275 0.04313631867170862 324
1757594960315 0.09232325924908567 325
1757594960356 0.056553461397251106 326
1757594960396 0.5899141635209865 327
1757594960437 0.05442753854367175 328
1757594960477 0.006818560470771315 329
1757594960518 0.013085146598421313 330
1757594960558 0.03953963904275254 331
1757594960599 0.0951282072440701 332
1757594960639 0.08083919870869626 333
1757594960680 0.010913462686822044 334
1757594960720 0.005464750031684976 335
1757594960761 0.08751827498348524 336
1757594960802 0.1498926375114003 337
1757594960844 0.004241580278040286 338
1757594960884 0.03858059406611771 339
1757594960925 0.7872050815961233 340
1757594960966 0.03601306722444493 341
1757594961007 0.0009242808493848397 342
1757594961047 0.023235283397853232 343
1757594961088 0.37958291433391866 344
1757594961128 0.026391741686008517 345
1757594961169 0.24775358805165454 346
1757594961209 0.0159228007321345 347
1757594961250 0.004664708209097842 348
1757594961290 0.013033841578548488 349
1757594961330 0.008686710256411746 350
1757594961371 0.01326293251903355 351
1757594961411 0.07136244236198326 352
1757594961451 0.1032088774071274 353
1757594961493 0.039463657913796794 354
1757594961534 0.10173172180562835 355
1757594961574 0.06199317887124213 356
1757594961614 0.09953223639465687 357
1757594961656 0.022042953515780266 358
1757594961696 0.42689570299423113 359
1757594961738 0.0007771952625042671 360
1757594961778 0.23381363843503694 361
1757594961819 0.213549156233163 362
1757594961861 0.050130826521274735 363
1757594961901 0.02437851930175333 364
1757594961941 0.08152175383099998 365
1757594961982 0.03109129983273106 366
1757594962023 0.0074108002742589475 367
1757594962066 0.024209201048765706 368
1757594962108 0.018359558327400247 369
1757594962149 0.002204431085852566 370
1757594962189 0.012161455383154827 371
1757594962231 0.0018909053425129308 372
1757594962272 0.009741103489148476 373
1757594962314 0.02488201225015868 374
1757594962355 0.1294616539059754 375
1757594962396 0.010693184907938814 376
1757594962437 0.020974495889553402 377
1757594962477 0.11319582263314759 378
1757594962519 0.007300441998021979 379
1757594962560 0.020109689198151925 380
1757594962600 0.01626867506234438 381
1757594962642 0.1389813446345619 382
1757594962683 0.020107255899947885 383
1757594962724 0.0008876754279239239 384
1757594962765 0.05180990626772465 385
1757594962807 0.12287203474545194 386
1757594962847 0.024869991190350844 387
1757594962889 0.012348342495684818 388
1757594962932 0.12988975576288733 389
1757594962974 0.022773015902416135 390
1757594963016 0.31195039251553297 391
1757594963058 0.12977766694939075 392
1757594963100 0.20702257651762304 393
1757594963141 0.02709477165560858 394
1757594963182 0.04947961041425878 395
1757594963223 0.039958224587039015 396
1757594963264 0.0029648687662941755 397
1757594963306 0.009721261374993215 398
1757594963347 0.0007398269815825109 399
1757594963389 0.18135849597360718 400
1757594963429 0.0026291330890693154 401
1757594963471 0.23595571198128626 402
1757594963513 0.33189788339296256 403
1757594963555 0.15160120723995457 404
1757594963596 0.06613672089523533 405
1757594963636 0.049575697598366046 406
1757594963678 0.024558940180002865 407
1757594963718 0.022391674479627637 408
1757594963760 0.015414821386543131 409
1757594963801 0.08277092442233432 410
1757594963842 0.1300624575427083 411
1757594963884 0.10604069573514617 412
1757594963925 0.2631667491998495 413
1757594963966 0.04450284451932788 414
1757594964007 0.01497786186826145 415
1757594964049 0.028353098079514152 416
1757594964090 0.031825627057070024 417
1757594964131 0.0010547765069294569 418
1757594964172 0.028035047108041 419
1757594964213 0.11617816309079654 420
1757594964255 0.046771896677201726 421
1757594964296 0.06017531537295577 422
1757594964336 0.018983318134820834 423
1757594964378 0.1522455569712585 424
1757594964419 0.028944610539116223 425
1757594964461 0.024460773524721816 426
1757594964502 0.014900085416594077 427
1757594964544 0.034621249920988625 428
1757594964585 0.08269983291123234 429
1757594964627 0.01606292589536871 430
1757594964668 0.00024792957468318307 431
1757594964709 0.038812099151274426 432
1757594964751 0.06700365024303734 433
1757594964791 0.3717147994313986 434
1757594964834 0.032410552448293245 435
1757594964879 0.001100685093696623 436
1757594964921 0.0006483828745368942 437
1757594964966 1.0441823819543865 438
1757594965007 0.002454128147448984 439
1757594965049 0.004487079785670933 440
1757594965092 0.4057075502011965 441
1757594965134 0.16399481612261152 442
1757594965176 0.12625202352927792 443
1757594965217 0.1209990647843586 444
1757594965258 0.007202900273260846 445
1757594965299 0.005372682710262649 446
1757594965341 3.880752237206724e-05 447
1757594965382 0.11341945637760058 448
1757594965423 0.000805525193159921 449
1757594965465 0.12855486262564783 450
1757594965517 0.00024256116723778286 451
1757594965559 0.13741224730768453 452
1757594965600 0.013292298358379263 453
1757594965642 0.04777703073128338 454
1757594965684 0.17314846405519813 455
1757594965725 0.08284522775394253 456
1757594965767 0.04770927237263101 457
1757594965808 0.1673710082046498 458
1757594965849 0.08293576190834759 459
1757594965890 0.027819297652436473 460
1757594965932 0.01887826492822933 461
1757594965973 0.0048540239191873676 462
1757594966014 0.3731521027424164 463
1757594966057 0.09893674266641216 464
1757594966097 0.041105269174923 465
1757594966139 0.09780527433986125 466
1757594966181 0.017545855188200097 467
1757594966223 0.0032854625384511 468
1757594966264 0.0019842095731627905 469
1757594966306 0.02996124655335419 470
1757594966346 0.08238183752252098 471
1757594966388 0.374530996491094 472
1757594966430 0.020415635655894823 473
1757594966472 0.015156705383177184 474
1757594966513 0.2106581398019561 475
1757594966555 0.003959288636090172 476
1757594966596 0.02146593968563578 477
1757594966638 0.01137520197077589 478
1757594966679 0.06645026393039276 479
1757594966720 0.0006406700411565262 480
1757594966762 0.07865174743756746 481
1757594966804 0.03062432813439639 482
1757594966845 3.4814032192599313e-06 483
1757594966887 0.1381058830110636 484
1757594966928 0.14383513361393546 485
1757594966970 0.06989159842803391 486
1757594967011 0.08480718681283016 487
1757594967053 0.07000828640837183 488
1757594967094 0.03807204639556373 489
1757594967136 0.019603317332243193 490
1757594967177 0.19844948992993058 491
1757594967218 0.13005379512559292 492
1757594967261 0.001689692905134323 493
1757594967304 0.21294256646405688 494
1757594967346 0.13431542793019072 495
1757594967388 0.01783304517191927 496
1757594967430 0.03453787503486876 497
1757594967471 0.08935418415244863 498
1757594967512 0.009702294801332022 499
