1757594802226 0.0009123249106871101 0
1757594802260 0.04443869106953352 1
1757594802294 0.005242043020654322 2
1757594802327 0.42538847361899135 3
1757594802361 0.09095137910606521 4
1757594802395 0.0460358293235862 5
1757594802428 0.08248076315192616 6
1757594802462 0.282412405098037 7
1757594802495 0.22497040311084077 8
1757594802528 0.02324764670021122 9
1757594802561 0.019973554355794104 10
1757594802594 0.1031056507287839 11
1757594802627 0.189881149977284 12
1757594802660 0.00847285281455821 13
1757594802694 1.629023901136614 14
1757594802727 0.010190899917345344 15
1757594802761 0.1367561621581885 16
1757594802795 0.11215471215859275 17
1757594802828 0.0659768935356268 18
1757594802863 0.011441703473211525 19
1757594802902 0.01828175270525629 20
1757594802941 0.0583527420295909 21
1757594802976 0.023711982181827577 22
1757594803011 0.005550626646971481 23
1757594803046 0.00036404589996166955 24
1757594803079 4.1903866632492096e-05 25
1757594803113 0.17627265970592107 26
1757594803147 5.2264483040131345e-08 27
1757594803180 0.25121858891408777 28
1757594803214 0.10112936905872577 29
1757594803248 0.030805083105043027 30
1757594803281 0.11230669424133934 31
1757594803315 0.055959969202354694 32
1757594803348 0.11468798048683011 33
1757594803382 0.136275363415058 34
1757594803419 0.0064488839343730415 35
1757594803473 0.04924254118944129 36
1757594803508 0.004212075649255275 37
1757594803541 0.0700484471811456 38
1757594803575 0.09405810508697608 39
1757594803609 0.0006442194062618419 40
1757594803643 0.1136321806337413 41
1757594803676 0.039512552245607714 42
1757594803710 0.06866097421347499 43
1757594803744 0.0002821013254086832 44
1757594803778 0.15228128003323227 45
1757594803812 0.05656661442445462 46
1757594803846 0.006543429395844478 47
1757594803880 0.04647359956374051 48
1757594803924 3.462152723984645e-06 49
1757594803978 0.2853139965969021 50
1757594804024 0.09006876637086973 51
1757594804060 0.053915412829319234 52
1757594804095 0.050879677581144936 53
1757594804132 0.00537705178488646 54
1757594804170 0.07603347268680846 55
1757594804205 0.14048164025694554 56
1757594804241 0.320255047082376 57
1757594804276 0.039522598008765404 58
1757594804310 0.1258610170833587 59
1757594804345 0.14229321919949378 60
1757594804379 0.7410887398460543 61
1757594804413 0.49158275083249636 62
1757594804447 0.17235876134592684 63
1757594804481 0.04205483882718134 64
1757594804515 0.0009934826819804408 65
1757594804549 0.16226600947204134 66
1757594804584 0.00012233972497373234 67
1757594804619 0.0030635323557559923 68
1757594804653 0.05238219867115444 69
1757594804687 0.07016794635366402 70
1757594804721 0.03920963773818197 71
1757594804755 0.02003791342930711 72
1757594804790 0.03955241850499166 73
1757594804824 0.035757664614165595 74
1757594804860 0.24255570583215882 75
1757594804898 0.08655403954357893 76
1757594804934 0.16293692512708138 77
1757594804970 0.25668442858705653 78
1757594805005 0.2525534313433903 79
1757594805039 0.010778722461043893 80
1757594805074 0.025166398795447686 81
1757594805108 0.05243182198061052 82
1757594805142 0.01462992423409253 83
1757594805177 0.0026617461220862114 84
1757594805211 0.016299876672654152 85
1757594805246 0.12736933553618177 86
1757594805280 0.06504724469716278 87
1757594805314 0.0017505870658246464 88
1757594805349 0.040345048386487 89
1757594805383 0.0005453686751131767 90
1757594805425 0.14252325029518337 91
1757594805465 0.16482613461295503 92
1757594805500 2.1538479423420084e-05 93
1757594805536 0.007664819108100423 94
1757594805571 0.004397629557481411 95
1757594805605 0.03316857517271954 96
1757594805639 0.0042530431590486134 97
1757594805672 0.03152246700088664 98
1757594805706 0.019184020755582426 99
1757594805741 0.0225965741999055 100
1757594805775 0.1904968282859308 101
1757594805809 0.0009697744464694759 102
1757594805842 0.25281253219696503 103
1757594805876 0.0034034794053610412 104
1757594805910 0.07176025894166836 105
1757594805945 0.05416476553018249 106
1757594805979 0.394807056847435 107
1757594806013 0.9363290047145116 108
1757594806047 0.07109608077569902 109
1757594806082 0.019224197664967208 110
1757594806116 0.0107002130813498 111
1757594806150 0.021759180146831213 112
1757594806184 0.0005555517510071939 113
1757594806218 0.07104640636787767 114
1757594806252 0.02809441268274249 115
1757594806286 0.024216024558649917 116
1757594806321 0.08004601765796338 117
1757594806356 0.05389609878249677 118
1757594806390 0.0024108461040303402 119
1757594806424 6.442903152301228e-05 120
1757594806458 0.21659230711997382 121
1757594806492 7.306363424442589e-06 122
1757594806527 0.04810520176016618 123
1757594806561 0.04514003551265545 124
1757594806595 0.00651079094265275 125
1757594806629 0.0680321799902952 126
1757594806663 0.0005335810581188225 127
1757594806697 0.010388036210296523 128
1757594806732 0.02618654698420311 129
1757594806766 0.017185851197125988 130
1757594806800 0.1339621568882377 131
1757594806834 0.21664203727123865 132
1757594806867 0.09277158017817407 133
1757594806902 0.04187719673302868 134
1757594806936 0.04970820920899638 135
1757594806970 0.39190254747265874 136
1757594807004 0.009252754777661234 137
1757594807038 0.07941966595407625 138
1757594807071 0.0008031925119092093 139
1757594807105 0.05171669337688101 140
1757594807138 0.3196862703840479 141
1757594807172 0.004116264037256581 142
1757594807207 7.719522890653721e-05 143
1757594807241 0.16941621555837613 144
1757594807275 0.018664389456395918 145
1757594807309 0.06850278194344915 146
1757594807344 0.017897915154390244 147
1757594807378 0.25096231304325206 148
1757594807413 0.0886847643549252 149
1757594807447 0.010916923520337735 150
1757594807482 0.0014675673338002122 151
1757594807516 0.0001002923118029593 152
1757594807550 0.4370745612160262 153
1757594807584 0.14436989477048176 154
1757594807619 0.04042905309996092 155
1757594807653 0.3597245970804364 156
1757594807687 0.19327769982823043 157
1757594807723 0.05508217004386228 158
1757594807758 0.007977678731902672 159
1757594807793 0.10881004305231579 160
1757594807827 0.0176339041090546 161
1757594807862 0.0009267242688105658 162
1757594807896 0.21309947804704676 163
1757594807930 0.006084360495394626 164
1757594807965 0.016956186121235516 165
1757594807999 0.013362775069501702 166
1757594808035 0.16728147220074713 167
1757594808075 0.20615491989302404 168
1757594808111 0.007606252686040233 169
1757594808146 0.002073626610796522 170
1757594808184 0.39755627238758945 171
1757594808219 0.03183849041669654 172
1757594808254 0.04408104104405636 173
1757594808288 0.10167081854394433 174
1757594808324 0.1291097539956367 175
1757594808365 0.02618850809991137 176
1757594808403 0.00012414646268532162 177
1757594808439 0.008312881780450936 178
1757594808476 0.025036077775090454 179
1757594808511 0.005577591623697482 180
1757594808547 0.0014232881513413192 181
1757594808583 0.06800686800896293 182
1757594808618 0.4874646687237547 183
1757594808655 0.008905263888170388 184
1757594808691 0.01254903977844341 185
1757594808726 0.07198404385698991 186
1757594808761 0.007688710708950355 187
1757594808796 0.031975074884787645 188
1757594808831 0.008459443718751883 189
1757594808866 0.1729286806280189 190
1757594808901 0.020020500708980683 191
1757594808935 0.1120726455872579 192
1757594808970 0.00017635262608928353 193
1757594809004 0.11873311571700687 194
1757594809038 0.010119616336561764 195
1757594809073 0.037104805003962564 196
1757594809107 0.18287461496312668 197
1757594809141 0.006440594207722392 198
1757594809175 0.00036840761567638337 199
1757594809210 0.06580119558152511 200
1757594809244 0.0051811321190903745 201
1757594809279 0.036246233202871306 202
1757594809313 0.010125277507801737 203
1757594809348 0.03743976915998093 204
1757594809385 1.2454805553001662 205
1757594809420 0.03216985170501594 206
1757594809455 0.05205013662915948 207
1757594809490 0.11156659426458251 208
1757594809525 0.023968876153102975 209
1757594809559 0.10339296108003754 210
1757594809594 0.017713576446008596 211
1757594809629 0.09339941171621492 212
1757594809664 0.0006635929107866181 213
1757594809699 0.1248081071471465 214
1757594809734 0.1952607899674978 215
1757594809769 0.18086073042691786 216
1757594809804 0.2236190547512627 217
1757594809839 0.030737141789509287 218
1757594809874 0.038721237820514384 219
1757594809909 0.2719673223838925 220
1757594809945 0.015412694966028779 221
1757594809980 0.0019187777658091244 222
1757594810014 0.22667918386192837 223
1757594810049 0.008578477162423869 224
1757594810084 0.13182109099177228 225
1757594810119 0.06393482298613905 226
1757594810154 0.12718772692445512 227
1757594810189 0.4467140550305077 228
1757594810226 0.017961490283470966 229
1757594810263 0.0004947196845973127 230
1757594810299 0.1292959421698432 231
1757594810335 0.015393021006305447 232
1757594810370 0.02691415014389539 233
1757594810404 0.15800610316540087 234
1757594810439 0.05630527516866608 235
1757594810474 0.1870100195954832 236
1757594810509 0.0525085823071225 237
1757594810544 0.004318460211592958 238
1757594810578 0.1448770781308067 239
1757594810613 0.017080528658929874 240
1757594810648 0.105245261067369 241
1757594810682 0.09658135736278807 242
1757594810718 0.03822914248753709 243
1757594810753 0.09901672053306135 244
1757594810788 0.0163230639032769 245
1757594810823 0.37147021853537904 246
1757594810858 0.012829642639768556 247
1757594810892 0.0902839948658567 248
1757594810927 0.17867047615944592 249
1757594810962 0.003126131682595282 250
1757594810997 0.00018524666407791418 251
1757594811040 0.040720565831887476 252
1757594811105 0.019189684087256617 253
1757594811157 0.11419119940067274 254
1757594811197 0.0009759840862702005 255
1757594811234 0.00037340406986775305 256
1757594811272 0.011802203526790074 257
1757594811309 0.16544182815547936 258
1757594811346 0.0004281706619882434 259
1757594811382 9.472888710481166e-06 260
1757594811419 0.1643677777605805 261
1757594811454 0.042379023225403684 262
1757594811488 0.02159641509206658 263
1757594811523 0.0008784900753941754 264
1757594811558 0.0015234046500315276 265
1757594811593 0.0356418612903461 266
1757594811628 0.0017301729749480245 267
1757594811663 0.019243675628608965 268
1757594811698 0.040409505063455906 269
1757594811737 0.021105730321754744 270
1757594811773 0.2027940020927307 271
1757594811809 0.013654176410182454 272
1757594811846 0.5606950176615879 273
1757594811881 0.0050567254056332785 274
1757594811916 0.0005632377129135484 275
1757594811951 0.10752436131848157 276
1757594811986 0.017368103232137586 277
1757594812020 0.01066016222217634 278
1757594812055 0.001307968442717041 279
1757594812090 0.008419273921564201 280
1757594812126 0.17996705420051545 281
1757594812161 0.07333118252514301 282
1757594812198 0.08719609755392302 283
1757594812233 0.0004066656879118602 284
1757594812269 0.0295607097439719 285
1757594812305 0.1680176890208805 286
1757594812340 0.006241302144642958 287
1757594812376 0.507492844892177 288
1757594812411 0.008530461846937025 289
1757594812446 0.006351508733386432 290
1757594812481 0.0001948933889511078 291
1757594812517 0.04789280452880268 292
1757594812552 0.31587617238748283 293
1757594812587 0.004268040269090053 294
1757594812622 0.003107794468328445 295
1757594812659 0.012004279600060808 296
1757594812698 0.6256856858274872 297
1757594812735 0.17510224875769936 298
1757594812773 0.01681795543440468 299
1757594812808 0.00687499344420253 300
1757594812844 0.009154893054664626 301
1757594812881 0.03652598793874755 302
1757594812917 0.1118039509724069 303
1757594812959 0.02988125412303168 304
1757594813028 0.03000219080119942 305
1757594813068 0.00045637573013435225 306
1757594813106 0.20883795176538222 307
1757594813143 0.09821078439469488 308
1757594813181 0.1070039450502092 309
1757594813217 0.07720485706948488 310
1757594813254 0.4223225095632445 311
1757594813290 0.006092966510883863 312
1757594813326 0.007926327221162476 313
1757594813361 0.07079794913167395 314
1757594813397 0.21671718431038217 315
1757594813433 0.1799455080684714 316
1757594813468 0.13884087929533268 317
1757594813504 0.09644034102283232 318
1757594813539 0.0023928808818389677 319
1757594813576 0.045395108169960036 320
1757594813613 0.043805364689908595 321
1757594813649 0.0037952893656479298 322
1757594813685 0.13478885193238052 323
1757594813721 0.03898031032450105 324
1757594813756 0.03135784131474821 325
1757594813792 0.020633384929911083 326
1757594813827 0.2642546174574854 327
1757594813862 0.01581299492195675 328
1757594813898 0.038474751378431864 329
1757594813933 0.21839710463133524 330
1757594813968 7.29117011076536e-05 331
1757594814004 0.009252265428650371 332
1757594814040 0.00010416497358050311 333
1757594814075 0.04248539850025524 334
1757594814110 0.32968265527668766 335
1757594814146 1.7862297574571961 336
1757594814182 0.015404510960996182 337
1757594814217 0.12280127211735506 338
1757594814253 0.16418253587304335 339
1757594814291 0.1535120886938638 340
1757594814332 0.02319231412118945 341
1757594814386 0.0032824386249288144 342
1757594814432 0.08908741917693555 343
1757594814480 0.10578004516458227 344
1757594814544 0.047905382815876495 345
1757594814590 0.0005398932055332201 346
1757594814629 0.07358537391083542 347
1757594814671 1.0800821747617 348
1757594814714 0.3134640306013588 349
1757594814753 0.20025239477524256 350
1757594814798 0.03918692400841088 351
1757594814842 0.24845248254429722 352
1757594814885 0.02101175386149555 353
1757594814923 0.045882783675691124 354
1757594814961 0.013430039873093984 355
1757594815001 0.025283440643693623 356
1757594815040 0.2989713973763242 357
1757594815079 0.00023348786246441542 358
1757594815116 0.04077556239908417 359
1757594815156 0.026731049774380997 360
1757594815207 0.014149545373095037 361
1757594815250 0.05512477437309581 362
1757594815292 0.27083496859438877 363
1757594815331 0.058680780272357444 364
1757594815369 0.0003335258473820884 365
1757594815407 0.008891669735089792 366
1757594815455 0.048411546165513304 367
1757594815493 0.08548563492346298 368
1757594815531 0.08347759731636048 369
1757594815574 0.004867063518059827 370
1757594815617 0.018118852522093307 371
1757594815659 0.22284699214986828 372
1757594815702 1.1331186467545222 373
1757594815759 0.004389831985213294 374
1757594815800 0.08211385953302364 375
1757594815839 0.4256447969114387 376
1757594815881 5.492526755974748e-06 377
1757594815920 0.017127506759519816 378
1757594815962 0.3945241353692984 379
1757594816001 0.09078374987348535 380
1757594816044 0.052071989989486395 381
1757594816083 0.12032039829637836 382
1757594816122 0.14060332040707862 383
1757594816162 0.09029412684767396 384
1757594816200 0.002902280820846002 385
1757594816237 0.2906821365647121 386
1757594816273 0.0008334280429253122 387
1757594816309 0.057335848064354156 388
1757594816347 0.04450789678912719 389
1757594816384 0.013168289905672613 390
1757594816420 0.5292741561272821 391
1757594816457 0.002526700424454127 392
1757594816492 0.016777737623930748 393
1757594816528 2.1488695718042965e-06 394
1757594816563 0.09732409666361584 395
1757594816599 0.061976118779005766 396
1757594816635 0.013041716250129705 397
1757594816671 0.015452368152330018 398
1757594816707 0.436779535257769 399
1757594816743 0.0024271646087715842 400
1757594816780 0.0868391183937206 401
1757594816816 0.07289639984475366 402
1757594816852 0.002554198499410483 403
1757594816888 0.7176773134039311 404
1757594816923 0.08543285398732492 405
1757594816959 0.00953385793470924 406
1757594816994 0.12058527334081114 407
1757594817030 5.661354969231328e-05 408
1757594817068 0.006221925375731274 409
1757594817107 0.009331869862020154 410
1757594817145 0.039266481633937644 411
1757594817183 0.006820213224793514 412
1757594817220 0.07531467253368711 413
1757594817258 0.012475715944245213 414
1757594817294 0.004580324122628246 415
1757594817329 0.01734397851295172 416
1757594817366 0.08161074519279982 417
1757594817411 0.1064405730476541 418
1757594817447 0.0012646099330203937 419
1757594817483 0.0007258892906047231 420
1757594817519 0.06128390778392955 421
1757594817555 0.10615532160314414 422
1757594817591 0.011589437450616462 423
1757594817627 0.03225238663825211 424
1757594817663 0.03937815087083534 425
1757594817701 0.21227660047432423 426
1757594817741 0.06986048309004618 427
1757594817779 0.0026183140598416465 428
1757594817816 0.19254735675274842 429
1757594817852 0.4344703024091443 430
1757594817889 0.002762813504919155 431
1757594817925 0.023958719976550913 432
1757594817961 0.018982147049017496 433
1757594817998 0.023871906116215112 434
1757594818034 0.00011018118771350649 435
1757594818071 0.01625592126769494 436
1757594818107 0.8673787250136502 437
1757594818143 0.06207455432661229 438
1757594818180 0.004976921927002793 439
1757594818217 0.4852661938864448 440
1757594818253 0.19959351453791735 441
1757594818289 0.009148554911203012 442
1757594818325 0.04494559820763549 443
1757594818362 0.08838496869213064 444
1757594818398 0.023544681695009777 445
1757594818435 0.00375793943896078 446
1757594818472 0.032269334713860474 447
1757594818509 0.023592902065470888 448
1757594818546 0.011709245454139762 449
1757594818582 0.017426028539491684 450
1757594818618 0.0019903179210034156 451
1757594818654 0.0004207237619683662 452
1757594818690 0.027162641616509813 453
1757594818726 0.010737044497989467 454
1757594818766 0.05326131111090139 455
1757594818802 0.024583294219873496 456
1757594818842 0.005793947586981134 457
1757594818880 0.21182332274381505 458
1757594818917 0.020593858656068328 459
1757594818953 0.017394145823655734 460
1757594818990 0.11144735315962882 461
1757594819027 0.03921768233306349 462
1757594819063 0.271712087397854 463
1757594819099 0.006180585257443681 464
1757594819134 2.0859607551234327e-06 465
1757594819171 0.07262029219389342 466
1757594819207 0.012409918984032603 467
1757594819244 0.1052313069679055 468
1757594819280 0.010426112485362057 469
1757594819317 0.09658110860907006 470
1757594819353 0.013025722883635465 471
1757594819389 0.018139027802189917 472
1757594819425 0.23727364249601393 473
1757594819462 0.14103930760027628 474
1757594819498 0.06485977427595102 475
1757594819534 0.01300105180090412 476
1757594819570 0.020014209551349027 477
1757594819606 0.04037220436043729 478
1757594819643 3.4922172860812926e-05 479
1757594819678 0.0067457395274363756 480
1757594819715 0.002854725446242318 481
1757594819752 0.00773144624410248 482
1757594819788 0.2579731922499303 483
1757594819824 0.22598542926099738 484
1757594819861 0.0029856837830620486 485
1757594819898 0.20159484866724162 486
1757594819934 0.09080443206420408 487
1757594819970 0.001091556931955869 488
1757594820007 0.1008130197779535 489
1757594820043 0.39979769488760764 490
1757594820079 0.08553856783834972 491
1757594820116 0.16231243306235102 492
1757594820152 0.14402989418548723 493
1757594820188 0.05389728327350732 494
1757594820225 0.03957108997327313 495
1757594820261 0.02446627856626727 496
1757594820298 0.016024590134211293 497
1757594820334 0.074679229273565 498
1757594820370 0.051519234841142236 499
