1757594559464 2.1641331612373462 0
1757594559473 0.4019632623402848 1
1757594559482 0.4704943152118902 2
1757594559492 0.31948497833652056 3
1757594559501 0.17696927508514754 4
1757594559510 0.08724464785485934 5
1757594559519 0.1491059154726719 6
1757594559528 0.05667993687196801 7
1757594559537 0.07802323691738963 8
1757594559546 0.08073871211942422 9
1757594559555 0.08913893099279799 10
1757594559564 0.1320805611904277 11
1757594559573 0.14837057123733913 12
1757594559582 0.13711429772294959 13
1757594559594 0.1901307645994734 14
1757594559603 0.12196585439375139 15
1757594559611 0.08828877797413766 16
1757594559620 0.11667243550817945 17
1757594559629 0.08590933746889466 18
1757594559638 0.14664517826371673 19
1757594559648 0.11150117813836341 20
1757594559657 0.06981533316644872 21
1757594559666 0.08360594088674672 22
1757594559675 0.08486949170192444 23
1757594559685 0.09032552760425265 24
1757594559694 0.1550320457784297 25
1757594559703 0.0761167400839197 26
1757594559713 0.08219095709197433 27
1757594559722 0.11359513446887011 28
1757594559731 0.06405543389194081 29
1757594559740 0.08050726322673954 30
1757594559750 0.07157449363136581 31
1757594559759 0.09673013823118516 32
1757594559768 0.0834034273208911 33
1757594559777 0.07982732888837514 34
1757594559787 0.12799583616742927 35
1757594559796 0.08076540053677436 36
1757594559806 0.05609485522414527 37
1757594559815 0.05556016993918128 38
1757594559825 0.05687097221062616 39
1757594559834 0.0664774073296612 40
1757594559843 0.0842742862987679 41
1757594559852 0.12169753596706999 42
1757594559862 0.09013050027777783 43
1757594559871 0.074791122724908 44
1757594559881 0.0787083853073815 45
1757594559890 0.0828958708766835 46
1757594559900 0.07386510317623972 47
1757594559909 0.09020953005327108 48
1757594559918 0.10449163525176056 49
1757594559927 0.04164120753766041 50
1757594559937 0.21879221620975706 51
1757594559946 0.10441117800995231 52
1757594559956 0.1313694457044209 53
1757594559966 0.10478135673194977 54
1757594559975 0.1926296129261741 55
1757594559985 0.056507456746674345 56
1757594559994 0.07866666093473552 57
1757594560004 0.1144515955048956 58
1757594560014 0.11593086083564752 59
1757594560023 0.07228769737784362 60
1757594560033 0.06204518811847947 61
1757594560043 0.06667756984297107 62
1757594560052 0.06477513653644029 63
1757594560062 0.09737867793142718 64
1757594560071 0.08243568882456005 65
1757594560081 0.19146808043679128 66
1757594560091 0.09960145247480713 67
1757594560100 0.12079598832871868 68
1757594560110 0.05860219656795294 69
1757594560120 0.11059658632003269 70
1757594560129 0.10858001194657302 71
1757594560138 0.05979130145524975 72
1757594560148 0.09327005570375388 73
1757594560158 0.122942970274563 74
1757594560167 0.07604951228823795 75
1757594560177 0.06714147134620949 76
1757594560186 0.08481780326189507 77
1757594560196 0.036896205391025054 78
1757594560206 0.11527204472961682 79
1757594560215 0.07720529904904157 80
1757594560225 0.10906535441163656 81
1757594560234 0.10236533641045913 82
1757594560244 0.20476243980948583 83
1757594560253 0.07924540942454572 84
1757594560263 0.1321931322864715 85
1757594560273 0.08609905262855824 86
1757594560282 0.07509259891199788 87
1757594560292 0.2087948855150598 88
1757594560302 0.09471553850319527 89
1757594560312 0.08654712805882991 90
1757594560322 0.07785369255803473 91
1757594560332 0.06874874567881754 92
1757594560341 0.11965246753659411 93
1757594560351 0.06998842802732631 94
1757594560361 0.1160627598280318 95
1757594560371 0.19754323316599484 96
1757594560381 0.09325516221122818 97
1757594560391 0.07982695209006702 98
1757594560401 0.08497269497418143 99
1757594560410 0.08242619033677541 100
1757594560420 0.038738909595366945 101
1757594560430 0.07207038473882538 102
1757594560440 0.07960845391040557 103
1757594560450 0.08356661730824587 104
1757594560459 0.07559022766007913 105
1757594560469 0.07220087424774646 106
1757594560479 0.0886710616859628 107
1757594560489 0.0559572401299356 108
1757594560499 0.2147693407472242 109
1757594560508 0.03984076755449044 110
1757594560518 0.11782059400409318 111
1757594560528 0.07666296236617393 112
1757594560537 0.10947866850627795 113
1757594560547 0.057634198912350755 114
1757594560557 0.06860226044547856 115
1757594560567 0.08338818847543623 116
1757594560577 0.05167463505794262 117
1757594560587 0.08731423719610149 118
1757594560597 0.0762514051653 119
1757594560607 0.08012289634390427 120
1757594560617 0.10831254786079104 121
1757594560626 0.12406611945985392 122
1757594560636 0.08273783391004409 123
1757594560646 0.0662764357888831 124
1757594560656 0.06853832053171736 125
1757594560665 0.06340114335010065 126
1757594560676 0.0978011603860156 127
1757594560687 0.0958962950128697 128
1757594560697 0.06538837655779063 129
1757594560707 0.07654361223868307 130
1757594560716 0.14337578107332655 131
1757594560726 0.11401419723539342 132
1757594560736 0.05632465028475201 133
1757594560746 0.09648644163223695 134
1757594560756 0.0805157022819839 135
1757594560766 0.04870987590850169 136
1757594560775 0.06776838612187433 137
1757594560785 0.10100705380432651 138
1757594560795 0.08087856195430501 139
1757594560805 0.09957746115376327 140
1757594560815 0.09144449292784729 141
1757594560825 0.06464516569289815 142
1757594560835 0.0597104947008499 143
1757594560845 0.07284691409544393 144
1757594560855 0.12047715322702696 145
1757594560865 0.14592012855671901 146
1757594560875 0.07216530337903194 147
1757594560885 0.08807615455942332 148
1757594560895 0.05678143023417622 149
1757594560905 0.071466373394953 150
1757594560915 0.06005788968760923 151
1757594560925 0.08299844557736598 152
1757594560935 0.055068151506936204 153
1757594560945 0.08919527269768224 154
1757594560955 0.11608929350869707 155
1757594560965 0.14162262190267463 156
1757594560975 0.07093418956235721 157
1757594560985 0.09965076091534447 158
1757594560995 0.1443972859129872 159
1757594561005 0.07513601919211686 160
1757594561015 0.051697061971238696 161
1757594561025 0.10818003513157806 162
1757594561035 0.06629845985755141 163
1757594561045 0.11113623383993633 164
1757594561055 0.06372704616301053 165
1757594561065 0.1297228700894813 166
1757594561075 0.07589105414436947 167
1757594561085 0.0937085679951515 168
1757594561096 0.10065075991436409 169
1757594561106 0.11579014097067598 170
1757594561116 0.09262978990011819 171
1757594561126 0.11287660725845391 172
1757594561136 0.05718077024963411 173
1757594561146 0.08528971280447933 174
1757594561156 0.13114550203123648 175
1757594561167 0.12485237493148639 176
1757594561177 0.126393147930712 177
1757594561187 0.08630377975686795 178
1757594561197 0.07907422049951174 179
1757594561207 0.06749238927008537 180
1757594561217 0.10213181943171099 181
1757594561227 0.06524860844134664 182
1757594561237 0.09157635197623247 183
1757594561247 0.21225786784325248 184
1757594561257 0.09497985587664302 185
1757594561268 0.11225916470400302 186
1757594561278 0.08506813791151556 187
1757594561288 0.06161985876456135 188
1757594561298 0.09098067861619454 189
1757594561309 0.07856837409871009 190
1757594561319 0.07619515095590713 191
1757594561329 0.145719594525055 192
1757594561340 0.0591414898218133 193
1757594561350 0.08178012727781994 194
1757594561360 0.0620303639941486 195
1757594561371 0.09454661163389258 196
1757594561381 0.08906780718884964 197
1757594561391 0.0692013991952845 198
1757594561401 0.0659473582002778 199
1757594561412 0.062286998360076916 200
1757594561422 0.0864241349441943 201
1757594561436 0.08813655910489203 202
1757594561446 0.09163736533477675 203
1757594561456 0.08391025546418013 204
1757594561467 0.077210993546152 205
1757594561477 0.07163957875986605 206
1757594561487 0.06979404471269714 207
1757594561498 0.09508475433658946 208
1757594561508 0.06653322869370058 209
1757594561518 0.08241279002576953 210
1757594561529 0.08290630682235296 211
1757594561539 0.11493915081848105 212
1757594561550 0.08753138884506116 213
1757594561560 0.07517189020676913 214
1757594561571 0.08288478708610254 215
1757594561581 0.06602385890816088 216
1757594561591 0.1336339034639913 217
1757594561602 0.08912033552165197 218
1757594561612 0.26032323022911485 219
1757594561623 0.06137815790164606 220
1757594561633 0.09692288977265348 221
1757594561644 0.08882044080972769 222
1757594561655 0.07520395154840102 223
1757594561666 0.06305771150469752 224
1757594561678 0.08921921565976643 225
1757594561689 0.09135927633244179 226
1757594561700 0.05965680367306272 227
1757594561711 0.16165633810210842 228
1757594561722 0.09931584465681413 229
1757594561732 0.06467929187675286 230
1757594561743 0.12226829033395628 231
1757594561753 0.11087712694021727 232
1757594561764 0.05944317025970392 233
1757594561775 0.05987164723900038 234
1757594561785 0.10823851255611829 235
1757594561796 0.04779784853749445 236
1757594561806 0.12706014930417872 237
1757594561817 0.07403604898946994 238
1757594561828 0.08562145823696893 239
1757594561839 0.08939859928521836 240
1757594561849 0.05440613265044729 241
1757594561860 0.07798338447905258 242
1757594561870 0.06557181511709224 243
1757594561881 0.09003673047448782 244
1757594561892 0.07274400005955334 245
1757594561903 0.049694868689955436 246
1757594561913 0.08516477803250243 247
1757594561924 0.059930375865051955 248
1757594561935 0.08640135426391424 249
1757594561946 0.16045038002342782 250
1757594561956 0.17929100862288905 251
1757594561967 0.18972752008650318 252
1757594561978 0.0652963608117754 253
1757594561988 0.16475946100625402 254
1757594561999 0.13904839305974767 255
1757594562009 0.1504329621499457 256
1757594562020 0.11248091306509204 257
1757594562031 0.17864502086120934 258
1757594562041 0.07282147461688121 259
1757594562052 0.09018485443278453 260
1757594562063 0.13312337246717723 261
1757594562074 0.050906203632992725 262
1757594562084 0.10991975346143316 263
1757594562095 0.06281479174303678 264
1757594562106 0.08207553682795904 265
1757594562117 0.11329036695977326 266
1757594562128 0.0814605509441364 267
1757594562139 0.11482906737236151 268
1757594562149 0.07728983585379878 269
1757594562160 0.07978229611437904 270
1757594562171 0.05903352382211071 271
1757594562182 0.07810030051767147 272
1757594562193 0.10788995699037336 273
1757594562204 0.07522411197745509 274
1757594562215 0.1259392000054772 275
1757594562226 0.09954677687284326 276
1757594562236 0.10791798283326576 277
1757594562247 0.08478702426956577 278
1757594562258 0.10166429527496978 279
1757594562269 0.09032144536520627 280
1757594562279 0.07205235669949282 281
1757594562290 0.10447419835137041 282
1757594562301 0.09613714942837659 283
1757594562312 0.08370225293371204 284
1757594562322 0.18633369795758625 285
1757594562333 0.1002910431291873 286
1757594562344 0.048138523209341956 287
1757594562355 0.0753825151630885 288
1757594562366 0.05674437971532624 289
1757594562377 0.0651781369930022 290
1757594562388 0.10473953846495686 291
1757594562399 0.16673125458542962 292
1757594562410 0.077131293197224 293
1757594562421 0.06781412407643214 294
1757594562432 0.13375497973165426 295
1757594562443 0.05571346131601484 296
1757594562454 0.10695369905222324 297
1757594562465 0.10321909441023278 298
1757594562476 0.07897959605113539 299
1757594562487 0.1019064609485824 300
1757594562498 0.07817251329056064 301
1757594562509 0.08390839310105806 302
1757594562520 0.06179499778075235 303
1757594562531 0.07641471622983988 304
1757594562542 0.1155853123136161 305
1757594562552 0.08646853029564096 306
1757594562563 0.08733291711629099 307
1757594562574 0.09398237421931348 308
1757594562586 0.0913914156071503 309
1757594562597 0.11266813087951762 310
1757594562608 0.06398041572756825 311
1757594562619 0.08393249283619988 312
1757594562630 0.0638818865146475 313
1757594562642 0.08807392372939969 314
1757594562653 0.09589966135165934 315
1757594562664 0.1405027696676889 316
1757594562675 0.067083990582461 317
1757594562686 0.07386720855969432 318
1757594562697 0.09792210588406211 319
1757594562708 0.06848032421997972 320
1757594562719 0.10768303842870108 321
1757594562730 0.12683218059225426 322
1757594562741 0.09666516742664664 323
1757594562753 0.05334831879442898 324
1757594562764 0.07542012037338258 325
1757594562775 0.08771160410279893 326
1757594562788 0.1221512096709219 327
1757594562800 0.06399294150356823 328
1757594562812 0.10248080070084441 329
1757594562823 0.08978861760983343 330
1757594562834 0.08232818299860212 331
1757594562845 0.07071762827674986 332
1757594562857 0.05865609335661829 333
1757594562868 0.102464919583862 334
1757594562879 0.09667628732331583 335
1757594562890 0.0901565212727937 336
1757594562901 0.13297135412363104 337
1757594562912 0.08110306406329372 338
1757594562924 0.08187440771706805 339
1757594562935 0.06430638465591414 340
1757594562946 0.08572972019745587 341
1757594562958 0.08131806880720893 342
1757594562969 0.1186267823483436 343
1757594562981 0.12691533254577284 344
1757594562993 0.06182562893962013 345
1757594563004 0.14932775183462577 346
1757594563015 0.07639578575070015 347
1757594563026 0.12109565113516946 348
1757594563037 0.0975189977708857 349
1757594563049 0.09455174232898045 350
1757594563060 0.0901608955308245 351
1757594563071 0.06993882977007349 352
1757594563083 0.0723311644594328 353
1757594563094 0.09778652840973687 354
1757594563105 0.12969738598500946 355
1757594563117 0.10465025920852791 356
1757594563128 0.07851493053471674 357
1757594563140 0.0785991202076637 358
1757594563151 0.04953070638890399 359
1757594563163 0.1435466342709165 360
1757594563174 0.07782176571007969 361
1757594563186 0.13758048373063592 362
1757594563197 0.09286846684593267 363
1757594563209 0.08569071822066224 364
1757594563220 0.08232596385263673 365
1757594563232 0.09535711000058938 366
1757594563244 0.0895270902145124 367
1757594563256 0.10202016092062728 368
1757594563269 0.12159124539368879 369
1757594563330 0.19350204543182806 370
1757594563343 0.07034044316290276 371
1757594563356 0.042801860332211714 372
1757594563369 0.0592161102654258 373
1757594563383 0.13994732484050895 374
1757594563397 0.05589546100062914 375
1757594563410 0.07900041139833448 376
1757594563422 0.08349959323099682 377
1757594563436 0.05616458916727575 378
1757594563451 0.16914290672639368 379
1757594563468 0.06195829596679172 380
1757594563517 0.17079056638486545 381
1757594563536 0.06082797490075889 382
1757594563553 0.08294782603420692 383
1757594563567 0.15587703159385774 384
1757594563579 0.09662829606044715 385
1757594563592 0.13015977886399271 386
1757594563605 0.09469977616975861 387
1757594563617 0.0810835645240288 388
1757594563630 0.07373750451434621 389
1757594563643 0.0643105070717257 390
1757594563666 0.07277232109810912 391
1757594563683 0.07194646390783759 392
1757594563702 0.08653813312875092 393
1757594563718 0.0725872001189481 394
1757594563743 0.12806955335517553 395
1757594563756 0.0726685323443548 396
1757594563773 0.12525241084321947 397
1757594563785 0.12641327278022624 398
1757594563797 0.07798400951432696 399
1757594563808 0.1431394560918426 400
1757594563820 0.06805977512900231 401
1757594563832 0.11574050506124986 402
1757594563844 0.1072644784617676 403
1757594563856 0.07394298967571425 404
1757594563868 0.07340730946380156 405
1757594563880 0.05794106975459487 406
1757594563892 0.06310823384412763 407
1757594563905 0.20702998070369102 408
1757594563917 0.07891196273706955 409
1757594563929 0.14253563218249224 410
1757594563941 0.08836287200654565 411
1757594563953 0.15538431045536336 412
1757594563965 0.06520480628310062 413
1757594563977 0.16499145849178345 414
1757594563990 0.11665288648934974 415
1757594564001 0.1131860762103669 416
1757594564014 0.06550805631880233 417
1757594564027 0.11287417130957382 418
1757594564039 0.12059475742353093 419
1757594564051 0.10912699231882365 420
1757594564063 0.08380407965809837 421
1757594564075 0.09340632043804248 422
1757594564089 0.05906622318582078 423
1757594564102 0.07664485375070085 424
1757594564116 0.09497496827345499 425
1757594564129 0.11860942590615553 426
1757594564142 0.07492578015798221 427
1757594564155 0.08601926148797542 428
1757594564168 0.07833085987055696 429
1757594564181 0.08826174407950331 430
1757594564193 0.07488451017343059 431
1757594564205 0.09115401267309538 432
1757594564217 0.08208802328023908 433
1757594564229 0.10186136790811617 434
1757594564241 0.06459721043919563 435
1757594564254 0.10777862486504582 436
1757594564267 0.06427729462210867 437
1757594564303 0.06572320002261457 438
1757594564315 0.08161013737035462 439
1757594564328 0.05277630704445309 440
1757594564340 0.10580530326320857 441
1757594564353 0.07149159873973158 442
1757594564365 0.07200560519698959 443
1757594564377 0.09480762800680145 444
1757594564389 0.14390277454680656 445
1757594564402 0.07202561347289273 446
1757594564415 0.08983998694660555 447
1757594564428 0.07754757859797641 448
1757594564441 0.07136088555684068 449
1757594564453 0.13185708518007125 450
1757594564466 0.11283539458487876 451
1757594564478 0.0992788909994121 452
1757594564491 0.12610461701820044 453
1757594564503 0.06428244827568405 454
1757594564516 0.11825591902819096 455
1757594564528 0.10063463755461186 456
1757594564540 0.11885229655589558 457
1757594564552 0.07160399773249013 458
1757594564566 0.11063985471209897 459
1757594564582 0.12387007442555803 460
1757594564598 0.09989460903044017 461
1757594564613 0.1167112852281519 462
1757594564634 0.10035998766823388 463
1757594564675 0.06553017849251187 464
1757594564712 0.06311441794586488 465
1757594564739 0.11615390919545435 466
1757594564755 0.0812539140733553 467
1757594564774 0.04752174445112357 468
1757594564790 0.0607790203482582 469
1757594564803 0.10909793421212843 470
1757594564817 0.14876315778766946 471
1757594564830 0.11416859646577737 472
1757594564842 0.07358137837381223 473
1757594564855 0.08470281007939862 474
1757594564868 0.08869026809752449 475
1757594564880 0.18067159191357737 476
1757594564893 0.05713166073983334 477
1757594564906 0.04319114591079228 478
1757594564918 0.08064303772345927 479
1757594564930 0.06345656119256804 480
1757594564942 0.10830209961517057 481
1757594564955 0.06525849098537059 482
1757594564967 0.07471064075707373 483
1757594564979 0.11340714760211208 484
1757594564991 0.10995796150181311 485
1757594565004 0.0680911556001721 486
1757594565016 0.09978559005037432 487
1757594565028 0.04127197894708456 488
1757594565040 0.1626511051293117 489
1757594565052 0.04291226649720218 490
1757594565065 0.12383535111702797 491
1757594565077 0.14479413861273346 492
1757594565089 0.12494185807390343 493
1757594565101 0.07150621100114557 494
1757594565114 0.17123298935430767 495
1757594565127 0.06127061282252044 496
1757594565140 0.0768319907444055 497
1757594565152 0.10502723823976044 498
1757594565165 0.07480220572169265 499
