1757594648396 7.782880386102395 0
1757594648405 1.531740003378829 1
1757594648415 3.443113856768026 2
1757594648424 1.955606488815648 3
1757594648434 2.6106604400705837 4
1757594648443 2.374116412779352 5
1757594648452 2.2971112279837063 6
1757594648461 1.6549426879117493 7
1757594648470 1.523193516456358 8
1757594648479 1.5290951666597412 9
1757594648488 1.8350424208263096 10
1757594648498 1.786314460353828 11
1757594648507 1.3032077774819213 12
1757594648517 0.9612835987243139 13
1757594648526 1.2721120537465946 14
1757594648535 1.2683713886738217 15
1757594648545 1.3550181413772713 16
1757594648554 0.7194977686418467 17
1757594648563 0.8835835609636918 18
1757594648572 0.3814870920941355 19
1757594648582 0.8874248210591629 20
1757594648592 0.5464083388564316 21
1757594648601 0.5444664975043703 22
1757594648611 0.7122687723667237 23
1757594648620 0.2871097439210786 24
1757594648630 0.2962837761512905 25
1757594648639 0.6695931751347841 26
1757594648649 0.5444127995606743 27
1757594648658 0.27252567239634645 28
1757594648667 0.6314882427672022 29
1757594648677 0.5101502360644601 30
1757594648686 0.2508426164734132 31
1757594648696 0.3152023878134219 32
1757594648705 0.338080894832999 33
1757594648715 0.4371812718391594 34
1757594648724 0.27390880486877284 35
1757594648735 0.16815128161838647 36
1757594648744 0.39494757380667705 37
1757594648754 0.1579904619033809 38
1757594648763 0.23214289209388597 39
1757594648773 0.3581030857441226 40
1757594648801 0.2520084659790973 41
1757594648812 0.23573592475036226 42
1757594648822 0.5059204835146155 43
1757594648831 0.19989053519232367 44
1757594648840 0.14676902133696595 45
1757594648850 0.1249585525824388 46
1757594648860 0.15421267526873902 47
1757594648870 0.08151186879330086 48
1757594648879 0.09592139947015044 49
1757594648889 0.1615981249350703 50
1757594648898 0.13763743880589105 51
1757594648908 0.1395409757999559 52
1757594648917 0.11092766464555863 53
1757594648927 0.14296290956814592 54
1757594648937 0.09437632684998937 55
1757594648946 0.0779031334056756 56
1757594648955 0.14098157954099902 57
1757594648965 0.16516648164089157 58
1757594648975 0.22539332881921514 59
1757594648985 0.2599961064564435 60
1757594648995 0.13967220606379807 61
1757594649006 0.0687553134011518 62
1757594649016 0.1486678615150735 63
1757594649027 0.09144916391518126 64
1757594649037 0.09755426373590628 65
1757594649048 0.09397462749379851 66
1757594649058 0.13905934358759334 67
1757594649068 0.18490187493536647 68
1757594649079 0.08592645232346777 69
1757594649090 0.133507189385289 70
1757594649100 0.1085420601017635 71
1757594649110 0.10351298604666032 72
1757594649120 0.11504182936549441 73
1757594649130 0.05032437299477841 74
1757594649139 0.15821887006783916 75
1757594649149 0.10025997054267569 76
1757594649159 0.13344667199384885 77
1757594649169 0.10592976621361037 78
1757594649178 0.10928155502133242 79
1757594649188 0.12560364011511435 80
1757594649198 0.06496228380314413 81
1757594649208 0.21521870891459646 82
1757594649218 0.7238449842521147 83
1757594649227 0.0768305489786912 84
1757594649237 0.11822801497739942 85
1757594649247 0.08549974359070137 86
1757594649257 0.18000857203169107 87
1757594649266 0.10471652071282653 88
1757594649276 0.08453600885415352 89
1757594649286 0.08230978956008511 90
1757594649296 0.06945389170022388 91
1757594649306 0.09292809262998906 92
1757594649315 0.10487272495737941 93
1757594649325 0.06634731989482823 94
1757594649335 0.23543969502247528 95
1757594649345 0.11640084820401285 96
1757594649355 0.0923882711233232 97
1757594649364 0.046394711408283135 98
1757594649374 0.05796488781335557 99
1757594649384 0.11448090621538806 100
1757594649394 0.06500779147633004 101
1757594649404 0.06379088369299843 102
1757594649415 0.0689698480533625 103
1757594649425 0.07894311416860286 104
1757594649435 0.09807724574551811 105
1757594649445 0.15512715761891638 106
1757594649454 0.0679652389322393 107
1757594649464 0.08211186578043113 108
1757594649474 0.06349661790035878 109
1757594649484 0.06459479446766632 110
1757594649494 0.06026773575557214 111
1757594649504 0.07632366756349718 112
1757594649514 0.1265260969072838 113
1757594649524 0.07889970751822149 114
1757594649534 0.07642300596339077 115
1757594649544 0.06426555385816109 116
1757594649554 0.21315278173621713 117
1757594649564 0.11724730692469718 118
1757594649574 0.10605479901182178 119
1757594649584 0.0711818415458568 120
1757594649594 0.1311498172903459 121
1757594649604 0.08196619992776985 122
1757594649617 0.0798984746124969 123
1757594649627 0.12085424989776818 124
1757594649637 0.0810016669563067 125
1757594649647 0.08571181529394138 126
1757594649657 0.07973379369315131 127
1757594649667 0.10736261283805659 128
1757594649677 0.14845788750571368 129
1757594649687 0.06491897005551904 130
1757594649697 0.03569820526900861 131
1757594649707 0.1288259809364312 132
1757594649717 0.1746700529292019 133
1757594649727 0.10209441799756862 134
1757594649737 0.08609188853216253 135
1757594649747 0.08633073204613287 136
1757594649757 0.085249096078049 137
1757594649767 0.10815989921812501 138
1757594649777 0.0906368635098212 139
1757594649787 0.08559693882894966 140
1757594649798 0.13416863942957438 141
1757594649808 0.14967366581655978 142
1757594649818 0.06383985522839562 143
1757594649828 0.08001008878603653 144
1757594649838 0.1154620755968843 145
1757594649848 0.07566225824704932 146
1757594649859 0.11526341674839888 147
1757594649869 0.16847458180540692 148
1757594649879 0.07303596462499652 149
1757594649889 0.06784019304846164 150
1757594649900 0.05281060731750013 151
1757594649910 0.09280153976031628 152
1757594649920 0.09582285132242536 153
1757594649930 0.05665094142725425 154
1757594649940 0.10427614726619011 155
1757594649950 0.13631143155350645 156
1757594649960 0.12175299906701842 157
1757594649970 0.1068469050480693 158
1757594649980 0.12710880447309808 159
1757594649991 0.08907424685169237 160
1757594650001 0.118428933136721 161
1757594650012 0.09853997019255661 162
1757594650022 0.09940885302428838 163
1757594650032 0.10993692548470439 164
1757594650042 0.06972275067061033 165
1757594650053 0.06006308904671025 166
1757594650063 0.08882352040061633 167
1757594650073 0.09481773847582547 168
1757594650084 0.14376126638505018 169
1757594650094 0.10194889026019391 170
1757594650104 0.15096575492284542 171
1757594650115 0.09531716412703117 172
1757594650125 0.137336701844322 173
1757594650135 0.1240881204729307 174
1757594650146 0.09088929564060223 175
1757594650156 0.07827724442046605 176
1757594650166 0.10882018172117673 177
1757594650176 0.10273076054292578 178
1757594650187 0.07053565170410726 179
1757594650197 0.0750347026269723 180
1757594650207 0.09217145758459738 181
1757594650218 0.12121896168943008 182
1757594650228 0.08995322693587807 183
1757594650238 0.09684915729756549 184
1757594650249 0.0565467335948279 185
1757594650259 0.20997970097036936 186
1757594650269 0.08733469963600028 187
1757594650279 0.07438930993004639 188
1757594650289 0.061438759352118295 189
1757594650300 0.07381199796941508 190
1757594650313 0.08805165249184636 191
1757594650324 0.08470966614392357 192
1757594650334 0.08822672017129077 193
1757594650344 0.18099623669000553 194
1757594650355 0.06660463088777775 195
1757594650365 0.0758338217854855 196
1757594650376 0.09981978434032714 197
1757594650386 0.11450700373597364 198
1757594650397 0.0923692048846205 199
1757594650408 0.09316024443285215 200
1757594650418 0.08123874276537964 201
1757594650429 0.10203348043738875 202
1757594650439 0.0556443863255087 203
1757594650450 0.10594062213505057 204
1757594650460 0.11514436087882009 205
1757594650471 0.0848787096418803 206
1757594650481 0.06610586409487952 207
1757594650492 0.1067211129755476 208
1757594650503 0.16876845445152525 209
1757594650513 0.07241162440489003 210
1757594650523 0.056253274405171166 211
1757594650534 0.11530350524870928 212
1757594650544 0.05949498278791582 213
1757594650555 0.09298274634058959 214
1757594650565 0.09994881422629488 215
1757594650576 0.053476794111439574 216
1757594650586 0.07886202009420994 217
1757594650597 0.0766846871077975 218
1757594650608 0.1668293740469944 219
1757594650619 0.0969782606309203 220
1757594650629 0.06522462881067799 221
1757594650640 0.082145823933246 222
1757594650651 0.0967217537679083 223
1757594650661 0.09636348832201955 224
1757594650672 0.09218917854776457 225
1757594650682 0.05390290357821775 226
1757594650693 0.14618737628142103 227
1757594650703 0.07616373104801652 228
1757594650714 0.0909406769089928 229
1757594650725 0.06805587081345034 230
1757594650735 0.14226872491604764 231
1757594650746 0.07867283686342577 232
1757594650756 0.08830115550099336 233
1757594650767 0.10894547083013591 234
1757594650777 0.13064022772383135 235
1757594650788 0.0739000986723092 236
1757594650798 0.08283122713085068 237
1757594650809 0.09193303129226292 238
1757594650819 0.09919933374966908 239
1757594650830 0.12532493180995688 240
1757594650840 0.07340261764596 241
1757594650851 0.10821188619846431 242
1757594650862 0.20070070415782507 243
1757594650872 0.15413433729790788 244
1757594650883 0.06779441782718414 245
1757594650894 0.04428301971211083 246
1757594650905 0.07522118617792825 247
1757594650916 0.0847136682853658 248
1757594650926 0.08068807320306369 249
1757594650937 0.08582905420738964 250
1757594650948 0.09638920421429836 251
