1757594650963 6.535768142474962 0
1757594650973 4.893896805306412 1
1757594650982 3.6470060644832136 2
1757594650991 3.3597024423716495 3
1757594651001 2.8549626261985717 4
1757594651010 3.378516943931786 5
1757594651019 1.7414004414100404 6
1757594651028 2.218366602317436 7
1757594651037 1.33859334405989 8
1757594651047 2.9922155846630734 9
1757594651056 1.2859935390859494 10
1757594651066 0.49077946582484216 11
1757594651075 2.0088572162091767 12
1757594651084 0.38238032727625515 13
1757594651093 1.1390169151327445 14
1757594651103 0.9300638969594657 15
1757594651112 0.491415988797327 16
1757594651122 0.7914194644396103 17
1757594651131 1.5004191002400917 18
1757594651141 1.3156739334426724 19
1757594651150 1.0695111988234773 20
1757594651160 0.37267184622252897 21
1757594651169 0.872465005668168 22
1757594651179 0.8693733517171361 23
1757594651189 0.30328152736855857 24
1757594651198 0.6398743353866057 25
1757594651208 0.3064745838622432 26
1757594651217 0.6063784710403882 27
1757594651227 0.3236623828058541 28
1757594651236 0.4762987788913643 29
1757594651246 0.44309676236631973 30
1757594651255 0.32042574496599857 31
1757594651265 0.3179822932097382 32
1757594651274 0.2734299188326901 33
1757594651284 0.27984005088630615 34
1757594651293 0.16249869740920295 35
1757594651303 0.20355428937435302 36
1757594651312 0.3854063528246051 37
1757594651322 0.2761421686318993 38
1757594651331 0.23127703528180135 39
1757594651341 0.21064330283519692 40
1757594651350 0.1593976453228737 41
1757594651360 0.2479097341170687 42
1757594651369 0.28181328741411804 43
1757594651378 0.09321765600184351 44
1757594651388 0.11348082758886557 45
1757594651397 0.33664719367908225 46
1757594651407 0.20311774926671522 47
1757594651416 0.19122850700303018 48
1757594651426 0.2807302348198991 49
1757594651435 0.22814939421924615 50
1757594651445 0.15319797489064055 51
1757594651455 0.1254489014155933 52
1757594651465 0.09894150310250627 53
1757594651475 0.2765234853173439 54
1757594651485 0.07865018426707782 55
1757594651494 0.10508473724649173 56
1757594651504 0.13141694847677163 57
1757594651514 0.07235818084174993 58
1757594651523 0.122831029968456 59
1757594651533 0.1599914707120649 60
1757594651543 0.08321133198879854 61
1757594651552 0.1339533947952515 62
1757594651562 0.1230220831894858 63
1757594651571 0.07331709270863825 64
1757594651581 0.12412472377060887 65
1757594651590 0.11544756313928488 66
1757594651600 0.18465335650897585 67
1757594651610 0.09493268442085433 68
1757594651620 0.15019441965788874 69
1757594651630 0.09974325215039022 70
1757594651639 0.13981491812393645 71
1757594651649 0.1965690711794619 72
1757594651659 0.12915999021770716 73
1757594651668 0.09227488609041312 74
1757594651678 0.12593604551114848 75
1757594651687 0.24360647667347865 76
1757594651697 0.12970086891904112 77
1757594651707 0.13008354534140848 78
1757594651716 0.08917339387028855 79
1757594651726 0.11458709456836436 80
1757594651736 0.23839656016741134 81
1757594651745 0.17753317801695878 82
1757594651755 0.12193090716604305 83
1757594651765 0.05979420078498892 84
1757594651774 0.16686700446610733 85
1757594651784 0.08827267532078087 86
1757594651808 0.12303125045742117 87
1757594651822 0.08493040898940782 88
1757594651832 0.07822827224962577 89
1757594651842 0.14839607171461378 90
1757594651852 0.12441567691619379 91
1757594651862 0.09891936570041109 92
1757594651872 0.10280805519716167 93
1757594651882 0.07408323409393959 94
1757594651892 0.1179580178428782 95
1757594651902 0.10147791872883578 96
1757594651911 0.12281606149907658 97
1757594651921 0.16128118091983853 98
1757594651931 0.12457298179108753 99
1757594651941 0.08978796188904514 100
1757594651951 0.09747542443274489 101
1757594651961 0.08064950474324066 102
1757594651971 0.09903753945325823 103
1757594651980 0.0504108537863607 104
1757594651991 0.12407456220351949 105
1757594652001 0.05559402103069782 106
1757594652010 0.09420479717182377 107
1757594652020 0.07214480399725962 108
1757594652030 0.07689579682184884 109
1757594652040 0.1060582079912254 110
1757594652050 0.0808139282991263 111
1757594652061 0.14229738182754134 112
1757594652071 0.12198623236017632 113
1757594652081 0.0863762995592005 114
1757594652090 0.10221083732933227 115
1757594652100 0.08028330508861632 116
1757594652110 0.1298510231457732 117
1757594652120 0.1404426823031354 118
1757594652130 0.10037037204668511 119
1757594652140 0.14634138677150862 120
1757594652150 0.07435518735763791 121
1757594652160 0.11254145123388662 122
1757594652170 0.11301570125223245 123
1757594652181 0.10275685312743629 124
1757594652193 0.14512074325262345 125
1757594652203 0.07521525882410476 126
1757594652213 0.12698586827114486 127
1757594652224 0.05171104429157663 128
1757594652234 0.115965653734191 129
1757594652244 0.09049012531791731 130
1757594652254 0.06544677463517164 131
1757594652264 0.06733639950755387 132
1757594652274 0.08759495056492876 133
1757594652284 0.06859696588502871 134
1757594652295 0.1689627331761755 135
1757594652305 0.14170487344019153 136
1757594652315 0.14037403348524033 137
1757594652325 0.07628107610554928 138
1757594652335 0.12450448765842227 139
1757594652346 0.06562113159859778 140
1757594652356 0.04604475490049381 141
1757594652365 0.10673729135188116 142
1757594652376 0.05103541828002647 143
1757594652386 0.07643931256678214 144
1757594652396 0.07329071535875382 145
1757594652406 0.08815602440839894 146
1757594652416 0.16579756709777282 147
1757594652426 0.055871677927270894 148
1757594652436 0.09323533876885719 149
1757594652446 0.05164487911857055 150
1757594652456 0.11454066694030378 151
1757594652466 0.11728141562045842 152
1757594652477 0.08979289304735924 153
1757594652487 0.11699522929014039 154
1757594652497 0.148356544864675 155
1757594652508 0.206767646972857 156
1757594652518 0.08675061904099629 157
