1757513981923 162.79271089339915 0
1757513981933 156.74929023080549 1
1757513981942 145.70588355867363 2
1757513981951 130.93010500592047 3
1757513981959 113.7721292186081 4
1757513981967 95.54441550278746 5
1757513981975 77.4275756412041 6
1757513981983 60.40434191102811 7
1757513981991 45.22114143511515 8
1757513982000 32.37483377433369 9
1757513982009 22.120770448038446 10
1757513982017 14.497487239449324 11
1757513982025 9.363001258636416 12
1757513982033 6.437783359615352 13
1757513982041 5.349922218498328 14
1757513982049 5.678690107943015 15
1757513982057 6.993563449562538 16
1757513982065 8.886652536805979 17
1757513982074 10.997376313736531 18
1757513982082 13.029018006810508 19
1757513982090 14.757471789165868 20
1757513982098 16.033013262387204 21
1757513982107 16.77628741046913 22
1757513982116 16.969910788553506 23
1757513982124 16.647145015100058 24
1757513982133 15.8790388826405 25
1757513982141 14.76128393869379 26
1757513982150 13.40181225766566 27
1757513982158 11.909913577037042 28
1757513982166 10.387387511060194 29
1757513982175 8.92199656321484 30
1757513982183 7.5832635841472475 31
1757513982192 6.420474396197672 32
1757513982200 5.462608699515356 33
1757513982209 4.7198317022944565 34
1757513982218 4.1861329845276725 35
1757513982227 3.8426927977064995 36
1757513982235 3.6615822278556975 37
1757513982244 3.609454237762693 38
1757513982253 3.6509491279299504 39
1757513982262 3.7516124048864326 40
1757513982271 3.8801983468623384 41
1757513982279 4.010302923226213 42
1757513982288 4.121330841057241 43
1757513982296 4.198850559411639 44
1757513982304 4.234426763353674 45
1757513982313 4.225041922723127 46
1757513982322 4.17222810177903 47
1757513982330 4.081028826368937 48
1757513982338 3.958900738342207 49
1757513982347 3.8146483909366253 50
1757513982355 3.6574652918072323 51
1757513982364 3.496132436531628 52
1757513982373 3.338404040037025 53
1757513982381 3.1905905161055843 54
1757513982389 3.057332089563114 55
1757513982400 2.941543429414966 56
1757513982412 2.844500637832548 57
1757513982423 2.7660367460627078 58
1757513982434 2.704810205006039 59
1757513982444 2.658612169410728 60
1757513982454 2.62468199578705 61
1757513982465 2.6000055944037253 62
1757513982476 2.5815773999294747 63
1757513982487 2.5666131229926936 64
1757513982500 2.5527065852714137 65
1757513982512 2.5379294131350765 66
1757513982524 2.520876886903229 67
1757513982536 2.5006666568994182 68
1757513982548 2.476899298985023 69
1757513982559 2.4495908412256053 70
1757513982569 2.4190875728167196 71
1757513982579 2.3859728192974243 72
1757513982591 2.3509741347901465 73
1757513982602 2.3148777301426753 74
1757513982612 2.2784551233655574 75
1757513982624 2.2424051409698085 76
1757513982634 2.2073126595826245 77
1757513982643 2.1736239641911284 78
1757513982652 2.141637382783137 79
1757513982661 2.111506971728696 80
1757513982670 2.083256475312586 81
1757513982679 2.056800544058777 82
1757513982687 2.031970228446558 83
1757513982696 2.0085400134868885 84
1757513982705 1.9862540655910492 85
1757513982713 1.9648498660174227 86
1757513982722 1.9440779489164532 87
1757513982731 1.9237169981801507 88
1757513982740 1.9035840472785543 89
1757513982748 1.8835399421706278 90
1757513982757 1.8634905521833183 91
1757513982766 1.8433844404790605 92
1757513982774 1.8232078360617883 93
1757513982783 1.802977791774719 94
1757513982792 1.7827343809324483 95
1757513982801 1.7625326956082366 96
1757513982810 1.742435279855549 97
1757513982819 1.7225054786150442 98
1757513982828 1.7028020234857268 99
1757513982837 1.6833750232046556 100
1757513982846 1.6642633898730883 101
1757513982855 1.6454936187904827 102
1757513982863 1.6270797541941397 103
1757513982872 1.6090243164149567 104
1757513982881 1.5913199367372604 105
1757513982894 1.5739514415485887 106
1757513982903 1.5568981428854793 107
1757513982911 1.5401361232248953 108
1757513982922 1.5236403431517782 109
1757513982930 1.5073864463967674 110
1757513982939 1.4913521832900911 111
1757513982948 1.4755184173050315 112
1757513982957 1.4598697173597883 113
1757513982965 1.4443945691342006 114
1757513982974 1.4290852609563445 115
1757513982983 1.4139375137253454 116
1757513982992 1.3989499304109199 117
1757513983000 1.384123339938197 118
1757513983009 1.3694601040717271 119
1757513983018 1.3549634457546007 120
1757513983027 1.3406368447464283 121
1757513983036 1.3264835327459423 122
1757513983045 1.3125061066992973 123
1757513983054 1.2987062666587539 124
1757513983063 1.2850846740734794 125
1757513983072 1.271640918197117 126
1757513983090 1.2583735725665997 127
1757513983101 1.2452803202033866 128
1757513983111 1.2323581251020914 129
1757513983120 1.2196034283622237 130
1757513983130 1.2070123495741722 131
1757513983139 1.1945808773452515 132
1757513983148 1.1823050367083499 133
1757513983158 1.1701810251974556 134
1757513983168 1.1582053132643395 135
1757513983178 1.1463747081881406 136
1757513983188 1.1346863835125915 137
1757513983198 1.1231378782327581 138
1757513983207 1.1117270714120708 139
1757513983217 1.100452138670579 140
1757513983226 1.0893114971224311 141
1757513983236 1.0783037449616941 142
1757513983246 1.06742760112697 143
1757513983256 1.0566818494478811 144
1757513983265 1.046065290515163 145
1757513983275 1.0355767033334171 146
1757513983284 1.0252148177031417 147
1757513983294 1.0149782973058954 148
1757513983303 1.0048657326794896 149
1757513983312 0.9948756426924934 150
1757513983321 0.9850064827618861 151
1757513983331 0.9752566578917791 152
1757513983340 0.9656245386195372 153
1757513983349 0.9561084781039167 154
1757513983359 0.9467068288415619 155
1757513983368 0.9374179578138867 156
1757513983377 0.9282402592116527 157
1757513983386 0.9191721642269546 158
1757513983395 0.9102121477179494 159
1757513983404 0.9013587318215521 160
1757513983413 0.8926104868023639 161
1757513983423 0.8839660295769796 162
1757513983432 0.8754240204426896 163
1757513983441 0.866983158572621 164
1757513983450 0.858642176824707 165
1757513983459 0.8503998363588572 166
1757513983468 0.8422549214774264 167
1757513983478 0.8342062350086765 168
1757513983487 0.826252594452186 169
1757513983496 0.8183928290069781 170
1757513983505 0.810625777515123 171
1757513983514 0.8029502872793983 172
1757513983525 0.7953652136570193 173
1757513983535 0.7878694202927263 174
1757513983544 0.7804617798334378 175
1757513983554 0.7731411749613506 176
1757513983563 0.7659064995901786 177
1757513983572 0.7587566600871223 178
1757513983581 0.7516905764078363 179
1757513983590 0.7447071830600765 180
1757513983600 0.7378054298409078 181
1757513983609 0.7309842823201149 182
1757513983619 0.7242427220669326 183
1757513983628 0.7175797466372255 184
1757513983638 0.7109943693531328 185
1757513983647 0.7044856189168163 186
1757513983657 0.6980525389047133 187
1757513983666 0.6916941871889319 188
1757513983676 0.6854096353292187 189
1757513983685 0.679197967973117 190
1757513983695 0.6730582822942339 191
1757513983704 0.6669896874903192 192
1757513983714 0.6609913043543982 193
1757513983723 0.6550622649243499 194
1757513983733 0.6492017122097764 195
1757513983742 0.643408799989451 196
1757513983752 0.6376826926690464 197
1757513983761 0.632022565186266 198
1757513983770 0.6264276029498016 199
1757513983780 0.6208970017986127 200
1757513983790 0.6154299679694069 201
1757513983799 0.6100257180619464 202
1757513983808 0.6046834789942246 203
1757513983818 0.5994024879419401 204
1757513983828 0.5941819922591602 205
1757513983837 0.5890212493791476 206
1757513983847 0.5839195266962488 207
1757513983856 0.5788761014311453 208
1757513983865 0.5738902604826567 209
1757513983875 0.5689613002699512 210
1757513983884 0.5640885265690242 211
1757513983893 0.5592712543473177 212
1757513983903 0.5545088075997099 213
1757513983913 0.5498005191886963 214
1757513983923 0.5451457306907734 215
1757513983932 0.5405437922503744 216
1757513983942 0.5359940624419901 217
1757513983951 0.531495908140566 218
1757513983961 0.5270487043996759 219
1757513983970 0.5226518343366953 220
1757513983980 0.5183046890238956 221
1757513983989 0.5140066673843193 222
1757513983999 0.5097571760912213 223
1757513984009 0.505555629469964 224
1757513984018 0.5014014494014679 225
1757513984028 0.4972940652263462 226
1757513984038 0.4932329136492817 227
1757513984047 0.4892174386431482 228
1757513984057 0.485247091352841 229
1757513984066 0.48132132999871763 230
1757513984076 0.47743961977987426 231
1757513984085 0.4736014327773886 232
1757513984095 0.46980624785794095 233
1757513984105 0.46605355057800696 234
1757513984115 0.4623428330890216 235
1757513984124 0.4586735940437478 236
1757513984134 0.4550453385041153 237
1757513984143 0.451457577850657 238
1757513984153 0.44790982969372006 239
1757513984162 0.44440161778647147 240
1757513984172 0.4409324719396992 241
1757513984182 0.43750192793839315 242
1757513984191 0.4341095274600041 243
1757513984201 0.43075481799429655 244
1757513984210 0.4274373527646564 245
1757513984220 0.42415669065078837 246
1757513984230 0.4209123961126133 247
1757513984240 0.41770403911534437 248
1757513984253 0.41453119505557834 249
1757513984263 0.4113934446884143 250
1757513984272 0.4082903740554569 251
1757513984282 0.40522157441375084 252
1757513984292 0.40218664216559064 253
1757513984302 0.39918517878918774 254
1757513984312 0.39621679077023436 255
1757513984322 0.3932810895343334 256
1757513984332 0.39037769138035494 257
1757513984342 0.38750621741468094 258
1757513984351 0.3846662934863857 259
1757513984361 0.38185755012336503 260
1757513984371 0.3790796224693707 261
1757513984381 0.3763321502220219 262
1757513984391 0.37361477757172146 263
1757513984400 0.370927153141493 264
1757513984410 0.36826892992776045 265
1757513984421 0.36563976524196856 266
1757513984431 0.363039320653113 267
1757513984441 0.3604672619311089 268
1757513984451 0.3579232589909784 269
1757513984460 0.35540698583786284 270
1757513984470 0.35291812051281685 271
1757513984481 0.350456345039368 272
1757513984491 0.34802134537084184 273
1757513984501 0.34561281133840793 274
1757513984511 0.3432304365998687 275
1757513984521 0.34087391858915855 276
1757513984532 0.33854295846652754 277
1757513984542 0.3362372610694445 278
1757513984552 0.3339565348641682 279
1757513984563 0.331700491897996 280
1757513984573 0.32946884775219426 281
1757513984583 0.32726132149556997 282
1757513984594 0.32507763563871206 283
1757513984604 0.3229175160888669 284
1757513984615 0.320780692105465 285
1757513984626 0.318666896256247 286
1757513984637 0.3165758643740491 287
1757513984647 0.3145073355141627 288
1757513984658 0.3124610519123098 289
1757513984668 0.31043675894321526 290
1757513984679 0.30843420507974445 291
1757513984689 0.3064531418526273 292
1757513984700 0.3044933238107383 293
1757513984710 0.30255450848193444 294
1757513984720 0.3006364563344323 295
1757513984730 0.29873893073872876 296
1757513984741 0.2968616979300393 297
1757513984751 0.29500452697127066 298
1757513984762 0.2931671897164961 299
1757513984772 0.29134946077492807 300
1757513984782 0.2895511174754119 301
1757513984792 0.28777193983138305 302
1757513984802 0.2860117105063205 303
1757513984812 0.28427021477967446 304
1757513984823 0.28254724051326313 305
1757513984832 0.28084257811813185 306
1757513984843 0.2791560205218643 307
1757513984853 0.27748736313634487 308
1757513984864 0.27583640382597074 309
1757513984874 0.2742029428762848 310
1757513984884 0.27258678296305505 311
1757513984894 0.2709877291217623 312
1757513984904 0.2694055887175197 313
1757513984915 0.2678401714153866 314
1757513984925 0.2662912891511092 315
1757513984935 0.26475875610222893 316
1757513984946 0.26324238865962624 317
1757513984956 0.26174200539940623 318
1757513984966 0.2602574270551997 319
1757513984978 0.25878847649082876 320
1757513984989 0.2573349786733319 321
1757513985002 0.25589676064637923 322
1757513985013 0.25447365150402007 323
1757513985025 0.2530654823648086 324
1757513985037 0.25167208634625876 325
1757513985048 0.2502932985396625 326
1757513985061 0.24892895598523515 327
1757513985073 0.24757889764759472 328
1757513985085 0.24624296439158003 329
1757513985098 0.24492099895839003 330
1757513985110 0.24361284594203517 331
1757513985121 0.24231835176612176 332
1757513985134 0.24103736466092912 333
1757513985146 0.23976973464080853 334
1757513985157 0.23851531348187108 335
1757513985167 0.2372739546999894 336
1757513985192 0.23604551352907824 337
1757513985216 0.23482984689967482 338
1757513985227 0.23362681341779756 339
1757513985239 0.23243627334409175 340
1757513985250 0.231258088573247 341
1757513985261 0.2300921226136971 342
1757513985272 0.22893824056758208 343
1757513985283 0.22779630911097223 344
1757513985293 0.2266661964743664 345
1757513985303 0.2255477724234392 346
1757513985314 0.2244409082400429 347
1757513985325 0.22334547670346577 348
1757513985335 0.2222613520719348 349
1757513985347 0.22118841006435563 350
1757513985357 0.22012652784231215 351
1757513985368 0.21907558399227942 352
1757513985379 0.21803545850808206 353
1757513985389 0.21700603277359143 354
1757513985400 0.21598718954563073 355
1757513985411 0.2149788129371195 356
1757513985422 0.21398078840043855 357
1757513985433 0.21299300271099694 358
1757513985443 0.21201534395103377 359
1757513985454 0.21104770149362007 360
1757513985464 0.21008996598687385 361
1757513985475 0.20914202933837564 362
1757513985485 0.20820378469979495 363
1757513985496 0.20727512645171028 364
1757513985506 0.20635595018862948 365
1757513985517 0.2054461527042083 366
1757513985527 0.20454563197664724 367
1757513985538 0.20365428715429684 368
1757513985550 0.20277201854143762 369
1757513985561 0.20189872758424177 370
1757513985572 0.20103431685692685 371
1757513985583 0.2001786900480816 372
1757513985594 0.1993317519471656 373
1757513985604 0.19849340843119093 374
1757513985615 0.1976635664515719 375
1757513985627 0.1968421340211378 376
1757513985639 0.1960290202013268 377
1757513985652 0.1952241350895305 378
1757513985664 0.19442738980660426 379
1757513985676 0.19363869648455206 380
1757513985691 0.19285796825434157 381
1757513985703 0.19208511923390262 382
1757513985717 0.1913200645162659 383
1757513985729 0.19056272015784742 384
1757513985743 0.18981300316689997 385
1757513985757 0.18907083149209908 386
1757513985770 0.188336124011273 387
1757513985784 0.1876088005202892 388
1757513985797 0.18688878172206738 389
1757513985809 0.18617598921574155 390
1757513985821 0.18547034548595606 391
1757513985832 0.1847717738923038 392
1757513985842 0.18408019865888245 393
1757513985854 0.1833955448640066 394
1757513985865 0.1827177384300284 395
1757513985876 0.1820467061132985 396
1757513985887 0.18138237549425307 397
1757513985898 0.18072467496762049 398
1757513985908 0.18007353373276322 399
1757513985919 0.17942888178412258 400
1757513985930 0.1787906499018048 401
1757513985941 0.1781587696422701 402
1757513985952 0.17753317332914567 403
1757513985963 0.1769137940441555 404
1757513985974 0.17630056561815968 405
1757513985985 0.1756934226223055 406
1757513985997 0.17509230035929585 407
1757513986009 0.1744971348547604 408
1757513986020 0.17390786284873977 409
1757513986031 0.17332442178727386 410
1757513986042 0.17274674981408802 411
1757513986053 0.17217478576240197 412
1757513986065 0.17160846914681852 413
1757513986076 0.1710477401553307 414
1757513986087 0.17049253964141672 415
1757513986098 0.1699428091162419 416
1757513986109 0.16939849074095265 417
1757513986120 0.16885952731906395 418
1757513986131 0.1683258622889516 419
1757513986142 0.16779743971642155 420
1757513986153 0.16727420428738848 421
1757513986164 0.1667561013006301 422
1757513986175 0.166243076660645 423
1757513986187 0.16573507687058237 424
1757513986198 0.16523204902527705 425
1757513986211 0.16473394080435516 426
1757513986223 0.16424070046543568 427
1757513986236 0.1637522768374077 428
1757513986248 0.16326861931379477 429
1757513986260 0.16278967784620368 430
1757513986272 0.16231540293784658 431
1757513986283 0.1618457456371454 432
1757513986295 0.1613806575314186 433
1757513986307 0.16092009074063776 434
1757513986319 0.1604639979112735 435
1757513986330 0.1600123322101981 436
1757513986341 0.15956504731868085 437
1757513986353 0.15912209742644476 438
1757513986364 0.15868343722579928 439
1757513986376 0.1582490219058518 440
1757513986387 0.15781880714677507 441
1757513986398 0.1573927491141554 442
1757513986409 0.15697080445341155 443
1757513986420 0.1565529302842673 444
1757513986432 0.1561390841953109 445
1757513986443 0.15572922423860522 446
1757513986454 0.1553233089243659 447
1757513986466 0.15492129721571166 448
1757513986477 0.15452314852347432 449
1757513986488 0.15412882270106124 450
1757513986500 0.15373828003940146 451
1757513986511 0.15335148126193063 452
1757513986522 0.15296838751965364 453
1757513986533 0.15258896038625275 454
1757513986545 0.15221316185327058 455
1757513986556 0.15184095432533257 456
1757513986568 0.15147230061544645 457
1757513986579 0.1511071639403399 458
1757513986590 0.15074550791586794 459
1757513986601 0.150387296552471 460
1757513986612 0.15003249425068177 461
1757513986624 0.14968106579669654 462
1757513986635 0.14933297635799475 463
1757513986646 0.14898819147900316 464
1757513986658 0.14864667707683032 465
1757513986669 0.148308399437029 466
1757513986680 0.14797332520943302 467
1757513986692 0.14764142140402317 468
1757513986703 0.1473126553868564 469
1757513986714 0.14698699487603664 470
1757513986726 0.14666440793773686 471
1757513986737 0.14634486298226496 472
1757513986748 0.14602832876018088 473
1757513986760 0.14571477435845925 474
1757513986771 0.14540416919669152 475
1757513986782 0.14509648302334155 476
1757513986794 0.14479168591204167 477
1757513986805 0.14448974825793 478
1757513986817 0.1441906407740391 479
1757513986828 0.14389433448771796 480
1757513986839 0.14360080073710227 481
1757513986851 0.14331001116762568 482
1757513986863 0.143021937728571 483
1757513986874 0.14273655266966262 484
1757513986885 0.142453828537698 485
1757513986897 0.14217373817322365 486
1757513986908 0.1418962547072411 487
1757513986920 0.14162135155796324 488
1757513986931 0.14134900242759932 489
1757513986942 0.14107918129918148 490
1757513986954 0.14081186243342814 491
1757513986965 0.14054702036564687 492
1757513986977 0.1402846299026684 493
1757513986988 0.1400246661198223 494
1757513987000 0.13976710435793985 495
1757513987011 0.13951192022040465 496
1757513987023 0.13925908957022498 497
1757513987034 0.1390085885271466 498
1757513987046 0.13876039346480082 499
