1757517808698 169.08220123107486 0
1757517808707 168.4479935615668 1
1757517808715 167.2476455568816 2
1757517808724 165.5462025860266 3
1757517808732 163.40520814253998 4
1757517808741 160.8823980916364 5
1757517808749 158.0315325908809 6
1757517808758 154.90233567181525 7
1757517808766 151.54051787886553 8
1757517808774 147.98786187573907 9
1757517808783 144.28235468980338 10
1757517808791 140.45835339140143 11
1757517808800 136.54677359884855 12
1757517808808 132.57529234666242 13
1757517808817 128.56855862649843 14
1757517808825 124.54840636844447 15
1757517808834 120.53406582613003 16
1757517808842 116.54237030587123 17
1757517808851 112.58795597441345 18
1757517808860 108.68345312231176 19
1757517808868 104.83966777657379 20
1757517808876 101.06575296845766 21
1757517808885 97.3693692884388 22
1757517808894 93.7568346156478 23
1757517808902 90.23326310615657 24
1757517808911 86.80269367402336 25
1757517808921 83.46820830990558 26
1757517808930 80.2320406615764 27
1757517808939 77.09567535508451 28
1757517808948 74.05993856951606 29
1757517808957 71.12508039664971 30
1757517808965 68.29084952262542 31
1757517808977 65.5565607649089 32
1757517808986 62.92115598668563 33
1757517808995 60.383258894192615 34
1757517809003 57.94122420194939 35
1757517809012 55.5931816276089 36
1757517809020 53.337075153197425 37
1757517809029 51.17069796361023 38
1757517809038 49.09172344702905 39
1757517809046 47.09773261585284 40
1757517809054 45.18623828119384 41
1757517809063 43.3547062892138 42
1757517809071 41.60057410379171 43
1757517809080 39.92126699732585 44
1757517809089 38.314212089999835 45
1757517809097 36.776850457594556 46
1757517809105 35.3066475089635 47
1757517809114 33.901101816575455 48
1757517809123 32.55775256705067 49
1757517809131 31.274185783336964 50
1757517809140 30.04803945606587 51
1757517809149 28.877007708591908 52
1757517809157 27.758844108262917 53
1757517809166 26.69136422547145 54
1757517809175 25.672447531981952 55
1757517809184 24.70003872083265 56
1757517809192 23.772148521719565 57
1757517809201 22.886854078129524 58
1757517809210 22.04229894554132 59
1757517809220 21.23669276370292 60
1757517809230 20.468310650272844 61
1757517809240 19.735492357931225 62
1757517809250 19.03664123238893 63
1757517809260 18.37022300448597 64
1757517809269 17.73476444576343 65
1757517809279 17.128851913452703 66
1757517809289 16.55112980774243 67
1757517809299 16.000298961400198 68
1757517809309 15.475114979343198 69
1757517809318 14.974386543517632 70
1757517809327 14.496973696448432 71
1757517809337 14.041786115042088 72
1757517809347 13.607781384629947 73
1757517809356 13.193963281822397 74
1757517809366 12.799380073484235 75
1757517809376 12.423122838021145 76
1757517809385 12.064323814172848 77
1757517809395 11.72215478163323 78
1757517809404 11.395825477038654 79
1757517809413 11.084582048186196 80
1757517809422 10.787705548738652 81
1757517809431 10.504510475150362 82
1757517809440 10.234343347085835 83
1757517809448 9.976581332202095 84
1757517809457 9.730630915818697 85
1757517809466 9.495926615695886 86
1757517809475 9.271929741886725 87
1757517809484 9.058127201401247 88
1757517809493 8.85403034723778 89
1757517809502 8.659173871172722 90
1757517809511 8.473114739569862 91
1757517809520 8.295431171357128 92
1757517809529 8.125721657230942 93
1757517809538 7.963604019073171 94
1757517809547 7.808714508510912 95
1757517809556 7.660706943504531 96
1757517809564 7.519251881818533 97
1757517809573 7.3840358302085 98
1757517809582 7.254760488145804 99
1757517809591 7.13114202489586 100
1757517809600 7.012910388769893 101
1757517809609 6.899808647376641 102
1757517809618 6.79159235771371 103
1757517809627 6.6880289649548015 104
1757517809636 6.588897228809999 105
1757517809645 6.493986676357446 106
1757517809654 6.4030970802725395 107
1757517809664 6.316037961405342 108
1757517809673 6.232628114687076 109
1757517809682 6.152695157374917 110
1757517809691 6.0760750986760135 111
1757517809701 6.0026119298203575 112
1757517809710 5.932157233685502 113
1757517809720 5.864569813105289 114
1757517809729 5.799715337027252 115
1757517809738 5.737466003712873 116
1757517809748 5.677700220206136 117
1757517809757 5.62030229732575 118
1757517809767 5.565162159465134 119
1757517809776 5.512175068513572 120
1757517809785 5.4612413612400355 121
1757517809794 5.412266199508352 122
1757517809803 5.3651593327187745 123
1757517809813 5.319834871897553 124
1757517809822 5.276211074880378 125
1757517809831 5.234210142059901 126
1757517809840 5.193758022191703 127
1757517809849 5.154784227774231 128
1757517809859 5.117221659541331 129
1757517809868 5.081006439626149 130
1757517809877 5.046077752975657 131
1757517809886 5.0123776966141165 132
1757517809895 4.9798511363726226 133
1757517809907 4.948445570720069 134
1757517809919 4.918111001346575 135
1757517809931 4.888799810169115 136
1757517809943 4.8604666424420335 137
1757517809954 4.833068295672797 138
1757517809966 4.806563614055606 139
1757517809976 4.780913388150478 140
1757517809987 4.756080259548072 141
1757517809999 4.732028630273164 142
1757517810009 4.708724576691287 143
1757517810019 4.686135767695545 144
1757517810031 4.664231386959728 145
1757517810042 4.642982059056379 146
1757517810052 4.622359779246432 147
1757517810062 4.602337846757968 148
1757517810073 4.582890801379456 149
1757517810082 4.56399436320256 150
1757517810092 4.545625375356862 151
1757517810101 4.527761749587083 152
1757517810111 4.51038241453052 153
1757517810120 4.493467266560094 154
1757517810129 4.476997123064041 155
1757517810139 4.460953678040759 156
1757517810149 4.445319459892899 157
1757517810158 4.430077791310063 158
1757517810168 4.415212751136598 159
1757517810177 4.4007091381236405 160
1757517810187 4.38655243647258 161
1757517810197 4.372728783078995 162
1757517810206 4.359224936392628 163
1757517810216 4.34602824681229 164
1757517810225 4.333126628538661 165
1757517810235 4.320508532812447 166
1757517810244 4.3081629224680205 167
1757517810254 4.296079247737281 168
1757517810263 4.2842474232406715 169
1757517810273 4.272657806106357 170
1757517810282 4.261301175161212 171
1757517810292 4.250168711139553 172
1757517810303 4.239251977859413 173
1757517810312 4.228542904317706 174
1757517810322 4.218033767658339 175
1757517810331 4.20771717697003 176
1757517810341 4.197586057872273 177
1757517810350 4.18763363785014 178
1757517810360 4.177853432300804 179
1757517810369 4.168239231256029 180
1757517810378 4.158785086747641 181
1757517810388 4.149485300783104 182
1757517810397 4.1403344139017495 183
1757517810407 4.131327194282492 184
1757517810416 4.122458627375277 185
1757517810425 4.113723906031366 186
1757517810435 4.105118421106234 187
1757517810444 4.096637752513458 188
1757517810454 4.088277660705623 189
1757517810463 4.080034078562393 190
1757517810473 4.071903103664907 191
1757517810483 4.063880990937828 192
1757517810492 4.05596414564085 193
1757517810502 4.048149116692449 194
1757517810511 4.040432590309319 195
1757517810521 4.032811383946511 196
1757517810530 4.025282440522989 197
1757517810540 4.017842822919014 198
1757517810550 4.010489708731677 199
1757517810559 4.003220385276357 200
1757517810569 3.9960322448217998 201
1757517810579 3.98892278004753 202
1757517810588 3.9818895797126967 203
1757517810598 3.974930324526302 204
1757517810607 3.9680427832086442 205
1757517810617 3.961224808735002 206
1757517810626 3.954474334752666 207
1757517810636 3.947789372162745 208
1757517810646 3.941168005859057 209
1757517810655 3.9346083916163628 210
1757517810666 3.9281087531207524 211
1757517810677 3.9216673791354024 212
1757517810688 3.915282620795133 213
1757517810699 3.9089528890236482 214
1757517810710 3.9026766520675404 215
1757517810721 3.8964524331415715 216
1757517810732 3.8902788081796644 217
1757517810742 3.8841544036870137 218
1757517810753 3.878077894687977 219
1757517810763 3.872048002765614 220
1757517810773 3.86606349418841 221
1757517810782 3.860123178119839 222
1757517810792 3.8542259049073135 223
1757517810802 3.8483705644462134 224
1757517810811 3.8425560846161053 225
1757517810821 3.8367814297850016 226
1757517810831 3.831045599379356 227
1757517810841 3.8253476265158266 228
1757517810851 3.8196865766926815 229
1757517810861 3.814061546537503 230
1757517810871 3.8084716626090036 231
1757517810881 3.802916080250179 232
1757517810890 3.7973939824904495 233
1757517810900 3.7919045789946697 234
1757517810910 3.7864471050567454 235
1757517810920 3.781020820635824 236
1757517810930 3.7756250094331225 237
1757517810940 3.7702589780074605 238
1757517810953 3.7649220549279474 239
1757517810963 3.7596135899617598 240
1757517810973 3.754332953295953 241
1757517810983 3.7490795347912167 242
1757517810993 3.743852743266325 243
1757517811003 3.7386520058123764 244
1757517811014 3.733476767134518 245
1757517811024 3.728326488920825 246
1757517811033 3.7232006492366807 247
1757517811044 3.7180987419435723 248
1757517811054 3.713020276141378 249
1757517811064 3.707964775632748 250
1757517811074 3.7029317784091487 251
1757517811084 3.6979208361571807 252
1757517811094 3.6929315137842518 253
1757517811103 3.6879633889632655 254
1757517811114 3.683016051694865 255
1757517811124 3.678089103886967 256
1757517811134 3.673182158950412 257
1757517811144 3.668294841410505 258
1757517811154 3.6634267865334342 259
1757517811163 3.6585776399668073 260
1757517811173 3.653747057394295 261
1757517811183 3.6489347042030396 262
1757517811193 3.6441402551638857 263
1757517811203 3.6393633941234884 264
1757517811213 3.634603813708105 265
1757517811223 3.629861215038321 266
1757517811233 3.6251353074543844 267
1757517811243 3.6204258082518628 268
1757517811253 3.6157324424266437 269
1757517811263 3.611054942429823 270
1757517811273 3.6063930479309523 271
1757517811283 3.6017465055903064 272
1757517811293 3.5971150688391496 273
1757517811304 3.5924984976679792 274
1757517811313 3.5878965584222935 275
1757517811324 3.583309023605713 276
1757517811334 3.5787356716899783 277
1757517811345 3.5741762869317584 278
1757517811355 3.5696306591957083 279
1757517811366 3.565098583783963 280
1757517811376 3.560579861271347 281
1757517811386 3.556074297346344 282
1757517811396 3.5515817026575887 283
1757517811406 3.5471018926656064 284
1757517811416 3.542634687499513 285
1757517811426 3.5381799118188 286
1757517811436 3.533737394679442 287
1757517811446 3.529306969404956 288
1757517811456 3.5248884734613033 289
1757517811466 3.520481748336407 290
1757517811476 3.5160866394232757 291
1757517811487 3.5117029959072243 292
1757517811497 3.507330670656794 293
1757517811507 3.5029695201180493 294
1757517811518 3.498619404212611 295
1757517811528 3.494280186238656 296
1757517811538 3.489951732775419 297
1757517811548 3.4856339135905774 298
1757517811559 3.481326601550615 299
1757517811568 3.477029672534144 300
1757517811579 3.4727430053478137 301
1757517811589 3.468466481645012 302
1757517811599 3.4641999858470425 303
1757517811609 3.4599434050668094 304
1757517811619 3.4556966290348203 305
1757517811630 3.451459550027532 306
1757517811640 3.447232062797889 307
1757517811650 3.4430140645080525 308
1757517811661 3.4388054546640294 309
1757517811671 3.4346061350525043 310
1757517811681 3.430416009679396 311
1757517811691 3.426234984710476 312
1757517811701 3.4220629684135155 313
1757517811712 3.417899871102371 314
1757517811722 3.4137456050827026 315
1757517811732 3.409600084599251 316
1757517811742 3.4054632257846547 317
1757517811753 3.4013349466099347 318
1757517811764 3.3972151668362205 319
1757517811774 3.393103807968053 320
1757517811785 3.389000793207914 321
1757517811796 3.384906047412246 322
1757517811806 3.3808194970486327 323
1757517811817 3.376741070154099 324
1757517811828 3.3726706962949793 325
1757517811838 3.368608306527396 326
1757517811849 3.364553833359469 327
1757517811859 3.3605072107140397 328
1757517811870 3.35646837389287 329
1757517811880 3.352437259541618 330
1757517811890 3.3484138056158397 331
1757517811901 3.3443979513480286 332
1757517811911 3.3403896372154875 333
1757517811922 3.33638880490912 334
1757517811932 3.332395397303096 335
1757517811942 3.3284093584253363 336
1757517811953 3.3244306334288445 337
1757517811963 3.3204591685638105 338
1757517811974 3.316494911150452 339
1757517811984 3.3125378095526394 340
1757517811994 3.3085878131522017 341
1757517812005 3.3046448723239776 342
1757517812015 3.3007089384114336 343
1757517812025 3.29677996370314 344
1757517812036 3.2928579014096475 345
1757517812046 3.2889427056411327 346
1757517812057 3.2850343313856127 347
1757517812067 3.2811327344877235 348
1757517812078 3.2772378716280315 349
1757517812088 3.273349700303016 350
1757517812098 3.2694681788053677 351
1757517812109 3.2655932662050566 352
1757517812119 3.261724922330718 353
1757517812130 3.2578631077515445 354
1757517812140 3.2540077837598083 355
1757517812151 3.2501589123535974 356
1757517812162 3.246316456220214 357
1757517812172 3.2424803787198484 358
1757517812183 3.238650643869787 359
1757517812193 3.2348272163290037 360
1757517812204 3.231010061383055 361
1757517812214 3.2271991449295014 362
1757517812224 3.2233944334636653 363
1757517812235 3.2195958940645797 364
1757517812246 3.215803494381652 365
1757517812256 3.2120172026212974 366
1757517812267 3.2082369875341263 367
1757517812277 3.2044628184024346 368
1757517812288 3.200694665027948 369
1757517812298 3.196932497719883 370
1757517812309 3.193176287283374 371
1757517812320 3.189426005008136 372
1757517812332 3.185681622657467 373
1757517812343 3.181943112457366 374
1757517812354 3.1782104470861694 375
1757517812364 3.1744835996642715 376
1757517812375 3.1707625437441282 377
1757517812386 3.1670472533005434 378
1757517812397 3.163337702721208 379
1757517812407 3.159633866797366 380
1757517812418 3.1559357207148886 381
1757517812429 3.1522432400454234 382
1757517812439 3.1485564007377445 383
1757517812450 3.144875179109536 384
1757517812461 3.141199551839052 385
1757517812471 3.1375294959572737 386
1757517812482 3.133864988840041 387
1757517812493 3.1302060082005183 388
1757517812504 3.1265525320817575 389
1757517812515 3.122904538849564 390
1757517812525 3.1192620071852653 391
1757517812536 3.1156249160790632 392
1757517812547 3.1119932448231347 393
1757517812557 3.108366973005183 394
1757517812568 3.1047460805020273 395
1757517812579 3.1011305474733497 396
1757517812589 3.097520354355573 397
1757517812600 3.093915481856021 398
1757517812611 3.090315910947012 399
1757517812622 3.0867216228602423 400
1757517812633 3.0831325990812686 401
1757517812644 3.0795488213441 402
1757517812655 3.0759702716258936 403
1757517812666 3.072396932141881 404
1757517812677 3.068828785340284 405
1757517812688 3.0652658138974602 406
1757517812699 3.0617080007130655 407
1757517812710 3.0581553289054466 408
1757517812721 3.0546077818069812 409
1757517812732 3.0510653429597365 410
1757517812743 3.0475279961109942 411
1757517812754 3.0439957252090992 412
1757517812765 3.0404685143992642 413
1757517812776 3.0369463480195327 414
1757517812787 3.0334292105967715 415
1757517812798 3.0299170868428345 416
1757517812809 3.0264099616507854 417
1757517812819 3.0229078200912687 418
1757517812830 3.019410647408734 419
1757517812841 3.0159184290181127 420
1757517812852 3.012431150501224 421
1757517812863 3.0089487976035056 422
1757517812874 3.00547135623067 423
1757517812885 3.0019988124455526 424
1757517812896 2.9985311524649227 425
1757517812907 2.995068362656441 426
1757517812918 2.9916104295356556 427
1757517812929 2.9881573397631214 428
1757517812940 2.9847090801414713 429
1757517812951 2.9812656376126836 430
1757517812962 2.97782699925533 431
1757517812974 2.9743931522818468 432
1757517812985 2.970964084036051 433
1757517812996 2.9675397819904856 434
1757517813007 2.9641202337439694 435
1757517813018 2.96070542701917 436
1757517813029 2.9572953496602197 437
1757517813040 2.953889989630316 438
1757517813051 2.950489335009593 439
1757517813062 2.9470933739927356 440
1757517813074 2.9437020948869885 441
1757517813085 2.940315486109776 442
1757517813097 2.93693353618694 443
1757517813110 2.933556233750413 444
1757517813122 2.9301835675364036 445
1757517813139 2.926815526383421 446
1757517813150 2.9234520992303805 447
1757517813162 2.9200932751146644 448
1757517813174 2.9167390431704128 449
1757517813185 2.913389392626703 450
1757517813196 2.910044312805814 451
1757517813208 2.9067037931214736 452
1757517813219 2.9033678230773505 453
1757517813230 2.9000363922652452 454
1757517813242 2.896709490363588 455
1757517813253 2.893387107135867 456
1757517813264 2.8900692324291817 457
1757517813275 2.8867558561726123 458
1757517813287 2.883446968375867 459
1757517813298 2.880142559127822 460
1757517813309 2.876842618595169 461
1757517813320 2.873547137020959 462
1757517813331 2.870256104723332 463
1757517813343 2.866969512094273 464
1757517813354 2.863687349598169 465
1757517813365 2.860409607770753 466
1757517813377 2.857136277217698 467
1757517813388 2.853867348613536 468
1757517813399 2.850602812700463 469
1757517813410 2.847342660287183 470
1757517813422 2.844086882247789 471
1757517813433 2.8408354695206466 472
1757517813444 2.837588413107306 473
1757517813455 2.8343457040715463 474
1757517813466 2.8311073335382475 475
1757517813478 2.827873292692376 476
1757517813490 2.8246435727780437 477
1757517813501 2.8214181650975863 478
1757517813512 2.818197061010424 479
1757517813523 2.8149802519324214 480
1757517813535 2.8117677293347443 481
1757517813546 2.808559484743065 482
1757517813557 2.805355509736671 483
1757517813569 2.802155795947656 484
1757517813580 2.7989603350600123 485
1757517813591 2.795769118808888 486
1757517813603 2.7925821389797107 487
1757517813614 2.7893993874074807 488
1757517813628 2.7862208559759463 489
1757517813639 2.783046536616884 490
1757517813651 2.7798764213093508 491
1757517813662 2.7767105020789353 492
1757517813673 2.7735487709970954 493
1757517813685 2.770391220180452 494
1757517813696 2.7672378417900734 495
1757517813708 2.764088628030896 496
1757517813719 2.760943571150966 497
1757517813731 2.757802663440866 498
1757517813742 2.7546658972330613 499
