1757518413838 0.2610746093402848 0
1757518413878 0.4216152875808206 1
1757518413917 0.22452723578737138 2
1757518413956 0.000257711534082954 3
1757518413994 0.3607765395955629 4
1757518414049 0.021020671305659697 5
1757518414088 0.40220780773356474 6
1757518414126 0.15264944682403955 7
1757518414165 0.019773370733989194 8
1757518414203 0.003258437403826261 9
1757518414242 0.0706070928693809 10
1757518414280 0.2539016337752136 11
1757518414318 0.36148554918381265 12
1757518414357 0.2942386016755695 13
1757518414396 0.0030528175044922446 14
1757518414434 0.1404677755712154 15
1757518414473 0.06318875403716384 16
1757518414512 0.34142700454304553 17
1757518414550 0.06166663668423098 18
1757518414589 0.16640764573075054 19
1757518414628 0.0008493411413187802 20
1757518414667 0.058856735458891266 21
1757518414705 0.24219360732199177 22
1757518414744 0.022354570539773265 23
1757518414783 0.0009900638668172734 24
1757518414821 8.314966020666944e-06 25
1757518414860 0.09433753597609397 26
1757518414899 0.1238354538106981 27
1757518414938 0.014894264605465987 28
1757518414977 0.2985793643284529 29
1757518415016 0.11935293429375593 30
1757518415056 0.06645313769712465 31
1757518415096 0.1502471805837186 32
1757518415135 0.16801028853022754 33
1757518415174 0.0483372848834567 34
1757518415213 0.006753300102215595 35
1757518415252 0.06681366616131856 36
1757518415290 0.3929843670547575 37
1757518415329 0.06580492844628032 38
1757518415381 0.002159783879924465 39
1757518415420 0.03648199181035362 40
1757518415460 0.03313087678102935 41
1757518415498 0.14183680059965706 42
1757518415537 0.5391766363902303 43
1757518415576 0.2892243774500295 44
1757518415614 0.16991440989538406 45
1757518415653 0.02247346665136179 46
1757518415691 0.05689640779346276 47
1757518415730 0.032839898126303654 48
1757518415769 0.12823889503140556 49
1757518415808 0.17523272285584698 50
1757518415846 0.0013672836909574882 51
1757518415897 0.05953653756109794 52
1757518415936 0.2804096914792791 53
1757518415975 0.02274746448434658 54
1757518416014 0.07202334070345974 55
1757518416053 0.38576124160892317 56
1757518416093 0.5177217940882962 57
1757518416132 0.3565132949943326 58
1757518416171 2.105235810553945 59
1757518416210 0.15309174793282315 60
1757518416249 0.28126927082206005 61
1757518416288 0.1333868673105612 62
1757518416327 0.015361814328056693 63
1757518416366 0.497335208850211 64
1757518416405 0.0006898638217224583 65
1757518416444 0.001719230818056088 66
1757518416483 0.0021359902029205124 67
1757518416522 0.0017046633315858165 68
1757518416561 0.12951131304288233 69
1757518416600 0.00041370034070532883 70
1757518416639 0.002158213581162548 71
1757518416678 0.00018225043356165046 72
1757518416716 0.06364856725646323 73
1757518416755 0.031267341858988815 74
1757518416794 0.08096531446708527 75
1757518416833 0.2788292583243779 76
1757518416872 0.3719375773852961 77
1757518416911 0.06765568208013392 78
1757518416949 0.039256693801450006 79
1757518416988 0.24120737623393498 80
1757518417027 0.040189324046970336 81
1757518417066 0.4200922083690284 82
1757518417105 0.08931955286450896 83
1757518417144 0.21603718240486702 84
1757518417183 0.345609793735732 85
1757518417222 0.038183454036979834 86
1757518417261 0.015004564046826721 87
1757518417300 0.258177913996137 88
1757518417339 0.001976464883043198 89
1757518417377 0.13012274735462953 90
1757518417416 0.5198230769192013 91
1757518417455 0.04639257576335539 92
1757518417494 0.17066586879770643 93
1757518417533 0.012934488608481903 94
1757518417572 0.025880793999002928 95
1757518417611 0.04660998526840346 96
1757518417650 0.033277945765992134 97
1757518417689 0.0018891341787103917 98
1757518417727 0.023806053140896694 99
1757518417766 0.19362942316974474 100
1757518417805 0.4580161113632217 101
1757518417844 0.14490412754425716 102
1757518417883 0.44280368497277905 103
1757518417922 0.0031007481271106445 104
1757518417961 0.00028905708921376274 105
1757518418000 0.008634568468693326 106
1757518418039 0.12318103490548385 107
1757518418078 0.23376780971393113 108
1757518418117 0.007365934600175783 109
1757518418156 0.06585826012817152 110
1757518418195 0.024111214962399145 111
1757518418234 0.23549280901266112 112
1757518418274 0.017409081418396404 113
1757518418313 0.01953167188968985 114
1757518418352 0.00649075386665784 115
1757518418392 0.17230475343466228 116
1757518418431 0.04720817698095356 117
1757518418470 0.02360961007461984 118
1757518418510 0.023592161514927462 119
1757518418549 0.040836792343592984 120
1757518418588 0.2241116188539244 121
1757518418627 0.0406235562688458 122
1757518418666 0.8877330071517391 123
1757518418705 0.054528873681377266 124
1757518418744 0.043463572346502596 125
1757518418786 0.023710902052180377 126
1757518418825 0.0042138870619106445 127
1757518418864 0.049850700950855156 128
1757518418904 0.09185390585993827 129
1757518418945 0.10162769784287107 130
1757518418985 0.0035831590145778093 131
1757518419025 0.01709821771120362 132
1757518419065 0.005342502491097526 133
1757518419105 0.01550272328677898 134
1757518419144 0.015192908275744266 135
1757518419184 0.003588526937921172 136
1757518419223 0.042512539380192414 137
1757518419263 0.12159038055232486 138
1757518419302 0.026164182964623747 139
1757518419342 0.025801733697187672 140
1757518419381 0.02649749614992044 141
1757518419421 0.017913130238001406 142
1757518419460 0.002519844913016045 143
1757518419499 0.01620683490867491 144
1757518419539 0.0019758551441987227 145
1757518419578 0.02204082801537398 146
1757518419618 0.0021178605466589747 147
1757518419657 0.12670003657520923 148
1757518419697 0.06224474922565062 149
1757518419736 0.1270463508953626 150
1757518419775 0.08275763029739598 151
1757518419815 3.985319660885755e-05 152
1757518419854 0.07645067318322558 153
1757518419894 0.05267188669806957 154
1757518419933 0.021346450975841726 155
1757518419973 0.09595277197196987 156
1757518420012 0.001670176631688925 157
1757518420052 0.40627192124270856 158
1757518420091 0.0914596823896222 159
1757518420130 0.0028282437642609113 160
1757518420170 0.0824777172359922 161
1757518420209 0.04522785099384269 162
1757518420248 0.19027684710287224 163
1757518420288 0.009413469068528722 164
1757518420328 0.025733537569276852 165
1757518420368 0.004680210924534299 166
1757518420409 0.15691734808200167 167
1757518420449 0.07904359573905538 168
1757518420488 0.10617058190603186 169
1757518420529 0.35941826364067236 170
1757518420569 0.004920216547448434 171
1757518420609 0.023296745733434793 172
1757518420649 0.1469547599892014 173
1757518420689 0.0250709726898938 174
1757518420729 0.06213076709082191 175
1757518420768 0.057478199571397465 176
1757518420808 0.27704853388935 177
1757518420848 0.06448968667030272 178
1757518420888 0.05761503080606534 179
1757518420928 0.05406833612843717 180
1757518420968 0.00861297132944114 181
1757518421008 0.12806610962288606 182
1757518421048 0.10665821028048997 183
1757518421088 0.057229728332489675 184
1757518421129 0.09438615487292447 185
1757518421169 0.0024804812370047323 186
1757518421208 0.04277178156862012 187
1757518421247 0.03555570893312986 188
1757518421286 0.31055694306154213 189
1757518421325 0.015994477773483715 190
1757518421365 0.004160305077414645 191
1757518421404 0.05978720632968983 192
1757518421444 0.015214686534806489 193
1757518421483 0.030355966397334608 194
1757518421523 0.00028051786636469595 195
1757518421562 0.05501729522601628 196
1757518421602 0.08186679539523417 197
1757518421642 0.16062188030624022 198
1757518421681 0.00197725554698079 199
1757518421721 0.0025374067166687806 200
1757518421761 0.0301371735126935 201
1757518421800 0.006485344677475418 202
1757518421840 0.1050605754710968 203
1757518421880 0.0010617774062799963 204
1757518421920 0.04661503543337449 205
1757518421959 0.094186862694889 206
1757518421999 0.0123242838509311 207
1757518422039 0.22478242142970795 208
1757518422092 0.020794972062797977 209
1757518422132 0.0070440208124198725 210
1757518422172 0.6720338681626731 211
1757518422211 0.08887292699447379 212
1757518422251 0.04142762950284311 213
1757518422291 0.11871395217716577 214
1757518422330 0.01930240526591811 215
1757518422370 0.007185094789633687 216
1757518422410 0.19257224027239755 217
1757518422450 0.0018231511063152323 218
1757518422490 0.01719601165611338 219
1757518422531 0.06319637538022152 220
1757518422571 0.02574476750414598 221
1757518422611 0.002059057503903623 222
1757518422652 0.06438853067804912 223
1757518422692 0.21365918719012028 224
1757518422732 0.15402064693443585 225
1757518422772 0.753379973693345 226
1757518422812 0.22854446792291166 227
1757518422852 0.4601506871508991 228
1757518422892 0.003039147366761634 229
1757518422939 0.05374994813209322 230
1757518422981 0.008821461825506659 231
1757518423021 0.21531889774951682 232
1757518423061 0.07622669863900129 233
1757518423102 0.02399746330946563 234
1757518423141 0.023479865538779926 235
1757518423181 0.07643199395641802 236
1757518423221 0.0517454648291253 237
1757518423261 0.007478235363974129 238
1757518423301 0.27734520656867023 239
1757518423347 0.02955885091644015 240
1757518423387 0.0452381823538905 241
1757518423428 0.30006383591335234 242
1757518423468 0.034865930971920554 243
1757518423508 0.0011274148775082973 244
1757518423549 0.3983283174401304 245
1757518423589 2.6073499632474404e-05 246
1757518423629 0.04496591711425192 247
1757518423669 0.2552603144394957 248
1757518423709 0.16951900864105976 249
1757518423749 0.17612004219451555 250
1757518423789 0.000988597614227175 251
1757518423829 0.05246434645870795 252
1757518423869 0.08454839720856011 253
1757518423909 0.04370679253796086 254
1757518423949 0.006243448719527877 255
1757518423989 0.48806048659448303 256
1757518424029 0.33621613175820486 257
1757518424069 0.10319161286359582 258
1757518424109 0.03523307432786691 259
1757518424149 0.01590731112672081 260
1757518424189 0.10138233108897447 261
1757518424229 0.0011259546523270665 262
1757518424269 0.09091162540695195 263
1757518424309 0.06294439678921639 264
1757518424349 0.005817526397394416 265
1757518424390 0.2268574947977734 266
1757518424430 0.6830353134798567 267
1757518424470 0.8817022431885018 268
1757518424510 0.09373619043805181 269
1757518424550 0.03521398305815179 270
1757518424591 0.021809553939464956 271
1757518424631 0.0008150759564353144 272
1757518424671 0.1361977405939467 273
1757518424711 0.12351776832862531 274
1757518424751 0.026012135057560754 275
1757518424793 0.15226125276998714 276
1757518424833 0.0004282410180206384 277
1757518424874 0.07061435173388753 278
1757518424915 0.0763391462341297 279
1757518424955 0.04814653167644308 280
1757518425004 1.1952847911690325 281
1757518425053 0.4227844364087922 282
1757518425112 0.09469439373232108 283
1757518425157 7.0027471566363355e-06 284
1757518425200 0.008968250597460802 285
1757518425243 0.37164650339515803 286
1757518425288 0.01229534819896339 287
1757518425329 0.023245119271429308 288
1757518425375 0.05021097304803164 289
1757518425416 0.16917323517099075 290
1757518425462 0.09966077800193913 291
1757518425504 0.003354522045079123 292
1757518425549 0.34949920780817273 293
1757518425590 1.2570485530693107 294
1757518425643 0.011203071999512601 295
1757518425684 0.17121324736891722 296
1757518425725 0.11258813889425802 297
1757518425766 0.15989929511143025 298
1757518425807 0.0006186477940191661 299
1757518425847 0.14610670967828643 300
1757518425899 0.09883519942552861 301
1757518425940 0.001130935380200081 302
1757518425980 4.104150169539297e-08 303
1757518426021 0.29325978768529964 304
1757518426062 0.09435787805238068 305
1757518426102 0.23467958260450344 306
1757518426142 0.2514586806679653 307
1757518426183 0.08905891204500699 308
1757518426224 0.027840485441980704 309
1757518426264 0.0780881487004825 310
1757518426304 0.03275431551968781 311
1757518426344 0.17515568723801736 312
1757518426385 0.6055830845535051 313
1757518426426 0.0005137254291571646 314
1757518426467 0.051096800557755694 315
1757518426507 0.0036252291994642045 316
1757518426547 0.0052135898083600215 317
1757518426588 0.12149573286538798 318
1757518426629 0.07352469544636656 319
1757518426671 0.13019898974306568 320
1757518426721 0.15240524771957747 321
1757518426763 0.0027823600975122333 322
1757518426811 0.2200929125206496 323
1757518426853 3.555666725506001e-05 324
1757518426895 0.9544159032215319 325
1757518426936 0.03302886029098299 326
1757518426977 0.1493482203860614 327
1757518427019 0.06705567246659333 328
1757518427059 0.0652049529533935 329
1757518427100 0.15132166887464435 330
1757518427141 0.0034407611723881386 331
1757518427181 0.06121196724079265 332
1757518427222 0.4682126148024889 333
1757518427263 0.015447922705029132 334
1757518427304 0.13965535487428463 335
1757518427344 0.002446197865384086 336
1757518427385 0.15300604056608272 337
1757518427426 0.3460974161572166 338
1757518427466 0.09724459289209236 339
1757518427507 0.014516031590535498 340
1757518427548 0.053107037920927205 341
1757518427588 0.02636531255649372 342
1757518427629 0.003627289115557078 343
1757518427669 0.0593325330858125 344
1757518427710 0.10564253318730822 345
1757518427750 0.11829511142597339 346
1757518427791 0.14421166994205617 347
1757518427832 0.00013677178654459163 348
1757518427872 0.4174893236676776 349
1757518427913 0.048731828332238075 350
1757518427953 0.011340411766975755 351
1757518427994 0.016882888239787935 352
1757518428035 0.2205234410377177 353
1757518428075 0.027583000306682096 354
1757518428116 0.060648671144116185 355
1757518428157 0.5238372015224376 356
1757518428198 0.019720308681658662 357
1757518428238 0.004130972085084244 358
1757518428279 1.0540119051104775 359
1757518428320 0.006491297822893957 360
1757518428361 0.36137480085983525 361
1757518428402 0.1304223882960929 362
1757518428445 0.00020905877718643904 363
1757518428485 0.03537897827123297 364
1757518428526 0.0045861615581718135 365
1757518428568 1.2792678024560962 366
1757518428609 0.028621229088495025 367
1757518428650 0.1083819372807852 368
1757518428691 0.12691050687224117 369
1757518428731 0.0469852252207819 370
1757518428772 0.5418870658185542 371
1757518428813 0.34852751694980305 372
1757518428853 0.003392380720601347 373
1757518428894 0.3516499393548465 374
1757518428935 0.07433818868670453 375
1757518428979 2.7756809844034782e-06 376
1757518429020 0.09677030100107117 377
1757518429061 0.1596580763842801 378
1757518429102 0.3105850220328191 379
1757518429145 0.03743209904650056 380
1757518429186 1.3851144992272817 381
1757518429228 0.10407985093453803 382
1757518429270 0.05767937805314966 383
1757518429312 0.01693677051606307 384
1757518429354 0.04398663519779957 385
1757518429396 0.02892518027967355 386
1757518429438 0.06893710878928186 387
1757518429479 0.03335359704394789 388
1757518429520 0.12387049309889707 389
1757518429561 0.04491036789063753 390
1757518429602 0.6653188606541159 391
1757518429644 0.005523776058484242 392
1757518429685 0.17102130554781125 393
1757518429726 0.0009094395245260575 394
1757518429768 0.23840142067858702 395
1757518429809 0.0024620659557925135 396
1757518429850 0.018350361786702577 397
1757518429891 0.1736844484340285 398
1757518429932 0.051123805622491525 399
1757518429973 0.014101198504989578 400
1757518430014 0.051182407845367595 401
1757518430054 0.012019549828515705 402
1757518430095 2.418720984540481e-06 403
1757518430136 0.07250687113439398 404
1757518430177 0.003052333690002685 405
1757518430218 0.31649545385587985 406
1757518430259 0.0981234014147626 407
1757518430300 0.14131374704242788 408
1757518430341 0.5805094771416849 409
1757518430382 0.1177413766545148 410
1757518430424 0.19555114337498694 411
1757518430465 0.030671227467381053 412
1757518430507 0.013121048963332382 413
1757518430548 0.02812144951163819 414
1757518430589 0.18810169471500435 415
1757518430631 0.014079697238883145 416
1757518430672 0.004452715416991534 417
1757518430713 0.16658880113647595 418
1757518430754 0.006098859138119202 419
1757518430795 9.784583147081801e-05 420
1757518430836 0.10207424694950902 421
1757518430878 0.08439340125906761 422
1757518430919 0.007452353202277537 423
1757518430961 0.0038096940159249052 424
1757518431003 0.04776426945413984 425
1757518431045 0.04085505736807891 426
1757518431086 0.47574460063428414 427
1757518431128 0.058027893192898805 428
1757518431169 0.008177772953894788 429
1757518431210 0.23614293243784915 430
1757518431251 0.0071531465201668315 431
1757518431293 0.07309021663230099 432
1757518431336 0.43865449552069236 433
1757518431377 0.1049655536674872 434
1757518431419 0.1713240377335942 435
1757518431460 0.1374250093664659 436
1757518431501 0.6420595756482141 437
1757518431542 5.584583157025042e-05 438
1757518431584 0.16606074101631782 439
1757518431625 0.02399589799787394 440
1757518431667 0.00021198983222102188 441
1757518431709 0.0010168016247096977 442
1757518431750 0.44781852280953954 443
1757518431792 0.0032519318785405463 444
1757518431834 0.17415816097398168 445
1757518431875 0.06116752819559519 446
1757518431917 0.0714907235380942 447
1757518431958 0.0015401437314576031 448
1757518431999 7.746852464094321e-06 449
1757518432040 0.004141314821910058 450
1757518432082 0.06678215378545287 451
1757518432123 0.0024856835589614455 452
1757518432164 0.010299652546418299 453
1757518432205 0.25923315034930905 454
1757518432246 0.09419859151451754 455
1757518432288 0.050790390654284034 456
1757518432329 0.0005242311866404868 457
1757518432370 0.1088002833587365 458
1757518432412 0.1305148736067692 459
1757518432453 0.0018082466032542733 460
1757518432495 0.0863700940439349 461
1757518432536 0.0638315347912253 462
1757518432577 0.05800669699981891 463
1757518432619 0.10238839125327652 464
1757518432660 0.31237663612323474 465
1757518432702 0.004021088307740483 466
1757518432743 0.44392119929894724 467
1757518432785 2.115151412832635 468
1757518432826 0.03072046512162932 469
1757518432868 2.7639317014048737e-06 470
1757518432910 0.05555906470501267 471
1757518432951 0.16317269676711493 472
1757518432992 0.035777772379646175 473
1757518433033 0.3339180211988367 474
1757518433075 0.061576566360246554 475
1757518433117 0.1017501046104401 476
1757518433158 0.9353114605286531 477
1757518433200 0.10625278624676406 478
1757518433242 0.3421562414459296 479
1757518433284 0.385855281822198 480
1757518433331 0.025630688382428293 481
1757518433373 0.14486481200914048 482
1757518433415 0.009161129578838793 483
1757518433456 0.006872859545697141 484
1757518433498 0.5856808057668282 485
1757518433540 0.018883299766228746 486
1757518433582 0.24809287798268664 487
1757518433624 0.027438948134798403 488
1757518433665 0.22118538307941696 489
1757518433708 0.26904337954429647 490
1757518433751 0.002410508653242819 491
1757518433793 0.05512391242594746 492
1757518433834 0.10846024657475642 493
1757518433876 0.0030393373494307513 494
1757518433918 0.018578826575917542 495
1757518433960 1.7255049436469967 496
1757518434001 0.034051337735174304 497
1757518434043 1.308807784332853 498
1757518434096 0.07782041924007423 499
