1757518303319 0.34788318000796487 0
1757518303353 12.421541061430087 1
1757518303386 1.0948187675296344 2
1757518303420 0.0080356620806877 3
1757518303454 0.03156712112708376 4
1757518303488 0.3610681886673169 5
1757518303533 0.0686074000937799 6
1757518303567 0.19740639992033854 7
1757518303601 0.020364087559181974 8
1757518303634 0.0056342292287296855 9
1757518303667 0.044176844939940035 10
1757518303700 0.026523320566973232 11
1757518303735 8.307392860442013e-05 12
1757518303769 0.2039629802740373 13
1757518303803 0.0022131651702750202 14
1757518303837 0.022777834084778962 15
1757518303870 0.009188672976753604 16
1757518303903 0.015550266572392024 17
1757518303937 0.10452176653253362 18
1757518303970 0.007213278075768664 19
1757518304004 0.500451360903098 20
1757518304037 0.28520064874567164 21
1757518304070 0.005093992185012577 22
1757518304103 1.1078225471487673 23
1757518304136 0.16543925566631026 24
1757518304170 0.10129333150727006 25
1757518304203 0.14458591362407802 26
1757518304237 0.14571402440651032 27
1757518304270 0.0030645602257191123 28
1757518304303 0.07261450324538249 29
1757518304337 0.015945145291915912 30
1757518304370 0.04709381763650165 31
1757518304404 0.08616389881006147 32
1757518304437 0.2204507050173553 33
1757518304470 0.02689857450029739 34
1757518304504 8.947409879410829e-05 35
1757518304538 0.014180424875610805 36
1757518304572 1.7063623318624908e-05 37
1757518304618 7.469875553558374e-05 38
1757518304652 0.24835396866982692 39
1757518304685 0.0050334075364875846 40
1757518304719 0.0032932741207833322 41
1757518304752 0.21037332813715204 42
1757518304786 0.06301481638792086 43
1757518304829 0.0035782482348454313 44
1757518304866 0.11238001580592213 45
1757518304900 0.08016835000868022 46
1757518304934 0.11315046972725601 47
1757518304968 0.0606366741330536 48
1757518305001 0.0032512540974458434 49
1757518305035 0.00798684931431539 50
1757518305069 0.12235367106750472 51
1757518305103 0.012807918749103562 52
1757518305136 0.026443880847423704 53
1757518305169 0.18645605809053503 54
1757518305203 0.00035678567888438716 55
1757518305236 0.009704047283950265 56
1757518305269 0.06082955717571954 57
1757518305302 0.00949113581542552 58
1757518305336 0.023465625940692594 59
1757518305369 0.10074496288290065 60
1757518305403 0.006968811064545275 61
1757518305436 0.09560780280388646 62
1757518305470 0.03314197260067986 63
1757518305503 0.03707655957224058 64
1757518305537 0.07400434456275459 65
1757518305571 0.003806300835568731 66
1757518305604 0.2534791150066514 67
1757518305639 0.016202310753138573 68
1757518305672 0.13780795893018868 69
1757518305706 0.0003522220711082748 70
1757518305740 0.04172077338396652 71
