1757518667585 0.0492493692513996 0
1757518667620 0.41681075207242163 1
1757518667653 8.13542267679247 2
1757518667688 1.925341425738084 3
1757518667721 0.4949864724041039 4
1757518667756 1.3965076622682162 5
1757518667791 0.08383494541234045 6
1757518667825 0.512912634504317 7
1757518667859 0.139848076187201 8
1757518667893 0.894072978560764 9
1757518667927 0.34280000544579725 10
1757518667961 0.021318052209685287 11
1757518667994 0.004781555188593767 12
1757518668028 0.07756848342831345 13
1757518668062 0.09728422908349729 14
1757518668095 0.44817812913974114 15
1757518668128 0.016646452422525482 16
1757518668162 0.11217428727128492 17
1757518668195 0.08200314163851653 18
1757518668229 0.11943607773636727 19
1757518668262 0.10637460946072325 20
1757518668296 0.02713450860093035 21
1757518668329 0.0321794849049561 22
1757518668362 0.22520986239159835 23
1757518668395 0.059964859715823556 24
1757518668430 0.009285242864742672 25
1757518668463 0.03561755052820533 26
1757518668497 0.0005947287104512719 27
1757518668531 0.002128868745531818 28
1757518668580 0.12216262359348051 29
1757518668614 0.08008176566297621 30
1757518668647 0.029519387618577836 31
1757518668681 0.022232613376025546 32
1757518668714 0.022949112211984174 33
1757518668748 0.02001579911685457 34
1757518668781 0.007577639477331981 35
1757518668815 0.0033946655960521107 36
1757518668849 0.3735896734843528 37
1757518668883 0.0259342146761661 38
1757518668917 0.04189039835946064 39
1757518668950 0.040228808291823064 40
1757518668984 0.532528179346447 41
1757518669018 0.023047571301563617 42
1757518669051 0.0513599503756122 43
1757518669085 0.03189980918563681 44
1757518669118 0.07808492139217932 45
1757518669152 0.006256288387609912 46
1757518669185 0.16783417061561168 47
1757518669219 0.03711318860756687 48
1757518669252 0.04050208631872753 49
1757518669286 0.17815130278807723 50
1757518669319 0.004845354319518403 51
1757518669353 0.0295827977538534 52
1757518669386 0.14621265982327422 53
1757518669420 0.00023698811196232078 54
1757518669454 0.0012238367971662365 55
1757518669488 0.16775234083471086 56
1757518669522 0.3857942487822639 57
1757518669556 0.04589058762600796 58
1757518669589 0.0016192355114281118 59
1757518669623 0.1434104138733597 60
1757518669657 0.010033855203924283 61
1757518669690 0.38477492879576625 62
1757518669724 0.14446302894312804 63
1757518669758 0.007887484145865058 64
1757518669791 0.06377733838009958 65
1757518669825 0.022017474046365004 66
1757518669859 0.008252192789717826 67
1757518669894 0.24099177234740715 68
1757518669928 0.07596365298524034 69
1757518669962 0.09272746517446051 70
1757518669996 0.32528422912555327 71
1757518670030 0.036848146353402327 72
1757518670064 0.003184449194882088 73
1757518670098 0.04053368336389248 74
1757518670132 0.24524895618355297 75
1757518670166 0.007137090957252658 76
1757518670199 0.15450962323660647 77
1757518670233 0.001444437828203317 78
1757518670267 0.16917910952664783 79
1757518670301 0.0006142509730373636 80
1757518670335 0.08279103638644131 81
1757518670368 0.1595402882241237 82
1757518670402 0.01967097875850977 83
1757518670435 0.8470068484069587 84
1757518670469 1.3174337139782246 85
1757518670503 0.025520606233626057 86
1757518670537 2.657736077677005e-05 87
1757518670571 0.4588272209218571 88
1757518670605 0.014479027610454758 89
1757518670639 0.009590048690973517 90
1757518670673 0.020152705354826328 91
1757518670706 0.007362635556659847 92
1757518670740 0.1156845468606143 93
1757518670774 0.0005191535142465399 94
1757518670808 0.14740212933428373 95
1757518670841 0.01596380460868497 96
1757518670875 0.03711465540163177 97
1757518670909 0.18871335836495376 98
1757518670943 0.10836790807689485 99
1757518670977 0.002717167299410757 100
1757518671011 0.18610157817597217 101
1757518671045 0.006169083303233873 102
1757518671078 0.004759075722157058 103
1757518671115 0.16509674596752785 104
1757518671149 0.13921929073338177 105
1757518671183 0.01962177924736234 106
1757518671217 0.07147557564157565 107
1757518671251 0.3217398382461954 108
1757518671284 0.0032788196031590393 109
1757518671318 0.01036066363606295 110
1757518671352 0.008400369190500453 111
1757518671386 0.004324489994573092 112
1757518671420 0.0002537050555996508 113
1757518671454 0.07337500415076069 114
1757518671488 0.09418837183901643 115
1757518671522 0.007944721765186409 116
1757518671556 0.02377578310390723 117
1757518671590 0.22070308422935814 118
1757518671624 0.026863691990248614 119
1757518671658 0.04366880023170085 120
1757518671692 4.856266459052839e-05 121
1757518671726 0.03627221195643746 122
1757518671760 0.010704546166097013 123
1757518671794 0.05278738490073655 124
1757518671828 0.011673170441888125 125
1757518671862 0.04447692072031644 126
1757518671896 0.004356493613133361 127
1757518671930 0.01396879344098976 128
1757518671963 0.030917300221071878 129
1757518671998 0.0020715227594145557 130
1757518672032 0.0005685918546547958 131
1757518672065 0.38092213780764334 132
1757518672100 0.06901752053400209 133
1757518672135 0.06375731415735529 134
1757518672169 0.12546014711725353 135
1757518672203 0.10753628354104916 136
1757518672237 0.013781798611084186 137
1757518672271 0.008268914995092223 138
1757518672305 0.17760444874273465 139
1757518672339 0.18635019770144776 140
1757518672373 0.006626147513878728 141
1757518672407 0.1371007291574039 142
1757518672442 0.015742042235584484 143
1757518672476 0.034894711286271085 144
1757518672510 0.013530471174411723 145
1757518672543 1.949456545109672e-05 146
1757518672577 0.00022204310985282736 147
1757518672611 0.0002671413933354435 148
1757518672646 0.04356440539005838 149
1757518672680 0.06306745493474114 150
1757518672714 0.20471370477421655 151
1757518672749 0.005022808072925447 152
1757518672783 0.38105588193731244 153
1757518672817 0.012082503604110987 154
1757518672850 0.0704070341600535 155
1757518672884 0.8065117042311345 156
1757518672918 0.06012840557358852 157
1757518672952 0.00016685659208699746 158
1757518672986 0.38715307348483946 159
1757518673020 0.006228008770454523 160
1757518673054 0.15523024680940725 161
1757518673088 0.04713618008644897 162
1757518673122 0.017361982475269544 163
1757518673156 0.1808094264154279 164
1757518673190 0.002057541689416929 165
1757518673224 0.011258589062134306 166
1757518673258 0.04824123104635805 167
1757518673293 0.009718512476875793 168
1757518673327 0.14800383078734533 169
1757518673361 0.3750685440513499 170
1757518673401 0.005081986271509163 171
1757518673435 0.010723184640298134 172
