1757594820427 0.07794415190379113 0
1757594820466 0.0071742458344088685 1
1757594820504 0.00031390538473335857 2
1757594820542 0.0003764141649396436 3
1757594820580 0.07377326668628645 4
1757594820637 0.2834578923231958 5
1757594820679 0.008142386973432317 6
1757594820719 0.025835140862924412 7
1757594820759 0.19770569311640634 8
1757594820799 0.00808448981166439 9
1757594820846 0.04029156561697911 10
1757594820885 0.03913948343633329 11
1757594820926 0.009039077882285999 12
1757594820972 0.0783501411320502 13
1757594821012 0.013421133356114782 14
1757594821054 0.02112734393710995 15
1757594821093 0.010198194857615632 16
1757594821133 0.3882098117134823 17
1757594821172 0.033333898369239376 18
1757594821211 0.17219116966904724 19
1757594821250 0.05257035915804367 20
1757594821289 0.025919049264773102 21
1757594821328 0.016076237081197965 22
1757594821367 0.08678123346272607 23
1757594821406 0.002895009934417746 24
1757594821445 0.02183059590716529 25
1757594821487 0.005489034153729104 26
1757594821526 0.04190448194851821 27
1757594821565 0.00016061973447539392 28
1757594821605 0.00028942858741724125 29
1757594821675 0.06090612300820079 30
1757594821716 0.03227215129669957 31
1757594821756 2.1307144519454795e-05 32
1757594821795 0.0340985924792371 33
1757594821834 0.1298030466817035 34
1757594821873 0.20107841165442428 35
1757594821912 0.05677552982958878 36
1757594821951 0.04738222287881932 37
1757594821990 0.0010964420669961207 38
1757594822029 0.005270121053754004 39
1757594822067 0.00016551758177627305 40
1757594822106 0.06997434552666318 41
1757594822145 0.002459773033447952 42
1757594822195 0.23873821383592284 43
1757594822235 0.004213962971568021 44
1757594822275 0.0030438733256728085 45
1757594822314 0.11728699949964647 46
1757594822354 0.1941850730829515 47
1757594822393 0.16257495879115613 48
1757594822432 0.029668820551784623 49
1757594822472 0.04544685099972575 50
1757594822511 0.0010183909992977531 51
1757594822551 0.07275437787152972 52
1757594822590 0.10624790679440338 53
1757594822629 0.11131441925093381 54
1757594822669 0.017052178314261233 55
1757594822708 0.00508856618641428 56
1757594822751 0.002469979102169627 57
1757594822792 0.0169799463527846 58
1757594822833 0.030569082892700872 59
1757594822876 0.149508578809798 60
1757594822921 0.4691758440316946 61
1757594822961 0.05678431481226453 62
1757594823000 0.06968944078330519 63
1757594823040 0.028970716402467837 64
1757594823080 0.04231804471705859 65
1757594823123 0.018148262198914238 66
1757594823171 0.1958116379330001 67
1757594823212 0.021087890051403255 68
1757594823251 0.017769445003598484 69
1757594823290 0.3293321777483618 70
1757594823330 0.1666170407146414 71
1757594823369 0.38322777506142097 72
1757594823408 0.24531149004624697 73
1757594823447 0.0003844914777248129 74
1757594823487 0.0009258848308302406 75
1757594823526 0.00023370214971696874 76
1757594823566 0.028476748851976527 77
1757594823605 0.30244450600304107 78
1757594823644 0.015519625778547298 79
1757594823683 0.03411165966833635 80
1757594823722 0.10151935519143358 81
1757594823761 0.43628282723708267 82
1757594823801 0.13635909736862087 83
1757594823840 0.015684662212116205 84
1757594823879 0.002288916149752912 85
1757594823919 0.031653883178378604 86
1757594823958 0.09412504627814157 87
1757594823997 0.013359012131624591 88
1757594824036 0.10751775961514651 89
1757594824075 0.021657492140542474 90
1757594824114 0.03762275853203957 91
1757594824153 0.017320066740565576 92
1757594824193 0.06746428087320117 93
1757594824232 0.026750078675720605 94
1757594824271 0.0893934271039074 95
1757594824310 0.0019547624729446818 96
1757594824350 0.04423927296380408 97
1757594824389 0.005987358380704502 98
1757594824428 0.041452141968794265 99
1757594824468 0.10660690612978098 100
1757594824508 0.0026148103603037503 101
1757594824547 0.10555381855875758 102
1757594824586 0.005390577486356383 103
1757594824625 0.3429677427194038 104
1757594824664 0.016484427601988934 105
1757594824703 0.02105082288230083 106
1757594824742 0.03079439091084143 107
1757594824781 0.04234309466292878 108
1757594824820 0.0017112316837318623 109
1757594824860 0.18297712900759888 110
1757594824900 0.02417802424571716 111
1757594824939 0.0014455252791417783 112
1757594824978 0.04450299671758829 113
1757594825017 0.0018084506033963557 114
1757594825058 0.08944753272549841 115
1757594825098 0.007031702047398402 116
1757594825138 3.59162036157058e-05 117
1757594825177 0.004582682632203501 118
1757594825216 0.13233613941469213 119
1757594825256 0.06974153858671836 120
1757594825295 0.0004317872451299195 121
1757594825334 0.0075688573591744775 122
1757594825374 0.17110411191616634 123
1757594825414 0.10430430445540406 124
1757594825464 0.026987170090498433 125
1757594825515 0.03144128261540683 126
1757594825556 0.0009777507071431952 127
1757594825595 0.1570734963055735 128
1757594825635 0.15890726852117368 129
1757594825675 0.11520009032776683 130
1757594825715 0.0004818300165388186 131
1757594825754 0.10430630021425896 132
1757594825794 0.0665846650446623 133
1757594825833 0.09989190498973735 134
1757594825873 0.42242269489007694 135
1757594825912 0.042232492512677786 136
1757594825952 3.3639946525788837 137
1757594825991 0.06913321487739194 138
1757594826031 0.012927413760561147 139
1757594826071 0.001871065064212286 140
1757594826110 0.007335657228152162 141
1757594826150 0.12691729695601034 142
1757594826190 0.050454246479633466 143
1757594826229 0.0002979661368704461 144
1757594826269 6.698368761008869e-05 145
1757594826309 0.0353637823229344 146
1757594826348 0.16223065780162527 147
1757594826388 0.07184782450740783 148
1757594826427 0.3376260172690154 149
1757594826480 0.002992205834950441 150
1757594826526 0.0713491260699196 151
1757594826569 0.00042173677200410943 152
1757594826614 0.08356018140995745 153
1757594826658 0.017610861176955296 154
1757594826699 2.480326829515728e-07 155
1757594826740 0.03216987301509264 156
1757594826780 0.19476721484355203 157
1757594826820 0.01971599616301322 158
1757594826860 0.08044859019651641 159
1757594826900 0.30077499744067715 160
1757594826949 0.0442215337289651 161
1757594826990 0.030374000958250925 162
1757594827033 0.0027759127424743404 163
1757594827075 0.1368645943208119 164
1757594827115 0.13125849948864193 165
1757594827156 0.05355408662723399 166
1757594827197 0.010630563149224226 167
1757594827236 0.004676168992561342 168
1757594827276 0.05639207697413768 169
1757594827316 0.029158457214158204 170
1757594827355 0.028957855285260622 171
1757594827395 0.4886813170765112 172
1757594827437 0.2306776160186302 173
1757594827482 0.00020272256116103305 174
1757594827524 0.03803512030808369 175
1757594827564 0.06477194738482409 176
1757594827604 0.1817104289021704 177
1757594827644 0.0014047679115109873 178
1757594827684 0.03030600247859424 179
1757594827725 0.00808609989942832 180
1757594827766 0.042670015178060745 181
1757594827811 0.013808216171301246 182
1757594827852 0.011690002885206045 183
1757594827892 0.0018446376841164422 184
1757594827933 0.06560414633945671 185
1757594827973 0.35045168843142205 186
1757594828013 0.023932723337890236 187
1757594828053 0.26185904497988105 188
1757594828094 0.2610761175508541 189
1757594828134 7.2325795798273485e-06 190
1757594828174 0.0009833958735854151 191
1757594828213 0.055497464245242274 192
1757594828253 0.00034501518223474195 193
1757594828292 0.4399591458142131 194
1757594828332 0.5487286303113244 195
1757594828372 0.008366401222258233 196
1757594828412 1.3480420885224276 197
1757594828452 0.007080967865769782 198
1757594828493 0.28840533752838304 199
1757594828534 0.14854297800902155 200
1757594828574 0.9877873686861933 201
1757594828618 0.09895404069694992 202
1757594828658 0.00564759547953533 203
1757594828697 0.03463616533099247 204
1757594828737 0.0564448513343559 205
1757594828777 0.2327310786075464 206
1757594828816 0.0074437448380066116 207
1757594828857 0.027346798886586497 208
1757594828897 0.39044792958516794 209
1757594828937 0.005863023917850007 210
1757594828978 0.004598020417766515 211
1757594829019 0.011977029928995962 212
1757594829060 0.3196022911502981 213
1757594829101 0.05085342018191288 214
1757594829142 0.033525878746250314 215
1757594829182 3.1531701117075435e-05 216
1757594829222 0.3266546917888253 217
1757594829264 0.3727042852652926 218
1757594829306 0.002680161219371188 219
1757594829346 0.16960012376493827 220
1757594829390 0.002198538483468025 221
1757594829432 0.024641971392103307 222
1757594829472 9.181823379224596e-05 223
1757594829513 7.367509765077686e-05 224
1757594829552 0.04417523432797816 225
1757594829592 0.3480358334311725 226
1757594829632 0.005983418954975678 227
1757594829673 0.031537661894123215 228
1757594829713 0.013320474245642974 229
1757594829754 0.14228986212243552 230
1757594829795 0.07033301406233934 231
1757594829836 0.01725984334788752 232
1757594829876 0.052030746698880234 233
1757594829915 0.11493339422218728 234
1757594829955 0.005564137300121118 235
1757594829994 0.2812188965932928 236
1757594830035 0.39223748290515703 237
1757594830075 0.11533050267743801 238
1757594830116 0.03181096818920768 239
1757594830155 0.000664857044951802 240
1757594830195 0.012723303877660644 241
1757594830236 0.006882042903487297 242
1757594830275 2.096212298355873e-05 243
1757594830315 0.034863594849709724 244
1757594830355 0.019920516850164806 245
1757594830394 0.04242466857389762 246
1757594830434 0.006637718286229668 247
1757594830474 0.09433051538829716 248
1757594830515 0.17662097951220015 249
1757594830555 0.017013214057115093 250
1757594830595 0.01562781165885345 251
1757594830635 0.00620366664569757 252
1757594830675 0.03543537378004656 253
1757594830714 0.13081928392745562 254
1757594830755 0.4460396850673975 255
1757594830794 0.2132486124497939 256
1757594830834 0.012350103412952798 257
1757594830875 0.07396127320512456 258
1757594830914 0.04539756092085956 259
1757594830955 0.05728595538735221 260
1757594830995 0.10525413960413758 261
1757594831035 0.013428397717318727 262
1757594831076 0.11365173650002065 263
1757594831116 0.0003428092550717288 264
1757594831156 0.030165025058873793 265
1757594831196 0.004762741596691822 266
1757594831237 0.1085888974196727 267
1757594831277 0.006054369897036796 268
1757594831317 0.06808873150491764 269
1757594831358 0.06029166209172043 270
1757594831400 0.695187559216382 271
1757594831441 0.004536579415688163 272
1757594831482 0.03184100780326586 273
1757594831522 0.04779078643986752 274
1757594831562 0.015083942000893545 275
1757594831604 0.26395031478872577 276
1757594831644 0.012499792195384964 277
1757594831685 0.003829311692175652 278
1757594831725 0.002482016634177818 279
1757594831765 0.020898143978536465 280
1757594831805 0.026044741685574406 281
1757594831845 0.30272064102964513 282
1757594831888 0.0010962045756403923 283
1757594831930 0.0013807578344432795 284
1757594831971 0.013941222832612983 285
1757594832011 0.16994104067095034 286
1757594832052 0.028334537840580456 287
1757594832092 0.046969787635490694 288
1757594832132 0.050398806939683675 289
1757594832173 0.024348162285033923 290
1757594832212 0.029481047135354235 291
1757594832253 0.037083690183217 292
1757594832293 0.01660631370317831 293
1757594832334 0.0033068053160402386 294
1757594832375 0.005789086909162753 295
1757594832415 0.06141918553193716 296
1757594832455 0.0552317551247348 297
1757594832496 0.00686189074738287 298
1757594832537 0.00021740633463309127 299
1757594832578 0.12969580104625206 300
1757594832618 0.024684879687186394 301
1757594832659 0.037039688793371314 302
1757594832704 0.0005842411147715924 303
1757594832747 0.17808014337221378 304
1757594832787 0.1408624403052086 305
1757594832829 0.0008102335622572448 306
1757594832870 0.11510566688038604 307
1757594832912 0.0001743454822590568 308
1757594832953 0.00239285996975499 309
1757594832994 0.11053530542222881 310
1757594833034 0.00269710342796358 311
1757594833075 0.30419874153145193 312
1757594833115 0.09804623160577412 313
1757594833155 0.335550927114513 314
1757594833196 0.03753276127920245 315
1757594833236 0.20943500298228693 316
1757594833277 0.03717151116658676 317
1757594833317 0.03908320803111504 318
1757594833357 0.030712794292788448 319
1757594833398 0.023024665304474744 320
1757594833439 0.24210145374556827 321
1757594833479 0.043674066309418474 322
1757594833521 0.03975776698455124 323
1757594833562 0.012757884293226716 324
1757594833603 0.03607738081309769 325
1757594833644 0.02426239098009964 326
1757594833684 0.014570174631850601 327
1757594833726 0.05493004021727993 328
1757594833767 0.07680526325446471 329
1757594833807 0.10784425943781686 330
1757594833848 0.14868860259301864 331
1757594833889 0.07522324302721964 332
1757594833932 0.0262103673663917 333
1757594833973 0.025501499132166646 334
1757594834014 7.938526230080785e-05 335
1757594834055 0.003047120513815855 336
1757594834095 0.2545453476064557 337
1757594834136 0.16196481894974235 338
1757594834177 0.20188125638245613 339
1757594834218 0.008386432483522308 340
1757594834259 0.03998957720824823 341
1757594834300 0.1879625088002836 342
1757594834340 0.049576262159079766 343
1757594834381 0.05773705611093657 344
1757594834421 0.44146052684057246 345
1757594834462 0.02698134638237407 346
1757594834503 0.6104826414358591 347
1757594834544 0.06944578703073187 348
1757594834585 0.02006104370654114 349
1757594834626 0.011596885355063603 350
1757594834665 0.04570100112498277 351
1757594834706 0.2523474650476555 352
1757594834746 0.07056454703231935 353
1757594834787 0.0058826744269201755 354
1757594834827 0.13567186134893125 355
1757594834868 0.08824407940271932 356
1757594834908 0.19044450804184546 357
1757594834950 0.019299914643245913 358
1757594834992 0.0030286475069645725 359
1757594835034 0.05160184175205353 360
1757594835075 0.011294435382437998 361
1757594835117 0.00989891733880095 362
1757594835157 0.10614121893892335 363
1757594835199 0.1894524516931886 364
1757594835239 0.03613714984514867 365
1757594835281 0.0009022554322151076 366
1757594835322 0.0009411536768774601 367
1757594835362 0.14837171508310684 368
1757594835404 0.05214323617146162 369
1757594835456 0.18959633864126457 370
1757594835498 0.013302587112119674 371
1757594835538 0.442773865166966 372
1757594835581 0.06684724163850375 373
1757594835622 0.6728914836907435 374
1757594835662 0.00728390036207396 375
1757594835703 0.04394270479382099 376
1757594835745 0.020597480572116997 377
1757594835787 0.2812941739178752 378
1757594835828 0.07238504581110142 379
1757594835870 0.021009707326240277 380
1757594835910 8.753361323355574e-05 381
1757594835951 0.05173421348568099 382
1757594835991 0.024284607252879963 383
1757594836032 0.013456787587085435 384
1757594836073 0.004899251426266745 385
1757594836114 0.031149576184605222 386
1757594836155 0.1065559533638302 387
1757594836195 0.0006652131699629972 388
1757594836236 0.05104302567454981 389
1757594836276 0.13823105180792777 390
1757594836317 0.00013284016007875487 391
1757594836358 0.03766630953664355 392
1757594836399 0.026990761675355034 393
1757594836440 0.18323442539900545 394
1757594836482 0.005642525851006655 395
1757594836521 0.010099796590581142 396
1757594836563 0.11536540228150056 397
1757594836604 0.007965377520175912 398
1757594836645 2.9674044732873507e-05 399
1757594836685 0.1707746114357708 400
1757594836727 0.037844546746444135 401
1757594836767 0.18489631760154884 402
1757594836808 0.02199903434409232 403
1757594836849 0.017303795523861496 404
1757594836891 0.017021366297834486 405
1757594836933 0.17621251690184953 406
1757594836973 0.00011590865246252475 407
1757594837014 0.10342618226931284 408
1757594837055 0.0016377195656580045 409
1757594837096 0.06033702768458084 410
1757594837137 0.00012241348854195711 411
1757594837178 0.32196280690759266 412
1757594837220 0.0011080695471153898 413
1757594837261 0.0012773369496850897 414
1757594837303 0.19835215039324464 415
1757594837344 0.02936847507737897 416
1757594837385 0.0356872656298472 417
1757594837426 0.029305284358065075 418
1757594837468 0.016962693929262654 419
1757594837510 0.00019278883766358734 420
1757594837552 0.28487594532519533 421
1757594837594 0.0034881839875346237 422
1757594837634 0.0029218437228478826 423
1757594837676 0.01876329888282158 424
1757594837717 0.6033141200336302 425
1757594837759 0.0006040539832088571 426
1757594837799 0.03085341998370053 427
1757594837842 0.3380133227503232 428
1757594837884 0.15067247265531927 429
1757594837926 2.3625799309261816e-05 430
1757594837968 0.0004242361725463244 431
1757594838009 0.001046636459243509 432
1757594838050 0.24947365322950116 433
1757594838092 0.18547488621546784 434
1757594838133 0.009894375120296181 435
1757594838175 0.08025343878699584 436
1757594838217 0.03541148293512922 437
1757594838259 0.0582512333310501 438
1757594838300 0.005965270621328087 439
1757594838342 0.0013599861403958157 440
1757594838382 0.11092253791105058 441
1757594838424 0.07977544662625347 442
1757594838465 0.03894922140755645 443
1757594838507 0.06346333227384876 444
1757594838547 0.06566383815913843 445
1757594838589 0.0002973237748988987 446
1757594838631 0.0575099015498684 447
1757594838672 0.06813838420267689 448
1757594838714 0.1944044164666866 449
1757594838755 0.10114392691513635 450
1757594838797 0.06591188549167436 451
1757594838842 0.02713748991509684 452
1757594838883 0.01635175249894503 453
1757594838924 0.006817801063937588 454
1757594838966 0.0348560451912568 455
1757594839007 0.01298190970019343 456
1757594839049 0.18030405361795115 457
1757594839090 8.113003191836076e-06 458
1757594839132 0.4259047077397371 459
1757594839173 0.020000184337097125 460
1757594839214 0.02932245469039476 461
1757594839255 0.022476437355372792 462
1757594839297 0.00045077987613832877 463
1757594839338 0.011346828689164345 464
1757594839380 0.03396794382045487 465
1757594839420 0.3560101149803058 466
1757594839462 0.061243149898439986 467
1757594839503 0.013504820820329602 468
1757594839545 0.015744527287217383 469
1757594839585 0.09978558226559854 470
1757594839628 0.011320378401146148 471
1757594839669 0.0028682065259581753 472
1757594839710 0.0691673012881464 473
1757594839752 0.0007304782382732506 474
1757594839793 0.0014547196654813004 475
1757594839835 0.057804801361491354 476
1757594839877 0.041470926211111016 477
1757594839917 0.13789280845552837 478
1757594839959 0.21312568461219333 479
1757594840001 0.10461724451659722 480
1757594840042 0.04219214911265527 481
1757594840084 0.0015330961692765139 482
1757594840126 0.10573666257986618 483
1757594840167 0.001580716594053491 484
1757594840209 0.0005866023350259961 485
1757594840250 0.020920376499641978 486
1757594840292 1.3829504250812129e-05 487
1757594840333 0.020932073836446897 488
1757594840375 0.0013494445910491536 489
1757594840417 0.025672183710919946 490
1757594840458 0.5152125874837363 491
1757594840499 0.00630813467058019 492
1757594840541 0.028501543881488962 493
1757594840583 0.3063526386117217 494
1757594840626 0.0014702556087668882 495
1757594840667 0.09581812713389268 496
1757594840709 0.20941389676507083 497
1757594840751 0.6091883779027831 498
1757594840793 0.018175141347361225 499
