1757517951820 166.6897307241482 0
1757517951828 166.62723237671946 1
1757517951837 166.56475840296983 2
1757517951845 166.50230879331934 3
1757517951854 166.43988353819105 4
1757517951862 166.37748262800795 5
1757517951871 166.31510605320346 6
1757517951880 166.25275380420823 7
1757517951888 166.19042587146072 8
1757517951897 166.128122245402 9
1757517951906 166.06584291647866 10
1757517951914 166.00358787513676 11
1757517951923 165.9413571118298 12
1757517951933 165.8791506170137 13
1757517951942 165.8169683811488 14
1757517951952 165.75481039470037 15
1757517951961 165.69267664813302 16
1757517951969 165.63056713191975 17
1757517951978 165.56848183653565 18
1757517951987 165.50642075245835 19
1757517951995 165.44438387017286 20
1757517952004 165.38237118016272 21
1757517952013 165.32038267291875 22
1757517952022 165.2584183389368 23
1757517952032 165.19647816871125 24
1757517952041 165.13456215274604 25
1757517952050 165.0726702815452 26
1757517952058 165.01080254561805 27
1757517952067 164.94895893547675 28
1757517952076 164.88713944163808 29
1757517952085 164.8253440546214 30
1757517952094 164.76357276495133 31
1757517952103 164.70182556315402 32
1757517952112 164.64010243976298 33
1757517952120 164.57840338531213 34
1757517952129 164.5167283903394 35
1757517952137 164.45507744538875 36
1757517952146 164.39345054100542 37
1757517952155 164.33184766773968 38
1757517952163 164.27026881614665 39
1757517952172 164.20871397678164 40
1757517952181 164.14718314020644 41
1757517952190 164.085676296987 42
1757517952199 164.0241934376909 43
1757517952208 163.96273455289113 44
1757517952216 163.90129963316355 45
1757517952225 163.83988866908692 46
1757517952234 163.7785016512463 47
1757517952243 163.7171385702282 48
1757517952252 163.65579941662335 49
1757517952261 163.59448418102747 50
1757517952270 163.5331928540372 51
1757517952278 163.4719254262566 52
1757517952287 163.41068188829064 53
1757517952296 163.34946223074772 54
1757517952306 163.28826644424382 55
1757517952315 163.22709451939247 56
1757517952324 163.16594644681666 57
1757517952333 163.10482221714042 58
1757517952342 163.04372182099016 59
1757517952351 162.98264524900011 60
1757517952360 162.921592491804 61
1757517952368 162.8605635400414 62
1757517952377 162.79955838435552 63
1757517952386 162.73857701539214 64
1757517952397 162.67761942380193 65
1757517952406 162.616685600239 66
1757517952416 162.55577553536088 67
1757517952424 162.4948892198282 68
1757517952434 162.43402664430687 69
1757517952443 162.3731877994656 70
1757517952452 162.3123726759743 71
1757517952461 162.25158126451296 72
1757517952470 162.19081355575932 73
1757517952479 162.13006954039614 74
1757517952488 162.069349209111 75
1757517952497 162.00865255259464 76
1757517952506 161.94797956154153 77
1757517952515 161.88733022664994 78
1757517952524 161.82670453862073 79
1757517952533 161.76610248816186 80
1757517952542 161.70552406597986 81
1757517952551 161.64496926278827 82
1757517952561 161.58443806930526 83
1757517952570 161.52393047624642 84
1757517952579 161.46344647433975 85
1757517952589 161.40298605431255 86
1757517952598 161.34254920689338 87
1757517952607 161.2821359228184 88
1757517952616 161.2217461928269 89
1757517952625 161.16138000765895 90
1757517952635 161.10103735806103 91
1757517952644 161.04071823478415 92
1757517952653 160.98042262857982 93
1757517952662 160.92015053020455 94
1757517952672 160.859901930419 95
1757517952681 160.79967681998804 96
1757517952691 160.73947518967788 97
1757517952700 160.67929703026033 98
1757517952709 160.6191423325109 99
1757517952719 160.55901108720758 100
1757517952728 160.49890328513158 101
1757517952737 160.43881891707073 102
1757517952746 160.37875797381386 103
1757517952755 160.31872044615363 104
1757517952765 160.2587063248863 105
1757517952774 160.1987156008134 106
1757517952783 160.13874826473864 107
1757517952792 160.07880430746982 108
1757517952802 160.01888371981775 109
1757517952811 159.9589864925971 110
1757517952820 159.89911261662678 111
1757517952829 159.83926208272942 112
1757517952838 159.77943488172994 113
1757517952848 159.71963100445896 114
1757517952858 159.65985044174698 115
1757517952867 159.6000931844339 116
1757517952876 159.54035922335802 117
1757517952886 159.48064854936314 118
1757517952895 159.4209611532982 119
1757517952905 159.3612970260131 120
1757517952914 159.301656158362 121
1757517952923 159.24203854120475 122
1757517952932 159.1824441654027 123
1757517952942 159.12287302182028 124
1757517952951 159.06332510132836 125
1757517952960 159.0038003947986 126
1757517952971 158.94429889310848 127
1757517952980 158.88482058713726 128
1757517952989 158.82536546776714 129
1757517952999 158.7659335258877 130
1757517953009 158.70652475238896 131
1757517953018 158.64713913816357 132
1757517953028 158.58777667411155 133
1757517953038 158.52843735113336 134
1757517953060 158.46912116013542 135
1757517953073 158.40982809202464 136
1757517953083 158.35055813771402 137
1757517953093 158.29131128812054 138
1757517953102 158.23208753416236 139
1757517953111 158.17288686676318 140
1757517953121 158.11370927684945 141
1757517953131 158.054554755352 142
1757517953141 157.99542329320292 143
1757517953152 157.93631488134153 144
1757517953162 157.87722951070802 145
1757517953178 157.81816717224632 146
1757517953187 157.75912785690667 147
1757517953197 157.70011155563873 148
1757517953207 157.64111825939824 149
1757517953217 157.58214795914355 150
1757517953227 157.52320064583893 151
1757517953236 157.46427631044884 152
1757517953246 157.4053749439433 153
1757517953256 157.34649653729468 154
1757517953265 157.28764108148 155
1757517953275 157.228808567481 156
1757517953285 157.16999898627947 157
1757517953295 157.11121232886393 158
1757517953304 157.05244858622487 159
1757517953314 156.99370774935676 160
1757517953324 156.9349898092572 161
1757517953333 156.87629475692918 162
1757517953343 156.81762258337687 163
1757517953352 156.75897327960865 164
1757517953363 156.7003468366375 165
1757517953373 156.64174324547912 166
1757517953383 156.58316249715168 167
1757517953392 156.5246045826789 168
1757517953402 156.46606949308787 169
1757517953412 156.40755721940812 170
1757517953422 156.34906775267282 171
1757517953431 156.29060108391917 172
1757517953441 156.23215720418776 173
1757517953451 156.17373610452384 174
1757517953461 156.11533777597222 175
1757517953472 156.05696220958706 176
1757517953481 155.99860939642176 177
1757517953491 155.94027932753391 178
1757517953501 155.88197199398712 179
1757517953511 155.82368738684514 180
1757517953521 155.76542549717794 181
1757517953530 155.70718631605604 182
1757517953540 155.6489698345576 183
1757517953550 155.59077604376088 184
1757517953559 155.53260493474946 185
1757517953569 155.47445649860921 186
1757517953578 155.41633072642972 187
1757517953588 155.35822760930574 188
1757517953598 155.30014713833273 189
1757517953608 155.24208930461268 190
1757517953617 155.18405409924884 191
1757517953627 155.12604151334887 192
1757517953637 155.068051538023 193
1757517953646 155.01008416438816 194
1757517953656 154.95213938356068 195
1757517953666 154.89421718666108 196
1757517953678 154.8363175648176 197
1757517953688 154.77844050915598 198
1757517953698 154.72058601081034 199
1757517953708 154.66275406091447 200
1757517953717 154.60494465060899 201
1757517953727 154.54715777103482 202
1757517953737 154.48939341333966 203
1757517953747 154.4316515686722 204
1757517953757 154.37393222818602 205
1757517953767 154.31623538303842 206
1757517953776 154.25856102438735 207
1757517953786 154.20090914339795 208
1757517953796 154.1432797312374 209
1757517953806 154.08567277907522 210
1757517953816 154.02808827808582 211
1757517953826 153.9705262194467 212
1757517953836 153.91298659433903 213
1757517953845 153.855469393947 214
1757517953855 153.79797460945952 215
1757517953865 153.74050223206677 216
1757517953875 153.68305225296336 217
1757517953885 153.62562466334938 218
1757517953894 153.56821945442573 219
1757517953905 153.51083661739756 220
1757517953915 153.45347614347435 221
1757517953924 153.39613802386722 222
1757517953934 153.3388222497929 223
1757517953944 153.28152881246996 224
1757517953955 153.224257703122 225
1757517953966 153.1670089129733 226
1757517953976 153.10978243325565 227
1757517953986 153.05257825520127 228
1757517953996 152.99539637004546 229
1757517954006 152.9382367690304 230
1757517954016 152.88109944339848 231
1757517954026 152.82398438439617 232
1757517954036 152.76689158327397 233
1757517954047 152.70982103128622 234
1757517954056 152.65277271969012 235
1757517954066 152.59574663974598 236
1757517954076 152.53874278271746 237
1757517954086 152.48176113987404 238
1757517954096 152.42480170248527 239
1757517954106 152.36786446182538 240
1757517954116 152.31094940917302 241
1757517954126 152.2540565358094 242
1757517954136 152.19718583302006 243
1757517954146 152.14033729209197 244
1757517954156 152.08351090431782 245
1757517954166 152.02670666099246 246
1757517954176 151.96992455341388 247
1757517954186 151.9131645728856 248
1757517954197 151.8564267107111 249
1757517954207 151.7997109582008 250
1757517954217 151.7430173066662 251
1757517954227 151.68634574742447 252
1757517954238 151.629696271792 253
1757517954248 151.5730688710943 254
1757517954258 151.516463536656 255
1757517954268 151.45988025980552 256
1757517954278 151.40331903187862 257
1757517954288 151.34677984420946 258
1757517954298 151.2902626881383 259
1757517954309 151.23376755500746 260
1757517954319 151.17729443616426 261
1757517954329 151.12084332295902 262
1757517954339 151.06441420674454 263
1757517954349 151.00800707887768 264
1757517954359 150.9516219307193 265
1757517954370 150.89525875363185 266
1757517954380 150.8389175389838 267
1757517954390 150.7825982781442 268
1757517954400 150.7263009624874 269
1757517954411 150.670025583391 270
1757517954421 150.61377213223446 271
1757517954431 150.5575406004037 272
1757517954441 150.50133097928517 273
1757517954451 150.44514326026922 274
1757517954462 150.3889774347512 275
1757517954472 150.33283349412733 276
1757517954483 150.27671142980063 277
1757517954493 150.22061123317408 278
1757517954503 150.16453289565555 279
1757517954514 150.1084764086561 280
1757517954524 150.05244176359093 281
1757517954534 149.9964289518782 282
1757517954544 149.94043796493926 283
1757517954555 149.8844687941982 284
1757517954565 149.82852143108408 285
1757517954575 149.7725958670276 286
1757517954586 149.71669209346422 287
1757517954596 149.66081010183174 288
1757517954606 149.60494988357323 289
1757517954617 149.549111430132 290
1757517954627 149.4932947329573 291
1757517954637 149.43749978350084 292
1757517954648 149.3817265732172 293
1757517954658 149.3259750935664 294
1757517954668 149.27024533600888 295
1757517954679 149.21453729201193 296
1757517954689 149.15885095304188 297
1757517954699 149.10318631057163 298
1757517954710 149.0475433560776 299
1757517954720 148.99192208103744 300
1757517954731 148.93632247693367 301
1757517954742 148.88074453525158 302
1757517954753 148.82518824748007 303
1757517954764 148.76965360511156 304
1757517954775 148.71414059964124 305
1757517954785 148.6586492225686 306
1757517954795 148.60317946539607 307
1757517954806 148.5477313196281 308
1757517954817 148.49230477677446 309
1757517954828 148.43689982834732 310
1757517954839 148.38151646586414 311
1757517954849 148.32615468084117 312
1757517954861 148.27081446480264 313
1757517954873 148.2154958092728 314
1757517954883 148.1601987057828 315
1757517954894 148.10492314586267 316
1757517954905 148.04966912105036 317
1757517954915 147.99443662288365 318
1757517954926 147.9392256429052 319
1757517954937 147.88403617266135 320
1757517954947 147.82886820370112 321
1757517954958 147.77372172757666 322
1757517954969 147.71859673584243 323
1757517954980 147.66349322006133 324
1757517954990 147.6084111717923 325
1757517955001 147.55335058260263 326
1757517955012 147.49831144405988 327
1757517955023 147.44329374773884 328
1757517955033 147.38829748521442 329
1757517955044 147.33332264806458 330
1757517955054 147.2783692278738 331
1757517955066 147.22343721622707 332
1757517955076 147.16852660471164 333
1757517955087 147.11363738492145 334
1757517955098 147.05876954845303 335
1757517955109 147.00392308690482 336
1757517955119 146.94909799187693 337
1757517955130 146.89429425497883 338
1757517955141 146.83951186781624 339
1757517955152 146.784750822004 340
1757517955162 146.7300111091562 341
1757517955173 146.67529272089146 342
1757517955184 146.62059564883273 343
1757517955194 146.56591988460596 344
1757517955205 146.51126541983896 345
1757517955216 146.45663224616487 346
1757517955227 146.4020203552182 347
1757517955238 146.34742973863732 348
1757517955248 146.29286038806637 349
1757517955259 146.23831229514772 350
1757517955270 146.18378545153251 351
1757517955280 146.12927984887162 352
1757517955291 146.07479547882033 353
1757517955302 146.02033233303808 354
1757517955313 145.9658904031845 355
1757517955324 145.91146968092684 356
1757517955335 145.85707015793187 357
1757517955345 145.8026918258724 358
1757517955356 145.7483346764237 359
1757517955367 145.69399870126267 360
1757517955378 145.63968389207108 361
1757517955389 145.58539024053485 362
1757517955399 145.5311177383421 363
1757517955410 145.47686637718223 364
1757517955421 145.42263614875176 365
1757517955432 145.36842704474768 366
1757517955442 145.31423905687197 367
1757517955453 145.26007217682877 368
1757517955464 145.20592639632645 369
1757517955474 145.15180170707433 370
1757517955485 145.09769810078885 371
1757517955496 145.0436155691859 372
1757517955507 144.98955410398665 373
1757517955518 144.9355136969167 374
1757517955529 144.88149433970173 375
1757517955540 144.82749602407264 376
1757517955550 144.77351874176398 377
1757517955561 144.7195624845121 378
1757517955572 144.6656272440583 379
1757517955583 144.61171301214682 380
1757517955594 144.55781978052272 381
1757517955605 144.5039475409366 382
1757517955616 144.4500962851438 383
1757517955627 144.39626600489953 384
1757517955638 144.34245669196324 385
1757517955649 144.288668338099 386
1757517955660 144.23490093507425 387
1757517955671 144.18115447465655 388
1757517955682 144.1274289486205 389
1757517955693 144.07372434874293 390
1757517955713 144.02004066680053 391
1757517955728 143.96637789457864 392
1757517955740 143.91273602386238 393
1757517955751 143.85911504643983 394
1757517955762 143.8055149541054 395
1757517955773 143.75193573865383 396
1757517955784 143.698377391883 397
1757517955795 143.644839905597 398
1757517955806 143.59132327159998 399
1757517955817 143.53782748170144 400
1757517955829 143.484352527712 401
1757517955840 143.43089840144881 402
1757517955851 143.37746509472765 403
1757517955862 143.32405259937138 404
1757517955873 143.27066090720433 405
1757517955884 143.21729001005562 406
1757517955895 143.1639398997554 407
1757517955906 143.110610568138 408
1757517955917 143.0573020070421 409
1757517955929 143.00401420830767 410
1757517955940 142.95074716377957 411
1757517955951 142.89750086530498 412
1757517955962 142.844275304733 413
1757517955973 142.79107047391986 414
1757517955984 142.73788636472096 415
1757517955995 142.68472296899668 416
1757517956006 142.63158027861087 417
1757517956017 142.57845828542938 418
1757517956029 142.5253569813225 419
1757517956040 142.47227635816392 420
1757517956051 142.4192164078287 421
1757517956062 142.36617712219714 422
1757517956073 142.31315849315163 423
1757517956084 142.26016051257872 424
1757517956095 142.20718317236557 425
1757517956106 142.15422646440618 426
1757517956118 142.1012903805958 427
1757517956129 142.0483749128327 428
1757517956140 141.99548005301918 429
1757517956151 141.94260579306012 430
1757517956162 141.88975212486275 431
1757517956174 141.83691904033932 432
1757517956185 141.7841065314061 433
1757517956196 141.73131458997844 434
1757517956207 141.67854320797827 435
1757517956218 141.6257923773298 436
1757517956230 141.57306208996036 437
1757517956241 141.52035233780148 438
1757517956252 141.46766311278523 439
1757517956264 141.41499440684973 440
1757517956275 141.36234621193498 441
1757517956286 141.30971851998416 442
1757517956298 141.25711132294325 443
1757517956309 141.20452461276258 444
1757517956320 141.1519583813947 445
1757517956332 141.09941262079644 446
1757517956346 141.04688732292584 447
1757517956357 140.99438247974604 448
1757517956369 140.94189808322207 449
1757517956380 140.88943412532333 450
1757517956391 140.83699059802112 451
1757517956403 140.78456749329058 452
1757517956414 140.73216480310867 453
1757517956425 140.67978251946013 454
1757517956437 140.62742063432637 455
1757517956448 140.57507913969664 456
1757517956460 140.5227580275612 457
1757517956471 140.47045728991452 458
1757517956482 140.41817691875346 459
1757517956493 140.36591690607872 460
1757517956505 140.31367724389335 461
1757517956517 140.26145792420408 462
1757517956528 140.20925893902074 463
1757517956540 140.157080280357 464
1757517956551 140.1049219402279 465
1757517956563 140.05278391065386 466
1757517956574 140.0006661836562 467
1757517956586 139.94856875126186 468
1757517956597 139.89649160549845 469
1757517956609 139.84443473839806 470
1757517956620 139.79239814199545 471
1757517956632 139.74038180832974 472
1757517956643 139.68838572944128 473
1757517956655 139.63640989737434 474
1757517956666 139.58445430417783 475
1757517956678 139.53251894190137 476
1757517956689 139.4806038025995 477
1757517956701 139.42870887832763 478
1757517956712 139.37683416114763 479
1757517956724 139.3249796431229 480
1757517956735 139.2731453163191 481
1757517956747 139.2213311728053 482
1757517956758 139.16953720465474 483
1757517956770 139.11776340394334 484
1757517956782 139.06600976274908 485
1757517956793 139.01427627315525 486
1757517956806 138.96256292724587 487
1757517956818 138.91086971711044 488
1757517956829 138.85919663483944 489
1757517956841 138.80754367252817 490
1757517956852 138.75591082227368 491
1757517956864 138.70429807617663 492
1757517956875 138.65270542634192 493
1757517956888 138.6011328648746 494
1757517956900 138.54958038388662 495
1757517956911 138.49804797549064 496
1757517956923 138.4465356318025 497
1757517956935 138.39504334494302 498
1757517956947 138.34357110703274 499
