1757594977243 30.53501551655308 0
1757594977276 69.47318974190038 1
1757594977310 0.16014322294588687 2
1757594977343 0.12471169227965802 3
1757594977376 0.8474976753156049 4
1757594977409 0.7685704752044733 5
1757594977443 12.431566593980547 6
1757594977476 0.13186696102191542 7
1757594977510 0.11918188659193629 8
1757594977543 5.444692898229035 9
1757594977576 0.039050490204160085 10
1757594977610 0.028754688406551005 11
1757594977644 0.0485963345985468 12
1757594977677 18.107598866529226 13
1757594977709 0.05760277828691835 14
1757594977743 0.4267510277270114 15
1757594977776 0.11711708735358342 16
1757594977809 0.4307700751681902 17
1757594977842 0.0042621719488720785 18
1757594977876 0.6241703387214583 19
1757594977909 0.23442160438598225 20
1757594977943 0.5005210450955373 21
1757594977976 0.06091911573024515 22
1757594978009 0.4356099452884346 23
1757594978044 0.009769221606024569 24
1757594978077 0.02760016364676896 25
1757594978112 0.2932899334182371 26
1757594978146 0.0019523770041498826 27
1757594978180 0.3039655290257386 28
1757594978213 0.0755632844984899 29
1757594978247 1.8942523281795778 30
1757594978280 0.00735903761769225 31
1757594978314 0.01681819675662273 32
1757594978347 0.42608915345101883 33
1757594978381 0.021707203718985504 34
1757594978415 0.6701048127411816 35
1757594978452 0.054755956747263725 36
1757594978486 0.0030004123392553274 37
1757594978551 0.03210291228078561 38
1757594978590 0.04610501582714494 39
1757594978632 0.7747753398550409 40
1757594978668 0.00015952579692270395 41
1757594978708 3.3481315971915375 42
1757594978746 0.001578629936585572 43
1757594978783 1.7556073971735664 44
1757594978819 0.07149458001313054 45
1757594978855 0.002313700592593374 46
1757594978892 7.427113113026614e-06 47
1757594978928 0.1117121594483358 48
1757594978966 0.17096673441855023 49
1757594979001 0.3164491918843129 50
1757594979045 1.8764259975023403 51
1757594979140 0.01133527387426431 52
1757594979179 0.05311661698669597 53
1757594979214 0.08992051270693992 54
1757594979248 0.7573445585140686 55
1757594979282 0.007120708941348452 56
1757594979317 0.038813276461773086 57
1757594979351 7.37078333880978e-05 58
1757594979385 0.7244594486861547 59
1757594979419 0.38078147271826207 60
1757594979452 0.06356474616669289 61
1757594979486 3.447363351551568e-05 62
1757594979519 0.272500735323125 63
1757594979553 0.572798711842149 64
1757594979587 0.005802265046156007 65
1757594979620 0.11767378413802228 66
1757594979655 0.12983696880737547 67
1757594979688 0.10632479364103888 68
1757594979722 0.10772186086975712 69
1757594979756 0.03283205103154066 70
1757594979790 0.2377909120081571 71
1757594979825 0.3724763649777783 72
1757594979859 0.37097594912770737 73
1757594979893 0.06351278481190811 74
1757594979927 0.08934914945229383 75
1757594979962 0.09367811958291694 76
1757594979996 0.23735369561776026 77
1757594980030 1.9883704777124451 78
1757594980063 0.04171563235606085 79
1757594980097 0.2054607122332933 80
1757594980131 0.004633122848633661 81
1757594980165 0.027668606090999685 82
1757594980198 0.39662089335496836 83
1757594980232 0.0027793522009254257 84
1757594980266 3.8419336789797573 85
1757594980301 2.3322407128939514e-05 86
1757594980335 0.3427456059047674 87
1757594980370 0.03433745858460119 88
1757594980404 0.00013914498893573816 89
1757594980438 0.16555901914534923 90
1757594980471 0.006173404040985486 91
1757594980505 0.41663286662405424 92
1757594980539 0.05954514798619877 93
1757594980573 0.0008833562864673013 94
1757594980607 0.04888987154711059 95
1757594980641 0.39413874882259914 96
1757594980676 0.3710812597994215 97
1757594980710 0.025564888788174527 98
1757594980743 0.10096513059027895 99
1757594980777 0.2004651571185177 100
1757594980811 0.05534202359103317 101
1757594980844 0.010105954782484427 102
1757594980878 0.016451991959123117 103
1757594980911 0.006907051146353924 104
1757594980945 0.2905863612922691 105
1757594980978 0.05155915586518441 106
1757594981012 0.7332293988657047 107
1757594981046 0.008461674684685025 108
1757594981080 0.00040057871625736403 109
1757594981114 0.22280742931505984 110
1757594981147 0.005032606564629675 111
1757594981181 0.06523709502274569 112
1757594981215 0.043403715809536614 113
1757594981249 0.2910704621967868 114
1757594981283 9.124039964935087e-05 115
1757594981316 0.005830566647850866 116
1757594981350 0.014759562281424351 117
1757594981384 0.09728130105420142 118
1757594981418 0.011573470915551375 119
1757594981451 0.00032815539885925184 120
1757594981485 0.09373369931979156 121
1757594981519 0.024720163921518757 122
1757594981553 0.04100811396690357 123
1757594981587 0.01774398536379395 124
1757594981620 0.0720990692811672 125
1757594981655 0.005749468541354817 126
1757594981689 0.0006773653734223808 127
1757594981723 0.005318338815328408 128
1757594981757 0.0017286343765595107 129
1757594981791 0.025526141896167857 130
1757594981826 0.029522720963726205 131
1757594981860 0.00041081191612731644 132
1757594981894 0.013368631315234828 133
1757594981929 0.0861177202406124 134
1757594981964 0.03212167419599436 135
1757594981998 0.0006247054175382357 136
1757594982032 0.30210993109123857 137
1757594982066 0.017272305422534297 138
1757594982100 0.01187652984947043 139
1757594982134 0.4353516062268166 140
1757594982169 0.1125399978941857 141
1757594982203 0.005815821728102926 142
1757594982237 0.5380236261234634 143
1757594982272 0.0507322626648023 144
1757594982306 0.0004559767702974724 145
1757594982340 0.012773069439554393 146
1757594982374 0.07548796005210427 147
1757594982408 0.11079392523752608 148
1757594982443 0.39133611338044033 149
1757594982476 0.18214647672763537 150
1757594982512 0.00628535645960087 151
1757594982547 0.04763358135779129 152
1757594982584 0.03763754177077924 153
1757594982618 0.5836910297534228 154
1757594982652 0.028618215363770558 155
1757594982686 0.5747447580552266 156
1757594982720 0.14841109935804694 157
1757594982755 0.0003051050453318875 158
1757594982791 0.15582876810886745 159
1757594982825 0.00012294010660061016 160
1757594982859 1.4071099699235787e-05 161
1757594982894 0.04719805806473302 162
1757594982929 9.94783442703244e-05 163
1757594982965 4.969895445241275e-05 164
1757594982999 0.024813401758166893 165
1757594983034 0.012016089628713415 166
1757594983068 0.0003275218669687195 167
1757594983103 0.027883257741741684 168
1757594983137 0.06281352444656724 169
1757594983172 0.005550713208716523 170
1757594983206 0.08442990312350984 171
1757594983240 0.002883719518884813 172
1757594983275 0.0471247158351392 173
1757594983310 0.012040202991586656 174
1757594983345 0.029878733088305215 175
1757594983380 0.04029565698066837 176
1757594983413 0.038324857970925955 177
1757594983447 0.044617417196622974 178
1757594983481 0.00588215956962538 179
1757594983516 0.08346599402303644 180
1757594983552 0.04828170355601312 181
1757594983586 0.03758415063273264 182
1757594983621 0.0022006955841429965 183
1757594983655 0.15898325855717008 184
1757594983690 0.07985896938313414 185
1757594983725 0.05343983297512761 186
1757594983759 0.027431051991456935 187
1757594983793 0.004707109869747594 188
1757594983828 0.0004667469321357864 189
1757594983862 0.01832873382136109 190
1757594983896 0.0018799140615518167 191
1757594983930 0.011184339584353914 192
1757594983965 0.11120219017436621 193
1757594983999 0.08482146402110043 194
1757594984035 0.0003364811483952195 195
1757594984071 0.0011882195701326348 196
1757594984106 0.4923395575088484 197
1757594984141 0.20603792545454028 198
1757594984175 0.1091999602528583 199
1757594984211 7.047789883223658e-05 200
1757594984247 0.0695897629626605 201
1757594984283 0.032087216285239854 202
1757594984317 0.005190549705999943 203
1757594984352 0.3560040269733621 204
1757594984387 0.008327856079156868 205
1757594984422 0.0074358915431552985 206
1757594984456 0.03229609895108512 207
1757594984490 0.016575019952694794 208
1757594984525 0.028167306760260944 209
1757594984559 0.0003699927901951774 210
1757594984594 0.04359565701327611 211
1757594984628 0.13039718373239423 212
1757594984663 0.16990144589196496 213
1757594984698 0.025133963542687397 214
1757594984732 0.005499883660814607 215
1757594984767 0.02226564797402653 216
1757594984801 0.0905342461733938 217
1757594984835 0.0022904693631595374 218
1757594984870 0.003135423413715634 219
1757594984904 0.004013181462940387 220
1757594984939 0.024997629053284065 221
1757594984973 0.0036873000188081062 222
1757594985008 0.06495499750522632 223
1757594985042 0.09626725330405288 224
1757594985076 0.014096736481421361 225
1757594985110 0.08124332335823155 226
1757594985144 0.012516638405532396 227
1757594985179 0.0921602899905788 228
1757594985213 0.0006859025334014222 229
1757594985247 0.013564333884354265 230
1757594985282 0.005508653921810463 231
1757594985316 0.0412103122087674 232
1757594985350 0.07122494556287591 233
1757594985385 0.8317894586915728 234
1757594985419 0.017843406605700465 235
1757594985453 0.0012522298569005292 236
1757594985497 0.05250589591934575 237
1757594985534 0.06772373953257191 238
1757594985569 0.516304687644231 239
1757594985603 0.0648428847376186 240
1757594985639 0.003072572979071118 241
1757594985674 0.05712843296097072 242
1757594985709 0.10707574886686531 243
1757594985744 0.0261597982563676 244
1757594985778 0.03624558949318336 245
1757594985813 0.09486983945831598 246
1757594985847 0.07582708899547315 247
1757594985882 1.358858497530235e-08 248
1757594985916 0.043993514239719665 249
1757594985951 0.008708209104545018 250
1757594985986 0.011761272621305044 251
1757594986021 0.011514254326574174 252
1757594986056 0.037940762674781976 253
1757594986090 0.010398277989913112 254
1757594986124 0.04893189853319313 255
1757594986159 0.038764666820201424 256
1757594986194 0.25050039357757853 257
1757594986230 0.04432227220616719 258
1757594986264 0.0075806638029150865 259
1757594986299 0.35352676939874655 260
1757594986334 0.011575441382954813 261
1757594986368 0.06615558242049023 262
1757594986403 0.02150711479657648 263
1757594986438 0.020619189958742123 264
1757594986472 0.09202148053972423 265
1757594986507 0.030870399070205244 266
1757594986541 0.1559875492884544 267
1757594986576 0.0218159048972803 268
1757594986611 0.13385597600304663 269
1757594986645 0.028658389679879145 270
1757594986681 0.36519600685430836 271
1757594986716 0.013029118068945264 272
1757594986751 0.15485943286546475 273
1757594986787 0.07607914956421756 274
1757594986823 0.12338969861760414 275
1757594986858 0.06501030973553829 276
1757594986893 0.011718605676025368 277
1757594986928 0.07719925589836146 278
1757594986963 0.13060082766049727 279
1757594986997 0.0008638849204074361 280
1757594987033 0.07395901878213865 281
1757594987067 0.16899167483342895 282
1757594987102 0.00502410536829656 283
1757594987138 0.010372098918874573 284
1757594987173 0.0017306348467440874 285
1757594987209 0.06583592484652269 286
1757594987244 0.248190882194129 287
1757594987279 0.07441775926000403 288
1757594987315 0.11830743930175873 289
1757594987350 0.02417328081845496 290
