1757594612404 163.81435494448948 0
1757594612414 157.51381598155027 1
1757594612423 151.87582296534728 2
1757594612432 150.0741086481338 3
1757594612442 149.286586495462 4
1757594612451 138.66508316245697 5
1757594612460 138.2346118250311 6
1757594612469 126.43330622596376 7
1757594612478 125.76457771551866 8
1757594612487 117.50210905860429 9
1757594612496 118.30797918116485 10
1757594612505 110.87104572301237 11
1757594612514 111.11703852781623 12
1757594612523 97.97365759037008 13
1757594612532 104.00188787876951 14
1757594612541 99.25349857124465 15
1757594612550 94.22973562158637 16
1757594612559 96.93801046610433 17
1757594612568 96.00965535551477 18
1757594612577 84.52395865802728 19
1757594612586 83.44070943759183 20
1757594612595 87.04688393071838 21
1757594612605 81.4223525126519 22
1757594612615 78.24000733281437 23
1757594612624 74.60299212562761 24
1757594612633 76.0050702328086 25
1757594612642 70.27407034995277 26
1757594612652 77.15859753194228 27
1757594612661 71.46724892077964 28
1757594612670 63.18598584878722 29
1757594612679 66.52014135191963 30
1757594612688 56.377896869431304 31
1757594612697 62.66760254554791 32
1757594612707 55.055661952518435 33
1757594612716 61.21762054277177 34
1757594612725 54.98004668178147 35
1757594612734 55.20848492506082 36
1757594612744 51.50760066383263 37
1757594612753 46.88189942699793 38
1757594612762 41.262066330128356 39
1757594612772 49.27582705225745 40
1757594612782 46.67207371420101 41
1757594612792 40.771515545667 42
1757594612807 49.19723865414587 43
1757594612818 39.25488172693955 44
1757594612829 38.904614396102005 45
1757594612839 41.75103768762362 46
1757594612848 39.39342171768617 47
1757594612859 36.8687342313183 48
1757594612869 35.49328474398744 49
1757594612879 35.1738466329854 50
1757594612890 34.48326834257007 51
1757594612900 29.71653890974043 52
1757594612911 38.213323185924864 53
1757594612921 33.807803377305184 54
1757594612931 28.453433716588183 55
1757594612942 28.76447900731561 56
1757594612953 27.823544359464474 57
1757594612963 25.81378871510786 58
1757594612972 26.802181891002913 59
1757594612982 33.52408713875414 60
1757594612992 28.987783640928082 61
1757594613001 26.366144988915416 62
1757594613011 23.460247055255877 63
1757594613021 17.593221056282207 64
1757594613035 24.925327222234753 65
1757594613046 17.058678335746542 66
1757594613056 24.214526246292447 67
1757594613067 23.576167378452006 68
1757594613077 21.61642735844509 69
1757594613088 18.98639604682578 70
1757594613098 14.916883927849266 71
1757594613108 21.46182062840248 72
1757594613118 19.10176508454189 73
1757594613129 13.873565046391368 74
1757594613139 12.695625577062753 75
1757594613149 20.0996423229879 76
1757594613159 15.899920165828894 77
1757594613169 18.341621508213393 78
1757594613179 18.309820864591888 79
1757594613189 22.65445260315884 80
1757594613199 15.194918109205629 81
1757594613208 16.236388249735228 82
1757594613218 17.466978474943723 83
1757594613228 19.48153948840368 84
1757594613238 20.55607100844129 85
1757594613248 12.380580845370075 86
1757594613258 9.767863355037388 87
1757594613268 11.695678843226794 88
1757594613279 10.387216968963578 89
1757594613289 14.609529194841436 90
1757594613299 15.245225896084508 91
1757594613310 10.252887368267645 92
1757594613320 16.185141357578935 93
1757594613330 15.459863108665747 94
1757594613340 13.093872783938993 95
1757594613350 11.88406670151974 96
1757594613360 14.07583904831317 97
1757594613371 12.621106469364303 98
1757594613381 11.773504378509484 99
1757594613391 10.857215307142084 100
1757594613402 15.057603883092572 101
1757594613412 10.88155832250561 102
1757594613422 13.85125024150969 103
1757594613433 7.294761221817216 104
1757594613443 8.16750929928138 105
1757594613453 11.006332024441633 106
1757594613464 13.033124994779818 107
1757594613474 6.872674014144027 108
1757594613484 11.590760975410035 109
1757594613495 13.170444795569326 110
1757594613505 6.808095693466961 111
1757594613515 6.933389412179655 112
1757594613526 10.689291837990085 113
1757594613537 5.1029964111887915 114
1757594613547 8.7771819135986 115
1757594613558 6.522482131255691 116
1757594613568 9.783437073399027 117
1757594613578 8.533770605563777 118
1757594613589 14.853450570196378 119
1757594613600 11.809864181717451 120
1757594613610 3.8298560557483374 121
1757594613621 5.402870194233968 122
1757594613631 6.334396616079726 123
1757594613641 6.165123236525669 124
1757594613651 5.3096708814054985 125
1757594613660 7.787740591216395 126
1757594613670 4.481836423715911 127
1757594613680 6.120831335630871 128
1757594613690 6.033255380341796 129
1757594613700 8.025939160535764 130
1757594613710 6.2042784096797545 131
1757594613720 4.318289700893827 132
1757594613729 7.543181751983183 133
1757594613739 8.15184209039328 134
1757594613750 7.212909427333117 135
1757594613760 12.409558981489118 136
1757594613770 12.159705284506504 137
1757594613802 7.167315995427876 138
1757594613813 3.1031161981802633 139
1757594613823 4.198490303791535 140
1757594613833 4.007870387952845 141
1757594613843 3.2418295798280816 142
1757594613853 8.989249598713977 143
1757594613863 8.315549649023538 144
1757594613873 4.663523272817128 145
1757594613883 6.1512577087345806 146
1757594613893 3.8609736754881716 147
1757594613903 7.490431842970531 148
1757594613913 5.409726142963727 149
1757594613923 6.046526036026133 150
1757594613933 3.542041429346497 151
1757594613943 8.96703088736732 152
1757594613954 4.270238382049692 153
1757594613964 6.230698672093805 154
1757594613975 5.696699201218418 155
1757594613986 11.173729182982749 156
1757594613997 4.586629412945063 157
1757594614008 1.7675669316876172 158
1757594614019 4.445535494010307 159
1757594614030 2.0153300458515977 160
1757594614040 5.532143378444631 161
1757594614051 5.689037755337218 162
1757594614062 7.862899115212612 163
1757594614072 8.087849084784116 164
1757594614082 4.509591713587556 165
1757594614093 4.618689039460117 166
1757594614103 4.082801158659536 167
1757594614113 5.083686655614317 168
1757594614123 4.325598972683867 169
1757594614133 4.143847477820763 170
1757594614143 1.68315674063855 171
1757594614153 6.98889277142781 172
1757594614163 5.065566441495815 173
1757594614173 6.259205173006281 174
1757594614183 1.1463873470355712 175
1757594614193 7.166734373133917 176
1757594614203 5.531296985247455 177
1757594614213 6.013193145500441 178
1757594614223 6.110406620458207 179
1757594614233 4.479187860302193 180
1757594614244 5.77472451520168 181
1757594614254 4.665560974175879 182
1757594614264 3.70574427263387 183
1757594614274 4.238184787784067 184
1757594614284 6.349444183545095 185
1757594614294 4.113946740642394 186
1757594614304 6.0271702425917875 187
1757594614314 7.380656081441348 188
1757594614324 6.5826805216198006 189
1757594614334 6.1034901883888955 190
1757594614344 4.329658906099533 191
1757594614355 3.757350328422235 192
1757594614366 4.6099002679983965 193
1757594614377 4.404339607663769 194
1757594614388 3.368647093791992 195
1757594614400 3.9795103925134243 196
1757594614411 4.468191107616665 197
1757594614422 3.600791745096852 198
1757594614433 2.6707864014770673 199
1757594614444 7.040166518050942 200
1757594614455 2.5554183319414907 201
1757594614466 2.6867739807254405 202
1757594614476 4.6219358216301325 203
1757594614487 3.243582540521668 204
1757594614497 3.700346389581696 205
1757594614508 5.0737800027133275 206
1757594614518 4.716935642983516 207
1757594614528 6.376037160322761 208
1757594614539 1.6890340309305654 209
1757594614549 2.596699850114023 210
1757594614559 3.440945814587959 211
1757594614569 5.367539454004226 212
1757594614580 2.2603668101884185 213
1757594614590 4.242337735730129 214
1757594614600 2.146439738502096 215
1757594614610 3.66980380955462 216
1757594614621 3.716648689413335 217
1757594614631 6.134960299042875 218
1757594614642 5.173198265824458 219
1757594614652 6.013787906766486 220
1757594614663 2.0856952140443115 221
1757594614673 1.5166752188002945 222
1757594614684 5.0202148958872765 223
1757594614694 6.259033824672385 224
1757594614705 3.9154675294433376 225
1757594614717 5.187601317492147 226
1757594614729 2.9224643226344047 227
1757594614741 3.6264631645766996 228
1757594614752 2.0732930492442896 229
1757594614764 5.536838122870077 230
1757594614775 4.102254658096151 231
1757594614787 1.5310079879388923 232
1757594614799 3.7651199993083484 233
1757594614811 4.039935779737358 234
1757594614823 3.6287845016850495 235
1757594614835 5.539788225915746 236
1757594614846 4.439615389539852 237
1757594614856 2.7472751100198862 238
1757594614867 4.418823109851668 239
1757594614877 1.9399947505216464 240
1757594614888 5.965675019225263 241
1757594614899 5.8490559975124805 242
1757594614911 3.7577923883581725 243
1757594614923 2.7932203644498674 244
1757594614934 6.116090589151166 245
1757594614944 4.685303077074634 246
1757594614955 4.367498503880124 247
1757594614966 3.284195232834648 248
1757594614977 3.048557918819952 249
1757594614987 2.372414998330921 250
1757594614998 2.101496659113485 251
1757594615008 2.9948857669306173 252
1757594615020 1.1850920122234976 253
1757594615031 2.0816227592067595 254
1757594615042 4.113359587744754 255
1757594615053 4.060697834311756 256
1757594615064 2.1115625789559145 257
1757594615075 2.9867463241569125 258
1757594615086 2.006188187222206 259
1757594615097 6.098635836409291 260
1757594615107 2.8568166485288464 261
1757594615118 4.432546544709866 262
1757594615129 2.481239054596807 263
1757594615139 2.2992608939522503 264
1757594615150 2.101890771994319 265
1757594615161 1.4887342956414378 266
1757594615171 4.017989974377395 267
1757594615182 3.4894050347622834 268
1757594615192 2.977916963101888 269
1757594615203 4.053125831327546 270
1757594615214 4.94236945271834 271
1757594615225 4.725590179296417 272
1757594615235 2.1014324850002732 273
1757594615246 3.5294484904706325 274
1757594615257 4.338071837042657 275
1757594615269 4.765928246654203 276
1757594615281 4.0017339524817475 277
1757594615293 1.7965328457831513 278
1757594615304 4.0359772629236925 279
1757594615317 2.6750786427233253 280
1757594615328 2.6165516369477886 281
1757594615340 4.9035215312006635 282
1757594615355 2.9582348287345672 283
1757594615375 2.4342443078958755 284
1757594615390 6.78664699809378 285
1757594615403 3.6306768268608227 286
1757594615415 4.511417661804187 287
1757594615427 3.3863600414340973 288
1757594615438 3.1045936607525038 289
1757594615450 2.3490970594854446 290
1757594615462 3.105697809453859 291
1757594615474 3.7802907696256236 292
1757594615486 2.7487354499768064 293
1757594615499 3.146127702201093 294
1757594615511 3.0414700220139745 295
1757594615523 2.1768206467407354 296
1757594615535 4.938647393926078 297
1757594615548 2.9165492539240017 298
1757594615560 2.2898882108700125 299
1757594615572 4.116795733348709 300
1757594615585 2.5909886635861796 301
1757594615597 3.018291320733376 302
1757594615609 4.913994377253082 303
1757594615621 2.4431202608668325 304
1757594615632 6.918368149881793 305
1757594615643 7.184394977954141 306
1757594615654 2.441884657098966 307
1757594615666 3.290669826369549 308
1757594615677 3.3581734854288094 309
1757594615688 2.275879022638453 310
1757594615699 5.5440026890582565 311
1757594615710 3.668873209517636 312
1757594615721 5.233901095277273 313
1757594615733 4.998654636853187 314
1757594615748 2.33945492154774 315
1757594615760 4.676552639702856 316
1757594615773 3.4440099800321433 317
1757594615785 4.084828445479378 318
1757594615797 3.929514011004525 319
1757594615809 2.0219988932718267 320
1757594615822 4.859211809604642 321
1757594615834 2.6555312765746493 322
1757594615849 2.4872302663963177 323
1757594615862 2.220704686463733 324
1757594615874 7.438094868193396 325
1757594615887 2.150314745523201 326
1757594615899 3.4115903214048133 327
1757594615911 4.343264316677263 328
1757594615922 3.412963915209451 329
1757594615933 3.9010806002340477 330
1757594615945 2.23051172185203 331
1757594615956 2.3836748448440677 332
1757594615967 3.996078277706467 333
1757594615978 2.8656688678471753 334
1757594615989 4.1798041965620785 335
1757594616001 2.1319342974208157 336
1757594616012 2.64901020127507 337
1757594616023 5.497706145542986 338
1757594616034 3.4339653253899876 339
1757594616045 4.435262838986394 340
1757594616056 4.4204997613789025 341
1757594616068 6.549111707385798 342
1757594616079 3.5930884416393396 343
1757594616090 2.2839343232335776 344
1757594616102 3.166532443770245 345
1757594616114 1.5048269139378387 346
1757594616125 3.426639405798941 347
1757594616136 3.290261375640097 348
1757594616147 4.990588873037302 349
1757594616158 6.269614172727211 350
1757594616169 6.4981133259016755 351
1757594616181 5.026272682152142 352
1757594616192 0.6751157440657954 353
1757594616203 4.586537387901601 354
1757594616214 2.62331178858353 355
1757594616225 1.9136263561289106 356
1757594616237 2.5374405668238493 357
1757594616248 4.420020293325164 358
1757594616259 3.1544804882844435 359
1757594616270 4.296737077741389 360
1757594616282 3.177137952431465 361
1757594616293 3.7511733296766425 362
1757594616304 2.8172593778717614 363
1757594616316 1.9657859359580099 364
1757594616327 1.8604039246471642 365
1757594616338 2.8079544560302168 366
1757594616350 1.2680459692888146 367
1757594616362 1.1520288766911777 368
1757594616374 6.820647204181643 369
1757594616386 2.476996212738195 370
1757594616399 3.2586623191467834 371
1757594616411 4.216057686417161 372
1757594616424 4.817054584469184 373
1757594616436 1.1259904730776844 374
1757594616449 4.155676032051699 375
1757594616461 3.1037333356527115 376
1757594616473 5.856172499481205 377
1757594616486 1.4925209935130999 378
1757594616499 2.924488609154627 379
1757594616511 3.79713288280732 380
1757594616524 1.5362878614051567 381
1757594616536 3.354081402303304 382
1757594616548 4.167041566507228 383
1757594616561 3.6718065896104553 384
1757594616573 2.698887269588494 385
1757594616585 4.568178938953968 386
1757594616598 3.499874286874156 387
1757594616610 4.368938341589496 388
1757594616621 3.6621346221310085 389
1757594616633 3.5877843391530213 390
1757594616644 2.7386052004908614 391
1757594616656 4.586001337437335 392
1757594616668 5.242800961304772 393
1757594616680 3.235816040720386 394
1757594616693 4.282606195922674 395
1757594616705 4.187925429235456 396
1757594616717 3.8985150178492796 397
1757594616729 3.4313831592015336 398
1757594616741 3.302174683118916 399
1757594616753 3.6113999633997897 400
1757594616765 3.6252293559887354 401
1757594616777 1.593569333092189 402
1757594616789 2.8126686883962955 403
1757594616801 4.624479990258044 404
1757594616813 2.0310671446116433 405
1757594616825 2.403234833109345 406
1757594616837 4.767006571155669 407
1757594616849 3.0804845961287612 408
1757594616860 1.5863278780673131 409
1757594616872 1.6037786541951236 410
1757594616884 5.751557596417379 411
1757594616895 1.5835792733413545 412
1757594616907 4.06847542264615 413
1757594616918 3.0812661491724334 414
1757594616930 5.545561807949764 415
1757594616942 3.9617194165082035 416
1757594616954 3.7140486439138876 417
1757594616965 3.024692160485066 418
1757594616977 4.683272717438133 419
1757594616989 5.196455421017989 420
1757594617001 2.1588292687737582 421
1757594617014 1.3962562937546346 422
1757594617027 2.5427368633961636 423
1757594617039 4.105490488334861 424
1757594617052 4.092892185917467 425
1757594617064 2.3330484342441564 426
1757594617078 1.2156487012938577 427
1757594617090 2.5960437985001237 428
1757594617103 4.452433986267806 429
1757594617115 2.6531346210320863 430
1757594617126 3.02706722757254 431
1757594617138 2.6723183873122673 432
1757594617150 3.2722605415543957 433
1757594617161 2.763069573772339 434
1757594617173 3.3150357071684087 435
1757594617184 3.9239320605920662 436
1757594617196 2.437048332384373 437
1757594617208 1.7600662446545234 438
1757594617220 2.278784383822034 439
1757594617232 2.5690331685139696 440
1757594617244 1.8564137692720293 441
1757594617256 0.7495225981998885 442
1757594617268 2.127981270343024 443
1757594617280 3.323661344368566 444
1757594617292 3.65884498081059 445
1757594617304 3.9489328338064253 446
1757594617315 3.0808420295705874 447
1757594617327 2.5072636271474193 448
1757594617339 3.6032593745919854 449
1757594617351 4.061195879680205 450
1757594617364 2.726567775198477 451
1757594617377 2.4189819163275517 452
1757594617390 4.460998277543962 453
1757594617402 4.075157975232227 454
1757594617415 3.28821323002038 455
1757594617428 1.9980787812822933 456
1757594617441 3.6709787182171154 457
1757594617453 3.0269411353331317 458
1757594617466 5.440630415640444 459
1757594617479 2.71228128634046 460
1757594617492 6.231760245679531 461
1757594617505 2.3099336439848135 462
1757594617518 3.9919623601392478 463
1757594617531 3.008023910365899 464
1757594617543 1.4635904987105366 465
1757594617556 2.5204334852293613 466
1757594617568 3.758730913907213 467
1757594617580 1.9042234526781794 468
1757594617593 2.1719646454916472 469
1757594617605 2.48138181073934 470
1757594617619 3.9697850485646544 471
1757594617632 3.8461986375580257 472
1757594617644 2.150807561812868 473
1757594617657 3.843508661988934 474
1757594617669 3.025564539433254 475
1757594617681 1.6094344779823997 476
1757594617693 4.021499978547357 477
1757594617705 2.21285654819532 478
1757594617717 4.171908672430154 479
1757594617729 1.9180611658330629 480
1757594617742 3.8059197256144586 481
1757594617754 1.3476271039373335 482
1757594617766 2.3814191335767436 483
1757594617779 3.29878020732615 484
1757594617791 1.9115202409598402 485
1757594617804 1.6657034538652766 486
1757594617817 1.5129896788256272 487
1757594617830 2.5075608879207554 488
1757594617843 3.4911774632291235 489
1757594617856 2.3215049495642464 490
1757594617870 3.131489088933687 491
1757594617883 5.039302600617971 492
1757594617896 2.3093587239810205 493
1757594617909 3.1105350230992848 494
1757594617923 2.225535781603574 495
1757594617936 2.4636326710375234 496
1757594617950 1.6985968207173683 497
1757594617963 3.2173124311381907 498
1757594617977 1.9166965900997937 499
