1757517931345 174.70287468465008 0
1757517931354 174.63707455203146 1
1757517931363 174.5121026323878 2
1757517931371 174.33396412906615 3
1757517931380 174.1080958099577 4
1757517931388 173.8394166650032 5
1757517931397 173.53237465391052 6
1757517931405 173.19098971919047 7
1757517931414 172.8188932624304 8
1757517931422 172.4193642947052 9
1757517931431 171.9953624775984 10
1757517931440 171.54955827134853 11
1757517931448 171.08436040261023 12
1757517931457 170.6019408574164 13
1757517931466 170.1042575960269 14
1757517931474 169.5930751761702 15
1757517931483 169.06998346024736 16
1757517931491 168.53641457077458 17
1757517931500 167.99365824703176 18
1757517931509 167.4428757447242 19
1757517931517 166.88511240965292 20
1757517931526 166.32130904605404 21
1757517931535 165.75231219041788 22
1757517931544 165.17888339232692 23
1757517931554 164.6017075951956 24
1757517931563 164.0214007016837 25
1757517931572 163.43851640106845 26
1757517931581 162.8535523289281 27
1757517931589 162.266955623075 28
1757517931598 161.67912793385506 29
1757517931607 161.09042994148794 30
1757517931616 160.5011854282499 31
1757517931625 159.91168494878428 32
1757517931633 159.32218913771 33
1757517931642 158.7329316900149 34
1757517931651 158.14412204625373 35
1757517931660 157.55594781157845 36
1757517931669 156.96857693473288 37
1757517931678 156.38215967070127 38
1757517931687 155.79683034832811 39
1757517931696 155.21270896218437 40
1757517931705 154.62990260607253 41
1757517931713 154.04850676383913 42
1757517931722 153.4686064716462 43
1757517931731 152.89027736444325 44
1757517931740 152.3135866181498 45
1757517931749 151.73859379789604 46
1757517931758 151.1653516216666 47
1757517931766 150.59390664776362 48
1757517931775 150.0242998936667 49
1757517931784 149.45656739312352 50
1757517931793 148.8907406976221 51
1757517931801 148.3268473277837 52
1757517931810 147.76491117967973 53
1757517931819 147.20495289055276 54
1757517931828 146.64699016799855 55
1757517931837 146.09103808625733 56
1757517931846 145.53710935288265 57
1757517931855 144.98521454877238 58
1757517931864 144.43536234418085 59
1757517931872 143.88755969314565 60
1757517931881 143.34181200847328 61
1757517931890 142.79812331921104 62
1757517931900 142.2564964123793 63
1757517931909 141.71693296051848 64
1757517931918 141.17943363647274 65
1757517931926 140.64399821668758 66
1757517931935 140.11062567416923 67
1757517931944 139.579314262138 68
1757517931953 139.05006158930178 69
1757517931962 138.52286468759578 70
1757517931971 137.99772007313254 71
1757517931980 137.47462380104812 72
1757517931989 136.95357151484987 73
1757517931998 136.4345584908182 74
1757517932007 135.9175796779551 75
1757517932016 135.4026297339258 76
1757517932025 134.8897030573922 77
1757517932034 134.37879381710633 78
1757517932043 133.86989597807033 79
1757517932052 133.36300332508176 80
1757517932062 132.858109483901 81
1757517932071 132.3552079402962 82
1757517932080 131.8542920571664 83
1757517932089 131.35535508994093 84
1757517932098 130.85839020043295 85
1757517932107 130.36339046928182 86
1757517932116 129.87034890715464 87
1757517932124 129.3792584647988 88
1757517932133 128.89011204209393 89
1757517932142 128.40290249617217 90
1757517932151 127.91762264872273 91
1757517932161 127.434265292549 92
1757517932170 126.9528231974617 93
1757517932179 126.47328911556797 94
1757517932188 125.99565578602046 95
1757517932198 125.51991593927833 96
1757517932207 125.0460623009327 97
1757517932216 124.57408759513636 98
1757517932225 124.1039845476759 99
1757517932234 123.63574588873013 100
1757517932243 123.1693643553364 101
1757517932253 122.70483269360162 102
1757517932262 122.24214366067825 103
1757517932271 121.78129002653176 104
1757517932280 121.32226457552107 105
1757517932289 120.8650601078066 106
1757517932298 120.40966944061064 107
1757517932308 119.956085409334 108
1757517932317 119.50430086855376 109
1757517932326 119.0543086929129 110
1757517932335 118.6061017778989 111
1757517932345 118.15967304054834 112
1757517932354 117.71501542005335 113
1757517932363 117.2721218783121 114
1757517932372 116.83098540039951 115
1757517932382 116.39159899498966 116
1757517932391 115.95395569471998 117
1757517932400 115.51804855650899 118
1757517932409 115.08387066183289 119
1757517932419 114.65141511695857 120
1757517932428 114.2206750531525 121
1757517932437 113.79164362684371 122
1757517932446 113.3643140197747 123
1757517932456 112.9386794391144 124
1757517932465 112.5147331175577 125
1757517932474 112.0924683133985 126
1757517932484 111.67187831058729 127
1757517932493 111.252956418773 128
1757517932503 110.8356959733318 129
1757517932512 110.42009033537465 130
1757517932521 110.00613289175297 131
1757517932530 109.5938170550509 132
1757517932540 109.18313626356442 133
1757517932549 108.77408398127469 134
1757517932560 108.36665369781282 135
1757517932587 107.96083892842304 136
1757517932597 107.55663321391005 137
1757517932606 107.15403012058981 138
1757517932616 106.75302324022957 139
1757517932625 106.35360618998996 140
1757517932635 105.95577261235476 141
1757517932644 105.55951617506548 142
1757517932654 105.16483057104627 143
1757517932664 104.77170951833263 144
1757517932673 104.38014675999113 145
1757517932683 103.99013606404193 146
1757517932692 103.60167122337643 147
1757517932702 103.2147460556785 148
1757517932712 102.82935440333303 149
1757517932722 102.44549013334843 150
1757517932731 102.06314713726499 151
1757517932740 101.68231933106883 152
1757517932750 101.30300065510555 153
1757517932759 100.92518507398839 154
1757517932769 100.54886657651127 155
1757517932779 100.17403917555814 156
1757517932788 99.80069690801209 157
1757517932798 99.42883383466459 158
1757517932807 99.05844404012618 159
1757517932817 98.68952163273404 160
1757517932826 98.3220607444617 161
1757517932836 97.95605553082639 162
1757517932846 97.59150017079983 163
1757517932855 97.22838886671465 164
1757517932865 96.86671584417617 165
1757517932875 96.50647535196688 166
1757517932884 96.14766166195973 167
1757517932894 95.79026906902556 168
1757517932903 95.43429189094087 169
1757517932913 95.07972446829946 170
1757517932923 94.72656116442148 171
1757517932932 94.37479636526159 172
1757517932942 94.02442447932111 173
1757517932951 93.6754399375572 174
1757517932961 93.32783719329441 175
1757517932971 92.98161072213401 176
1757517932980 92.63675502186538 177
1757517932990 92.293264612378 178
1757517933000 91.95113403557296 179
1757517933010 91.6103578552741 180
1757517933019 91.27093065714176 181
1757517933029 90.93284704858304 182
1757517933038 90.59610165866647 183
1757517933048 90.26068913803373 184
1757517933058 89.92660415881477 185
1757517933067 89.5938414145401 186
1757517933077 89.26239562005516 187
1757517933087 88.93226151143504 188
1757517933096 88.60343384589873 189
1757517933106 88.27590740172367 190
1757517933116 87.94967697816293 191
1757517933126 87.62473739535957 192
1757517933138 87.30108349426246 193
1757517933150 86.9787101365415 194
1757517933161 86.65761220450806 195
1757517933176 86.33778460102707 196
1757517933186 86.01922224943893 197
1757517933196 85.70192009347271 198
1757517933206 85.38587309716722 199
1757517933216 85.07107624478891 200
1757517933226 84.75752454074764 201
1757517933236 84.44521300951983 202
1757517933248 84.13413669556451 203
1757517933259 83.82429066324457 204
1757517933269 83.51566999674387 205
1757517933279 83.20826979999286 206
1757517933289 82.90208519658238 207
1757517933299 82.59711132968965 208
1757517933309 82.2933433619966 209
1757517933319 81.99077647561228 210
1757517933329 81.68940587199509 211
1757517933339 81.38922677187355 212
1757517933349 81.09023441516999 213
1757517933359 80.79242406092143 214
1757517933369 80.49579098720567 215
1757517933379 80.20033049106176 216
1757517933389 79.90603788841402 217
1757517933399 79.61290851399673 218
1757517933409 79.32093772127891 219
1757517933419 79.0301208823882 220
1757517933429 78.74045338803401 221
1757517933439 78.45193064743569 222
1757517933449 78.16454808824622 223
1757517933459 77.87830115647807 224
1757517933469 77.5931853164291 225
1757517933479 77.30919605061007 226
1757517933489 77.02632885967014 227
1757517933499 76.74457926232371 228
1757517933509 76.46394279527816 229
1757517933519 76.18441501316127 230
1757517933530 75.90599148845047 231
1757517933539 75.62866781139665 232
1757517933549 75.35243958995746 233
1757517933559 75.07730244972312 234
1757517933570 74.80325203384727 235
1757517933580 74.53028400297384 236
1757517933590 74.25839403516851 237
1757517933600 73.98757782584771 238
1757517933610 73.71783108770897 239
1757517933620 73.44914955066223 240
1757517933630 73.18152896175825 241
1757517933640 72.9149650851214 242
1757517933650 72.64945370188127 243
1757517933659 72.38499061010171 244
1757517933669 72.1215716247153 245
1757517933679 71.85919257745394 246
1757517933690 71.59784931678196 247
1757517933700 71.33753770782751 248
1757517933710 71.07825363231747 249
1757517933721 70.81999298850809 250
1757517933731 70.56275169112138 251
1757517933741 70.30652567127454 252
1757517933751 70.05131087641894 253
1757517933761 69.79710327027163 254
1757517933771 69.54389883274854 255
1757517933782 69.29169355990254 256
1757517933792 69.04048346385557 257
1757517933802 68.79026457273599 258
1757517933812 68.54103293061264 259
1757517933822 68.29278459743115 260
1757517933833 68.04551564894973 261
1757517933843 67.7992221766774 262
1757517933853 67.55390028780738 263
1757517933863 67.30954610515582 264
1757517933874 67.06615576709926 265
1757517933884 66.82372542751067 266
1757517933895 66.58225125569793 267
1757517933905 66.34172943634117 268
1757517933915 66.10215616943141 269
1757517933925 65.8635276702089 270
1757517933935 65.62584016910036 271
1757517933946 65.38908991166005 272
1757517933956 65.15327315850676 273
1757517933966 64.91838618526536 274
1757517933977 64.68442528250313 275
1757517933987 64.45138675567334 276
1757517933997 64.21926692505298 277
1757517934008 63.98806212568299 278
1757517934018 63.75776870731049 279
1757517934028 63.52838303432762 280
1757517934039 63.29990148571376 281
1757517934049 63.072320454976776 282
1757517934059 62.84563635009409 283
1757517934070 62.61984559345408 284
1757517934080 62.39494462179916 285
1757517934091 62.170929886167336 286
1757517934101 61.94779785183458 287
1757517934111 61.725544998257625 288
1757517934122 61.50416781901672 289
1757517934132 61.28366282175816 290
1757517934142 61.064026528140666 291
1757517934153 60.845255473774024 292
1757517934163 60.627346208167594 293
1757517934173 60.410295294671094 294
1757517934184 60.19409931042098 295
1757517934194 59.9787548462833 296
1757517934205 59.76425850680011 297
1757517934215 59.550606910132515 298
1757517934225 59.33779668800789 299
1757517934235 59.12582448566359 300
1757517934246 58.91468696179308 301
1757517934256 58.70438078849186 302
1757517934266 58.49490265120475 303
1757517934277 58.28624924866903 304
1757517934287 58.07841729286376 305
1757517934298 57.87140350895579 306
1757517934308 57.665204635246525 307
1757517934319 57.45981742311809 308
1757517934329 57.25523863698205 309
1757517934340 57.05146505422694 310
1757517934350 56.84849346516404 311
1757517934361 56.64632067297899 312
1757517934371 56.44494349367596 313
1757517934381 56.24435875602841 314
1757517934392 56.044563301527916 315
1757517934403 55.84555398433122 316
1757517934413 55.647327671211755 317
1757517934423 55.449881241505516 318
1757517934434 55.253211587064044 319
1757517934444 55.05731561220104 320
1757517934455 54.862190233644505 321
1757517934465 54.66783238048524 322
1757517934476 54.47423899412857 323
1757517934487 54.281407028242405 324
1757517934497 54.089333448710335 325
1757517934508 53.898015233581596 326
1757517934518 53.707449373021184 327
1757517934529 53.517632869263075 328
1757517934539 53.328562736559014 329
1757517934550 53.14023600113325 330
1757517934560 52.952649701131094 331
1757517934571 52.765800886573714 332
1757517934582 52.57968661930894 333
1757517934593 52.394303972962845 334
1757517934603 52.20965003289528 335
1757517934614 52.025721896149626 336
1757517934625 51.842516671406834 337
1757517934636 51.660031478939345 338
1757517934646 51.47826345056283 339
1757517934657 51.29720972959205 340
1757517934667 51.11686747079162 341
1757517934678 50.93723384033302 342
1757517934689 50.7583060157465 343
1757517934701 50.58008118587605 344
1757517934723 50.40255655083398 345
1757517934734 50.22572932195512 346
1757517934745 50.04959672175327 347
1757517934756 49.87415598387367 348
1757517934767 49.699404353050035 349
1757517934778 49.52533908505964 350
1757517934789 49.3519574466778 351
1757517934800 49.1792567156357 352
1757517934810 49.00723418057466 353
1757517934821 48.835887141002246 354
1757517934832 48.66521290724914 355
1757517934843 48.49520880042583 356
1757517934855 48.32587215237831 357
1757517934866 48.15720030564617 358
1757517934877 47.98919061341781 359
1757517934888 47.82184043948915 360
1757517934899 47.65514715822058 361
1757517934910 47.48910815449381 362
1757517934920 47.32372082367066 363
1757517934931 47.15898257154939 364
1757517934942 46.99489081432389 365
1757517934952 46.83144297854178 366
1757517934963 46.66863650106269 367
1757517934974 46.506468829015766 368
1757517934985 46.344937419759916 369
1757517934996 46.184039740841484 370
1757517935007 46.02377326995378 371
1757517935018 45.864135494896615 372
1757517935028 45.70512391353468 373
1757517935039 45.54673603375774 374
1757517935050 45.38896937343994 375
1757517935061 45.231821460400504 376
1757517935072 45.07528983236207 377
1757517935082 44.91937203691302 378
1757517935093 44.764065631465556 379
1757517935104 44.60936818321791 380
1757517935115 44.45527726911403 381
1757517935126 44.3017904758051 382
1757517935137 44.148905399609404 383
1757517935148 43.996619646474315 384
1757517935158 43.84493083193785 385
1757517935169 43.69383658108911 386
1757517935180 43.543334528529805 387
1757517935191 43.39342231833799 388
1757517935203 43.24409760402739 389
1757517935214 43.09535804851089 390
1757517935225 42.94720132406199 391
1757517935236 42.79962511227807 392
1757517935247 42.652627104042026 393
1757517935258 42.50620499948596 394
1757517935269 42.3603565079522 395
1757517935280 42.21507934795789 396
1757517935291 42.07037124715783 397
1757517935302 41.926229942307444 398
1757517935313 41.78265317922499 399
1757517935325 41.63963871275804 400
1757517935336 41.49718430674409 401
1757517935347 41.35528773397689 402
1757517935359 41.213946776167795 403
1757517935369 41.07315922391278 404
1757517935381 40.9329228766548 405
1757517935392 40.7932355426484 406
1757517935403 40.65409503892494 407
1757517935414 40.515499191257106 408
1757517935425 40.37744583412331 409
1757517935437 40.23993281067318 410
1757517935447 40.10295797269247 411
1757517935459 39.96651918056789 412
1757517935470 39.83061430325409 413
1757517935481 39.69524121823736 414
1757517935492 39.56039781150157 415
1757517935503 39.426081977495876 416
1757517935514 39.29229161909824 417
1757517935526 39.159024647582505 418
1757517935537 39.02627898258566 419
1757517935548 38.894052552072615 420
1757517935559 38.76234329230335 421
1757517935570 38.63114914780041 422
1757517935581 38.50046807131354 423
1757517935592 38.37029802378911 424
1757517935604 38.24063697433567 425
1757517935615 38.11148290019073 426
1757517935626 37.98283378669017 427
1757517935637 37.854687627233105 428
1757517935649 37.727042423251156 429
1757517935659 37.599896184176075 430
1757517935670 37.47324692740626 431
1757517935682 37.34709267827672 432
1757517935693 37.22143147002496 433
1757517935705 37.096261343761206 434
1757517935716 36.971580348435836 435
1757517935727 36.847386540807456 436
1757517935738 36.72367798541209 437
1757517935750 36.60045275453218 438
1757517935761 36.477708928165164 439
1757517935772 36.35544459399117 440
1757517935783 36.233657847344986 441
1757517935795 36.11234679118253 442
1757517935806 35.99150953605162 443
1757517935817 35.87114420006119 444
1757517935828 35.751248908850684 445
1757517935840 35.631821795560356 446
1757517935851 35.51286100080033 447
1757517935862 35.3943646726212 448
1757517935873 35.276330966483584 449
1757517935885 35.158758045229106 450
1757517935896 35.04164407904987 451
1757517935908 34.92498724545962 452
1757517935922 34.80878572926382 453
1757517935933 34.69303772253015 454
1757517935945 34.57774142456081 455
1757517935956 34.46289504186105 456
1757517935968 34.348496788112605 457
1757517935979 34.23454488414266 458
1757517935990 34.121037557897274 459
1757517936002 34.00797304441084 460
1757517936013 33.89534958577937 461
1757517936024 33.78316543113023 462
1757517936036 33.671418836595485 463
1757517936047 33.56010806528328 464
1757517936059 33.44923138724907 465
1757517936070 33.33878707946843 466
1757517936081 33.22877342580986 467
1757517936093 33.11918871700523 468
1757517936105 33.01003125062396 469
1757517936116 32.90129933104484 470
1757517936128 32.792991269428384 471
1757517936139 32.68510538369023 472
1757517936151 32.57763999847357 473
1757517936163 32.470593445122155 474
1757517936174 32.36396406165356 475
1757517936185 32.257750192731734 476
1757517936196 32.151950189641575 477
1757517936209 32.04656241026098 478
1757517936220 31.94158521903515 479
1757517936232 31.837016986949948 480
1757517936243 31.73285609150574 481
1757517936255 31.629100916690636 482
1757517936266 31.525749852955183 483
1757517936278 31.422801297186556 484
1757517936289 31.320253652681906 485
1757517936301 31.218105329122853 486
1757517936312 31.116354742549923 487
1757517936324 31.015000315337513 488
1757517936336 30.91404047616701 489
1757517936347 30.813473660003588 490
1757517936358 30.713298308068605 491
1757517936370 30.613512867816727 492
1757517936381 30.514115792909053 493
1757517936393 30.41510554318882 494
1757517936405 30.31648058465744 495
1757517936416 30.21823938944824 496
1757517936428 30.120380435802943 497
1757517936440 30.022902208046844 498
1757517936451 29.925803196563773 499
