1757594577430 12.140964192650685 0
1757594577439 6.013652559190628 1
1757594577448 0.9735628108791681 2
1757594577457 2.790600132447173 3
1757594577466 3.4842189435597115 4
1757594577475 2.4051957951853926 5
1757594577484 1.7538764407274765 6
1757594577493 2.68813170805714 7
1757594577502 1.112229685186117 8
1757594577511 2.1664595331653627 9
1757594577520 2.469773091761791 10
1757594577529 1.693164146319446 11
1757594577538 1.7255790804166429 12
1757594577547 1.4039751588747118 13
1757594577556 0.6110124435708908 14
1757594577565 0.6160767067526634 15
1757594577574 0.7786910337761791 16
1757594577583 0.714530774391344 17
1757594577592 0.8381448439836542 18
1757594577601 0.6831580128416223 19
1757594577610 0.8760611461173157 20
1757594577619 0.7811715625860066 21
1757594577629 0.21319493296785547 22
1757594577639 0.8402961439577367 23
1757594577648 0.6131291409622661 24
1757594577657 0.2700873176206211 25
1757594577669 0.563946091880696 26
1757594577680 0.5884783854117573 27
1757594577691 0.6268131638924261 28
1757594577702 0.2224259578737257 29
1757594577714 0.2750066340184866 30
1757594577725 0.4568469308726124 31
1757594577736 0.23758692249284238 32
1757594577747 0.3195848498903611 33
1757594577758 0.19309733434116697 34
1757594577769 0.13089395044658028 35
1757594577781 0.23515927224471325 36
1757594577792 0.16744752242324 37
1757594577803 0.19174064369698054 38
1757594577814 0.11769591024711322 39
1757594577825 0.1805721018840259 40
1757594577835 0.1888499787250887 41
1757594577846 0.20176905039938853 42
1757594577856 0.24507609349299095 43
1757594577867 0.15356059556211146 44
1757594577877 0.14832757778168792 45
1757594577889 0.21269708006313687 46
1757594577899 0.10172494546844596 47
1757594577910 0.19490339437830498 48
1757594577923 0.07341406108123565 49
1757594577933 0.18459606356606797 50
1757594577945 0.14644516269617694 51
1757594577956 0.1747917227356894 52
1757594577966 0.09291584320243394 53
1757594577977 0.0983224245323578 54
1757594577989 0.1807988600444609 55
1757594578000 0.060283046299608824 56
1757594578012 0.11792757491383206 57
1757594578023 0.06979218805603013 58
1757594578033 0.03876248584713553 59
1757594578043 0.11343211429096352 60
1757594578054 0.09446287997361227 61
1757594578064 0.052333433656499784 62
1757594578075 0.11510089926671704 63
1757594578086 0.23504901784535306 64
1757594578098 0.15690050355844865 65
1757594578108 0.12222233327033823 66
1757594578119 0.06091104318945587 67
1757594578131 0.12976991297576504 68
1757594578142 0.08598706997974397 69
1757594578154 0.06290289549508407 70
1757594578166 0.14758135241072054 71
1757594578177 0.08966536192775927 72
1757594578189 0.150140495534603 73
1757594578207 0.10071439892246425 74
1757594578219 0.11821349972031972 75
1757594578231 0.3265789023829958 76
1757594578242 0.14259711749247272 77
1757594578254 0.06672077078976403 78
1757594578270 0.05952105872687954 79
1757594578281 0.08125470350769513 80
1757594578293 0.11278326158419832 81
1757594578309 0.06889922168448388 82
1757594578323 0.16362788271840034 83
1757594578335 0.16759402767454395 84
1757594578350 0.0877636259904331 85
1757594578364 0.12488026770603292 86
1757594578380 0.10564071246706111 87
1757594578394 0.06418382987458593 88
1757594578409 0.11978579995248519 89
1757594578420 0.0673505441031017 90
1757594578430 0.09601004676868251 91
1757594578441 0.06611855665149921 92
1757594578451 0.06737798009287832 93
1757594578463 0.051564027227916746 94
1757594578474 0.0815873716298396 95
1757594578486 0.07536052314432182 96
1757594578498 0.06777849217845139 97
1757594578509 0.05939372037655239 98
1757594578521 0.06932599507634514 99
1757594578533 0.051738998605088224 100
1757594578544 0.06771288352100274 101
1757594578556 0.09869147374636458 102
1757594578567 0.07123301909307672 103
1757594578577 0.08366674256206294 104
1757594578588 0.17649965723322011 105
1757594578599 0.247243361664733 106
1757594578609 0.055277278763250774 107
1757594578620 0.0791263460394542 108
1757594578632 0.1875662713710397 109
1757594578648 0.0742401094567921 110
1757594578660 0.0830512446664453 111
1757594578687 0.10036597970893522 112
1757594578709 0.058373070060366905 113
1757594578726 0.057628246388329876 114
1757594578739 0.11407153264543549 115
1757594578750 0.11312050396227373 116
1757594578762 0.08661182629240062 117
1757594578774 0.1052445931440023 118
1757594578785 0.0712820625467324 119
1757594578797 0.06543807871093425 120
1757594578809 0.10213855723943438 121
1757594578821 0.10501216410554415 122
1757594578833 0.05557120831216944 123
1757594578845 0.0676294119521926 124
1757594578857 0.09653560885093175 125
1757594578868 0.07606356845175152 126
1757594578881 0.1114239383103657 127
1757594578892 0.07832486962081615 128
1757594578904 0.14834432368682002 129
1757594578915 0.06980856428111104 130
1757594578927 0.04806093981300074 131
1757594578939 0.10385885047200413 132
1757594578950 0.07652772943555788 133
1757594578962 0.18829634784586632 134
1757594578973 0.11361594656476555 135
1757594578984 0.06252396049074548 136
1757594578996 0.18235556588038504 137
1757594579007 0.10724272608682077 138
1757594579019 0.1293115641209704 139
1757594579032 0.09219848321549634 140
1757594579043 0.08798134962213762 141
1757594579055 0.17465717405901776 142
1757594579067 0.10099999181533154 143
1757594579080 0.08035053414131044 144
1757594579092 0.060347863790543715 145
1757594579105 0.10031699716109803 146
1757594579116 0.08691155505694062 147
1757594579128 0.09499687498955982 148
1757594579140 0.08736197565477072 149
1757594579151 0.11387684390139619 150
1757594579163 0.13545133121674321 151
1757594579174 0.15984832944570587 152
1757594579185 0.05669725617369978 153
1757594579195 0.10011568924468212 154
1757594579206 0.12210246647849358 155
1757594579216 0.1563714410111406 156
1757594579227 0.12224191898689585 157
1757594579237 0.1253317680470954 158
1757594579247 0.11952559919962698 159
1757594579258 0.10225831033647467 160
1757594579269 0.11236185697226896 161
1757594579279 0.12477060943933045 162
