1757517854547 169.08220123107455 0
1757517854555 169.0187246948527 1
1757517854564 168.95527294009617 2
1757517854573 168.89184595705623 3
1757517854581 168.82844373598695 4
1757517854590 168.76506626714533 5
1757517854599 168.70171354079375 6
1757517854607 168.6383855471965 7
1757517854616 168.57508227662214 8
1757517854625 168.5118037193445 9
1757517854633 168.44854986564008 10
1757517854642 168.38532070578964 11
1757517854650 168.32211623007703 12
1757517854658 168.25893642878904 13
1757517854667 168.19578129222077 14
1757517854676 168.1326508106663 15
1757517854693 168.06954497442487 16
1757517854706 168.00646377380156 17
1757517854716 167.94340719910267 18
1757517854725 167.880375240639 19
1757517854733 167.8173678887274 20
1757517854742 167.75438513368533 21
1757517854750 167.69142696583498 22
1757517854760 167.62849337550415 23
1757517854770 167.56558435302347 24
1757517854781 167.50269988872572 25
1757517854791 167.4398399729489 26
1757517854800 167.37700459603573 27
1757517854811 167.31419374833183 28
1757517854821 167.25140742018564 29
1757517854830 167.18864560195235 30
1757517854839 167.12590828398604 31
1757517854848 167.0631954566502 32
1757517854857 167.00050711030767 33
1757517854866 166.937843235329 34
1757517854875 166.87520382208416 35
1757517854883 166.8125888609505 36
1757517854892 166.74999834230752 37
1757517854901 166.68743225654043 38
1757517854909 166.6248905940342 39
1757517854918 166.56237334518198 40
1757517854927 166.49988050037777 41
1757517854936 166.43741205002084 42
1757517854945 166.3749679845147 43
1757517854953 166.3125482942635 44
1757517854962 166.25015296968033 45
1757517854971 166.18778200117822 46
1757517854981 166.1254353791732 47
1757517854990 166.06311309408952 48
1757517854999 166.00081513635084 49
1757517855008 165.93854149638787 50
1757517855017 165.87629216463097 51
1757517855026 165.8140671315199 52
1757517855035 165.75186638749406 53
1757517855044 165.68968992299716 54
1757517855053 165.62753772847847 55
1757517855062 165.56540979438853 56
1757517855071 165.50330611118238 57
1757517855080 165.44122666932216 58
1757517855088 165.37917145926826 59
1757517855097 165.31714047148935 60
1757517855106 165.25513369645523 61
1757517855115 165.19315112464156 62
1757517855124 165.13119274652448 63
1757517855132 165.06925855258885 64
1757517855141 165.00734853331727 65
1757517855150 164.94546267920137 66
1757517855158 164.8836009807336 67
1757517855167 164.82176342841143 68
1757517855176 164.75995001273532 69
1757517855185 164.69816072421006 70
1757517855194 164.63639555334322 71
1757517855202 164.57465449064827 72
1757517855211 164.51293752663986 73
1757517855220 164.45124465183858 74
1757517855229 164.38957585676437 75
1757517855238 164.32793113194893 76
1757517855247 164.26631046792062 77
1757517855255 164.2047138552147 78
1757517855264 164.1431412843672 79
1757517855273 164.08159274592313 80
1757517855282 164.02006823042734 81
1757517855291 163.95856772842708 82
1757517855300 163.8970912304792 83
1757517855309 163.83563872713833 84
1757517855318 163.77421020896497 85
1757517855327 163.71280566652464 86
1757517855337 163.65142509038427 87
1757517855346 163.59006847111624 88
1757517855355 163.52873579929675 89
1757517855365 163.4674270655055 90
1757517855374 163.40614226032264 91
1757517855384 163.344881374339 92
1757517855394 163.28364439814055 93
1757517855405 163.22243132232518 94
1757517855416 163.16124213748907 95
1757517855426 163.10007683423353 96
1757517855437 163.03893540316466 97
1757517855448 162.9778178348913 98
1757517855459 162.91672412002683 99
1757517855469 162.85565424918636 100
1757517855479 162.79460821299062 101
1757517855490 162.7335860020643 102
1757517855500 162.67258760703328 103
1757517855510 162.61161301853008 104
1757517855523 162.550662227189 105
1757517855534 162.4897352236495 106
1757517855545 162.42883199855333 107
1757517855556 162.3679525425461 108
1757517855567 162.30709684628033 109
1757517855577 162.2462649004054 110
1757517855587 162.18545669558114 111
1757517855599 162.1246722224663 112
1757517855609 162.06391147172747 113
1757517855620 162.00317443403216 114
1757517855631 161.9424611000524 115
1757517855642 161.88177146046326 116
1757517855652 161.82110550594476 117
1757517855663 161.76046322717954 118
1757517855674 161.6998446148536 119
1757517855684 161.63924965965722 120
1757517855695 161.5786783522858 121
1757517855704 161.5181306834365 122
1757517855714 161.45760664380967 123
1757517855724 161.3971062241113 124
1757517855733 161.33662941505014 125
1757517855742 161.27617620733744 126
1757517855751 161.21574659168928 127
1757517855761 161.15534055882696 128
1757517855782 161.09495809947265 129
1757517855800 161.03459920435435 130
1757517855809 160.9742638642021 131
1757517855819 160.913952069749 132
1757517855829 160.85366381173483 133
1757517855841 160.79339908090083 134
1757517855851 160.73315786799168 135
1757517855862 160.6729401637581 136
1757517855873 160.61274595895063 137
1757517855886 160.55257524432704 138
1757517855898 160.4924280106459 139
1757517855908 160.43230424867258 140
1757517855919 160.37220394917193 141
1757517855930 160.3121271029167 142
1757517855940 160.252073700681 143
1757517855951 160.19204373324422 144
1757517855961 160.13203719138653 145
1757517855971 160.0720540658931 146
1757517855981 160.01209434755515 147
1757517855991 159.95215802716237 148
1757517856000 159.89224509551363 149
1757517856009 159.83235554340854 150
1757517856019 159.77248936164932 151
1757517856028 159.71264654104505 152
1757517856038 159.65282707240655 153
1757517856047 159.59303094654786 154
1757517856056 159.5332581542863 155
1757517856066 159.47350868644475 156
1757517856075 159.4137825338486 157
1757517856084 159.35407968732693 158
1757517856093 159.29440013771165 159
1757517856103 159.23474387583929 160
1757517856113 159.17511089255075 161
1757517856123 159.1155011786887 162
1757517856133 159.05591472510125 163
1757517856142 158.99635152263755 164
1757517856152 158.93681156215266 165
1757517856162 158.87729483450525 166
1757517856171 158.81780133055673 167
1757517856181 158.75833104117186 168
1757517856190 158.69888395721966 169
1757517856200 158.63946006957258 170
1757517856209 158.5800593691073 171
1757517856219 158.52068184670304 172
1757517856229 158.4613274932416 173
1757517856238 158.40199629961228 174
1757517856248 158.3426882567048 175
1757517856257 158.2834033554119 176
1757517856267 158.22414158663327 177
1757517856276 158.1649029412683 178
1757517856286 158.10568741022294 179
1757517856296 158.04649498440486 180
1757517856305 157.98732565472744 181
1757517856315 157.92817941210473 182
1757517856325 157.86905624745611 183
1757517856334 157.80995615170636 184
1757517856344 157.75087911577913 185
1757517856354 157.69182513060613 186
1757517856363 157.63279418712128 187
1757517856373 157.57378627626014 188
1757517856383 157.51480138896417 189
1757517856392 157.45583951617806 190
1757517856402 157.39690064884863 191
1757517856411 157.33798477792772 192
1757517856421 157.27909189437244 193
1757517856431 157.2202219891379 194
1757517856441 157.16137505318903 195
1757517856450 157.10255107748972 196
1757517856460 157.04375005301006 197
1757517856470 156.98497197072342 198
1757517856480 156.92621682160507 199
1757517856489 156.86748459663644 200
1757517856499 156.80877528679991 201
1757517856508 156.75008888308324 202
1757517856518 156.69142537647664 203
1757517856528 156.63278475797543 204
1757517856538 156.5741670185757 205
1757517856548 156.5155721492799 206
1757517856557 156.45700014109372 207
1757517856567 156.39845098502434 208
1757517856577 156.33992467208387 209
1757517856586 156.28142119328774 210
1757517856596 156.22294053965663 211
1757517856606 156.16448270221053 212
1757517856615 156.10604767197856 213
1757517856625 156.0476354399896 214
1757517856635 155.98924599727488 215
1757517856645 155.9308793348743 216
1757517856655 155.8725354438264 217
1757517856665 155.81421431517475 218
1757517856675 155.75591593996805 219
1757517856685 155.6976403092582 220
1757517856695 155.63938741409675 221
1757517856705 155.58115724554438 222
1757517856714 155.52294979466265 223
1757517856724 155.46476505251457 224
1757517856734 155.40660301016987 225
1757517856744 155.34846365870075 226
1757517856754 155.29034698918431 227
1757517856764 155.23225299269785 228
1757517856774 155.174181660325 229
1757517856784 155.11613298315223 230
1757517856794 155.05810695226847 231
1757517856804 155.00010355876836 232
1757517856814 154.94212279374793 233
1757517856824 154.88416464830715 234
1757517856834 154.82622911355193 235
1757517856844 154.7683161805865 236
1757517856854 154.71042584052466 237
1757517856864 154.65255808447955 238
1757517856874 154.59471290356842 239
1757517856884 154.53689028891367 240
1757517856894 154.47909023164058 241
1757517856904 154.42131272287682 242
1757517856914 154.36355775375523 243
1757517856924 154.30582531541066 244
1757517856934 154.24811539898164 245
1757517856944 154.1904279956107 246
1757517856954 154.1327630964453 247
1757517856964 154.0751206926326 248
1757517856974 154.01750077532728 249
1757517856984 153.95990333568602 250
1757517856994 153.9023283648676 251
1757517857004 153.844775854036 252
1757517857014 153.78724579435828 253
1757517857024 153.72973817700353 254
1757517857034 153.67225299314876 255
1757517857044 153.61479023396828 256
1757517857055 153.557349890644 257
1757517857065 153.49993195436016 258
1757517857075 153.44253641630488 259
1757517857088 153.3851632676706 260
1757517857099 153.32781249964978 261
1757517857109 153.27048410344304 262
1757517857119 153.21317807024988 263
1757517857129 153.1558943912771 264
1757517857139 153.09863305773277 265
1757517857149 153.04139406083027 266
1757517857159 152.9841773917836 267
1757517857169 152.92698304181252 268
1757517857179 152.86981100213868 269
1757517857189 152.81266126399035 270
1757517857199 152.75553381859564 271
1757517857210 152.69842865718823 272
1757517857220 152.64134577100313 273
1757517857230 152.58428515128224 274
1757517857241 152.52724678926705 275
1757517857251 152.47023067620623 276
1757517857261 152.41323680334844 277
1757517857271 152.3562651619483 278
1757517857281 152.2993157432627 279
1757517857291 152.24238853855272 280
1757517857301 152.18548353908213 281
1757517857312 152.12860073611873 282
1757517857322 152.07174012093273 283
1757517857332 152.01490168480012 284
1757517857343 151.95808541899697 285
1757517857353 151.90129131480592 286
1757517857364 151.84451936351206 287
1757517857374 151.78776955640248 288
1757517857385 151.73104188476972 289
1757517857395 151.67433633990828 290
1757517857405 151.61765291311727 291
1757517857416 151.56099159569726 292
1757517857426 151.50435237895596 293
1757517857436 151.44773525420212 294
1757517857447 151.39114021274523 295
1757517857457 151.33456724590417 296
1757517857468 151.27801634499625 297
1757517857478 151.22148750134465 298
1757517857488 151.1649807062751 299
1757517857499 151.10849595111762 300
1757517857509 151.05203322720448 301
1757517857520 150.99559252587187 302
1757517857531 150.9391738384604 303
1757517857541 150.88277715631335 304
1757517857552 150.82640247077532 305
1757517857563 150.77004977319802 306
1757517857573 150.71371905493464 307
1757517857584 150.65741030734208 308
1757517857594 150.60112352177998 309
1757517857604 150.5448586896119 310
1757517857615 150.4886158022051 311
1757517857625 150.43239485093065 312
1757517857636 150.37619582716133 313
1757517857646 150.32001872227565 314
1757517857657 150.2638635276539 315
1757517857668 150.2077302346791 316
1757517857678 150.15161883474008 317
1757517857688 150.0955293192267 318
1757517857699 150.03946167953418 319
1757517857709 149.9834159070597 320
1757517857720 149.92739199320414 321
1757517857730 149.8713899293729 322
1757517857740 149.81540970697213 323
1757517857751 149.75945131741517 324
1757517857761 149.70351475211524 325
1757517857772 149.64760000249126 326
1757517857782 149.5917070599637 327
1757517857792 149.5358359159586 328
1757517857803 149.47998656190273 329
1757517857813 149.42415898922985 330
1757517857824 149.36835318937287 331
1757517857835 149.31256915377008 332
1757517857845 149.25680687386512 333
1757517857856 149.2010663411016 334
1757517857866 149.14534754692883 335
1757517857877 149.08965048279805 336
1757517857888 149.03397514016524 337
1757517857898 148.9783215104882 338
1757517857909 148.92268958522968 339
1757517857919 148.86707935585528 340
1757517857930 148.81149081383302 341
1757517857941 148.7559239506349 342
1757517857951 148.70037875773713 343
1757517857962 148.6448552266189 344
1757517857973 148.58935334876088 345
1757517857984 148.53387311564958 346
1757517857994 148.47841451877466 347
1757517858005 148.42297754962766 348
1757517858016 148.36756219970422 349
1757517858026 148.3121684605037 350
1757517858037 148.25679632352808 351
1757517858048 148.2014457802839 352
1757517858059 148.14611682227883 353
1757517858069 148.0908094410269 354
1757517858080 148.03552362804356 355
1757517858091 147.98025937484755 356
1757517858101 147.92501667296108 357
1757517858112 147.86979551391082 358
1757517858124 147.81459588922561 359
1757517858135 147.75941779043762 360
1757517858146 147.70426120908357 361
1757517858157 147.64912613670262 362
1757517858168 147.59401256483713 363
1757517858179 147.53892048503252 364
1757517858189 147.48384988883834 365
1757517858200 147.42880076780742 366
1757517858210 147.3737731134967 367
1757517858221 147.31876691746305 368
1757517858232 147.26378217127106 369
1757517858243 147.20881886648596 370
1757517858254 147.15387699467706 371
1757517858265 147.09895654741732 372
1757517858275 147.04405751628232 373
1757517858286 146.98917989285144 374
1757517858297 146.93432366870715 375
1757517858308 146.8794888354358 376
1757517858319 146.82467538462544 377
1757517858329 146.7698833078698 378
1757517858340 146.71511259676393 379
1757517858351 146.66036324290891 380
1757517858362 146.60563523790492 381
1757517858373 146.5509285733585 382
1757517858383 146.4962432408797 383
1757517858395 146.44157923207965 384
1757517858405 146.3869365385755 385
1757517858416 146.33231515198526 386
1757517858428 146.2777150639312 387
1757517858439 146.22313626604048 388
1757517858450 146.16857874994008 389
1757517858461 146.11404250726434 390
1757517858472 146.0595275296475 391
1757517858482 146.0050338087294 392
1757517858493 145.95056133615134 393
1757517858504 145.89611010355992 394
1757517858515 145.84168010260282 395
1757517858527 145.7872713249319 396
1757517858538 145.73288376220535 397
1757517858549 145.67851740607853 398
1757517858560 145.6241722482155 399
1757517858571 145.56984828028158 400
1757517858582 145.51554549394373 401
1757517858594 145.46126388087504 402
1757517858605 145.4070034327499 403
1757517858615 145.35276414124883 404
1757517858627 145.29854599805134 405
1757517858637 145.24434899484362 406
1757517858648 145.1901731233137 407
1757517858660 145.1360183751533 408
1757517858671 145.08188474205687 409
1757517858682 145.0277722157232 410
1757517858693 144.97368078785308 411
1757517858704 144.91961045015165 412
1757517858715 144.86556119432674 413
1757517858726 144.81153301208997 414
1757517858737 144.75752589515525 415
1757517858748 144.7035398352419 416
1757517858759 144.64957482406967 417
1757517858770 144.59563085336245 418
1757517858781 144.5417079148491 419
1757517858793 144.48780600026004 420
1757517858804 144.43392510133015 421
1757517858815 144.38006520979522 422
1757517858826 144.32622631739713 423
1757517858837 144.27240841587945 424
1757517858848 144.21861149699015 425
1757517858860 144.1648355524782 426
1757517858871 144.111080574099 427
1757517858882 144.05734655360888 428
1757517858893 144.0036334827678 429
1757517858904 143.94994135333965 430
1757517858916 143.89627015709073 431
1757517858927 143.84261988579127 432
1757517858938 143.78899053121455 433
1757517858950 143.73538208513776 434
1757517858961 143.68179453933988 435
1757517858973 143.6282278856037 436
1757517858984 143.5746821157158 437
1757517858995 143.52115722146576 438
1757517859007 143.46765319464637 439
1757517859018 143.41417002705344 440
1757517859029 143.36070771048642 441
1757517859040 143.3072662367471 442
1757517859052 143.25384559764217 443
1757517859063 143.20044578497962 444
1757517859074 143.14706679057224 445
1757517859086 143.0937086062354 446
1757517859097 143.04037122378722 447
1757517859108 142.98705463505095 448
1757517859119 142.93375883184976 449
1757517859131 142.88048380601273 450
1757517859142 142.82722954937205 451
1757517859153 142.77399605376118 452
1757517859165 142.72078331101946 453
1757517859176 142.66759131298758 454
1757517859188 142.6144200515099 455
1757517859199 142.56126951843373 456
1757517859210 142.508139705611 457
1757517859222 142.45503060489452 458
1757517859233 142.40194220814269 459
1757517859244 142.34887450721612 460
1757517859256 142.2958274939772 461
1757517859267 142.2428011602944 462
1757517859279 142.1897954980369 463
1757517859290 142.136810499079 464
1757517859301 142.083846155296 465
1757517859313 142.03090245856842 466
1757517859324 141.97797940078013 467
1757517859336 141.92507697381626 468
1757517859347 141.8721951695658 469
1757517859359 141.81933397992265 470
1757517859370 141.76649339678195 471
1757517859381 141.71367341204285 472
1757517859393 141.66087401760757 473
1757517859404 141.60809520538209 474
1757517859416 141.55533696727434 475
1757517859427 141.5025992951956 476
1757517859439 141.44988218106164 477
1757517859450 141.39718561679092 478
1757517859462 141.34450959430418 479
1757517859473 141.29185410552665 480
1757517859485 141.23921914238556 481
1757517859496 141.18660469681268 482
1757517859511 141.1340107607403 483
1757517859522 141.0814373261083 484
1757517859534 141.0288843848558 485
1757517859546 140.9763519289261 486
1757517859558 140.92383995026594 487
1757517859570 140.87134844082715 488
1757517859582 140.81887739256172 489
1757517859593 140.76642679742673 490
1757517859605 140.71399664738027 491
1757517859616 140.66158693438672 492
1757517859628 140.6091976504116 493
1757517859639 140.55682878742357 494
1757517859650 140.50448033739556 495
1757517859662 140.45215229230203 496
1757517859674 140.39984464412288 497
1757517859686 140.3475573848387 498
1757517859697 140.29529050643526 499
