1757517829139 168.97338417662598 0
1757517829148 168.34008120268652 1
1757517829156 167.70924537704042 2
1757517829165 167.08086701335083 3
1757517829173 166.45493646347433 4
1757517829182 165.83144411732079 5
1757517829191 165.2103804026928 6
1757517829199 164.59173578514248 7
1757517829208 163.97550076781914 8
1757517829217 163.36166589132392 9
1757517829225 162.7502217335552 10
1757517829234 162.14115890956802 11
1757517829243 161.53446807142313 12
1757517829252 160.9301399080416 13
1757517829261 160.32816514506027 14
1757517829270 159.72853454468455 15
1757517829278 159.13123890554547 16
1757517829287 158.53626906255354 17
1757517829295 157.9436158867586 18
1757517829304 157.35327028520328 19
1757517829312 156.76522320078234 20
1757517829322 156.17946561210158 21
1757517829331 155.59598853333867 22
1757517829340 155.01478301409213 23
1757517829349 154.43584013925644 24
1757517829359 153.8591510288719 25
1757517829368 153.28470683798741 26
1757517829376 152.7124987565257 27
1757517829385 152.14251800914116 28
1757517829393 151.5747558550862 29
1757517829402 151.0092035880694 30
1757517829411 150.44585253612598 31
1757517829419 149.8846940614768 32
1757517829428 149.32571956039422 33
1757517829437 148.7689204630694 34
1757517829446 148.21428823347733 35
1757517829454 147.66181436924074 36
1757517829463 147.11149040150207 37
1757517829472 146.563307894784 38
1757517829480 146.01725844686626 39
1757517829489 145.4733336886453 40
1757517829498 144.93152528401072 41
1757517829506 144.39182492970812 42
1757517829515 143.85422435521488 43
1757517829524 143.31871532260874 44
1757517829532 142.78528962643674 45
1757517829541 142.25393909359042 46
1757517829550 141.7246555831748 47
1757517829559 141.1974309863847 48
1757517829567 140.672257226373 49
1757517829576 140.14912625812843 50
1757517829585 139.62803006834764 51
1757517829593 139.10896067531067 52
1757517829602 138.59191012875587 53
1757517829611 138.07687050975565 54
1757517829620 137.56383393059215 55
1757517829629 137.05279253463337 56
1757517829638 136.54373849621234 57
1757517829647 136.0366640205028 58
1757517829655 135.53156134339838 59
1757517829664 135.0284227313889 60
1757517829673 134.52724048144387 61
1757517829682 134.0280069208878 62
1757517829691 133.53071440727996 63
1757517829699 133.03535532830043 64
1757517829708 132.54192210162464 65
1757517829717 132.05040717480824 66
1757517829726 131.5608030251674 67
1757517829734 131.07310215966237 68
1757517829743 130.58729711477932 69
1757517829752 130.10338045641507 70
1757517829761 129.6213447797588 71
1757517829770 129.14118270917766 72
1757517829779 128.66288689810145 73
1757517829788 128.18645002890693 74
1757517829797 127.71186481280486 75
1757517829806 127.2391239897231 76
1757517829815 126.76822032819653 77
1757517829824 126.29914662525212 78
1757517829833 125.83189570629669 79
1757517829842 125.36646042500529 80
1757517829851 124.90283366320688 81
1757517829860 124.44100833077674 82
1757517829869 123.9809773655249 83
1757517829878 123.52273373308212 84
1757517829887 123.06627042679402 85
1757517829896 122.61158046761047 86
1757517829906 122.1586569039754 87
1757517829915 121.70749281171955 88
1757517829924 121.258081293949 89
1757517829933 120.81041548094467 90
1757517829942 120.36448853004575 91
1757517829951 119.9202936255492 92
1757517829961 119.47782397860072 93
1757517829970 119.03707282708879 94
1757517829979 118.59803343553975 95
1757517829988 118.16069909501326 96
1757517829997 117.72506312299234 97
1757517830006 117.29111886328768 98
1757517830015 116.8588596859248 99
1757517830024 116.42827898704702 100
1757517830033 115.9993701888074 101
1757517830042 115.57212673927027 102
1757517830051 115.14654211230666 103
1757517830060 114.72260980748979 104
1757517830069 114.3003233499987 105
1757517830078 113.87967629051424 106
1757517830087 113.4606622051167 107
1757517830096 113.04327469518991 108
1757517830106 112.6275073873166 109
1757517830114 112.2133539331812 110
1757517830124 111.80080800947069 111
1757517830133 111.3898633177754 112
1757517830142 110.9805135844906 113
1757517830151 110.57275256071779 114
1757517830160 110.16657402216923 115
1757517830169 109.76197176906632 116
1757517830178 109.35893962605009 117
1757517830187 108.95747144207616 118
1757517830196 108.55756109032572 119
1757517830205 108.15920246810443 120
1757517830214 107.76238949675165 121
1757517830223 107.36711612154248 122
1757517830232 106.97337631159336 123
1757517830241 106.5811640597706 124
1757517830251 106.1904733825919 125
1757517830260 105.80129832013763 126
1757517830269 105.41363293595577 127
1757517830278 105.02747131696707 128
1757517830287 104.6428075733771 129
1757517830296 104.25963583857958 130
1757517830306 103.8779502690686 131
1757517830315 103.4977450443458 132
1757517830324 103.11901436682882 133
1757517830333 102.74175246176131 134
1757517830343 102.36595357712372 135
1757517830354 101.99161198354159 136
1757517830364 101.61872197419876 137
1757517830374 101.24727786474487 138
1757517830383 100.87727399320924 139
1757517830392 100.50870471991054 140
1757517830401 100.14156442737155 141
1757517830411 99.77584752022844 142
1757517830420 99.4115484251439 143
1757517830430 99.04866159072347 144
1757517830439 98.68718148742407 145
1757517830449 98.32710260746954 146
1757517830458 97.96841946476665 147
1757517830477 97.61112659481712 148
1757517830490 97.25521855463215 149
1757517830499 96.90068992264986 150
1757517830509 96.54753529864763 151
1757517830518 96.19574930365968 152
1757517830527 95.84532657989251 153
1757517830536 95.49626179064269 154
1757517830546 95.14854962021002 155
1757517830555 94.80218477381969 156
1757517830565 94.45716197753335 157
1757517830574 94.1134759781735 158
1757517830583 93.77112154323594 159
1757517830593 93.4300934608123 160
1757517830603 93.09038653950486 161
1757517830612 92.7519956083487 162
1757517830621 92.4149155167291 163
1757517830631 92.0791411343028 164
1757517830640 91.74466735091627 165
1757517830650 91.41148907652656 166
1757517830659 91.0796012411228 167
1757517830668 90.74899879464415 168
1757517830678 90.41967670690606 169
1757517830687 90.09162996751745 170
1757517830697 89.76485358580327 171
1757517830706 89.43934259072829 172
1757517830715 89.11509203081772 173
1757517830726 88.79209697408163 174
1757517830735 88.47035250793678 175
1757517830745 88.14985373912965 176
1757517830755 87.83059579366268 177
1757517830764 87.51257381671466 178
1757517830774 87.1957829725661 179
1757517830783 86.88021844452673 180
1757517830793 86.56587543485688 181
1757517830803 86.2527491646928 182
1757517830813 85.94083487397427 183
1757517830822 85.63012782136872 184
1757517830832 85.3206232841981 185
1757517830841 85.01231655836446 186
1757517830851 84.70520295827768 187
1757517830861 84.39927781678024 188
1757517830870 84.09453648507692 189
1757517830880 83.7909743326615 190
1757517830890 83.48858674724359 191
1757517830900 83.18736913467794 192
1757517830909 82.88731691889156 193
1757517830919 82.58842554181471 194
1757517830928 82.29069046330498 195
1757517830938 81.99410716108335 196
1757517830948 81.69867113065769 197
1757517830958 81.4043778852553 198
1757517830968 81.11122295575332 199
1757517830978 80.81920189060749 200
1757517830987 80.52831025578293 201
1757517830997 80.23854363468655 202
1757517831006 79.9498976280971 203
1757517831016 79.66236785409615 204
1757517831026 79.3759499480003 205
1757517831036 79.09063956229357 206
1757517831046 78.80643236655956 207
1757517831055 78.52332404741233 208
1757517831065 78.24131030843125 209
1757517831075 77.9603868700933 210
1757517831084 77.68054946970543 211
1757517831094 77.40179386134015 212
1757517831104 77.12411581576694 213
1757517831114 76.84751112038802 214
1757517831124 76.57197557917279 215
1757517831133 76.29750501259056 216
1757517831143 76.02409525754756 217
1757517831153 75.75174216732161 218
1757517831162 75.48044161149575 219
1757517831172 75.21018947589538 220
1757517831182 74.94098166252569 221
1757517831192 74.67281408950367 222
1757517831202 74.40568269099933 223
1757517831211 74.13958341716724 224
1757517831221 73.87451223408854 225
1757517831231 73.61046512370407 226
1757517831240 73.34743808375347 227
1757517831250 73.08542712771339 228
1757517831260 72.82442828473462 229
1757517831270 72.56443759957945 230
1757517831280 72.30545113256143 231
1757517831289 72.04746495948362 232
1757517831302 71.79047517157676 233
1757517831312 71.5344778754388 234
1757517831322 71.27946919297543 235
1757517831332 71.02544526133697 236
1757517831342 70.77240223286105 237
1757517831352 70.52033627501042 238
1757517831362 70.26924357031575 239
1757517831372 70.01912031631296 240
1757517831382 69.7699627254865 241
1757517831392 69.52176702520963 242
1757517831402 69.27452945768515 243
1757517831412 69.02824627988784 244
1757517831422 68.78291376350549 245
1757517831433 68.53852819488056 246
1757517831442 68.2950858749531 247
1757517831453 68.05258311920308 248
1757517831463 67.81101625759263 249
1757517831473 67.57038163450859 250
1757517831483 67.33067560870606 251
1757517831493 67.09189455325158 252
1757517831503 66.8540348554672 253
1757517831513 66.61709291687427 254
1757517831523 66.3810651531348 255
1757517831533 66.14594799400017 256
1757517831542 65.91173788325142 257
1757517831552 65.67843127864626 258
1757517831563 65.4460246518631 259
1757517831573 65.2145144884461 260
1757517831583 64.98389728775118 261
1757517831592 64.75416956289035 262
1757517831603 64.52532784067832 263
1757517831613 64.29736866157772 264
1757517831623 64.0702885796467 265
1757517831633 63.844084162483526 266
1757517831643 63.61875199117378 267
1757517831653 63.3942886602376 268
1757517831664 63.1706907775758 269
1757517831673 62.947954964418905 270
1757517831684 62.72607785527183 271
1757517831694 62.50505609786404 272
1757517831704 62.284886353095246 273
1757517831714 62.065565294985625 274
1757517831724 61.84708961062236 275
1757517831734 61.629456000108185 276
1757517831744 61.41266117651151 277
1757517831754 61.19670186581311 278
1757517831764 60.98157480685787 279
1757517831775 60.76727675130083 280
1757517831785 60.55380446355974 281
1757517831795 60.341154720761914 282
1757517831805 60.12932431269681 283
1757517831816 59.918310041764215 284
1757517831826 59.70810872292472 285
1757517831836 59.498717183650975 286
1757517831847 59.29013226387727 287
1757517831857 59.08235081595187 288
1757517831867 58.87536970458595 289
1757517831877 58.66918580680707 290
1757517831888 58.46379601190908 291
1757517831898 58.259197221403994 292
1757517831908 58.055386348974224 293
1757517831918 57.8523603204241 294
1757517831929 57.65011607363299 295
1757517831939 57.44865055850663 296
1757517831950 57.24796073692935 297
1757517831960 57.04804358271793 298
1757517831970 56.84889608157493 299
1757517831981 56.65051523104018 300
1757517831991 56.452898040444566 301
1757517832001 56.25604153086527 302
1757517832011 56.05994273507672 303
1757517832022 55.86459869750589 304
1757517832032 55.67000647418689 305
1757517832042 55.47616313271487 306
1757517832052 55.28306575219859 307
1757517832062 55.09071142321788 308
1757517832073 54.89909724777638 309
1757517832083 54.708220339257586 310
1757517832093 54.518077822379176 311
1757517832103 54.32866683314883 312
1757517832114 54.13998451881946 313
1757517832124 53.952028037844975 314
1757517832134 53.76479455983622 315
1757517832145 53.57828126551693 316
1757517832155 53.39248534667931 317
1757517832166 53.20740400614153 318
1757517832176 53.02303445770323 319
1757517832186 52.8393739261028 320
1757517832197 52.65641964697402 321
1757517832207 52.474168866803275 322
1757517832217 52.292618842886135 323
1757517832228 52.111766843285835 324
1757517832238 51.93161014678927 325
1757517832249 51.75214604286743 326
1757517832259 51.57337183162954 327
1757517832269 51.39528482378448 328
1757517832280 51.21788234059601 329
1757517832290 51.041161713844815 330
1757517832300 50.86512028578336 331
1757517832311 50.68975540909664 332
1757517832321 50.51506444686084 333
1757517832332 50.34104477250179 334
1757517832342 50.16769376975453 335
1757517832352 49.99500883262313 336
1757517832363 49.82298736533897 337
1757517832373 49.65162678232198 338
1757517832384 49.48092450813853 339
1757517832394 49.31087797746388 340
1757517832404 49.14148463503993 341
1757517832415 48.97274193563708 342
1757517832426 48.80464734401424 343
1757517832436 48.637198334879514 344
1757517832447 48.4703923928505 345
1757517832458 48.304227012416185 346
1757517832468 48.13869969789664 347
1757517832479 47.97380796340629 348
1757517832489 47.809549332812956 349
1757517832499 47.64592133970145 350
1757517832510 47.482921527333716 351
1757517832520 47.32054744861201 352
1757517832531 47.15879666603962 353
1757517832541 46.99766675168423 354
1757517832552 46.837155287139275 355
1757517832563 46.67725986348699 356
1757517832573 46.51797808126052 357
1757517832584 46.359307550407024 358
1757517832595 46.201245890250796 359
1757517832605 46.04379072945568 360
1757517832616 45.88693970598844 361
1757517832627 45.73069046708285 362
1757517832637 45.57504066920171 363
1757517832648 45.41998797800184 364
1757517832659 45.2655300682973 365
1757517832669 45.11166462402337 366
1757517832680 44.958389338200256 367
1757517832691 44.80570191289769 368
1757517832701 44.65360005919953 369
1757517832712 44.502081497167175 370
1757517832723 44.35114395580556 371
1757517832734 44.2007851730266 372
1757517832744 44.051002895615234 373
1757517832755 43.90179487919393 374
1757517832766 43.75315888818721 375
1757517832776 43.605092695788514 376
1757517832787 43.45759408392402 377
1757517832798 43.31066084321967 378
1757517832809 43.164290772965586 379
1757517832820 43.01848168108314 380
1757517832831 42.87323138408942 381
1757517832842 42.728537707065044 382
1757517832852 42.58439848361953 383
1757517832863 42.44081155585772 384
1757517832874 42.29777477434618 385
1757517832885 42.155285998080565 386
1757517832896 42.01334309445148 387
1757517832907 41.8719439392123 388
1757517832917 41.7310864164449 389
1757517832928 41.59076841852899 390
1757517832939 41.45098784610685 391
1757517832950 41.311742608053244 392
1757517832961 41.17303062144078 393
1757517832972 41.03484981150915 394
1757517832983 40.89719811163246 395
1757517832994 40.760073463287235 396
1757517833005 40.62347381602029 397
1757517833016 40.48739712741682 398
1757517833028 40.35184136306941 399
1757517833039 40.21680449654614 400
1757517833050 40.08228450935846 401
1757517833061 39.948279390931596 402
1757517833072 39.81478713857091 403
1757517833082 39.68180575743398 404
1757517833093 39.54933326049624 405
1757517833105 39.417367668523156 406
1757517833117 39.28590701003773 407
1757517833130 39.1549493212905 408
1757517833146 39.02449264622935 409
1757517833157 38.894535036468774 410
1757517833169 38.765074551259744 411
1757517833181 38.63610925745985 412
1757517833192 38.507637229503345 413
1757517833203 38.37965654937142 414
1757517833214 38.25216530656107 415
1757517833225 38.12516159805826 416
1757517833237 37.99864352830562 417
1757517833248 37.87260920917482 418
1757517833259 37.74705675993657 419
1757517833271 37.62198430723212 420
1757517833282 37.49738998504324 421
1757517833293 37.37327193466428 422
1757517833304 37.24962830467239 423
1757517833315 37.12645725090021 424
1757517833326 37.00375693640636 425
1757517833337 36.88152553144631 426
1757517833348 36.75976121344563 427
1757517833359 36.63846216697082 428
1757517833370 36.51762658370121 429
1757517833381 36.39725266240113 430
1757517833393 36.27733860889223 431
1757517833404 36.15788263602479 432
1757517833415 36.03888296365154 433
1757517833426 35.920337818598476 434
1757517833437 35.80224543463856 435
1757517833448 35.684604052463605 436
1757517833459 35.56741191965794 437
1757517833470 35.45066729067027 438
1757517833482 35.33436842678703 439
1757517833493 35.218513596106035 440
1757517833504 35.10310107350867 441
1757517833515 34.98812914063381 442
1757517833526 34.87359608585121 443
1757517833537 34.75950020423443 444
1757517833548 34.64583979753546 445
1757517833559 34.532613174157305 446
1757517833571 34.41981864912886 447
1757517833582 34.30745454407782 448
1757517833593 34.19551918720561 449
1757517833605 34.0840109132606 450
1757517833616 33.97292806351314 451
1757517833628 33.862268985729415 452
1757517833639 33.752032034146076 453
1757517833650 33.64221556944483 454
1757517833662 33.53281795872664 455
1757517833673 33.423837575486964 456
1757517833685 33.3152727995903 457
1757517833696 33.20712201724532 458
1757517833707 33.09938362097947 459
1757517833718 32.99205600961466 460
1757517833730 32.885137588242195 461
1757517833741 32.77862676819816 462
1757517833752 32.6725219670385 463
1757517833763 32.566821608515156 464
1757517833775 32.461524122551516 465
1757517833786 32.35662794521714 466
1757517833798 32.252131518705454 467
1757517833809 32.14803329130798 468
1757517833820 32.04433171739108 469
1757517833832 31.941025257372008 470
1757517833843 31.838112377694845 471
1757517833854 31.73559155080699 472
1757517833866 31.633461255135686 473
1757517833877 31.531719975063773 474
1757517833889 31.430366200907482 475
1757517833900 31.329398428891487 476
1757517833911 31.228815161127624 477
1757517833923 31.128614905589323 478
1757517833935 31.028796176090964 479
1757517833946 30.929357492263264 480
1757517833958 30.830297379530904 481
1757517833969 30.731614369089733 482
1757517833984 30.633306997884144 483
1757517833995 30.53537380858451 484
1757517834007 30.43781334956389 485
1757517834018 30.340624174876904 486
1757517834030 30.2438048442363 487
1757517834041 30.147353922990998 488
1757517834052 30.051269982104316 489
1757517834063 29.95555159813121 490
1757517834075 29.860197353196764 491
1757517834086 29.76520583497396 492
1757517834098 29.67057563666228 493
1757517834109 29.576305356965474 494
1757517834120 29.482393600070147 495
1757517834132 29.388838975624218 496
1757517834143 29.29564009871537 497
1757517834154 29.202795589849398 498
1757517834166 29.11030407492949 499
