1757594590413 116.98499353928221 0
1757594590422 91.14597046445431 1
1757594590431 67.34621995473788 2
1757594590440 50.93328075370389 3
1757594590449 42.16228419606686 4
1757594590458 31.640277122369667 5
1757594590467 26.298604684312068 6
1757594590476 12.340888131193454 7
1757594590485 18.22329638221208 8
1757594590494 9.07007093963398 9
1757594590503 10.088685724960174 10
1757594590513 8.324770810268891 11
1757594590522 9.836937231605813 12
1757594590531 7.419969382342081 13
1757594590540 7.53618348135356 14
1757594590549 8.823433883034332 15
1757594590558 8.047065863066848 16
1757594590567 3.488000488049816 17
1757594590576 5.647823268490954 18
1757594590586 2.6331774193294883 19
1757594590595 4.579831215434524 20
1757594590604 4.835979645021133 21
1757594590614 3.8685092552804687 22
1757594590624 6.126519087529153 23
1757594590634 2.636384600752345 24
1757594590643 0.9714991229502201 25
1757594590652 2.69925745378374 26
1757594590662 4.906698713299457 27
1757594590671 2.2244755451192297 28
1757594590681 4.718893197081378 29
1757594590690 4.200665223491439 30
1757594590699 5.4415897221915595 31
1757594590708 6.177262354887601 32
1757594590718 3.573583210350816 33
1757594590727 4.086517528873539 34
1757594590737 2.5490738984188335 35
1757594590746 5.089426154307957 36
1757594590755 3.172861707549553 37
1757594590764 2.1239540843561486 38
1757594590773 3.5044554815920117 39
1757594590782 1.7630879217687112 40
1757594590792 3.7369463545677637 41
1757594590801 4.2576359130765855 42
1757594590811 3.339514780673473 43
1757594590820 2.5574395785909605 44
1757594590830 5.116609975330589 45
1757594590839 4.032065151109378 46
1757594590848 2.213135368741456 47
1757594590858 2.5848527024483765 48
1757594590867 4.35625922418719 49
1757594590876 2.7092904669472397 50
1757594590886 1.7475438628983704 51
1757594590895 3.0365899063813826 52
1757594590904 3.39625271752388 53
1757594590914 2.18928875131991 54
1757594590923 3.4978226012360487 55
1757594590933 2.102356193624938 56
1757594590943 2.656664517383636 57
1757594590952 2.5926114727340046 58
1757594590962 1.1645689272902753 59
1757594590971 3.670789624551802 60
1757594590981 2.618034487155499 61
1757594590990 2.276366602165856 62
1757594591000 2.415140572704847 63
1757594591009 2.4303375216621377 64
1757594591019 2.5129777641891153 65
1757594591028 0.9079208365607963 66
1757594591038 3.8427149949271135 67
1757594591047 1.041160607600576 68
1757594591056 3.3752752937516517 69
1757594591066 2.707784842087354 70
1757594591075 2.2028456532653724 71
1757594591087 3.6590912154418476 72
1757594591097 1.3108905304419873 73
1757594591107 1.6019012136981432 74
1757594591116 4.882912579436025 75
1757594591126 2.089199265146055 76
1757594591135 3.516238197576463 77
1757594591145 1.8027872455065477 78
1757594591154 3.186848146074327 79
1757594591164 2.1191168391996746 80
1757594591173 2.180863039237198 81
1757594591183 2.0668515493605852 82
1757594591192 1.808451301649744 83
1757594591202 1.082347003601466 84
1757594591211 1.4687365339572038 85
1757594591221 2.491917180160928 86
1757594591231 2.9329136913821556 87
1757594591240 2.116084408849913 88
1757594591250 1.1059562514971044 89
1757594591260 0.9541630503833043 90
1757594591269 2.28306852569257 91
1757594591279 2.117281062635404 92
1757594591289 0.839578812300985 93
1757594591298 3.2319369019348043 94
1757594591308 1.46589696628409 95
1757594591317 2.674902452831695 96
1757594591327 2.052706535511307 97
1757594591337 2.373406541191046 98
1757594591346 1.9631704370757996 99
1757594591356 1.652258721708382 100
1757594591365 0.7660044100556573 101
1757594591375 1.1694520264956831 102
1757594591385 3.5828199035175463 103
1757594591394 1.3088772762616863 104
1757594591404 1.4390920214637586 105
1757594591414 0.8774503706643951 106
1757594591423 1.4515956301158568 107
1757594591433 2.3955094233809175 108
1757594591443 1.6995061238521185 109
1757594591452 0.8719783323352304 110
1757594591462 1.5519040681273895 111
1757594591471 1.3607284267745197 112
1757594591481 2.0019521349692355 113
1757594591491 1.4895331241150538 114
1757594591500 1.084822577748626 115
1757594591510 1.558534612563989 116
1757594591520 1.5489544583553951 117
1757594591530 0.8228806393243694 118
1757594591540 1.729370627972959 119
1757594591550 1.5498882977722457 120
1757594591559 1.9118861111525638 121
1757594591569 2.335458446387119 122
1757594591579 2.1469277193342093 123
1757594591588 2.6738191408333405 124
1757594591598 2.068792867970962 125
1757594591608 1.729675106122836 126
1757594591618 1.2264277130408956 127
1757594591630 1.736425473026453 128
1757594591640 3.318491093156757 129
1757594591650 1.1762943793518628 130
1757594591660 1.5659089702521962 131
1757594591670 1.2722221342165343 132
1757594591680 1.7037139065462394 133
1757594591689 1.0990004747413191 134
1757594591699 0.764822867177722 135
1757594591709 1.3178824571520251 136
1757594591719 1.191840871879469 137
1757594591729 1.2151748437370224 138
1757594591739 1.9057749347746393 139
1757594591749 1.1545510305017808 140
1757594591759 0.991459500841826 141
1757594591769 1.2191111472133318 142
1757594591779 0.7375831695673771 143
1757594591789 2.149409599615327 144
1757594591799 1.7310341238519527 145
1757594591809 1.659089294422174 146
1757594591819 0.5445008324540591 147
1757594591829 2.0367807459246317 148
1757594591839 0.7992972254434152 149
1757594591849 1.3396359788053986 150
1757594591859 1.4687374232857318 151
1757594591869 1.82246774743141 152
1757594591879 0.606076721195195 153
1757594591889 1.9214695051482331 154
1757594591899 1.0498050042952296 155
1757594591909 0.597881381977484 156
1757594591919 0.32765155598772683 157
1757594591929 0.9913106525138338 158
1757594591939 0.9824908968774592 159
1757594591949 0.6631561296199104 160
1757594591959 0.45737554919389 161
1757594591969 1.4833927657405421 162
1757594591979 1.2903745771557908 163
1757594591989 0.8386352134632958 164
1757594591999 0.7501751680601721 165
1757594592009 0.9291767337500171 166
1757594592019 1.1258600013687214 167
1757594592030 1.555759536330924 168
1757594592040 1.1115257230111024 169
1757594592050 0.7143472222825812 170
1757594592060 1.034940911194822 171
1757594592073 0.9547546843145042 172
1757594592085 1.6942755393681754 173
1757594592097 1.9606844275284347 174
1757594592109 0.5503844972088268 175
1757594592121 0.7330716065802882 176
1757594592133 0.9804461676703011 177
1757594592145 1.165042032676028 178
1757594592157 0.8946637851934728 179
1757594592169 1.9358208544238582 180
1757594592181 0.8761287802546751 181
1757594592193 0.7955914053738059 182
1757594592205 0.9575614723080542 183
1757594592217 0.9565226774511295 184
1757594592228 0.6192305856328931 185
1757594592239 0.6234490280704926 186
1757594592249 0.387167698849611 187
1757594592259 1.172676912951423 188
1757594592270 1.1153891463521934 189
1757594592280 0.5559044373694928 190
1757594592290 0.3872810139625485 191
1757594592301 0.6385657209888246 192
1757594592311 0.824668643723484 193
1757594592321 0.5142529369122747 194
1757594592331 0.8634175154148301 195
1757594592342 0.9742073809979878 196
1757594592352 1.0933074551512076 197
1757594592363 0.932810562367543 198
1757594592373 0.7196643723900786 199
1757594592383 0.7253813065417271 200
1757594592393 0.5289387920996214 201
1757594592403 0.8579581146859429 202
1757594592413 1.1075146524765478 203
1757594592424 1.00952789256858 204
1757594592434 0.786515259991538 205
1757594592444 0.9785221225321397 206
1757594592454 0.658319563983495 207
1757594592465 0.7260575801504103 208
1757594592475 0.8708505333391275 209
1757594592485 0.7126487798729053 210
1757594592496 0.5936704531559078 211
1757594592506 0.5151289978108705 212
1757594592516 0.580251765000272 213
1757594592527 0.346930385010059 214
1757594592537 1.0287562485379445 215
1757594592548 0.6545008761696957 216
1757594592558 0.48299762286061454 217
1757594592568 0.7992030631484959 218
1757594592579 0.4138756365189461 219
1757594592589 0.7120295603654508 220
1757594592599 0.7033700864282162 221
1757594592610 0.7774307012751006 222
1757594592620 0.5811877169372075 223
1757594592631 0.6958016029304772 224
1757594592641 0.584125091475508 225
1757594592652 1.1561470507421556 226
1757594592662 0.9940616416324611 227
1757594592673 0.8467950271582035 228
1757594592684 0.43213348424038817 229
1757594592694 0.22669846322838894 230
1757594592704 0.45411156043954604 231
1757594592715 0.685545498659817 232
1757594592725 0.42028883191244965 233
1757594592735 0.3681052600276726 234
1757594592746 0.3609996030995994 235
1757594592757 0.5719311958045319 236
1757594592767 0.5640306599544949 237
1757594592779 0.6153331683630034 238
1757594592790 0.6597730412364304 239
1757594592802 0.4716658216031501 240
1757594592813 0.7905529954365862 241
1757594592824 0.47327534661010584 242
1757594592835 0.6165930872893557 243
1757594592846 0.7974158642142151 244
1757594592856 0.5534081206016385 245
1757594592867 0.7340867381301425 246
1757594592878 0.769896218144125 247
1757594592888 0.39969761973053414 248
1757594592899 0.8260247698417099 249
1757594592910 0.49673835711784226 250
1757594592920 0.626104366402466 251
1757594592931 0.45768638417273816 252
1757594592942 0.3120529752005804 253
1757594592952 0.7315209595722 254
1757594592963 0.23546233030957164 255
1757594592973 0.32892188639541436 256
1757594592984 0.2510320119743272 257
1757594592995 0.437072654304661 258
1757594593005 0.8015598930662121 259
1757594593016 0.6616619079005281 260
1757594593026 0.22193837798860988 261
1757594593037 0.5424121352922302 262
1757594593048 0.24700387908054847 263
1757594593059 0.3478882348027222 264
1757594593069 0.48659135089601796 265
1757594593080 0.4228230065780189 266
1757594593091 0.6688195020775884 267
1757594593101 0.4665168725946094 268
1757594593112 0.20610419809720487 269
1757594593123 0.5361911911686057 270
1757594593134 0.344905562205937 271
1757594593144 0.35290212409609395 272
1757594593155 0.46721531477311057 273
1757594593166 0.6616642027680101 274
1757594593177 0.5026109195679285 275
1757594593188 0.5283994401481759 276
1757594593198 0.5671312789587707 277
1757594593209 0.3452187119867113 278
1757594593220 0.24865569282813416 279
1757594593231 0.47401766253074396 280
1757594593242 0.4859589341956113 281
1757594593252 0.3916093593008145 282
1757594593263 0.288836767994791 283
1757594593274 0.25406755009833576 284
1757594593285 0.37769718253638507 285
1757594593296 0.2557090416925135 286
1757594593307 0.6009601833355241 287
1757594593318 0.30513220172759753 288
1757594593329 0.27493244830064356 289
1757594593340 0.5923593768829132 290
1757594593351 0.4667984587161711 291
1757594593361 0.33777675206575886 292
1757594593372 0.5863186395505201 293
1757594593383 0.4890331762277853 294
1757594593393 0.21207598931199062 295
1757594593404 0.19145643516403674 296
1757594593415 0.10996146977045587 297
1757594593427 0.4269711271284137 298
1757594593438 0.2403622011935218 299
1757594593449 0.9612027500867938 300
1757594593460 0.7189504839696104 301
1757594593471 0.5790195743601966 302
1757594593482 0.09155546763666803 303
1757594593493 0.35292618202238246 304
1757594593503 0.31906880338581356 305
1757594593514 0.1840352022756934 306
1757594593525 0.33979763846323485 307
1757594593536 0.262445306070034 308
1757594593548 0.3718416682446593 309
1757594593559 0.27979533844877436 310
1757594593569 0.4974460311378042 311
1757594593580 0.4157905621841115 312
1757594593591 0.3513164702302022 313
1757594593602 0.44035479473670786 314
1757594593613 0.19444732243813095 315
1757594593624 0.3759034297221325 316
1757594593635 0.17307304710355717 317
1757594593647 0.28896585274011294 318
1757594593658 0.3539390241919598 319
1757594593669 0.23328031271639382 320
1757594593680 0.11304165313410153 321
1757594593693 0.32376553496979765 322
1757594593705 0.21778097616537204 323
1757594593716 0.5550978490319646 324
1757594593727 0.2672272397748954 325
1757594593738 0.341295042170502 326
1757594593749 0.4260169621539306 327
1757594593760 0.48544614997369473 328
1757594593772 0.23021290033171143 329
1757594593783 0.2639742862170692 330
1757594593794 0.3350820927751602 331
1757594593805 0.16373999192859987 332
1757594593816 0.3150266948192189 333
1757594593827 0.2903903651517009 334
1757594593838 0.37571608246667754 335
1757594593850 0.17167146644049397 336
1757594593861 0.4111121059478109 337
1757594593872 0.18213505816421563 338
1757594593884 0.35819520384928916 339
1757594593895 0.27938436485423024 340
1757594593906 0.4559628326597635 341
1757594593917 0.18504254895292335 342
1757594593928 0.32496067811185675 343
1757594593940 0.4183501067121712 344
1757594593951 0.3552989852144176 345
1757594593962 0.2153075953269429 346
1757594593973 0.3581998001579906 347
1757594593984 0.2346552889133898 348
1757594593995 0.23145895476868705 349
1757594594006 0.47985354367568495 350
1757594594017 0.2899323044561537 351
1757594594028 0.3327073234165795 352
1757594594039 0.3451669586522954 353
1757594594050 0.26865924670357244 354
1757594594061 0.18707767589312735 355
1757594594073 0.23855290338584859 356
1757594594084 0.45320863283445967 357
1757594594095 0.2712809343331725 358
1757594594106 0.3159162524706941 359
1757594594118 0.3758310046326226 360
1757594594129 0.4238336336465573 361
1757594594140 0.3264588859488551 362
1757594594152 0.3770681077122293 363
1757594594163 0.27853279951450927 364
1757594594174 0.1687791139015919 365
1757594594186 0.3746310651606626 366
1757594594217 0.1420734552806807 367
1757594594231 0.3475191931611035 368
1757594594242 0.21363733271737387 369
1757594594254 0.17598963814755797 370
1757594594265 0.32389315760327303 371
1757594594277 0.45837041892874975 372
1757594594288 0.14225916842370054 373
1757594594300 0.15327551867972986 374
1757594594311 0.33984942515459715 375
1757594594323 0.29921892139752704 376
1757594594334 0.31342495456372743 377
1757594594346 0.32459671612645624 378
1757594594357 0.3531476393384889 379
1757594594369 0.16785984659793896 380
1757594594380 0.22815214461148747 381
1757594594391 0.5309839338517419 382
1757594594403 0.4342071234276864 383
1757594594414 0.41837094606506653 384
1757594594425 0.4372209344413381 385
1757594594437 0.1854658839707452 386
1757594594448 0.2875428151075433 387
1757594594460 0.2541330365944055 388
1757594594471 0.13135579444606652 389
1757594594482 0.23307199696983819 390
1757594594494 0.17254239685764663 391
1757594594505 0.16145328511548437 392
1757594594517 0.178348209691028 393
1757594594528 0.15117089710414894 394
1757594594540 0.19384527799846843 395
1757594594551 0.27117408016790057 396
1757594594563 0.22750755260985298 397
1757594594574 0.21384412493049826 398
1757594594586 0.16734558493487145 399
1757594594598 0.2923643122830802 400
1757594594609 0.19941427834937042 401
1757594594621 0.2957793280439055 402
1757594594632 0.2071925741224277 403
1757594594644 0.2994208505172613 404
1757594594656 0.2420733341722109 405
1757594594668 0.19050745453685106 406
1757594594680 0.24870740522694615 407
1757594594691 0.1502108243392254 408
1757594594703 0.2760948548286865 409
1757594594715 0.19043182557902136 410
1757594594726 0.22428287834937793 411
1757594594738 0.15830281122426804 412
1757594594750 0.2085009377089465 413
1757594594761 0.26674441285268846 414
1757594594773 0.14920712981257128 415
1757594594785 0.12713458003841066 416
1757594594797 0.20330927331176996 417
1757594594808 0.35505521918875166 418
1757594594820 0.11390104656729994 419
1757594594846 0.14241697128900407 420
1757594594862 0.2870388425332359 421
1757594594874 0.1875745736285734 422
1757594594886 0.2214493308773301 423
1757594594897 0.34569405544892085 424
1757594594909 0.39533023825159713 425
1757594594921 0.28116473487669624 426
1757594594932 0.23894575380881572 427
1757594594944 0.17070598162986766 428
1757594594956 0.1685248084376028 429
1757594594967 0.17776124645152333 430
1757594594979 0.26377132736894116 431
1757594594991 0.148313657179732 432
1757594595002 0.20459792346884398 433
1757594595014 0.2017772648006558 434
1757594595026 0.23753727676173345 435
1757594595037 0.19334583751283968 436
1757594595049 0.25622404245314323 437
1757594595061 0.13280402095932495 438
1757594595073 0.18206592781885617 439
1757594595084 0.10290621010277602 440
1757594595096 0.3252125704550048 441
1757594595107 0.27046246979077526 442
1757594595119 0.14734160609480235 443
1757594595130 0.11834214979436776 444
1757594595142 0.20413600277136154 445
1757594595154 0.2596572719328285 446
1757594595165 0.13531896311627323 447
1757594595177 0.1575959421355763 448
1757594595189 0.1957701164346555 449
1757594595200 0.21379549267308093 450
1757594595212 0.12813338951336922 451
1757594595224 0.18119068036960073 452
1757594595236 0.20129164066745645 453
1757594595248 0.1523937297654872 454
1757594595260 0.3736416560814301 455
1757594595272 0.19445718016607383 456
1757594595283 0.15959577402367991 457
1757594595295 0.20242497146451827 458
1757594595307 0.13752255448795625 459
1757594595319 0.17979764479392768 460
1757594595331 0.18533535151160124 461
1757594595343 0.18795381055173999 462
1757594595366 0.11070793157456726 463
1757594595379 0.1807065305325592 464
1757594595392 0.13760337815794904 465
1757594595404 0.11079543607141353 466
1757594595416 0.13259128748201432 467
1757594595428 0.11297923272231133 468
1757594595440 0.15815028563402395 469
1757594595452 0.13382628232087657 470
1757594595465 0.13778408964111868 471
1757594595477 0.23815745280801015 472
1757594595489 0.14514581241888352 473
1757594595501 0.15978541248727277 474
1757594595513 0.08518773825802622 475
1757594595525 0.11702844607038215 476
1757594595537 0.14041282397248905 477
1757594595550 0.10313136138975547 478
1757594595562 0.10165855022796447 479
1757594595574 0.17226821968754355 480
1757594595586 0.18950386323024826 481
1757594595598 0.1987693684377655 482
1757594595610 0.08735755868772606 483
1757594595622 0.12322916469693225 484
1757594595634 0.24310858008379135 485
1757594595645 0.19802785866718267 486
1757594595658 0.30159163763408764 487
1757594595670 0.3481028615484708 488
1757594595682 0.10557356741404839 489
1757594595694 0.08748492299551744 490
1757594595705 0.21987806989267103 491
1757594595717 0.15599285772740087 492
1757594595729 0.18834229058337004 493
1757594595741 0.2454741885274992 494
1757594595753 0.21620876590251714 495
1757594595765 0.23159148191674717 496
1757594595777 0.24813780647291483 497
1757594595789 0.1183997650042891 498
1757594595801 0.09841039064514526 499
