1757595036750 0.03300594518976595 0
1757595036789 0.08241293310972528 1
1757595036827 0.010077406367163543 2
1757595036866 0.04731936120043683 3
1757595036905 0.023274882752930853 4
1757595036944 0.04266072538314475 5
1757595036983 0.12716789550584254 6
1757595037022 0.012799716878088261 7
1757595037061 0.1356401905977701 8
1757595037100 0.03274114216115567 9
1757595037146 0.001722858106132395 10
1757595037186 0.010631612440835889 11
1757595037225 0.021629662475028472 12
1757595037264 0.06369332613592768 13
1757595037302 0.20902824843742254 14
1757595037342 0.2116277514024666 15
1757595037380 0.7917936144917116 16
1757595037419 0.000990101597365138 17
1757595037458 0.04782023301906176 18
1757595037496 0.19572782815459472 19
1757595037535 0.16007609312807886 20
1757595037574 0.17045679579206802 21
1757595037612 0.02358267265075402 22
1757595037651 0.06329878141411004 23
1757595037690 0.10405204067296456 24
1757595037729 0.008991719982330275 25
1757595037767 0.0150308448672826 26
1757595037806 0.1386767982300619 27
1757595037845 7.531243818991639e-06 28
1757595037884 0.17398196141559136 29
1757595037932 8.069645826666163e-05 30
1757595037989 0.006177679667068321 31
1757595038052 0.012610524360943617 32
1757595038092 0.13370870105310442 33
1757595038131 0.18481967607297778 34
1757595038169 0.2188726387553202 35
1757595038208 0.003345362721116527 36
1757595038246 0.07955028403531879 37
1757595038284 0.00038049142083589684 38
1757595038323 0.17147713246609125 39
1757595038362 0.1661283013430195 40
1757595038400 0.16768355961767514 41
1757595038440 0.12236982039812823 42
1757595038480 0.3272351117623638 43
1757595038523 0.1724277350229053 44
1757595038563 0.010573463185811899 45
1757595038604 0.7409248887010312 46
1757595038644 0.17428253306864294 47
1757595038684 0.1517813323837548 48
1757595038723 0.012021512850948667 49
1757595038761 0.0083551586099428 50
1757595038801 0.059393454912632815 51
1757595038840 0.2686448910622223 52
1757595038879 0.11572061768875624 53
1757595038918 0.0014605078112203955 54
1757595038956 0.14028915327399863 55
1757595038996 0.01727863623073254 56
1757595039038 0.11719346253025495 57
1757595039080 0.02939840143071651 58
1757595039119 0.012116533650795965 59
1757595039158 0.16758109318855438 60
1757595039197 0.2899417121619863 61
1757595039236 0.18167014550154217 62
1757595039275 0.17785524481267734 63
1757595039314 0.009944960242161833 64
1757595039353 1.6149297654950087e-07 65
1757595039392 0.06569630022206338 66
1757595039430 0.00014469282824433106 67
1757595039469 0.6908233497551014 68
1757595039508 0.0017171721400228788 69
1757595039547 0.10797519735744025 70
1757595039585 0.23910192018071055 71
1757595039624 0.06247489611541844 72
1757595039663 0.04854308515691202 73
1757595039701 8.190294129570775e-05 74
1757595039740 0.3722974305265839 75
1757595039779 0.05700305868283144 76
1757595039817 0.013057278736834335 77
1757595039856 0.03311263128693437 78
1757595039894 0.06327855854221204 79
1757595039933 0.14783022149457825 80
1757595039972 0.15231427325779778 81
1757595040010 0.6330743393251974 82
1757595040049 0.007934633688428465 83
1757595040090 0.7101527824884892 84
1757595040130 0.17493210255613117 85
1757595040170 0.02777650197793226 86
1757595040210 0.08207438667171335 87
1757595040249 0.25180780946926423 88
1757595040288 0.4426284645474248 89
1757595040327 0.00014164643076914794 90
1757595040366 0.24748034756547785 91
1757595040404 0.024077213154489685 92
1757595040446 0.15741473447414964 93
1757595040486 2.8478759994566927 94
1757595040525 0.01612514426534539 95
1757595040564 0.17993316302553555 96
1757595040606 0.016701845614573583 97
1757595040645 0.015501145825704304 98
1757595040685 0.7676773407969931 99
1757595040725 0.0008410713818913783 100
1757595040764 0.010035947887906852 101
1757595040804 0.010858295671608785 102
1757595040846 1.4698574022122022 103
1757595040885 0.1696700300651699 104
1757595040924 0.0031013157030471885 105
1757595040964 0.040349059634386474 106
1757595041003 0.06587741797376598 107
1757595041042 0.0008858245160956878 108
1757595041080 0.12168590331661376 109
1757595041119 0.09460615027361784 110
1757595041157 0.4154516205177172 111
1757595041204 0.11493622387645211 112
1757595041247 0.12906821290808693 113
1757595041300 0.15140642213243702 114
1757595041348 0.005546949942972345 115
1757595041393 0.037550596453341994 116
1757595041437 0.033872465435959384 117
1757595041481 0.06883567721286442 118
1757595041521 0.03675886572863152 119
1757595041566 0.10717058470612127 120
1757595041611 0.020267239595222454 121
1757595041655 0.02141807591702312 122
1757595041699 0.19581584716276448 123
1757595041740 0.32227684126419365 124
1757595041786 0.22994830881433428 125
1757595041828 0.3051880889701712 126
1757595041867 0.10526837752945208 127
1757595041906 0.026533621849018422 128
1757595041945 0.05015050097140246 129
1757595041984 0.00041710063086111785 130
1757595042023 0.011882375591794109 131
1757595042062 0.0032708892991833243 132
1757595042102 0.0032661404161314785 133
1757595042142 0.066452003955758 134
1757595042182 0.011238834810928465 135
1757595042221 0.015903929367115145 136
1757595042260 0.30654836134360364 137
1757595042300 1.3699589170677895e-06 138
1757595042339 0.0048291494051551235 139
1757595042378 0.01440697626666356 140
1757595042417 0.0005749833840089166 141
1757595042457 0.06413294993499388 142
1757595042496 0.1500686505259911 143
1757595042538 0.010176796005077612 144
1757595042578 0.1578184032742399 145
1757595042617 0.12300929926328151 146
1757595042656 0.04040666021362988 147
1757595042696 0.14423262408502593 148
1757595042736 0.09820560738359355 149
1757595042776 0.13249349683164655 150
1757595042816 0.02658359229160775 151
1757595042863 0.2383882543488289 152
1757595042909 0.07019565347527434 153
1757595042957 0.004229318368758652 154
1757595042999 0.020867448982079373 155
1757595043038 0.016821331227753096 156
1757595043078 0.004073667119078003 157
1757595043117 0.12099470594429135 158
1757595043158 0.3107108858825662 159
1757595043199 0.330856846757667 160
1757595043240 0.05146787088810629 161
1757595043284 0.003941231046167383 162
1757595043326 0.36693848117125155 163
1757595043367 7.725170111732377e-06 164
1757595043407 0.437266965222413 165
1757595043450 0.01757853906640574 166
1757595043491 0.47309775187013414 167
1757595043531 0.5057524565289541 168
1757595043571 0.021059558311585767 169
1757595043610 0.3713113901718662 170
1757595043650 0.23918857530941937 171
1757595043690 0.13138612546818357 172
1757595043729 0.4414058580254105 173
1757595043768 0.17537615981230326 174
1757595043808 0.18477892150764672 175
1757595043848 0.07762012202053756 176
1757595043887 0.05497021241277935 177
1757595043926 0.017233735247459234 178
1757595043965 0.007091874939730469 179
1757595044004 0.10200607844727601 180
1757595044044 0.45813563277510083 181
1757595044084 0.7693210193385974 182
1757595044123 7.122358105634967e-05 183
1757595044163 0.006955579168220889 184
1757595044203 0.03786332150179772 185
1757595044243 0.0755768225843558 186
1757595044283 0.08189668461749583 187
1757595044323 0.47330061213361446 188
1757595044362 0.03299853746470723 189
1757595044404 0.010549590773659025 190
1757595044444 0.020198847251266135 191
1757595044484 0.050486027929042776 192
1757595044524 0.005586945564103498 193
1757595044564 0.009594135203924496 194
1757595044603 0.02470787499481867 195
1757595044643 0.10043149973031032 196
1757595044683 0.2632842308379656 197
1757595044723 0.4330051480607626 198
1757595044764 0.11397864718908884 199
1757595044805 0.15055725617599325 200
1757595044845 0.9219417905625539 201
1757595044885 0.013166188406537957 202
1757595044927 0.16566934047080104 203
1757595044968 0.012771620048013726 204
1757595045008 0.11138210088975027 205
1757595045048 0.21036351611644044 206
1757595045088 0.1378550133965466 207
1757595045128 0.0879045869102504 208
1757595045167 0.025394801823404 209
1757595045207 0.0509739527247414 210
1757595045246 0.018730268579915398 211
1757595045286 0.012092091324521579 212
1757595045326 0.041182373580053444 213
1757595045366 0.7673944399299559 214
1757595045406 0.7602993988800772 215
1757595045445 0.052899800724628326 216
1757595045485 0.001274697227799413 217
1757595045536 0.0130594340446406 218
1757595045577 0.018007035335460338 219
1757595045617 0.11385990580544304 220
1757595045657 0.005976054023616266 221
1757595045697 0.014121229259573945 222
1757595045737 0.10286081227069464 223
1757595045777 0.04962982859488541 224
1757595045816 0.2799268928408144 225
1757595045857 0.014847991741109023 226
1757595045896 0.001911587011505661 227
1757595045936 0.06876474239601739 228
1757595045976 0.027315051113182682 229
1757595046016 0.12011879548195326 230
1757595046057 0.5557943219066791 231
1757595046097 0.047017398228094906 232
1757595046137 0.21931334388465215 233
1757595046178 0.004947239486003163 234
1757595046218 0.044867806699800124 235
1757595046258 0.1299656058075556 236
1757595046298 0.08588267555566086 237
1757595046338 0.0011302669093487573 238
1757595046378 0.08702379901867532 239
1757595046418 0.029245192501438488 240
1757595046459 0.46613586380551975 241
1757595046499 0.019240711102218883 242
1757595046538 0.2871021543881026 243
1757595046578 0.006131431515537728 244
1757595046618 0.38252445403720015 245
1757595046658 0.1325089725359886 246
1757595046698 0.12472709699622185 247
1757595046738 0.04896947563873397 248
1757595046778 0.24872813323678514 249
1757595046817 0.19950721443496325 250
1757595046857 1.4359338945560942 251
1757595046896 0.03663207731236742 252
1757595046937 0.06286429205441214 253
1757595046976 7.31789960020717e-06 254
1757595047017 0.6742519307938427 255
1757595047057 0.03122260719204519 256
1757595047097 0.19801158636112967 257
1757595047139 0.2093708682512481 258
1757595047179 0.05632659082283621 259
1757595047219 0.0692411868041972 260
1757595047259 0.052114208172723324 261
1757595047300 0.028471822462773966 262
1757595047340 0.4668440916227975 263
1757595047380 0.0019458884213802126 264
1757595047420 4.3526944418870185e-05 265
1757595047460 0.4287329256295319 266
1757595047500 0.06338923570097604 267
1757595047540 0.003236936373545793 268
1757595047580 0.36920200567390044 269
1757595047620 0.3931548011102005 270
1757595047660 0.07770948881820201 271
1757595047700 0.15420755629197797 272
1757595047741 0.002835421362635243 273
1757595047781 0.08896435964376809 274
1757595047821 0.07416756036195674 275
1757595047861 0.0520396291665883 276
1757595047902 0.0002866028183378623 277
1757595047942 0.058294707619141795 278
1757595047982 0.005405760866913985 279
1757595048022 0.04363075452773139 280
1757595048062 0.012621778421536965 281
1757595048102 0.010630906630298607 282
1757595048142 0.11145523769738937 283
1757595048183 0.050678735448197364 284
1757595048224 0.0609315501930983 285
1757595048264 0.0005432211158872964 286
1757595048305 0.023494097002718605 287
1757595048345 0.038922555686040694 288
1757595048385 0.13303651812637785 289
1757595048425 0.035960716820601764 290
1757595048466 0.11537621850071846 291
1757595048506 0.024170096706959805 292
1757595048547 0.05898645691731646 293
1757595048587 0.4763715937565878 294
1757595048628 0.03592449424579106 295
1757595048668 0.03572459534291388 296
1757595048709 0.165940635561808 297
1757595048749 0.05809877525745549 298
1757595048790 0.18823548788755257 299
1757595048830 0.15450895843646864 300
1757595048871 0.1244229213682517 301
1757595048911 0.0021106000270338775 302
1757595048952 0.2024525728908625 303
1757595048992 0.03266683494505486 304
1757595049032 0.02016955846308341 305
1757595049073 0.07296161204895933 306
1757595049113 0.008074916203950613 307
1757595049154 0.5641748075302937 308
1757595049194 0.00982226570270163 309
1757595049236 0.20360087847509864 310
1757595049277 0.1725321273880537 311
1757595049317 0.06417100052036107 312
1757595049358 0.023690192267718777 313
1757595049399 0.0024950519080672766 314
1757595049439 0.03740893306213922 315
1757595049479 0.15880954493017793 316
1757595049520 0.006534584623234594 317
1757595049561 0.009945985566058736 318
1757595049601 0.037338109416659444 319
1757595049641 0.31337794905506444 320
1757595049681 0.1034311646628887 321
1757595049722 0.05881904129783295 322
1757595049762 0.0315888526945825 323
1757595049803 0.019105599057048776 324
1757595049843 0.001468838188645136 325
1757595049884 0.03306418506949878 326
1757595049925 0.01115829507485269 327
1757595049965 0.045953841355408136 328
1757595050005 0.009937307492703877 329
1757595050046 1.0943484041401147e-05 330
1757595050086 0.14644834981290084 331
1757595050127 0.06615197004537425 332
1757595050167 0.006688817113772223 333
1757595050208 0.005108028780924537 334
1757595050248 0.41369354568517913 335
1757595050289 0.10881099109726809 336
1757595050330 0.007860041037533958 337
1757595050371 0.6486141119785414 338
1757595050412 0.09655886326480546 339
1757595050452 0.003268348485772862 340
1757595050493 0.6392897651906868 341
1757595050534 0.09507099861903139 342
1757595050574 0.02761763514376075 343
1757595050615 0.15630519434846357 344
1757595050656 0.40249888280312274 345
1757595050696 0.42947072826595734 346
1757595050740 0.12687695914496555 347
1757595050781 0.10298691544217876 348
1757595050822 0.9312488189841435 349
1757595050863 0.10010071628907967 350
1757595050903 0.0010690694403738168 351
1757595050944 0.003497083511906304 352
1757595050984 0.004115283025559366 353
1757595051025 1.2672088953092964 354
1757595051066 0.29332450472347793 355
1757595051108 0.023737436889545896 356
1757595051149 0.4175756662570882 357
1757595051189 0.007647276656072799 358
1757595051230 0.5702858661696167 359
1757595051270 0.09371647530522001 360
1757595051311 0.018459715549426717 361
1757595051351 0.26920597755108233 362
1757595051393 0.029181386066906054 363
1757595051434 0.3471756341348168 364
1757595051475 1.0677938067388586 365
1757595051516 1.9865097759166766e-05 366
1757595051556 0.31457245507671516 367
1757595051597 0.0013427768023469271 368
1757595051637 0.006283281513373375 369
1757595051678 0.01193205795560163 370
1757595051719 0.010452140595287918 371
1757595051760 0.1328994059635495 372
1757595051801 0.15121453854702085 373
1757595051841 0.059685759934254234 374
1757595051882 0.002430343891083693 375
1757595051924 0.1579541551216669 376
1757595051966 0.4861819994265749 377
1757595052007 0.05252772472386217 378
1757595052048 0.005064710202263627 379
1757595052089 0.005764564223794581 380
1757595052130 0.0034555208526380467 381
1757595052171 0.8229790834904149 382
1757595052212 0.0007786868385331265 383
1757595052254 0.9899061024702269 384
1757595052294 0.020552021505183853 385
1757595052339 0.10673401601225455 386
1757595052386 0.01444140925857448 387
1757595052430 0.007585353033027289 388
1757595052472 0.012281281553270894 389
1757595052514 0.0683960638775271 390
1757595052556 0.09762138835508402 391
1757595052598 0.02927094781314468 392
1757595052639 0.04447197257651694 393
1757595052681 0.015264167739243608 394
1757595052722 0.0003515046335962957 395
1757595052763 0.17104057007806436 396
1757595052804 0.31322122735146724 397
1757595052845 0.3768645479647285 398
1757595052886 0.018682801500466896 399
1757595052927 0.044864172462166924 400
1757595052971 0.018640371517927058 401
1757595053013 0.030257231285475344 402
1757595053054 0.019746561821683436 403
1757595053096 0.11299722670766246 404
1757595053137 0.029189964509849738 405
1757595053178 0.011410387711039534 406
1757595053219 0.015283591784504278 407
1757595053260 0.16185790009381465 408
1757595053301 0.13208540837535349 409
1757595053342 0.22057608046577962 410
1757595053383 0.05781015602984603 411
1757595053423 0.0002784820745061061 412
1757595053465 0.011603943485781322 413
1757595053506 0.005609645382685422 414
1757595053549 0.08606885482201876 415
1757595053590 0.011176539140501367 416
1757595053631 0.304727210889452 417
1757595053672 0.10623184919364563 418
1757595053713 0.22886968434688776 419
1757595053754 0.02179859726026243 420
1757595053796 0.018482627946785856 421
1757595053836 0.11925062633926342 422
1757595053878 0.003388451823991369 423
1757595053919 0.0544181557376702 424
1757595053960 0.08268674322611251 425
1757595054001 0.003772775824362047 426
1757595054042 0.6869276745303535 427
1757595054083 0.01555065457028011 428
1757595054124 0.576360690834284 429
1757595054166 0.01874823522052041 430
1757595054206 0.0014696858470971187 431
1757595054248 0.06877612378609645 432
1757595054289 0.10348339651467187 433
1757595054330 0.0691477668983055 434
1757595054372 0.01681766047432833 435
1757595054413 0.0007255240919430004 436
1757595054454 0.12923466625922728 437
1757595054495 0.1016475111289978 438
1757595054536 0.0007057326696700766 439
1757595054578 0.12936062907421075 440
1757595054619 0.00734164707072739 441
1757595054660 0.09253315865384201 442
1757595054701 0.009800611589336287 443
1757595054742 0.03047544303921129 444
1757595054783 1.4124345725982939 445
1757595054824 0.8633798634796389 446
1757595054865 6.961130614798044e-07 447
1757595054907 1.1996387026815449e-06 448
1757595054948 0.011001995940590892 449
1757595054989 0.12307909151450813 450
1757595055031 0.024374320407354013 451
1757595055071 0.03358066288576767 452
1757595055113 0.2312002094659207 453
1757595055154 0.16736870956322478 454
1757595055195 0.11648210118843379 455
1757595055237 0.0873623846951653 456
1757595055278 2.292434278952269e-05 457
1757595055320 0.0010927919162252104 458
1757595055361 0.011089163130538636 459
1757595055402 0.010097710398964526 460
1757595055444 1.6031436141052195 461
1757595055485 0.0015077771314965965 462
1757595055538 0.0013710663368460803 463
1757595055580 0.0037598433007622273 464
1757595055621 0.4449299275664592 465
1757595055662 0.012595513688659883 466
1757595055704 0.20848900813473192 467
1757595055747 0.0007497468405334824 468
1757595055789 0.0065871708010314806 469
1757595055830 0.0015373934341515886 470
1757595055871 0.003720757605368584 471
1757595055913 0.16974670745662523 472
1757595055954 0.07141291333014052 473
1757595055996 0.035054093519273105 474
1757595056037 0.0030144314713339555 475
1757595056079 0.08559090341643893 476
1757595056121 0.11966899414855077 477
1757595056162 4.0122384062140584e-05 478
1757595056204 0.33252394723534595 479
1757595056246 0.0011575490021999986 480
1757595056288 0.001112455567821657 481
1757595056329 0.3575757982880802 482
1757595056371 0.03225193456302724 483
1757595056413 0.024912209568522484 484
1757595056454 0.0006275221272054483 485
1757595056495 0.011992782596864452 486
1757595056537 0.2309552357276915 487
1757595056579 0.0759900333837642 488
1757595056621 0.08879385347553129 489
1757595056662 0.1921093905780754 490
1757595056704 0.004376020574793614 491
1757595056746 0.01743177537267408 492
1757595056788 0.027809464639284014 493
1757595056829 0.03173633556254354 494
1757595056871 0.04342456767261254 495
1757595056912 0.0004515249591744558 496
1757595056954 0.00043152050825093707 497
1757595056996 0.02680525954979385 498
1757595057037 0.00993006906997429 499
