1757518705092 167.91925042714115 0
1757518705101 161.68475252795056 1
1757518705110 150.29310573416353 2
1757518705118 135.05338979677282 3
1757518705127 117.35982349894617 4
1757518705136 98.56726188234668 5
1757518705145 79.89379533612457 6
1757518705154 62.352498573618206 7
1757518705163 46.71182112843335 8
1757518705171 33.48207692321765 9
1757518705180 22.924031822019646 10
1757518705189 15.074704826053091 11
1757518705198 9.785147589640536 12
1757518705207 6.765073420407532 13
1757518705216 5.629676030681211 14
1757518705225 5.944706030467557 15
1757518705233 7.2667558915627435 16
1757518705242 9.176646344406286 17
1757518705251 11.304727077952249 18
1757518705260 13.347737616504379 19
1757518705268 15.077574563924228 20
1757518705277 16.34285190905676 21
1757518705287 17.064511791689455 22
1757518705295 17.226948678355495 23
1757518705304 16.866166428858076 24
1757518705313 16.056419479676347 25
1757518705322 14.896625296719822 26
1757518705331 13.497605983929597 27
1757518705340 11.97095214742108 28
1757518705349 10.420028478555949 29
1757518705358 8.933380274621223 30
1757518705367 7.580570248796762 31
1757518705376 6.410286950006195 32
1757518705385 5.450426042765198 33
1757518705394 4.709754936538781 34
1757518705404 4.180727187755332 35
1757518705412 3.843010098836854 36
1757518705421 3.6673193679827434 37
1757518705430 3.6192098079174757 38
1757518705439 3.662542159937881 39
1757518705448 3.762424498492737 40
1757518705457 3.887505310592223 41
1757518705466 4.011568098614112 42
1757518705475 4.1144399260764 43
1757518705484 4.182275939329669 44
1757518705493 4.207317295217392 45
1757518705502 4.187241159550694 46
1757518705511 4.12422962535495 47
1757518705520 4.023881416510787 48
1757518705529 3.8940784569739795 49
1757518705538 3.7439013751399055 50
1757518705547 3.5826663307843214 51
1757518705556 3.4191325405924933 52
1757518705566 3.2609075320511836 53
1757518705575 3.1140570370924774 54
1757518705584 2.9829096418019274 55
1757518705593 2.8700334715677758 56
1757518705602 2.77635352656264 57
1757518705612 2.701373648364151 58
1757518705621 2.6434660752506067 59
1757518705630 2.600193518841541 60
1757518705639 2.5686329461557467 61
1757518705648 2.545676022498242 62
1757518705657 2.5282877350054176 63
1757518705666 2.5137114261144466 64
1757518705675 2.499614785343564 65
1757518705685 2.4841768729257474 66
1757518705694 2.466120713448515 67
1757518705703 2.444699266208389 68
1757518705712 2.4196446322959653 69
1757518705724 2.3910912728761535 70
1757518705734 2.359483936687615 71
1757518705743 2.3254801221721477 72
1757518705752 2.2898554486874163 73
1757518705761 2.2534185020173765 74
1757518705770 2.216939757110543 75
1757518705780 2.181097243352942 76
1757518705789 2.1464398467137857 77
1757518705798 2.1133676411236193 78
1757518705807 2.0821274709563236 79
1757518705817 2.052821193005696 80
1757518705826 2.0254235235250433 81
1757518705835 1.9998062920617707 82
1757518705844 1.975766029190071 83
1757518705854 1.9530521491479236 84
1757518705863 1.9313934659105525 85
1757518705872 1.9105213389514082 86
1757518705882 1.8901883254193277 87
1757518705891 1.8701817704610166 88
1757518705900 1.850332259803088 89
1757518705909 1.8305172631335145 90
1757518705919 1.8106605994156038 91
1757518705928 1.790728552493376 92
1757518705937 1.7707235623112028 93
1757518705947 1.7506764254917155 94
1757518705956 1.7306378750838396 95
1757518705965 1.7106702915930068 96
1757518705975 1.6908401450611272 97
1757518705984 1.671211599085667 98
1757518705994 1.6518415381783096 99
1757518706003 1.6327761227095914 100
1757518706012 1.6140488404218007 101
1757518706022 1.5956799162049706 102
1757518706031 1.5776768653345852 103
1757518706041 1.5600359296165607 104
1757518706050 1.5427441185115085 105
1757518706059 1.5257815842534923 106
1757518706069 1.5091240861072106 107
1757518706078 1.492745338612376 108
1757518706087 1.4766190863712951 109
1757518706097 1.4607207985231765 110
1757518706106 1.4450289251453974 111
1757518706116 1.4295257019986594 112
1757518706125 1.4141975268802542 113
1757518706134 1.3990349589679778 114
1757518706144 1.3840324114527933 115
1757518706153 1.3691876177805216 116
1757518706163 1.3545009538754171 117
1757518706173 1.3399746941524466 118
1757518706183 1.3256122695354458 119
1757518706193 1.3114175827578933 120
1757518706203 1.2973944215427464 121
1757518706212 1.283545995273004 122
1757518706222 1.2698746066656745 123
1757518706232 1.2563814576446946 124
1757518706242 1.243066578666905 125
1757518706251 1.2299288634919245 126
1757518706261 1.2169661868441704 127
1757518706272 1.204175580424071 128
1757518706281 1.1915534429544967 129
1757518706291 1.179095761963428 130
1757518706301 1.1667983283159657 131
1757518706312 1.1546569286250972 132
1757518706323 1.1426675051305335 133
1757518706333 1.130826277037442 134
1757518706343 1.1191298213328789 135
1757518706352 1.1075751145149935 136
1757518706362 1.0961595393367172 137
1757518706372 1.084880862522656 138
1757518706381 1.0737371904785653 139
1757518706391 1.062726910347286 140
1757518706401 1.0518486234850268 141
1757518706411 1.0411010776743506 142
1757518706421 1.0304831033019024 143
1757518706430 1.0199935574536747 144
1757518706440 1.0096312785493826 145
1757518706450 0.9993950528604261 146
1757518706460 0.9892835931190287 147
1757518706470 0.9792955284872313 148
1757518706481 0.9694294044474019 149
1757518706490 0.9596836907093801 150
1757518706500 0.9500567949931147 151
1757518706510 0.9405470805137081 152
1757518706520 0.9311528851322046 153
1757518706530 0.9218725403978321 154
1757518706540 0.9127043890528576 155
1757518706550 0.9036467999576038 156
1757518706559 0.8946981797842765 157
1757518706570 0.8858569811938868 158
1757518706580 0.8771217075278112 159
1757518706590 0.8684909143007775 160
1757518706600 0.8599632079665541 161
1757518706610 0.8515372425426869 162
1757518706619 0.8432117147292948 163
1757518706629 0.8349853581491548 164
1757518706640 0.8268569372831868 165
1757518706650 0.8188252415891596 166
1757518706660 0.8108890801854046 167
1757518706670 0.8030472773667129 168
1757518706680 0.7952986691069351 169
1757518706690 0.787642100599879 170
1757518706701 0.780076424803203 171
1757518706711 0.772600501882024 172
1757518706720 0.7652131994018562 173
1757518706730 0.7579133930936207 174
1757518706741 0.750699968004933 175
1757518706750 0.7435718198589333 176
1757518706760 0.7365278564610078 177
1757518706770 0.7295669990211018 178
1757518706780 0.7226881832914986 179
1757518706790 0.7158903604532475 180
1757518706800 0.709172497716483 181
1757518706810 0.7025335786284777 182
1757518706820 0.6959726031065903 183
1757518706830 0.6894885872311208 184
1757518706840 0.6830805628446491 185
1757518706850 0.6767475770103458 186
1757518706860 0.6704886913826275 187
1757518706870 0.6643029815400615 188
1757518706879 0.6581895363240728 189
1757518706889 0.6521474572183011 190
1757518706900 0.6461758577941359 191
1757518706910 0.6402738632381054 192
1757518706920 0.6344406099680291 193
1757518706930 0.6286752453368633 194
1757518706940 0.6229769274171438 195
1757518706950 0.6173448248542659 196
1757518706960 0.6117781167742381 197
1757518706970 0.6062759927302387 198
1757518706980 0.600837652672772 199
1757518706990 0.5954623069293455 200
1757518707000 0.5901491761818921 201
1757518707010 0.5848974914327087 202
1757518707020 0.579706493952588 203
1757518707030 0.5745754352074068 204
1757518707040 0.5695035767621365 205
1757518707050 0.5644901901631845 206
1757518707060 0.5595345568016716 207
1757518707070 0.5546359677613673 208
1757518707080 0.5497937236556037 209
1757518707089 0.5450071344576439 210
1757518707100 0.5402755193288059 211
1757518707110 0.5355982064481544 212
1757518707120 0.530974532846834 213
1757518707130 0.5264038442493881 214
1757518707140 0.5218854949235082 215
1757518707150 0.5174188475389814 216
1757518707160 0.51300327303581 217
1757518707170 0.5086381505010027 218
1757518707180 0.5043228670530411 219
1757518707190 0.5000568177328761 220
1757518707201 0.4958394054000005 221
1757518707211 0.4916700406323784 222
1757518707222 0.48754814162888094 223
1757518707232 0.4834731341131993 224
1757518707242 0.47944445123835694 225
1757518707252 0.47546153349121684 226
1757518707263 0.47152382859659414 227
1757518707273 0.4676307914207969 228
1757518707283 0.46378188387463476 229
1757518707294 0.4599765748160904 230
1757518707305 0.4562143399528772 231
1757518707315 0.452494661745291 232
1757518707325 0.448817029309662 233
1757518707336 0.44518093832280375 234
1757518707346 0.44158589092773487 235
1757518707356 0.4380313956409708 236
1757518707366 0.4345169672615487 237
1757518707377 0.43104212678192416 238
1757518707387 0.42760640130078564 239
1757518707397 0.4242093239377763 240
1757518707408 0.42085043375009656 241
1757518707418 0.41752927565085 242
1757518707428 0.41424540032904084 243
1757518707438 0.4109983641710938 244
1757518707448 0.40778772918374123 245
1757518707459 0.4046130629181642 246
1757518707469 0.40147393839529877 247
1757518707479 0.39836993403215465 248
1757518707489 0.3953006335691256 249
1757518707499 0.39226562599822684 250
1757518707510 0.38926450549220853 251
1757518707520 0.3862968713345459 252
1757518707530 0.38336232785031216 253
1757518707541 0.3804604843379133 254
1757518707551 0.37759095500173306 255
1757518707561 0.37475335888568084 256
1757518707571 0.37194731980767026 257
1757518707582 0.36917246629504286 258
1757518707592 0.36642843152094395 259
1757518707602 0.36371485324165465 260
1757518707613 0.3610313737348892 261
1757518707623 0.3583776397390252 262
1757518707634 0.3557533023932913 263
1757518707644 0.3531580171788537 264
1757518707654 0.35059144386083313 265
1757518707665 0.3480532464311708 266
1757518707675 0.3455430930523671 267
1757518707686 0.3430606560020529 268
1757518707696 0.34060561161836833 269
1757518707706 0.3381776402461265 270
1757518707717 0.33577642618376097 271
1757518707727 0.3334016576310074 272
1757518707737 0.33105302663734326 273
1757518707748 0.3287302290511342 274
1757518707758 0.3264329644695003 275
1757518707770 0.32416093618888414 276
1757518707780 0.3219138511563152 277
1757518707791 0.3196914199213504 278
1757518707801 0.317493356588704 279
1757518707811 0.31531937877152694 280
1757518707822 0.31316920754537625 281
1757518707832 0.31104256740281094 282
1757518707843 0.3089391862086474 283
1757518707853 0.30685879515584735 284
1757518707864 0.304801128722041 285
1757518707875 0.3027659246266458 286
1757518707885 0.30075292378863355 287
1757518707895 0.2987618702848542 288
1757518707918 0.29679251130897616 289
1757518707932 0.2948445971309957 290
1757518707943 0.2929178810573233 291
1757518707954 0.2910121193914125 292
1757518707964 0.28912707139496585 293
1757518707975 0.2872624992496596 294
1757518707986 0.2854181680194171 295
1757518707996 0.28359384561319023 296
1757518708007 0.28178930274827746 297
1757518708017 0.2800043129141352 298
1757518708028 0.278238652336695 299
1757518708038 0.27649209994317164 300
1757518708049 0.27476443732736283 301
1757518708059 0.27305544871543014 302
1757518708070 0.2713649209321351 303
1757518708081 0.2696926433675611 304
1757518708092 0.2680384079442826 305
1757518708103 0.26640200908498973 306
1757518708114 0.26478324368055606 307
1757518708124 0.26318191105854455 308
1757518708135 0.26159781295215623 309
1757518708146 0.26003075346958404 310
1757518708156 0.25848053906380347 311
1757518708167 0.25694697850277076 312
1757518708179 0.2554298828400315 313
1757518708190 0.2539290653857155 314
1757518708201 0.2524443416779547 315
1757518708211 0.25097552945465323 316
1757518708222 0.24952244862567424 317
1757518708233 0.24808492124538684 318
1757518708244 0.24666277148558818 319
1757518708257 0.24525582560878662 320
1757518708268 0.24386391194186002 321
1757518708279 0.24248686085005505 322
1757518708289 0.24112450471134608 323
1757518708300 0.23977667789113347 324
1757518708311 0.2384432167172869 325
1757518708321 0.23712395945552242 326
1757518708332 0.2358187462851109 327
1757518708343 0.23452741927490814 328
1757518708354 0.23324982235971575 329
1757518708365 0.23198580131694307 330
1757518708375 0.23073520374359818 331
1757518708386 0.2294978790335765 332
1757518708397 0.2282736783552486 333
1757518708408 0.22706245462936026 334
1757518708419 0.2258640625072106 335
1757518708429 0.22467835834914057 336
1757518708440 0.22350520020327655 337
1757518708451 0.22234444778458945 338
1757518708462 0.22119596245421327 339
1757518708472 0.22005960719903558 340
1757518708484 0.21893524661156624 341
1757518708495 0.21782274687007042 342
1757518708505 0.21672197571895396 343
1757518708516 0.21563280244942867 344
1757518708527 0.21455509788040925 345
1757518708538 0.21348873433966653 346
1757518708549 0.21243358564525283 347
1757518708560 0.21138952708712427 348
1757518708570 0.2103564354090544 349
1757518708581 0.20933418879074986 350
1757518708592 0.20832266683021775 351
1757518708603 0.20732175052634835 352
1757518708614 0.20633132226174727 353
1757518708625 0.20535126578576807 354
1757518708636 0.20438146619778455 355
1757518708647 0.20342180993067055 356
1757518708658 0.2024721847344968 357
1757518708669 0.20153247966044205 358
1757518708680 0.20060258504490847 359
1757518708691 0.19968239249385045 360
1757518708703 0.19877179486730173 361
1757518708714 0.1978706862640976 362
1757518708725 0.1969789620068091 363
1757518708736 0.1960965186268529 364
1757518708747 0.19522325384981493 365
1757518708758 0.19435906658094387 366
1757518708769 0.1935038568908415 367
1757518708781 0.19265752600133984 368
1757518708792 0.19181997627154768 369
1757518708803 0.1909911111840949 370
1757518708814 0.19017083533152954 371
1757518708826 0.18935905440291453 372
1757518708837 0.18855567517057722 373
1757518708848 0.1877606054770421 374
1757518708860 0.1869737542221124 375
1757518708871 0.18619503135014076 376
1757518708883 0.18542434783744455 377
1757518708894 0.18466161567988415 378
1757518708905 0.18390674788060793 379
1757518708917 0.18315965843794785 380
1757518708928 0.1824202623334661 381
1757518708939 0.1816884755201541 382
1757518708950 0.18096421491078885 383
1757518708961 0.18024739836643355 384
1757518708972 0.17953794468507744 385
1757518708983 0.17883577359042338 386
1757518708994 0.1781408057208252 387
1757518709006 0.17745296261835164 388
1757518709017 0.17677216671799925 389
1757518709028 0.176098341337034 390
1757518709039 0.17543141066447074 391
1757518709050 0.17477129975068753 392
1757518709061 0.1741179344971664 393
1757518709072 0.17347124164636035 394
1757518709083 0.17283114877169792 395
1757518709095 0.17219758426770732 396
1757518709106 0.17157047734025996 397
1757518709117 0.1709497579969447 398
1757518709128 0.17033535703755634 399
1757518709139 0.16972720604470762 400
1757518709151 0.16912523737455498 401
1757518709162 0.16852938414764201 402
1757518709173 0.16793958023985586 403
1757518709184 0.16735576027350338 404
1757518709195 0.16677785960848274 405
1757518709206 0.16620581433358345 406
1757518709218 0.16563956125788143 407
1757518709229 0.165079037902247 408
1757518709240 0.16452418249095777 409
1757518709251 0.1639749339434133 410
1757518709263 0.16343123186595568 411
1757518709274 0.16289301654378857 412
1757518709285 0.16236022893299876 413
1757518709297 0.16183281065267546 414
1757518709308 0.16131070397712327 415
1757518709319 0.16079385182818334 416
1757518709331 0.16028219776763075 417
1757518709342 0.15977568598968347 418
1757518709353 0.15927426131359326 419
1757518709365 0.15877786917633177 420
1757518709376 0.1582864556253608 421
1757518709387 0.15779996731150556 422
1757518709399 0.15731835148189646 423
1757518709410 0.156841555973013 424
1757518709422 0.15636952920380756 425
1757518709433 0.15590222016891062 426
1757518709445 0.15543957843191888 427
1757518709456 0.15498155411877718 428
1757518709467 0.15452809791122776 429
1757518709479 0.15407916104034144 430
1757518709490 0.15363469528013557 431
1757518709501 0.1531946529412671 432
1757518709512 0.15275898686479145 433
1757518709524 0.1523276504160177 434
1757518709535 0.15190059747842174 435
1757518709547 0.15147778244763851 436
1757518709558 0.15105916022553278 437
1757518709570 0.15064468621433402 438
1757518709581 0.15023431631084702 439
1757518709593 0.14982800690073025 440
1757518709604 0.14942571485284917 441
1757518709616 0.1490273975136889 442
1757518709627 0.14863301270184162 443
1757518709638 0.1482425187025607 444
1757518709650 0.1478558742623751 445
1757518709661 0.14747303858377575 446
1757518709672 0.1470939713199585 447
1757518709684 0.14671863256963907 448
1757518709695 0.14634698287192585 449
1757518709707 0.145978983201249 450
1757518709718 0.14561459496236623 451
1757518709730 0.1452537799854113 452
1757518709741 0.14489650052101144 453
1757518709752 0.14454271923546505 454
1757518709764 0.14419239920597124 455
1757518709775 0.14384550391591863 456
1757518709787 0.1435019972502345 457
1757518709798 0.14316184349078356 458
1757518709809 0.14282500731182912 459
1757518709821 0.14249145377554054 460
1757518709833 0.14216114832756002 461
1757518709844 0.1418340567926208 462
1757518709856 0.14151014537021825 463
1757518709867 0.14118938063033135 464
1757518709879 0.1408717295091951 465
1757518709890 0.14055715930512797 466
1757518709902 0.14024563767440176 467
1757518709914 0.1399371326271638 468
1757518709926 0.1396316125234137 469
1757518709937 0.13932904606901395 470
1757518709950 0.13902940231176508 471
1757518709962 0.1387326506375133 472
1757518709973 0.13843876076631084 473
1757518709985 0.13814770274862403 474
1757518709996 0.13785944696157823 475
1757518710008 0.13757396410525652 476
1757518710020 0.1372912251990364 477
1757518710032 0.13701120157797123 478
1757518710043 0.13673386488921407 479
1757518710055 0.13645918708848695 480
1757518710066 0.1361871404365877 481
1757518710078 0.13591769749593732 482
1757518710090 0.1356508311271789 483
1757518710101 0.1353865144857944 484
1757518710113 0.1351247210187893 485
1757518710125 0.13486542446139402 486
1757518710136 0.13460859883381338 487
1757518710148 0.13435421843801584 488
1757518710159 0.13410225785455487 489
1757518710171 0.13385269193943292 490
1757518710183 0.13360549582099918 491
1757518710195 0.1333606448968846 492
1757518710206 0.133118114830973 493
1757518710218 0.13287788155040794 494
1757518710230 0.1326399212426334 495
1757518710241 0.1324042103524709 496
1757518710253 0.13217072557922946 497
1757518710265 0.13193944387385104 498
1757518710277 0.13171034243608734 499
