1757594967565 92.88726695363765 0
1757594967599 6.937452221365419 1
1757594967632 0.12257816670725517 2
1757594967666 0.7416846471440185 3
1757594967699 0.7832815274877111 4
1757594967733 0.036636243107094534 5
1757594967768 0.19160307014436906 6
1757594967802 1.1487841721787269 7
1757594967835 0.08644595650650985 8
1757594967868 16.013718575439164 9
1757594967901 0.013530728994336497 10
1757594967934 0.10083305606638081 11
1757594967968 0.6807972338992648 12
1757594968001 2.3644149235564074 13
1757594968035 3.5442050228690527 14
1757594968068 8.252209455156871 15
1757594968102 0.09273791879355252 16
1757594968135 1.89210649448287 17
1757594968169 9.574781818422244 18
1757594968202 0.047492210868398464 19
1757594968235 0.5514359261931218 20
1757594968269 0.013334766519300472 21
1757594968302 0.0029733821265154293 22
1757594968336 0.790295977261647 23
1757594968369 0.06571334460454978 24
1757594968402 0.3743306820688163 25
1757594968435 0.11125668954229047 26
1757594968469 10.601641998707395 27
1757594968502 0.43980826832519476 28
1757594968535 0.0073620371849905854 29
1757594968569 0.0259686294017445 30
1757594968602 0.19258390900520003 31
1757594968636 0.07798050332458514 32
1757594968669 1.9132649891323494 33
1757594968703 0.06834479745136739 34
1757594968736 7.771833419485468 35
1757594968773 4.459589816530473 36
1757594968819 1.002052258938767 37
1757594968853 0.3498157685159801 38
1757594968887 0.05951984396257826 39
1757594968920 0.019421194507656524 40
1757594968954 1.0753105630604138 41
1757594968988 0.017211506424728105 42
1757594969021 0.08589065702476213 43
1757594969055 0.6234595402619685 44
1757594969089 0.9517759568000549 45
1757594969123 0.010368877861053328 46
1757594969156 1.4249741094148633e-05 47
1757594969190 0.4220456948804138 48
1757594969224 2.980275654361405 49
1757594969257 0.21988631054256838 50
1757594969291 0.04810928586646728 51
1757594969325 1.5816073769436176 52
1757594969359 0.01064972964882953 53
1757594969393 0.000919505827208568 54
1757594969426 0.3631525879455283 55
1757594969461 0.00041442827664671676 56
1757594969496 0.054035865605113385 57
1757594969530 0.1511912708743068 58
1757594969564 1.1000548378042008 59
1757594969598 0.5665698976588296 60
1757594969631 0.3757809103600371 61
1757594969665 0.0364642977787185 62
1757594969698 2.5606714714855645 63
1757594969732 0.0543345578735696 64
1757594969766 0.15574731768500677 65
1757594969799 0.038680591812468995 66
1757594969833 0.025439373017092776 67
1757594969867 0.021172947824568526 68
1757594969903 0.11320130387066149 69
1757594969937 0.23781549602684154 70
1757594969971 0.24993120631764948 71
1757594970004 0.16753004783539804 72
1757594970038 0.029411764330302244 73
1757594970071 0.22104954851655986 74
1757594970105 0.017087535704475045 75
1757594970139 0.02563120639282285 76
1757594970173 0.036947917101880084 77
1757594970206 0.010018879899249766 78
1757594970240 0.5807736541164717 79
1757594970274 0.015284940943930339 80
1757594970307 0.03779911379455587 81
1757594970341 0.21996156561644598 82
1757594970375 0.005251158493917807 83
1757594970408 1.1911786159774476 84
1757594970442 0.40428346559523576 85
1757594970476 0.09444552393016671 86
1757594970509 0.4412945098134469 87
1757594970543 0.5577936765400187 88
1757594970577 0.18955094673313472 89
1757594970611 0.002599718036747226 90
1757594970645 0.2583755708185887 91
1757594970679 0.7026596320673887 92
1757594970713 0.07977497974857785 93
1757594970746 0.03529295550376225 94
1757594970780 0.05959833571765738 95
1757594970814 0.03509482787766746 96
1757594970848 0.019412206342219924 97
1757594970882 0.14442213413223506 98
1757594970916 0.00321979155519541 99
1757594970950 0.0008006552819060549 100
1757594970983 0.00025760099358097767 101
1757594971018 0.020901767700966644 102
1757594971051 0.21870527643768378 103
1757594971085 0.089476270300311 104
1757594971119 0.011121773292731712 105
1757594971153 0.11588112815451546 106
1757594971187 0.005339379370962248 107
1757594971220 0.028053309568725423 108
1757594971254 0.06349073501901031 109
1757594971288 0.1615796210989171 110
1757594971321 0.02017071046661323 111
1757594971355 0.0517551805896107 112
1757594971389 0.0025492715418813272 113
1757594971423 0.03274957928159744 114
1757594971456 0.005441251613695054 115
1757594971490 0.39186072894812757 116
1757594971525 0.02022691524821741 117
1757594971559 0.03021275112905512 118
1757594971595 0.2212334857652839 119
1757594971629 0.15143235121672133 120
1757594971664 0.09033513244184033 121
1757594971698 0.09993067956144434 122
1757594971732 0.10646560073350253 123
1757594971765 1.9369170441922444e-05 124
1757594971799 0.0011769973135304275 125
1757594971833 0.056916021700845885 126
1757594971868 0.2005838012417786 127
1757594971902 0.15233926779539822 128
1757594971936 0.008531523970791259 129
1757594971970 0.2543910413952883 130
1757594972004 0.003528976196153971 131
1757594972038 0.09954141956497575 132
1757594972072 0.15736809388002004 133
1757594972107 0.01544202574212059 134
1757594972141 0.04825141475346634 135
1757594972175 0.07742035170450116 136
1757594972209 0.18788486183059494 137
1757594972243 0.0474784973056735 138
1757594972277 0.0150852987536973 139
1757594972311 0.018257177529884674 140
1757594972345 0.022172796231624582 141
1757594972380 0.0180536421334157 142
1757594972414 0.013188653702747593 143
1757594972448 0.2622281436477333 144
1757594972482 0.12660280044581745 145
1757594972516 0.11628994841270078 146
1757594972550 0.003229049872054147 147
1757594972584 0.33152127001706116 148
1757594972618 0.0016058411441415494 149
1757594972652 0.05415409953721811 150
1757594972686 0.06567323334122807 151
1757594972720 0.012295188654446313 152
1757594972754 0.014058026799804224 153
1757594972788 0.020148480304777002 154
1757594972822 0.11624584356840069 155
1757594972857 0.0502045926371054 156
1757594972892 0.1564120723120386 157
1757594972927 0.0494825980953756 158
1757594972962 0.016555197270705528 159
1757594972996 0.010185890070688786 160
1757594973030 0.15730608278472866 161
1757594973065 0.03864913601943965 162
1757594973099 0.010724699174450637 163
1757594973134 0.5383289848920584 164
1757594973168 0.025567173940292915 165
1757594973202 0.44762688402583106 166
1757594973237 0.17069758696731574 167
1757594973271 0.3141091756931188 168
1757594973305 0.0018503019497809262 169
1757594973339 0.016874405981808192 170
1757594973374 0.032929707873626854 171
1757594973408 0.14783614534672423 172
1757594973443 1.5471500496510228e-05 173
1757594973477 0.00587749307479158 174
1757594973511 0.195635533665064 175
1757594973545 0.0007497364276041961 176
1757594973579 0.0037400858452495815 177
1757594973614 0.11730649857604736 178
1757594973650 0.06402181491942574 179
1757594973684 0.012175787304781558 180
1757594973720 0.0015702536305329735 181
1757594973755 0.13727860535796882 182
1757594973790 0.12375695337927597 183
1757594973825 0.19329680928863016 184
1757594973859 1.4182220020605834 185
1757594973897 0.0015848472744125434 186
1757594973931 0.06426918180765043 187
1757594973966 0.15861826907361354 188
1757594974000 0.04066916740756039 189
1757594974034 0.13407241176801335 190
1757594974069 0.04388886089537204 191
1757594974103 0.025180907990631024 192
1757594974137 0.0007558964296838598 193
1757594974172 0.540273891213993 194
1757594974206 0.022042284446840605 195
1757594974240 0.007020887151616624 196
1757594974274 0.008532199145404398 197
1757594974308 0.47923831047841225 198
1757594974342 0.0029567445287285252 199
1757594974376 0.0002895102268579358 200
1757594974411 0.015487806188444173 201
1757594974445 9.432662273766474e-06 202
1757594974480 0.17044389049782036 203
1757594974515 0.012926838410638722 204
1757594974549 0.0033051025614520965 205
1757594974584 0.2105665314728344 206
1757594974618 5.558598309833202e-05 207
1757594974653 0.07030600067788245 208
1757594974688 0.39438558096756476 209
1757594974723 0.17521450278101533 210
1757594974758 0.1359179465051279 211
1757594974792 0.46057413649601125 212
1757594974826 0.03916286018389302 213
1757594974861 0.04312687220808704 214
1757594974895 0.05063695816856417 215
1757594974930 0.023956924776952472 216
1757594974965 0.009840111912238908 217
1757594975000 0.01937481231357193 218
1757594975034 0.18601586526671882 219
1757594975069 0.5301766158325032 220
1757594975104 0.01143530914594222 221
1757594975138 0.04261940663245064 222
1757594975173 0.031786473211597915 223
1757594975208 0.008412908794894524 224
1757594975242 0.014152845779103519 225
1757594975277 0.1108749783364847 226
1757594975311 0.10269858544130508 227
1757594975346 0.04943391223133147 228
1757594975381 2.8205841375679738e-05 229
1757594975416 0.0011174458264301707 230
1757594975450 0.05369924872880173 231
1757594975495 0.0017127356319243923 232
1757594975529 0.08593815552830125 233
1757594975564 0.002461095794475502 234
1757594975599 0.032068682226704594 235
1757594975635 0.3392399206882818 236
1757594975669 0.29862719179960556 237
1757594975704 0.10043902474774213 238
1757594975738 0.08223506884137267 239
1757594975773 0.009898864192279887 240
1757594975808 0.13426808255721823 241
1757594975842 0.018128139303667034 242
1757594975877 0.03246932184737695 243
1757594975913 0.0005789485487884284 244
1757594975948 0.17460926015371034 245
1757594975983 0.04146423378513221 246
1757594976018 0.016961930597969736 247
1757594976053 0.01005471566885556 248
1757594976088 0.03189543991787015 249
1757594976122 0.09860158595366456 250
1757594976157 0.017750645048780277 251
1757594976191 0.06443617962653615 252
1757594976226 0.0003946986473034163 253
1757594976261 0.05113063852491627 254
1757594976295 0.012143825067687693 255
1757594976330 0.08668997700502858 256
1757594976365 0.07046101704353812 257
1757594976400 0.11256516228546522 258
1757594976435 0.002053278660070423 259
1757594976470 0.012673778751548133 260
1757594976505 0.11429338533230099 261
1757594976540 0.03950126760837362 262
1757594976574 0.20766307451080504 263
1757594976609 0.029870813996130084 264
1757594976644 0.15408867187985698 265
1757594976679 0.31411796385514656 266
1757594976714 0.2482451747385455 267
1757594976749 0.00034304387280725303 268
1757594976784 0.036549795021161825 269
1757594976819 0.06029649313994503 270
1757594976854 1.1173424858546905e-07 271
1757594976889 0.017892396599119897 272
1757594976924 0.2297025268981292 273
1757594976958 0.008887647440708505 274
1757594976993 0.02145375585582454 275
1757594977028 0.2475928979392191 276
1757594977063 0.19733242862260714 277
1757594977098 0.020202769806057782 278
1757594977133 0.14065922161481104 279
1757594977168 0.018087790315583205 280
1757594977203 0.09843634757861482 281
