1757594497913 167.06697896172562 0
1757594497922 166.43857620360208 1
1757594497930 165.24922771244258 2
1757594497939 163.56340522393197 3
1757594497947 161.44211651638986 4
1757594497956 158.94259994435618 5
1757594497964 156.11815592229925 6
1757594497973 153.01808553258132 7
1757594497981 149.68771180336694 8
1757594497989 146.1684636854146 9
1757594497997 142.49800649205463 10
1757594498006 138.71040567273215 11
1757594498014 134.83631336782165 12
1757594498023 130.90316932581047 13
1757594498032 126.93540952515201 14
1757594498041 122.95467729258517 15
1757594498049 118.98003289860807 16
1757594498058 115.02815858213943 17
1757594498067 111.11355674632033 18
1757594498075 107.24873970662838 19
1757594498084 103.4444098863667 20
1757594498092 99.70962976491664 21
1757594498101 96.05198120877198 22
1757594498110 92.47771406957153 23
1757594498118 88.99188412964506 24
1757594498138 85.59848062463647 25
1757594498151 82.30054368331405 26
1757594498160 79.10027210408147 27
1757594498169 75.99912194203618 28
1757594498177 72.9978964147044 29
1757594498186 70.09682765303506 30
1757594498194 67.29565083021627 31
1757594498203 64.59367119725013 32
1757594498211 61.98982454328855 33
1757594498220 59.482731582346624 34
1757594498229 57.07074674769709 35
1757594498238 54.75200185225868 36
1757594498246 52.52444504857045 37
1757594498255 50.385875496273776 38
1757594498263 48.333974119050026 39
1757594498272 46.366330807098166 40
1757594498281 44.4804683958888 41
1757594498290 42.67386372736375 42
1757594498299 40.94396607612006 43
1757594498307 39.28821320061658 44
1757594498316 37.70404525810274 45
1757594498325 36.18891680188065 46
1757594498333 34.7403070606708 47
1757594498342 33.35572868225514 48
1757594498351 32.03273510721525 49
1757594498360 30.76892672340374 50
1757594498369 29.56195593776553 51
1757594498377 28.40953128918741 52
1757594498386 27.309420714169864 53
1757594498395 26.25945406618868 54
1757594498404 25.257524979629647 55
1757594498412 24.30159216003516 56
1757594498421 23.389680174070484 57
1757594498430 22.5198798050232 58
1757594498439 21.690348032746588 59
1757594498448 20.89930769068454 60
1757594498456 20.14504684693732 61
1757594498465 19.425917951174476 62
1757594498474 18.74033678455152 63
1757594498483 18.086781245585247 64
1757594498492 17.463790001150016 65
1757594498500 16.869961028348047 66
1757594498509 16.303950069934512 67
1757594498518 15.764469023223304 68
1757594498527 15.250284279921985 69
1757594498536 14.76021503213147 70
1757594498545 14.29313155776198 71
1757594498554 13.847953496842951 72
1757594498562 13.423648128626763 73
1757594498571 13.01922865797682 74
1757594498580 12.633752518276577 75
1757594498589 12.26631969698754 76
1757594498598 11.91607108899421 77
1757594498607 11.58218688200562 78
1757594498616 11.263884977511283 79
1757594498625 10.960419450110884 80
1757594498633 10.6710790474432 81
1757594498642 10.395185732414514 82
1757594498651 10.13209326897219 83
1757594498660 9.881185852270855 84
1757594498669 9.64187678373318 85
1757594498678 9.413607191209016 86
1757594498687 9.195844794180344 87
1757594498696 8.988082713739121 88
1757594498705 8.789838326878739 89
1757594498714 8.600652164481945 90
1757594498723 8.420086852256073 91
1757594498732 8.247726093758008 92
1757594498741 8.083173694560585 93
1757594498750 7.926052626542265 94
1757594498759 7.776004131224906 95
1757594498768 7.632686861042433 96
1757594498777 7.495776057391866 97
1757594498786 7.3649627642984745 98
1757594498795 7.23995307651467 99
1757594498804 7.120467420868831 100
1757594498813 7.006239869682024 101
1757594498822 6.8970174850802435 102
1757594498831 6.79255969304156 103
1757594498840 6.692637686035526 104
1757594498849 6.597033853132116 105
1757594498858 6.505541236480583 106
1757594498867 6.41796301308475 107
1757594498876 6.334112000827641 108
1757594498885 6.2538101877270815 109
1757594498895 6.176888283434144 110
1757594498904 6.1031852920160325 111
1757594498913 6.032548105096143 112
1757594498922 5.964831114455014 113
1757594498931 5.899895843227028 114
1757594498940 5.83761059485943 115
1757594498950 5.777850119029478 116
1757594498959 5.720495293748064 117
1757594498968 5.665432822905961 118
1757594498977 5.612554948549943 119
1757594498986 5.561759177203715 120
1757594498996 5.512948019577331 121
1757594499005 5.466028743035508 122
1757594499014 5.420913136222211 123
1757594499023 5.377517285264906 124
1757594499032 5.335761361006298 125
1757594499041 5.295569416735475 126
1757594499051 5.256869195915251 127
1757594499060 5.219591949422141 128
1757594499069 5.183672261840309 129
1757594499078 5.149047886369472 130
1757594499087 5.1156595879276825 131
1757594499096 5.083450994049502 132
1757594499106 5.052368453197875 133
1757594499115 5.022360900126305 134
1757594499124 4.9933797279453795 135
1757594499135 4.965378666562594 136
1757594499144 4.938313667182252 137
1757594499153 4.912142792564911 138
1757594499162 4.886826112761918 139
1757594499172 4.862325606053374 140
1757594499181 4.838605064831122 141
1757594499190 4.8156300061812125 142
1757594499199 4.793367586931393 143
1757594499209 4.771786522941703 144
1757594499218 4.750857012426131 145
1757594499227 4.7305506631042675 146
1757594499237 4.710840422991114 147
1757594499246 4.691700514643821 148
1757594499255 4.673106372691557 149
1757594499264 4.655034584484351 150
1757594499274 4.6374628337048645 151
1757594499283 4.620369846793959 152
1757594499293 4.603735342049267 153
1757594499302 4.587539981262458 154
1757594499312 4.571765323767863 155
1757594499321 4.556393782780843 156
1757594499330 4.541408583911682 157
1757594499340 4.526793725744895 158
1757594499350 4.512533942380416 159
1757594499359 4.498614667838231 160
1757594499369 4.4850220022324 161
1757594499378 4.471742679625714 162
1757594499388 4.458764037480478 163
1757594499397 4.446073987625082 164
1757594499406 4.433660988660189 165
1757594499416 4.421514019731868 166
1757594499425 4.409622555603926 167
1757594499435 4.397976542962568 168
1757594499444 4.3865663778930015 169
1757594499453 4.375382884468029 170
1757594499463 4.364417294393371 171
1757594499472 4.353661227656394 172
1757594499482 4.343106674127836 173
1757594499491 4.332745976069025 174
1757594499501 4.322571811498647 175
1757594499510 4.312577178376473 176
1757594499520 4.3027553795628215 177
1757594499529 4.293100008514848 178
1757594499540 4.283604935682924 179
1757594499549 4.274264295572061 180
1757594499559 4.265072474434909 181
1757594499569 4.256024098565001 182
1757594499579 4.247114023160015 183
1757594499589 4.238337321726843 184
1757594499599 4.2296892760012605 185
1757594499609 4.2211653663563675 186
1757594499618 4.2127612626759765 187
1757594499628 4.2044728156691535 188
1757594499638 4.196296048604376 189
1757594499647 4.188227149442361 190
1757594499657 4.18026246334755 191
1757594499667 4.172398485559822 192
1757594499676 4.164631854608138 193
1757594499686 4.156959345849473 194
1757594499696 4.149377865316961 195
1757594499705 4.141884443861526 196
1757594499715 4.134476231573107 197
1757594499724 4.127150492467152 198
1757594499734 4.119904599423542 199
1757594499744 4.112736029365609 200
1757594499754 4.1056423586669375 201
1757594499763 4.098621258775563 202
1757594499773 4.091670492043858 203
1757594499783 4.084787907755151 204
1757594499792 4.077971438336439 205
1757594499802 4.071219095748558 206
1757594499812 4.0645289680452885 207
1757594499821 4.057899216092706 208
1757594499831 4.05132807044132 209
1757594499841 4.044813828343334 210
1757594499850 4.038354850908196 211
1757594499863 4.031949560389378 212
1757594499873 4.02559643759648 213
1757594499882 4.01929401942613 214
1757594499892 4.01304089650629 215
1757594499903 4.006835710948202 216
1757594499913 4.000677154201006 217
1757594499923 3.9945639650040823 218
1757594499932 3.988494927432068 219
1757594499942 3.982468869028773 220
1757594499952 3.9764846590249645 221
1757594499962 3.9705412066365366 222
1757594499972 3.9646374594391904 223
1757594499981 3.9587724018156223 224
1757594499991 3.952945053472101 225
1757594500001 3.947154468021162 226
1757594500011 3.941399731626975 227
1757594500020 3.935679961710683 228
1757594500030 3.929994305712901 229
1757594500040 3.924341939910443 230
1757594500050 3.918722068284906 231
1757594500059 3.91313392144073 232
1757594500069 3.9075767555701937 233
1757594500079 3.9020498514634085 234
1757594500089 3.8965525135609935 235
1757594500098 3.89108406904764 236
1757594500108 3.885643866984395 237
1757594500118 3.8802312774782663 238
1757594500128 3.8748456908870623 239
1757594500138 3.8694865170579904 240
1757594500148 3.8641531845985075 241
1757594500158 3.8588451401777917 242
1757594500167 3.853561847857602 243
1757594500177 3.8483027884512087 244
1757594500187 3.8430674589088003 245
1757594500198 3.8378553717284314 246
1757594500207 3.8326660543916042 247
1757594500218 3.827499048821552 248
1757594500227 3.8223539108642224 249
1757594500237 3.8172302097901616 250
1757594500247 3.812127527816665 251
1757594500257 3.8070454596494554 252
1757594500267 3.801983612042484 253
1757594500277 3.796941603375836 254
1757594500287 3.79191906325009 255
1757594500297 3.786915632097149 256
1757594500307 3.781930960806249 257
1757594500317 3.776964710364809 258
1757594500327 3.7720165515134196 259
1757594500337 3.7670861644143083 260
1757594500347 3.7621732383326103 261
1757594500357 3.7572774713300356 262
1757594500367 3.752398569970475 263
1757594500377 3.747536249036685 264
1757594500387 3.7426902312579395 265
1757594500397 3.7378602470480273 266
1757594500407 3.7330460342531304 267
1757594500416 3.728247337909228 268
1757594500426 3.7234639100085105 269
1757594500436 3.718695509274635 270
1757594500446 3.713941900946329 271
1757594500456 3.7092028565688064 272
1757594500466 3.7044781537931093 273
1757594500476 3.6997675761825373 274
1757594500486 3.6950709130264325 275
1757594500496 3.690387959160432 276
1757594500507 3.6857185147933023 277
1757594500517 3.6810623853400655 278
1757594500527 3.6764193812610095 279
1757594500537 3.671789317906527 280
1757594500547 3.6671720153671084 281
1757594500557 3.662567298329178 282
1757594500567 3.6579749959354846 283
1757594500577 3.653394941650574 284
1757594500587 3.6488269731308987 285
1757594500597 3.6442709320994844 286
1757594500607 3.6397266642247232 287
1757594500618 3.6351940190034893 288
1757594500628 3.6306728496481275 289
1757594500638 3.626163012977341 290
1757594500648 3.6216643693106776 291
1757594500658 3.61717678236656 292
1757594500668 3.6127001191638266 293
1757594500678 3.608234249926427 294
1757594500688 3.6037790479912872 295
1757594500698 3.5993343897192354 296
1757594500709 3.5949001544088133 297
1757594500719 3.590476224212991 298
1757594500729 3.5860624840583326 299
1757594500739 3.581658821567141 300
1757594500749 3.5772651269817612 301
1757594500759 3.5728812930914198 302
1757594500770 3.5685072151615884 303
1757594500780 3.564142790865204 304
1757594500790 3.559787920216394 305
1757594500800 3.555442505506117 306
1757594500811 3.5511064512397943 307
1757594500821 3.5467796640770155 308
1757594500831 3.542462052772972 309
1757594500841 3.538153528121767 310
1757594500851 3.5338540029014904 311
1757594500862 3.529563391820778 312
1757594500872 3.525281611467385 313
1757594500883 3.5210085802577926 314
1757594500893 3.5167442183889004 315
1757594500903 3.5124884477907203 316
1757594500913 3.50824119208063 317
1757594500923 3.504002376519152 318
1757594500934 3.4997719279667354 319
1757594500944 3.4955497748421336 320
1757594500954 3.4913358470816975 321
1757594500964 3.4871300761001653 322
1757594500974 3.482932394752279 323
1757594500985 3.478742737295854 324
1757594500995 3.474561039355588 325
1757594501005 3.470387237888226 326
1757594501016 3.4662212711483416 327
1757594501026 3.4620630786556403 328
1757594501036 3.457912601162502 329
1757594501047 3.4537697806231695 330
1757594501057 3.4496345601631857 331
1757594501068 3.4455068840501832 332
1757594501078 3.441386697665092 333
1757594501089 3.4372739474744325 334
1757594501099 3.433168581003275 335
1757594501110 3.429070546808942 336
1757594501120 3.4249797944554206 337
1757594501130 3.420896274488625 338
1757594501141 3.416819938412103 339
1757594501151 3.412750738663592 340
1757594501162 3.4086886285921536 341
1757594501172 3.4046335624359476 342
1757594501183 3.400585495300546 343
1757594501193 3.3965443831378987 344
1757594501204 3.392510182725925 345
1757594501214 3.388482851648491 346
1757594501225 3.3844623482759855 347
1757594501235 3.3804486317465483 348
1757594501246 3.3764416619476143 349
1757594501256 3.372441399498024 350
1757594501267 3.3684478057306237 351
1757594501278 3.3644608426753244 352
1757594501288 3.360480473042526 353
1757594501299 3.356506660207134 354
1757594501309 3.352539368192821 355
1757594501320 3.348578561656771 356
1757594501331 3.3446242058749394 357
1757594501342 3.340676266727455 358
1757594501353 3.33673471068457 359
1757594501364 3.3327995047929617 360
1757594501374 3.3288706166623814 361
1757594501385 3.3249480144524957 362
1757594501396 3.3210316668602937 363
1757594501406 3.317121543107771 364
1757594501417 3.313217612929633 365
1757594501427 3.3093198465618774 366
1757594501438 3.305428214730044 367
1757594501448 3.3015426886382038 368
1757594501459 3.297663239958077 369
1757594501469 3.293789840818359 370
1757594501480 3.289922463794392 371
1757594501490 3.2860610818981715 372
1757594501501 3.2822056685684338 373
1757594501511 3.278356197660993 374
1757594501522 3.274512643439637 375
1757594501532 3.270674980566749 376
1757594501543 3.266843184094615 377
1757594501553 3.2630172294566013 378
1757594501564 3.259197092458851 379
1757594501574 3.255382749271913 380
1757594501585 3.251574176422784 381
1757594501596 3.2477713507870036 382
1757594501607 3.243974249581034 383
1757594501618 3.2401828503547936 384
1757594501628 3.2363971309843667 385
1757594501639 3.2326170696648537 386
1757594501649 3.2288426449035623 387
1757594501660 3.225073835513049 388
1757594501671 3.2213106206047026 389
1757594501682 3.217552979582158 390
1757594501692 3.2138008921351364 391
1757594501703 3.2100543382332147 392
1757594501714 3.206313298119806 393
1757594501725 3.2025777523064396 394
1757594501736 3.198847681566973 395
1757594501747 3.1951230669320414 396
1757594501758 3.191403889683565 397
1757594501768 3.1876901313495307 398
1757594501779 3.183981773698728 399
1757594501790 3.180278798735807 400
1757594501801 3.176581188696187 401
1757594501812 3.1728889260413133 402
1757594501823 3.1692019934539992 403
1757594501834 3.165520373833719 404
1757594501845 3.1618440502921716 405
1757594501856 3.1581730061489233 406
1757594501866 3.154507224927061 407
1757594501877 3.1508466903490797 408
1757594501888 3.147191386332727 409
1757594501899 3.143541296987083 410
1757594501909 3.139896406608591 411
1757594501921 3.136256699677341 412
1757594501932 3.1326221608532565 413
1757594501943 3.128992774972514 414
1757594501954 3.1253685270439986 415
1757594501965 3.1217494022458006 416
1757594501976 3.1181353859219105 417
1757594501987 3.114526463578777 418
1757594501999 3.110922620882207 419
1757594502010 3.1073238436541133 420
1757594502021 3.1037301178695147 421
1757594502032 3.1001414296533873 422
1757594502043 3.096557765277884 423
1757594502054 3.0929791111593277 424
1757594502065 3.0894054538554303 425
1757594502076 3.085836780062574 426
1757594502087 3.0822730766130646 427
1757594502098 3.07871433047259 428
1757594502109 3.0751605287375154 429
1757594502120 3.071611658632533 430
1757594502131 3.0680677075080744 431
1757594502142 3.0645286628379984 432
1757594502153 3.060994512217198 433
1757594502164 3.0574652433593115 434
1757594502175 3.053940844094501 435
1757594502186 3.050421302367251 436
1757594502197 3.0469066062342134 437
1757594502208 3.0433967438621483 438
1757594502219 3.0398917035258135 439
1757594502231 3.036391473605987 440
1757594502241 3.032896042587572 441
1757594502252 3.029405399057579 442
1757594502263 3.0259195317033094 443
1757594502274 3.0224384293105047 444
1757594502285 3.0189620807615785 445
1757594502296 3.01549047503385 446
1757594502307 3.012023601197767 447
1757594502318 3.0085614484153433 448
1757594502330 3.0051040059384593 449
1757594502341 3.001651263107224 450
1757594502352 2.998203209348451 451
1757594502363 2.9947598341741295 452
1757594502374 2.9913211271798805 453
1757594502385 2.9878870780435123 454
1757594502396 2.9844576765235944 455
1757594502407 2.9810329124579886 456
1757594502418 2.9776127757625495 457
1757594502430 2.9741972564297696 458
1757594502441 2.970786344527352 459
1757594502452 2.967380030197074 460
1757594502464 2.963978303653425 461
1757594502478 2.9605811551823744 462
1757594502489 2.9571885751402327 463
1757594502500 2.953800553952373 464
1757594502511 2.9504170821121214 465
1757594502523 2.9470381501796377 466
1757594502534 2.9436637487807698 467
1757594502546 2.940293868605981 468
1757594502557 2.936928500409253 469
1757594502568 2.933567635007139 470
1757594502579 2.930211263277655 471
1757594502591 2.926859376159241 472
1757594502602 2.923511964649933 473
1757594502613 2.920169019806275 474
1757594502624 2.9168305327424173 475
1757594502636 2.9134964946292428 476
1757594502647 2.9101668966933794 477
1757594502658 2.9068417302163927 478
1757594502670 2.9035209865339064 479
1757594502682 2.900204657034723 480
1757594502693 2.8968927331600587 481
1757594502705 2.893585206402669 482
1757594502717 2.8902820683060675 483
1757594502729 2.886983310463797 484
1757594502740 2.8836889245186175 485
1757594502752 2.8803989021617635 486
1757594502764 2.8771132351322186 487
1757594502778 2.873831915216012 488
1757594502790 2.8705549342455154 489
1757594502802 2.8672822840987138 490
1757594502814 2.8640139566986016 491
1757594502826 2.8607499440124453 492
1757594502837 2.857490238051186 493
1757594502849 2.854234830868788 494
1757594502861 2.8509837145616346 495
1757594502873 2.8477368812678585 496
1757594502884 2.844494323166847 497
1757594502895 2.8412560324785496 498
1757594502907 2.8380220014629463 499
