1757517773882 169.32394565039053 0
1757517773891 163.02950045850827 1
1757517773899 151.5275387642017 2
1757517773908 136.13856795860525 3
1757517773916 118.2691049819559 4
1757517773924 99.28634579118939 5
1757517773932 80.42007920107227 6
1757517773941 62.69388582976773 7
1757517773949 46.88510814396022 8
1757517773958 33.511045322148426 9
1757517773968 22.83736884765507 10
1757517773976 14.90387079665629 11
1757517773984 9.56230350503876 12
1757517773993 6.521172197624626 13
1757517774001 5.392806958650011 14
1757517774010 5.738763805656806 15
1757517774021 7.110483675419104 16
1757517774030 9.083077888889557 17
1757517774038 11.28102770941228 18
1757517774046 13.395419541768204 19
1757517774055 15.193040316973466 20
1757517774063 16.518202307822943 21
1757517774071 17.28854264991177 22
1757517774080 17.486254359288694 23
1757517774088 17.146268254762333 24
1757517774096 16.342842638118576 25
1757517774104 15.175858389788603 26
1757517774113 13.757891594703421 27
1757517774121 12.202873387636474 28
1757517774130 10.616873996695427 29
1757517774138 9.091287262012505 30
1757517774146 7.698460363067444 31
1757517774154 6.489622807885327 32
1757517774163 5.494825346839038 33
1757517774171 4.7245050467159455 34
1757517774179 4.172244999122817 35
1757517774188 3.8182906998377897 36
1757517774196 3.6334126160758053 37
1757517774204 3.582757331764297 38
1757517774213 3.6293991323967716 39
1757517774221 3.73738160473745 40
1757517774229 3.874117404947328 41
1757517774238 4.01208775665335 42
1757517774246 4.1298469804594005 43
1757517774254 4.212388510854437 44
1757517774263 4.250966004618312 45
1757517774271 4.2424861833933525 46
1757517774279 4.188599952905839 47
1757517774288 4.094616870007622 48
1757517774296 3.9683574667422485 49
1757517774305 3.8190408131805285 50
1757517774313 3.656283542316454 51
1757517774321 3.489263723500176 52
1757517774329 3.3260804852886325 53
1757517774338 3.173319770590297 54
1757517774346 3.0358192176412953 55
1757517774354 2.9166116053948037 56
1757517774363 2.8170168656887626 57
1757517774371 2.7368472690887247 58
1757517774379 2.6746886711003683 59
1757517774387 2.628222089629067 60
1757517774396 2.5945536786759633 61
1757517774404 2.570526624733405 62
1757517774412 2.5529948952125627 63
1757517774421 2.539045454271079 64
1757517774429 2.526161976461456 65
1757517774438 2.5123288042622196 66
1757517774446 2.4960786171961566 67
1757517774455 2.4764908437041244 68
1757517774463 2.453150205924178 69
1757517774472 2.426075994631931 70
1757517774480 2.395632855601253 71
1757517774489 2.3624332103539323 72
1757517774497 2.3272401431202607 73
1757517774506 2.290877878771697 74
1757517774515 2.254155060320735 75
1757517774523 2.2178040924332105 76
1757517774532 2.1824379995197987 77
1757517774540 2.1485246657556107 78
1757517774549 2.1163770531463246 79
1757517774557 2.0861570687166497 80
1757517774566 2.057890176469165 81
1757517774574 2.031487600576347 82
1757517774583 2.0067729999940855 83
1757517774591 1.9835107550666033 84
1757517774599 1.9614334312128374 85
1757517774608 1.9402665105303287 86
1757517774616 1.9197490505950277 87
1757517774624 1.8996494902709231 88
1757517774633 1.8797763345749385 89
1757517774642 1.8599838854576407 90
1757517774650 1.840173524966823 91
1757517774659 1.8202912943641136 92
1757517774667 1.8003226491197193 93
1757517774676 1.7802853142712294 94
1757517774684 1.7602211315155438 95
1757517774703 1.7401876958495974 96
1757517774713 1.7202504440713773 97
1757517774724 1.7004756981072293 98
1757517774733 1.6809249993964515 99
1757517774742 1.6616509103193338 100
1757517774751 1.6426943156560805 101
1757517774760 1.624083138736101 102
1757517774768 1.6058322974484203 103
1757517774777 1.5879446658537706 104
1757517774786 1.5704127765078777 105
1757517774794 1.5532209935982573 106
1757517774803 1.536347903125785 107
1757517774811 1.5197686984086467 108
1757517774820 1.5034573817341368 109
1757517774829 1.4873886508571703 110
1757517774838 1.4715393876529397 111
1757517774846 1.455889711799674 112
1757517774855 1.4404236020647319 113
1757517774864 1.4251291197378713 114
1757517774873 1.4099982920739464 115
1757517774882 1.3950267281706608 116
1757517774890 1.380213046085651 117
1757517774899 1.3655581892666826 118
1757517774908 1.3510647039305976 119
1757517774917 1.336736038444785 120
1757517774926 1.322575912615204 121
1757517774934 1.3085877905381764 122
1757517774943 1.2947744766009286 123
1757517774952 1.2811378413390564 124
1757517774961 1.2676786729121619 125
1757517774970 1.2543966413965963 126
1757517774979 1.2412903571036178 127
1757517774987 1.2283575006749776 128
1757517774996 1.2155950015635768 129
1757517775006 1.2029992423236986 130
1757517775016 1.1905662684809624 131
1757517775025 1.1782919871630715 132
1757517775037 1.1661723416924261 133
1757517775046 1.1542034535558754 134
1757517775055 1.142381727224433 135
1757517775064 1.1307039169235849 136
1757517775073 1.1191671574638933 137
1757517775082 1.1077689635245624 138
1757517775091 1.0965072033065257 139
1757517775100 1.0853800532670905 140
1757517775109 1.0743859407927265 141
1757517775119 1.0635234812735328 142
1757517775128 1.0527914152426656 143
1757517775154 1.0421885501734698 144
1757517775167 1.0317137103169323 145
1757517775176 1.021365696728796 146
1757517775185 1.0111432584760227 147
1757517775195 1.0010450749974162 148
1757517775203 0.9910697487729468 149
1757517775212 0.9812158068530279 150
1757517775221 0.9714817094181342 151
1757517775230 0.9618658633655602 152
1757517775239 0.9523666389286275 153
1757517775249 0.9429823874881025 154
1757517775257 0.9337114589976756 155
1757517775266 0.9245522177747117 156
1757517775275 0.9155030557669865 157
1757517775284 0.9065624027633753 158
1757517775293 0.8977287333455005 159
1757517775302 0.8890005706584709 160
1757517775311 0.8803764873012966 161
1757517775320 0.8718551037946722 162
1757517775329 0.8634350851775614 163
1757517775339 0.8551151363184829 164
1757517775348 0.8468939965120619 165
1757517775357 0.8387704338761599 166
1757517775366 0.8307432399822173 167
1757517775375 0.8228112250519681 168
1757517775384 0.8149732139486722 169
1757517775393 0.8072280430886053 170
1757517775403 0.7995745583068293 171
1757517775412 0.7920116136339183 172
1757517775421 0.7845380708813764 173
1757517775430 0.7771527998931544 174
1757517775439 0.7698546792986313 175
1757517775448 0.762642597597104 176
1757517775457 0.7555154544116599 177
1757517775466 0.7484721617694384 178
1757517775475 0.7415116452906253 179
1757517775485 0.7346328451984374 180
1757517775494 0.7278347170926972 181
1757517775504 0.7211162324585375 182
1757517775513 0.7144763789073934 183
1757517775522 0.7079141601681178 184
1757517775531 0.7014285958617864 185
1757517775540 0.6950187211036399 186
1757517775549 0.6886835859805097 187
1757517775558 0.6824222549525008 188
1757517775567 0.6762338062241607 189
1757517775576 0.6701173311243234 190
1757517775585 0.6640719335259258 191
1757517775594 0.6580967293282672 192
1757517775604 0.6521908460155703 193
1757517775613 0.6463534222974061 194
1757517775622 0.6405836078297 195
1757517775632 0.63488056300939 196
1757517775641 0.6292434588318289 197
1757517775651 0.6236714767975836 198
1757517775660 0.6181638088543889 199
1757517775669 0.6127196573601832 200
1757517775678 0.6073382350545607 201
1757517775687 0.6020187650278654 202
1757517775696 0.5967604806795386 203
1757517775705 0.5915626256600214 204
1757517775715 0.586424453792887 205
1757517775724 0.581345228976231 206
1757517775734 0.5763242250641868 207
1757517775743 0.571360725731047 208
1757517775752 0.5664540243212824 209
1757517775762 0.5616034236894898 210
1757517775771 0.5568082360343845 211
1757517775781 0.5520677827307421 212
1757517775790 0.5473813941628065 213
1757517775799 0.5427484095619974 214
1757517775809 0.5381681768511123 215
1757517775818 0.5336400524963218 216
1757517775827 0.5291634013677521 217
1757517775836 0.5247375966086013 218
1757517775846 0.5203620195123739 219
1757517775855 0.5160360594073988 220
1757517775865 0.5117591135474456 221
1757517775874 0.507530587007322 222
1757517775883 0.5033498925821229 223
1757517775893 0.49921645068903525 224
1757517775902 0.49512968927065354 225
1757517775912 0.4910890436990505 226
1757517775921 0.4870939566799541 227
1757517775930 0.48314387815670673 228
1757517775939 0.47923826521379087 229
1757517775949 0.4753765819799723 230
1757517775958 0.4715582995311605 231
1757517775968 0.4677828957932594 232
1757517775977 0.4640498554452965 233
1757517775987 0.46035866982316453 234
1757517775996 0.45670883682431657 235
1757517776006 0.4530998608136689 236
1757517776015 0.449531252530996 237
1757517776024 0.44600252899999066 238
1757517776034 0.4425132134390919 239
1757517776043 0.4390628351741697 240
1757517776053 0.4356509295530599 241
1757517776063 0.43227703786189225 242
1757517776072 0.42894070724315064 243
1757517776082 0.42564149061537154 244
1757517776091 0.4223789465943008 245
1757517776101 0.4191526394154687 246
1757517776110 0.41596213885801253 247
1757517776120 0.4128070201696528 248
1757517776132 0.4096868639927238 249
1757517776142 0.4066012562912307 250
1757517776151 0.40354978827878774 251
1757517776161 0.4005320563475278 252
1757517776170 0.3975476619978256 253
1757517776180 0.39459621176896675 254
1757517776189 0.3916773171706408 255
1757517776199 0.38879059461537363 256
1757517776208 0.3859356653518231 257
1757517776218 0.3831121553990413 258
1757517776227 0.3803196954816324 259
1757517776237 0.37755792096588225 260
1757517776247 0.3748264717968072 261
1757517776256 0.37212499243618985 262
1757517776266 0.36945313180152267 263
1757517776276 0.366810543205895 264
1757517776285 0.3641968842988059 265
1757517776295 0.3616118170078777 266
1757517776304 0.3590550074814209 267
1757517776314 0.3565261260319042 268
1757517776324 0.3540248470802157 269
1757517776333 0.3515508491007821 270
1757517776343 0.34910381456744327 271
1757517776353 0.346683429900129 272
1757517776362 0.34428938541229 273
1757517776372 0.34192137525906746 274
1757517776382 0.3395790973861912 275
1757517776391 0.3372622534796059 276
1757517776401 0.3349705489157963 277
1757517776413 0.33270369271280575 278
1757517776425 0.330461397481952 279
1757517776437 0.32824337938022935 280
1757517776448 0.3260493580633631 281
1757517776459 0.3238790566395456 282
1757517776471 0.3217322016238267 283
1757517776482 0.3196085228931489 284
1757517776494 0.31750775364202305 285
1757517776506 0.3154296303388378 286
1757517776518 0.3133738926827926 287
1757517776529 0.3113402835614424 288
1757517776541 0.30932854900883644 289
1757517776552 0.3073384381642722 290
1757517776564 0.30536970323161405 291
1757517776575 0.30342209943919457 292
1757517776586 0.3014953850002802 293
1757517776598 0.2995893210740953 294
1757517776609 0.2977036717273885 295
1757517776621 0.29583820389654697 296
1757517776631 0.29399268735022055 297
1757517776642 0.2921668946524891 298
1757517776654 0.29036060112654155 299
1757517776665 0.28857358481884066 300
1757517776675 0.2868056264638066 301
1757517776686 0.2850565094489886 302
1757517776697 0.28332601978071265 303
1757517776707 0.2816139460502112 304
1757517776717 0.2799200794002215 305
1757517776730 0.27824421349205564 306
1757517776742 0.2765861444731065 307
1757517776753 0.27494567094482925 308
1757517776763 0.2733225939311458 309
1757517776773 0.271716716847301 310
1757517776783 0.2701278454691336 311
1757517776794 0.2685557879027826 312
1757517776804 0.267000354554817 313
1757517776814 0.2654613581027511 314
1757517776824 0.26393861346600406 315
1757517776834 0.26243193777721296 316
1757517776843 0.2609411503539823 317
1757517776853 0.2594660726709922 318
1757517776863 0.25800652833250004 319
1757517776873 0.2565623430452167 320
1757517776884 0.25513334459155174 321
1757517776894 0.2537193628032256 322
1757517776903 0.25232022953523625 323
1757517776913 0.2509357786401913 324
1757517776923 0.24956584594297712 325
1757517776933 0.24821026921577735 326
1757517776943 0.24686888815343572 327
1757517776954 0.24554154434914402 328
1757517776964 0.2442280812704646 329
1757517776974 0.24292834423567572 330
1757517776984 0.24164218039043964 331
1757517776994 0.2403694386847828 332
1757517777005 0.23910996985039107 333
1757517777016 0.2378636263781981 334
1757517777027 0.23663026249629945 335
1757517777037 0.23540973414814187 336
1757517777047 0.23420189897101454 337
1757517777058 0.23300661627483168 338
1757517777069 0.23182374702119446 339
1757517777079 0.23065315380273746 340
1757517777090 0.22949470082274812 341
1757517777100 0.22834825387506522 342
1757517777110 0.22721368032424175 343
1757517777120 0.22609084908596294 344
1757517777131 0.2249796306077504 345
1757517777141 0.2238798968498983 346
1757517777152 0.2227915212666761 347
1757517777162 0.22171437878777625 348
1757517777173 0.22064834580001577 349
1757517777184 0.21959330012927158 350
1757517777194 0.21854912102265753 351
1757517777205 0.21751568913094538 352
1757517777216 0.2164928864912084 353
1757517777226 0.21548059650969603 354
1757517777236 0.2144787039449438 355
1757517777246 0.21348709489109416 356
1757517777257 0.2125056567614454 357
1757517777267 0.21153427827221208 358
1757517777277 0.21057284942650267 359
1757517777288 0.20962126149850852 360
1757517777298 0.20867940701789658 361
1757517777309 0.20774717975440776 362
1757517777319 0.20682447470265836 363
1757517777329 0.20591118806714784 364
1757517777340 0.205007217247443 365
1757517777350 0.20411246082357734 366
1757517777360 0.20322681854162955 367
1757517777371 0.2023501912994921 368
1757517777381 0.20148248113282566 369
1757517777391 0.20062359120119616 370
1757517777402 0.19977342577439589 371
1757517777413 0.1989318902189328 372
1757517777424 0.1980988909847074 373
1757517777436 0.1972743355918544 374
1757517777447 0.19645813261775358 375
1757517777459 0.19565019168422132 376
1757517777471 0.1948504234448449 377
1757517777482 0.19405873957251257 378
1757517777495 0.19327505274706927 379
1757517777507 0.19249927664315747 380
1757517777519 0.1917313259182081 381
1757517777529 0.19097111620057533 382
1757517777540 0.19021856407784213 383
1757517777550 0.18947358708526157 384
1757517777561 0.18873610369435237 385
1757517777571 0.18800603330163995 386
1757517777582 0.18728329621754475 387
1757517777592 0.1865678136554056 388
1757517777602 0.1858595077206514 389
1757517777613 0.18515830140010694 390
1757517777623 0.18446411855143557 391
1757517777634 0.18377688389271699 392
1757517777644 0.183096522992158 393
1757517777655 0.18242296225793528 394
1757517777665 0.18175612892816922 395
1757517777676 0.18109595106101403 396
1757517777686 0.180442357524891 397
1757517777696 0.17979527798883177 398
1757517777707 0.17915464291295172 399
1757517777717 0.17852038353904082 400
1757517777728 0.17789243188127377 401
1757517777738 0.17727072071703912 402
1757517777749 0.1766551835778811 403
1757517777760 0.17604575474055706 404
1757517777770 0.17544236921821857 405
1757517777780 0.17484496275167766 406
1757517777791 0.1742534718008133 407
1757517777802 0.17366783353606066 408
1757517777812 0.17308798583002685 409
1757517777823 0.17251386724920006 410
1757517777834 0.17194541704576322 411
1757517777844 0.17138257514951824 412
1757517777855 0.1708252821599045 413
1757517777865 0.17027347933811704 414
1757517777876 0.16972710859932727 415
1757517777887 0.16918611250499924 416
1757517777897 0.16865043425529935 417
1757517777909 0.16812001768160703 418
1757517777919 0.1675948072391076 419
1757517777930 0.16707474799949285 420
1757517777940 0.16655978564373516 421
1757517777951 0.16604986645496803 422
1757517777962 0.16554493731144138 423
1757517777972 0.16504494567957226 424
1757517777983 0.16454983960708086 425
1757517777994 0.164059567716206 426
1757517778004 0.16357407919701142 427
1757517778015 0.1630933238007748 428
1757517778026 0.1626172518334495 429
1757517778037 0.16214581414921814 430
1757517778047 0.16167896214411917 431
1757517778058 0.16121664774975347 432
1757517778068 0.1607588234270688 433
1757517778079 0.16030544216022258 434
1757517778090 0.15985645745051455 435
1757517778100 0.15941182331039844 436
1757517778111 0.15897149425756976 437
1757517778121 0.15853542530911807 438
1757517778132 0.1581035719757564 439
1757517778142 0.15767589025612325 440
1757517778153 0.1572523366311473 441
1757517778164 0.15683286805848798 442
1757517778174 0.15641744196703997 443
1757517778185 0.1560060162515047 444
1757517778196 0.15559854926703276 445
1757517778206 0.15519499982392196 446
1757517778217 0.15479532718239325 447
1757517778228 0.15439949104741776 448
1757517778238 0.15400745156361226 449
1757517778249 0.15361916931019937 450
1757517778260 0.15323460529602315 451
1757517778271 0.15285372095462746 452
1757517778282 0.15247647813939605 453
1757517778293 0.15210283911874983 454
1757517778304 0.1517327665713984 455
1757517778315 0.15136622358165974 456
1757517778326 0.15100317363482124 457
1757517778337 0.15064358061257188 458
1757517778348 0.15028740878847663 459
1757517778358 0.14993462282351824 460
1757517778369 0.14958518776167581 461
1757517778380 0.14923906902557776 462
1757517778391 0.14889623241218747 463
1757517778402 0.14855664408855201 464
1757517778412 0.14822027058760043 465
1757517778423 0.14788707880398808 466
1757517778434 0.14755703598999625 467
1757517778445 0.1472301097514738 468
1757517778456 0.14690626804383888 469
1757517778466 0.14658547916811526 470
1757517778477 0.14626771176702683 471
1757517778488 0.14595293482112948 472
1757517778499 0.14564111764499793 473
1757517778510 0.1453322298834507 474
1757517778521 0.14502624150782648 475
1757517778532 0.1447231228123001 476
1757517778543 0.14442284441023995 477
1757517778554 0.14412537723061924 478
1757517778565 0.14383069251445996 479
1757517778575 0.14353876181132055 480
1757517778586 0.14324955697583 481
1757517778597 0.14296305016426053 482
1757517778608 0.14267921383113435 483
1757517778619 0.1423980207258848 484
1757517778630 0.14211944388954273 485
1757517778641 0.14184345665146972 486
1757517778652 0.14157003262613077 487
1757517778663 0.1412991457098979 488
1757517778674 0.14103077007790016 489
1757517778685 0.14076488018090372 490
1757517778696 0.14050145074223355 491
1757517778707 0.14024045675472827 492
1757517778718 0.1399818734777335 493
1757517778729 0.1397256764341262 494
1757517778740 0.1394718414073797 495
1757517778751 0.1392203444386577 496
1757517778762 0.13897116182394784 497
1757517778773 0.13872427011122124 498
1757517778788 0.138479646097636 499
