1757594700822 157.6281524147961 0
1757594700831 156.1071991090251 1
1757594700840 152.11823037197462 2
1757594700849 146.3356762597633 3
1757594700858 140.2672288597221 4
1757594700868 138.94734937300797 5
1757594700877 131.7981743697692 6
1757594700886 125.99046655548328 7
1757594700895 118.32076178229863 8
1757594700904 115.31522529587093 9
1757594700913 116.44006776707741 10
1757594700922 108.34771675635305 11
1757594700931 109.09092814534905 12
1757594700940 109.93304101698432 13
1757594700949 102.11565248515195 14
1757594700958 103.53085517977874 15
1757594700967 95.44850625205565 16
1757594700976 92.75382182155062 17
1757594700986 87.11914636125094 18
1757594700995 84.38399362958765 19
1757594701004 83.84003772945955 20
1757594701014 81.57326147736926 21
1757594701023 84.66090036938056 22
1757594701033 73.82907540819313 23
1757594701042 79.44651439842487 24
1757594701052 75.39375608830747 25
1757594701061 72.695424778832 26
1757594701070 65.17918947085059 27
1757594701080 65.54238359633574 28
1757594701089 57.54429607035425 29
1757594701098 62.09287197401615 30
1757594701107 61.46356076457556 31
1757594701116 53.32127433451148 32
1757594701126 62.32382016868582 33
1757594701135 59.53823549548353 34
1757594701145 60.510028851857186 35
1757594701154 53.254417518609905 36
1757594701163 48.57720308110483 37
1757594701173 47.53691628186522 38
1757594701182 45.94112324176984 39
1757594701191 43.80771721625088 40
1757594701201 48.03706363103546 41
1757594701210 46.63048241086043 42
1757594701219 41.620621267482306 43
1757594701229 41.337588749288486 44
1757594701238 37.58406616360779 45
1757594701247 35.11392502351899 46
1757594701257 32.22954139910749 47
1757594701267 32.85399174085947 48
1757594701276 38.83191973893696 49
1757594701286 27.85229859292945 50
1757594701296 39.478969010524665 51
1757594701305 31.202971212279067 52
1757594701314 38.65546001958213 53
1757594701324 37.00582608069523 54
1757594701333 24.250144151624063 55
1757594701342 28.92857067073585 56
1757594701352 27.171542057031054 57
1757594701361 23.341899294850016 58
1757594701370 27.233731615667875 59
1757594701380 23.97024313946283 60
1757594701389 23.04390414848751 61
1757594701398 21.733530666174886 62
1757594701408 26.353822278005943 63
1757594701418 22.869193407593126 64
1757594701427 24.68615068448319 65
1757594701437 22.354133006296784 66
1757594701446 21.618629380643902 67
1757594701456 21.072191226102756 68
1757594701465 12.772317327250418 69
1757594701475 17.84264711271182 70
1757594701485 22.98069857669355 71
1757594701495 22.799591564690463 72
1757594701504 15.271773714428104 73
1757594701514 19.099301409512368 74
1757594701524 13.57757203763019 75
1757594701533 23.87424537197303 76
1757594701543 11.34030955314967 77
1757594701552 22.163457545044317 78
1757594701562 21.24332251733338 79
1757594701572 14.491442589865196 80
1757594701581 10.436995593230863 81
1757594701591 12.604327381051561 82
1757594701600 14.38192240119322 83
1757594701610 15.921073347096591 84
1757594701619 15.223320646828672 85
1757594701629 15.575356587636048 86
1757594701638 9.274201873453855 87
1757594701648 14.246412893371938 88
1757594701658 14.07792160045149 89
1757594701667 13.145015378301423 90
1757594701677 14.551885936246164 91
1757594701686 12.263839877201939 92
1757594701696 7.221993199861679 93
1757594701705 8.778977000667103 94
1757594701715 11.856617329235334 95
1757594701725 12.641804125137964 96
1757594701734 6.293861951851162 97
1757594701744 12.1166492199291 98
1757594701754 10.482828779490362 99
1757594701764 5.395804305126198 100
1757594701773 7.0728460885621365 101
1757594701783 11.869366843248981 102
1757594701793 14.313438459941848 103
1757594701803 11.00272227366348 104
1757594701812 6.21281813339372 105
1757594701822 13.215438875619707 106
1757594701832 7.897772384265849 107
1757594701842 6.135243357051093 108
1757594701851 4.510346726548244 109
1757594701861 7.359805614781764 110
1757594701871 6.416364148917864 111
1757594701881 9.152872736201243 112
1757594701891 9.542674929102416 113
1757594701900 8.347114508080486 114
1757594701910 9.336093124956228 115
1757594701920 2.6466773474781142 116
1757594701930 12.566562266698226 117
1757594701940 9.248096355400435 118
1757594701949 10.68641134279989 119
1757594701959 4.333881127400561 120
1757594701969 5.91666120555284 121
1757594701978 9.219988471121795 122
1757594701988 6.87941388066262 123
1757594701998 8.104576953495776 124
1757594702008 7.143983103779915 125
1757594702018 6.168562675481408 126
1757594702028 9.910867936664129 127
1757594702039 8.239182660762522 128
1757594702049 5.883044860224205 129
1757594702064 11.68446794121494 130
1757594702090 5.756701093514143 131
1757594702101 5.727887296669805 132
1757594702111 6.159569933259622 133
1757594702121 5.931069764153381 134
1757594702131 4.472982029101579 135
1757594702141 1.1728402835597342 136
1757594702152 7.703949645406146 137
1757594702162 2.6869411704607904 138
1757594702172 5.025894854307259 139
1757594702181 0.880241235274215 140
1757594702191 7.169162971744013 141
1757594702201 4.192854771133747 142
1757594702212 4.628146876038977 143
1757594702222 4.976212696094774 144
1757594702231 3.2104478943257404 145
1757594702241 4.960368047790547 146
1757594702251 3.282095382953229 147
1757594702261 4.117247096943666 148
1757594702271 4.781543602407849 149
1757594702281 2.504097155337812 150
1757594702291 3.4376949595319757 151
1757594702301 3.3271333626999047 152
1757594702311 2.808154106522289 153
1757594702321 6.793126835340128 154
1757594702332 5.2854597485031825 155
1757594702341 9.488153980533573 156
1757594702352 3.654263635077181 157
1757594702362 4.185656215713539 158
1757594702372 3.9298221344498234 159
1757594702382 3.5146449137152556 160
1757594702392 2.3167508919542223 161
1757594702402 4.228160930202429 162
1757594702412 9.017301117748236 163
1757594702422 3.4004533262151924 164
1757594702432 3.837438940108395 165
1757594702442 3.3455106680558884 166
1757594702452 4.927059197138363 167
1757594702462 3.7642297795910094 168
1757594702472 3.650983285968278 169
1757594702482 1.8962210439674494 170
1757594702492 4.871721954919819 171
1757594702503 5.785290625940235 172
1757594702513 3.7664318327686224 173
1757594702523 5.806904214275183 174
1757594702533 4.540807478471504 175
1757594702543 2.3242615392533734 176
1757594702553 3.8017389493661486 177
1757594702563 3.8020613291183 178
1757594702574 4.739432735074342 179
1757594702584 3.171954666529492 180
1757594702594 3.6582304706071245 181
1757594702605 6.994911839140513 182
1757594702615 4.114039009171082 183
1757594702625 1.546083734173364 184
1757594702635 5.019186257903448 185
1757594702645 4.425096933522557 186
1757594702655 1.9712071606973833 187
1757594702666 1.5805726697664098 188
1757594702676 2.5753443803935476 189
1757594702686 3.399020321189184 190
1757594702696 6.128847781567679 191
1757594702707 2.665535693650424 192
1757594702717 5.005420854838226 193
1757594702727 3.6925531870395614 194
1757594702737 7.531736889089813 195
1757594702747 5.188181452986537 196
1757594702758 3.7289871377430135 197
1757594702768 4.093219533667778 198
1757594702778 2.7066834686318075 199
1757594702788 10.788309397499846 200
1757594702799 4.927599469604595 201
1757594702809 4.939412324952681 202
1757594702819 3.012271545864949 203
1757594702829 3.4418376881812494 204
1757594702840 2.798169259896087 205
1757594702852 1.172614083105208 206
1757594702863 7.4357589136001065 207
1757594702873 5.061977747932176 208
1757594702884 1.5151887873519716 209
1757594702895 2.4205979737744365 210
1757594702906 5.873806709711071 211
1757594702916 4.368813512067988 212
1757594702926 5.3125035033366235 213
1757594702937 2.533165525224648 214
1757594702952 4.528306514402895 215
1757594702963 5.8926220873064405 216
1757594702973 5.627821178590081 217
1757594702984 0.5947778265044096 218
1757594702994 4.852165158519655 219
1757594703005 7.770807999670994 220
1757594703015 2.6840517072893864 221
1757594703026 2.5305081470917594 222
1757594703037 4.660602892868901 223
1757594703047 3.3833501439893103 224
1757594703057 6.125531102289105 225
1757594703068 5.060554604676741 226
1757594703079 4.0220083931554464 227
1757594703089 3.630714994896252 228
1757594703100 4.582658201335806 229
1757594703110 3.4013905297118487 230
1757594703121 0.8988837406000831 231
1757594703132 5.347580675547103 232
1757594703142 1.63338879635812 233
1757594703153 3.880408171517399 234
1757594703163 0.6014158830554651 235
1757594703174 5.3517709236985365 236
1757594703185 4.212990321445828 237
1757594703195 3.484738255345676 238
1757594703206 3.268733127290387 239
1757594703217 5.061747824184257 240
1757594703228 3.6898034719791393 241
1757594703239 3.3550770422249157 242
1757594703249 4.893811532287518 243
1757594703260 4.627557236645397 244
1757594703271 3.5303336781644585 245
1757594703281 5.369191648428372 246
1757594703292 2.555816274690205 247
1757594703303 4.4326210781652255 248
1757594703314 4.904794714301193 249
1757594703325 4.297005056906022 250
1757594703335 3.0139988157445474 251
1757594703346 3.8615531945506336 252
1757594703357 5.323567694944143 253
1757594703367 4.588960170249949 254
1757594703378 4.434886754789909 255
1757594703389 0.8125633045326425 256
1757594703400 3.626165946059687 257
1757594703411 1.4482168438788696 258
1757594703422 1.3788640472815754 259
1757594703433 4.7480656663728364 260
1757594703444 3.7395439170570186 261
1757594703454 3.6611817554697406 262
1757594703465 2.6167865244961908 263
1757594703476 2.406389648888679 264
1757594703487 0.9971215269151423 265
1757594703498 3.01721783508965 266
1757594703510 3.2006997825799965 267
1757594703521 2.2655777384235116 268
1757594703532 3.9410583551625042 269
1757594703543 3.640058404820059 270
1757594703554 5.778970376302232 271
1757594703565 2.8745057036688073 272
1757594703576 2.7938081994641624 273
1757594703587 3.863412004291994 274
1757594703598 4.1537294273709255 275
1757594703609 2.1410171663806894 276
1757594703620 3.0164442216873733 277
1757594703630 4.459328691883913 278
1757594703641 3.1415974016169788 279
1757594703652 1.070627436201522 280
1757594703663 3.091226721108279 281
1757594703674 3.527305846218081 282
1757594703685 3.3282599253613534 283
1757594703696 4.00158216185327 284
1757594703707 2.9576423701734176 285
1757594703717 3.1819048542460657 286
1757594703728 4.508538558565774 287
1757594703740 2.9477977873460763 288
1757594703751 5.096530199756188 289
1757594703761 3.0008710363077027 290
1757594703772 2.303410938241512 291
1757594703783 3.283415306396119 292
1757594703794 1.1124267736867604 293
1757594703806 4.866698247676553 294
1757594703816 5.378427905690454 295
1757594703828 3.6681641767724655 296
1757594703838 1.7552611156174904 297
1757594703849 4.329610091618417 298
1757594703860 1.324765329251555 299
1757594703871 2.071651369273361 300
1757594703882 4.218594066378198 301
1757594703893 3.0908730181649795 302
1757594703904 4.35684445933621 303
1757594703915 1.8831664969880741 304
1757594703926 4.853354751939935 305
1757594703937 4.235104026688425 306
1757594703947 6.103320827443539 307
1757594703959 2.4563792460500653 308
1757594703970 2.3882818521547406 309
1757594703981 2.814463873051029 310
1757594703992 2.558183662193728 311
1757594704003 5.44842388704529 312
1757594704014 1.1375405677199366 313
1757594704025 2.4374442847818587 314
1757594704036 2.6108218268463266 315
1757594704048 2.754472134102872 316
1757594704059 3.191655920916305 317
1757594704070 3.442115822598346 318
1757594704081 5.1332202499095425 319
1757594704093 3.3340916942488596 320
1757594704104 2.5513676225824087 321
1757594704115 3.1540250485363086 322
1757594704126 3.2300096673392553 323
1757594704138 2.238037992535175 324
1757594704149 6.172651309009733 325
1757594704160 2.149207125382233 326
1757594704171 4.039536783444961 327
1757594704182 1.3940916979170621 328
1757594704194 5.369179621508071 329
1757594704205 3.0555551488180184 330
1757594704216 5.478380246109883 331
1757594704227 3.3581733339149915 332
1757594704243 2.497304669405445 333
1757594704256 4.639021294095815 334
1757594704268 6.33751619176116 335
1757594704279 2.3558484395057726 336
1757594704291 3.371967416343926 337
1757594704303 3.716277364250142 338
1757594704314 4.7802494192475455 339
1757594704326 1.5631185474459617 340
1757594704337 2.1565814556054397 341
1757594704349 5.452186570485923 342
1757594704360 3.5714550949966894 343
1757594704371 2.076638777754186 344
1757594704383 1.3589523576394764 345
1757594704394 4.047858356511134 346
1757594704406 5.093973138187154 347
1757594704417 2.720807130384235 348
1757594704429 3.106173282313815 349
1757594704440 4.8378605267172725 350
1757594704451 1.7119764702029805 351
1757594704462 4.922016689210127 352
1757594704474 3.267113175377582 353
1757594704485 2.5425499698562812 354
1757594704497 4.5618744194539325 355
1757594704508 4.625217699629085 356
1757594704519 3.3604619109863005 357
1757594704531 1.672825962483654 358
1757594704542 3.3812525833336524 359
1757594704554 3.2499737042484043 360
1757594704565 3.5143847295203563 361
1757594704577 4.458330055965656 362
1757594704588 6.484857901628144 363
1757594704600 3.840214486442002 364
1757594704611 2.4789815729989817 365
1757594704622 3.514197726660078 366
1757594704634 3.10944910229825 367
1757594704645 3.865800490927352 368
1757594704657 4.111434699326558 369
1757594704668 4.39554091117795 370
1757594704680 4.642252650800752 371
1757594704691 3.4610019086138903 372
1757594704703 2.2524694666875757 373
1757594704714 2.5770232456978475 374
1757594704726 6.227150048180226 375
1757594704737 2.1837839811966373 376
1757594704748 3.466500118917486 377
1757594704760 5.191732329827978 378
1757594704771 2.087549890994028 379
1757594704783 4.167329493302619 380
1757594704794 2.083377351973574 381
1757594704806 4.226196297158724 382
1757594704817 3.4833273988226092 383
1757594704829 3.346798104422701 384
1757594704841 1.4021958565932868 385
1757594704852 1.8880384003569581 386
1757594704864 2.9362496446308755 387
1757594704875 4.407977570081755 388
1757594704887 1.4558968462556579 389
1757594704898 2.59443365524068 390
1757594704910 3.0631442268444857 391
1757594704922 2.1957176708561774 392
1757594704934 3.5630725095339786 393
1757594704945 3.4354940304384085 394
1757594704957 3.153996189522794 395
1757594704968 4.9972293410999375 396
1757594704980 3.1949136679997294 397
1757594704991 3.1773771209481847 398
1757594705003 6.313390564065511 399
1757594705015 3.1109998592219816 400
1757594705026 2.5758052287596924 401
1757594705038 3.339489060291428 402
1757594705049 2.937383357140107 403
1757594705061 3.740853599875427 404
1757594705073 1.7008263100335483 405
1757594705084 2.583339080735087 406
1757594705096 2.639740752971541 407
1757594705108 2.4665272601044212 408
1757594705119 2.5035931679613963 409
1757594705131 2.8080809905659954 410
1757594705143 6.628063584549272 411
1757594705154 1.7360120232336034 412
1757594705166 5.219580058020254 413
1757594705177 3.3130061778898106 414
1757594705189 7.42857186811407 415
1757594705200 2.922279033308214 416
1757594705212 4.36560654339796 417
1757594705223 4.339718068321917 418
1757594705235 2.5301396937954586 419
1757594705247 3.5676356529421644 420
1757594705258 1.4777468240448808 421
1757594705270 1.6656278360661076 422
1757594705282 1.7806458513269785 423
1757594705293 1.9952210779560167 424
1757594705305 3.029930880368731 425
1757594705316 2.4676028666068306 426
1757594705328 0.6137763513388359 427
1757594705340 3.5310889571513475 428
1757594705352 1.9889896553466375 429
1757594705364 2.263321708449277 430
1757594705376 4.045809790692395 431
1757594705387 4.210682334980196 432
1757594705400 1.7499626505871366 433
1757594705420 1.8768680134178273 434
1757594705435 3.2002536470548493 435
1757594705447 1.663607530213265 436
1757594705459 4.142716044267507 437
1757594705471 2.705329366885162 438
1757594705483 5.027457711428149 439
1757594705495 4.850086509512145 440
1757594705507 1.9428151686423147 441
1757594705520 2.4425797950217367 442
1757594705533 4.399872355668685 443
1757594705545 2.477476214569557 444
1757594705557 2.029885857057315 445
1757594705569 3.3918240965102155 446
1757594705581 2.497430619141755 447
1757594705593 4.980124794344258 448
1757594705605 3.277992908990177 449
1757594705618 7.8899270434366295 450
1757594705630 1.4872839509899018 451
1757594705642 3.8556944305772363 452
1757594705654 4.1026375977206575 453
1757594705666 2.8419145554237053 454
1757594705678 2.758622619530691 455
1757594705691 3.2856879730894124 456
1757594705703 2.8791445173003645 457
1757594705715 1.4365586984777168 458
1757594705727 6.421952427201326 459
1757594705738 3.545794721289755 460
1757594705750 4.632056479372718 461
1757594705762 3.2460547440361105 462
1757594705774 3.06836816232848 463
1757594705786 3.611134597686525 464
1757594705801 1.832194465074119 465
1757594705813 4.484121840211269 466
1757594705826 3.4739945593059423 467
1757594705837 3.595155858886208 468
1757594705850 2.241367405398314 469
1757594705862 2.6098333173482953 470
1757594705874 1.583884707804436 471
1757594705886 2.226411501025768 472
1757594705898 3.9241887939515965 473
1757594705910 2.982147149260074 474
1757594705923 4.250106932906542 475
1757594705935 4.975867988644864 476
1757594705947 1.4408773308684835 477
1757594705959 3.123495023456688 478
1757594705971 3.508365072017038 479
1757594705983 3.0363830668614122 480
1757594705995 6.332104749319859 481
1757594706007 2.8028938882774437 482
1757594706019 1.9557106095898007 483
1757594706031 4.589038153147142 484
1757594706044 2.0433006343096003 485
1757594706055 2.7396831854872086 486
1757594706068 2.5373018463721535 487
1757594706080 3.361017407153442 488
1757594706092 3.3508343911937373 489
1757594706105 3.089094105145636 490
1757594706117 1.1729996723174283 491
1757594706129 2.45954767342816 492
1757594706141 3.0588103971590788 493
1757594706153 2.3716427591959013 494
1757594706166 2.393214676657519 495
1757594706178 3.008391294893729 496
1757594706190 4.185822744416693 497
1757594706202 3.911903665792655 498
1757594706214 3.2303573023388594 499
