1757594502923 162.4438126539212 0
1757594502932 161.83396612519195 1
1757594502940 160.67972683884832 2
1757594502949 159.04364342694225 3
1757594502957 156.98489767004713 4
1757594502966 154.55901030648582 5
1757594502974 151.8176792694957 6
1757594502983 148.80872148350628 7
1757594502991 145.57609455365045 8
1757594503000 142.15997902462178 9
1757594503008 138.59690550202905 10
1757594503017 134.91991393672726 11
1757594503025 131.15873486753853 12
1757594503034 127.3399844827397 13
1757594503042 123.4873670650438 14
1757594503050 119.6218797873683 15
1757594503059 115.76201597684464 16
1757594503067 111.92396390403162 17
1757594503076 108.1217989182971 18
1757594503084 104.36766736829355 19
1757594503093 100.67196124330536 20
1757594503102 97.04348286773927 21
1757594503110 93.48959929474636 22
1757594503119 90.01638629043713 23
1757594503128 86.62876198972855 24
1757594503137 83.33061044867326 25
1757594503145 80.12489542476959 26
1757594503154 77.01376479325747 27
1757594503162 73.99864605970953 28
1757594503171 71.08033346214849 29
1757594503179 68.25906717356035 30
1757594503188 65.53460512126945 31
1757594503197 62.90628793596442 32
1757594503205 60.37309753244027 33
1757594503214 57.93370980813389 34
1757594503222 55.58654192577553 35
1757594503231 53.32979462414076 36
1757594503240 51.16148997687386 37
1757594503248 49.07950499446861 38
1757594503257 47.08160143928362 39
1757594503265 45.16545219840451 40
1757594503274 43.32866453460653 41
1757594503282 41.56880051184326 42
1757594503291 39.88339486882039 43
1757594503300 38.2699705924 44
1757594503308 36.72605242192312 45
1757594503317 35.249178496084326 46
1757594503325 33.836910335744854 47
1757594503334 32.4868413390418 48
1757594503342 31.19660394930715 49
1757594503351 29.963875641624536 50
1757594503360 28.786383860270963 51
1757594503369 27.661910026778532 52
1757594503377 26.588292726834396 53
1757594503386 25.56343017367436 54
1757594503394 24.585282035956578 55
1757594503403 23.651870709252503 56
1757594503412 22.7612821022306 57
1757594503420 21.911666001260397 58
1757594503429 21.101236070479192 59
1757594503437 20.328269538302145 60
1757594503446 19.59110661584869 61
1757594503454 18.888149687785933 62
1757594503463 18.21786231157664 63
1757594503472 17.57876805706263 64
1757594503481 16.96944921463844 65
1757594503490 16.388545396973907 66
1757594503498 15.834752056268243 67
1757594503507 15.30681893635273 68
1757594503516 14.803548476562916 69
1757594503525 14.323794182155563 70
1757594503534 13.866458974127578 71
1757594503542 13.430493529576276 72
1757594503551 13.014894622212518 73
1757594503560 12.618703471272307 74
1757594503568 12.241004105861938 75
1757594503577 11.880921750691895 76
1757594503586 11.537621238203213 77
1757594503595 11.21030545124186 78
1757594503604 10.898213799693504 79
1757594503613 10.600620733831983 80
1757594503622 10.316834296557747 81
1757594503630 10.046194716196567 82
1757594503639 9.788073041084681 83
1757594503648 9.541869816782466 84
1757594503657 9.30701380642188 85
1757594503666 9.082960754405802 86
1757594503675 8.869192193425146 87
1757594503684 8.665214294548349 88
1757594503693 8.470556759955565 89
1757594503702 8.284771757736296 90
1757594503711 8.10743289804059 91
1757594503720 7.938134249768037 92
1757594503729 7.776489396891693 93
1757594503738 7.622130533443493 94
1757594503747 7.474707596133926 95
1757594503755 7.333887433535383 96
1757594503764 7.1993530107301895 97
1757594503773 7.070802648301801 98
1757594503782 6.947949294537753 99
1757594503791 6.83051982970707 100
1757594503800 6.718254401278106 101
1757594503809 6.610905788949253 102
1757594503818 6.508238798378106 103
1757594503827 6.410029682509691 104
1757594503836 6.316065589424722 105
1757594503846 6.226144035649877 106
1757594503855 6.140072403897029 107
1757594503864 6.0576674642238135 108
1757594503873 5.9787549176357135 109
1757594503882 5.9031689611773 110
1757594503891 5.830751873590748 111
1757594503900 5.761353620647446 112
1757594503909 5.6948314792903085 113
1757594503918 5.631049679752708 114
1757594503927 5.569879064850437 115
1757594503937 5.511196765672715 116
1757594503946 5.454885892927072 117
1757594503955 5.400835243222227 118
1757594503964 5.348939019600665 119
1757594503973 5.299096565660738 120
1757594503983 5.251212112635197 121
1757594503992 5.205194538818645 122
1757594504002 5.160957140762931 123
1757594504011 5.118417415683118 124
1757594504020 5.077496854542345 125
1757594504029 5.038120745305254 126
1757594504038 5.000217985873627 127
1757594504048 4.9637209062388505 128
1757594504057 4.928565099406926 129
1757594504066 4.894689260671752 130
1757594504076 4.862035034831742 131
1757594504085 4.830546870963978 132
1757594504095 4.800171884386887 133
1757594504105 4.770859725460717 134
1757594504114 4.742562454890875 135
1757594504124 4.715234425214952 136
1757594504133 4.688832168169716 137
1757594504161 4.663314287648315 138
1757594504171 4.6386413579721495 139
1757594504180 4.614775827215019 140
1757594504190 4.591681925329248 141
1757594504199 4.569325576836392 142
1757594504209 4.54767431785602 143
1757594504218 4.5266972172571815 144
1757594504227 4.506364801727919 145
1757594504236 4.486648984567678 146
1757594504246 4.467522998017577 147
1757594504255 4.448961328952168 148
1757594504264 4.430939657765161 149
1757594504273 4.413434800289825 150
1757594504283 4.396424652602345 151
1757594504292 4.379888138564891 152
1757594504301 4.363805159970549 153
1757594504311 4.348156549161045 154
1757594504320 4.332924023992916 155
1757594504329 4.318090145035185 156
1757594504338 4.303638274886703 157
1757594504348 4.28955253950719 158
1757594504357 4.275817791461102 159
1757594504366 4.262419574978983 160
1757594504375 4.249344092744945 161
1757594504385 4.236578174324031 162
1757594504394 4.22410924614767 163
1757594504403 4.211925302978887 164
1757594504413 4.200014880783579 165
1757594504422 4.1883670309371475 166
1757594504431 4.17697129570026 167
1757594504441 4.1658176848996415 168
1757594504450 4.154896653754303 169
1757594504460 4.144199081789405 170
1757594504469 4.133716252783833 171
1757594504478 4.123439835699717 172
1757594504488 4.113361866544754 173
1757594504497 4.103474731120999 174
1757594504507 4.093771148615955 175
1757594504516 4.0842441559934715 176
1757594504525 4.074887093145488 177
1757594504535 4.06569358876568 178
1757594504544 4.056657546909988 179
1757594504554 4.047773134209395 180
1757594504563 4.039034767702457 181
1757594504573 4.0304371032571416 182
1757594504582 4.021975024552405 183
1757594504592 4.013643632591908 184
1757594504601 4.005438235723403 185
1757594504611 3.997354340138742 186
1757594504620 3.9893876408307856 187
1757594504630 3.9815340129844152 188
1757594504639 3.9737895037806164 189
1757594504649 3.9661503245925247 190
1757594504659 3.9586128435549086 191
1757594504668 3.9511735784879987 192
1757594504679 3.9438291901586204 193
1757594504689 3.9365764758618296 194
1757594504698 3.9294123633074167 195
1757594504707 3.9223339047962233 196
1757594504717 3.9153382716719314 197
1757594504726 3.908422749035248 198
1757594504736 3.901584730707035 199
1757594504746 3.8948217144287423 200
1757594504755 3.8881312972882283 201
1757594504765 3.8815111713600476 202
1757594504774 3.8749591195498008 203
1757594504783 3.8684730116326214 204
1757594504793 3.8620508004761667 205
1757594504803 3.8556905184394674 206
1757594504813 3.849390273938835 207
1757594504823 3.8431482481727937 208
1757594504832 3.8369626919984747 209
1757594504842 3.8308319229520507 210
1757594504854 3.8247543224061915 211
1757594504864 3.818728332857988 212
1757594504874 3.8127524553413044 213
1757594504884 3.8068252469570947 214
1757594504894 3.800945318516465 215
1757594504903 3.795111332290886 216
1757594504913 3.789321999864434 217
1757594504923 3.78357608008317 218
1757594504932 3.777872377097199 219
1757594504942 3.7722097384906834 220
1757594504952 3.7665870534959764 221
1757594504962 3.7610032512876774 222
1757594504972 3.7554572993527127 223
1757594504981 3.749948201933257 224
1757594504991 3.7444749985386556 225
1757594505000 3.739036762523219 226
1757594505010 3.7336325997268913 227
1757594505020 3.728261647175838 228
1757594505029 3.7229230718397375 229
1757594505039 3.7176160694440363 230
1757594505049 3.7123398633334688 231
1757594505059 3.707093703385324 232
1757594505068 3.7018768649698712 233
1757594505078 3.6966886479554697 234
1757594505088 3.691528375756883 235
1757594505098 3.686395394424219 236
1757594505108 3.6812890717710163 237
1757594505117 3.6762087965394192 238
1757594505128 3.671153977601121 239
1757594505137 3.6661240431917874 240
1757594505147 3.6611184401781958 241
1757594505157 3.6561366333560272 242
1757594505167 3.651178104777113 243
1757594505177 3.6462423531049923 244
1757594505187 3.6413288929969703 245
1757594505197 3.636437254512357 246
1757594505207 3.631566982544562 247
1757594505217 3.626717636277026 248
1757594505227 3.621888788661501 249
1757594505237 3.6170800259172897 250
1757594505247 3.612290947051269 251
1757594505257 3.607521163397325 252
1757594505267 3.602770298174249 253
1757594505277 3.5980379860615974 254
1757594505287 3.5933238727925176 255
1757594505297 3.588627614762903 256
1757594505307 3.5839488786560305 257
1757594505317 3.5792873410821597 258
1757594505337 3.5746426882322377 259
1757594505349 3.5700146155454555 260
1757594505360 3.565402827389616 261
1757594505370 3.560807036754051 262
1757594505381 3.556226964954529 263
1757594505390 3.551662341349476 264
1757594505400 3.547112903067182 265
1757594505410 3.5425783947435896 266
1757594505420 3.538058568269871 267
1757594505431 3.5335531825498103 268
1757594505441 3.529062003266269 269
1757594505451 3.5245848026566104 270
1757594505461 3.5201213592963065 271
1757594505471 3.515671457890924 272
1757594505481 3.511234889075656 273
1757594505491 3.5068114492224276 274
1757594505501 3.502400940253991 275
1757594505512 3.4980031694650218 276
1757594505522 3.493617949349595 277
1757594505532 3.4892450974350755 278
1757594505542 3.484884436122002 279
1757594505552 3.4805357925297002 280
1757594505563 3.4761989983475634 281
1757594505573 3.4718738896915817 282
1757594505583 3.4675603069659373 283
1757594505593 3.4632580947297362 284
1757594505603 3.4589671015681227 285
1757594505613 3.454687179968232 286
1757594505623 3.4504181861993155 287
1757594505634 3.446159980197135 288
1757594505644 3.4419124254522626 289
1757594505654 3.4376753889023766 290
1757594505665 3.4334487408282444 291
1757594505675 3.429232354753104 292
1757594505685 3.4250261073458197 293
1757594505695 3.4208298783268565 294
1757594505706 3.4166435503779184 295
1757594505716 3.412467009054353 296
1757594505726 3.408300142700504 297
1757594505736 3.4041428423679765 298
1757594505746 3.3999950017366194 299
1757594505757 3.3958565170380197 300
1757594505767 3.3917272869816455 301
1757594505777 3.3876072126833674 302
1757594505787 3.3834961975962354 303
1757594505797 3.379394147443702 304
1757594505808 3.3753009701547425 305
1757594505818 3.371216575801395 306
1757594505828 3.367140876537895 307
1757594505839 3.36307378654227 308
1757594505849 3.3590152219593024 309
1757594505859 3.354965100845603 310
1757594505870 3.350923343116371 311
1757594505880 3.346889870493742 312
1757594505891 3.3428646064568173 313
1757594505901 3.3388474761932994 314
1757594505911 3.334838406552496 315
1757594505921 3.330837325999941 316
1757594505932 3.3268441645733833 317
1757594505942 3.3228588538398647 318
1757594505953 3.318881326854635 319
1757594505964 3.3149115181207867 320
1757594505975 3.3109493635504483 321
1757594505985 3.306994800427007 322
1757594505996 3.303047767368607 323
1757594506006 3.299108204292507 324
1757594506017 3.2951760523807736 325
1757594506028 3.291251254046803 326
1757594506038 3.287333752902963 327
1757594506049 3.2834234937290248 328
1757594506060 3.2795204224418555 329
1757594506070 3.2756244860654897 330
1757594506081 3.271735632702601 331
1757594506091 3.267853811506532 332
1757594506101 3.2639789726540647 333
1757594506112 3.260111067319233 334
1757594506122 3.2562500476476868 335
1757594506133 3.252395866731856 336
1757594506143 3.248548478586877 337
1757594506154 3.2447078381271 338
1757594506164 3.2408739011433734 339
1757594506175 3.2370466242809095 340
1757594506185 3.233225965017776 341
1757594506196 3.2294118816440305 342
1757594506206 3.22560433324143 343
1757594506217 3.221803279663672 344
1757594506228 3.2180086815172277 345
1757594506238 3.214220500142712 346
1757594506249 3.2104386975967363 347
1757594506259 3.2066632366342716 348
1757594506270 3.202894080691553 349
1757594506281 3.1991311938693525 350
1757594506291 3.1953745409167946 351
1757594506302 3.1916240872156134 352
1757594506313 3.1878797987647887 353
1757594506323 3.184141642165569 354
1757594506334 3.1804095846070655 355
1757594506344 3.176683593852045 356
1757594506355 3.1729636382231914 357
1757594506365 3.169249686589756 358
1757594506376 3.1655417083545423 359
1757594506387 3.161839673441197 360
1757594506398 3.1581435522819152 361
1757594506408 3.1544533158054 362
1757594506419 3.1507689354252157 363
1757594506429 3.1470903830283787 364
1757594506440 3.143417630964294 365
1757594506451 3.1397506520339657 366
1757594506462 3.13608941947949 367
1757594506472 3.13243390697379 368
1757594506483 3.1287840886107543 369
1757594506494 3.1251399388954084 370
1757594506504 3.121501432734556 371
1757594506515 3.117868545427491 372
1757594506526 3.114241252657127 373
1757594506537 3.1106195304811988 374
1757594506547 3.107003355323647 375
1757594506558 3.1033927039666054 376
1757594506568 3.0997875535419737 377
1757594506579 3.096187881523822 378
1757594506590 3.092593665720495 379
1757594506601 3.0890048842673212 380
1757594506612 3.0854215156191853 381
1757594506623 3.0818435385434344 382
1757594506634 3.0782709321130395 383
1757594506644 3.07470367569969 384
1757594506655 3.0711417489673973 385
1757594506666 3.0675851318658904 386
1757594506676 3.0640338046244677 387
1757594506687 3.0604877477458285 388
1757594506697 3.056946942000194 389
1757594506708 3.0534113684194106 390
1757594506719 3.049881008291383 391
1757594506730 3.0463558431544673 392
1757594506741 3.0428358547921266 393
1757594506752 3.039321025227699 394
1757594506763 3.0358113367192137 395
1757594506774 3.032306771754447 396
1757594506784 3.0288073130459887 397
1757594506795 3.0253129435265786 398
1757594506806 3.021823646344351 399
1757594506817 3.018339404858391 400
1757594506828 3.0148602026342446 401
1757594506839 3.011386023439673 402
1757594506850 3.0079168512404086 403
1757594506860 3.0044526701960326 404
1757594506871 3.0009934646560077 405
1757594506882 2.997539219155723 406
1757594506893 2.9940899184127105 407
1757594506904 2.9906455473228726 408
1757594506915 2.987206090956917 409
1757594506926 2.983771534556644 410
1757594506937 2.9803418635317755 411
1757594506948 2.976917063456165 412
1757594506959 2.9734971200648865 413
1757594506970 2.9700820192507376 414
1757594506981 2.9666717470611697 415
1757594506992 2.963266289695253 416
1757594507003 2.959865633500595 417
1757594507014 2.956469764970492 418
1757594507025 2.953078670740974 419
1757594507037 2.949692337587984 420
1757594507048 2.946310752424806 421
1757594507059 2.9429339022992176 422
1757594507070 2.9395617743909592 423
1757594507081 2.936194356009152 424
1757594507092 2.9328316345898404 425
1757594507103 2.929473597693526 426
1757594507114 2.9261202330028153 427
1757594507125 2.9227715283200806 428
1757594507136 2.9194274715651694 429
1757594507147 2.9160880507732005 430
1757594507158 2.9127532540924816 431
1757594507169 2.9094230697821915 432
1757594507180 2.9060974862104945 433
1757594507192 2.902776491852421 434
1757594507203 2.8994600752879425 435
1757594507215 2.8961482251999793 436
1757594507226 2.892840930372531 437
1757594507237 2.8895381796888606 438
1757594507248 2.8862399621296566 439
1757594507259 2.88294626677125 440
1757594507270 2.8796570827839334 441
1757594507282 2.876372399430209 442
1757594507293 2.873092206063203 443
1757594507304 2.869816492125009 444
1757594507316 2.8665452471451434 445
1757594507327 2.863278460738931 446
1757594507338 2.86001612260606 447
1757594507349 2.856758222529094 448
1757594507360 2.8535047503720268 449
1757594507372 2.8502556960787953 450
1757594507383 2.847011049672049 451
1757594507394 2.8437708012516216 452
1757594507406 2.8405349409933693 453
1757594507417 2.8373034591477304 454
1757594507428 2.8340763460385805 455
1757594507440 2.830853592061912 456
1757594507451 2.8276351876846446 457
1757594507462 2.824421123443474 458
1757594507473 2.821211389943639 459
1757594507485 2.8180059778578492 460
1757594507499 2.814804877925116 461
1757594507511 2.81160808094977 462
1757594507522 2.8084155778002176 463
1757594507534 2.8052273594080708 464
1757594507545 2.802043416767027 465
1757594507556 2.798863740931904 466
1757594507567 2.795688323017643 467
1757594507579 2.7925171541983755 468
1757594507590 2.7893502257064724 469
1757594507601 2.7861875288316114 470
1757594507612 2.783029054919878 471
1757594507623 2.779874795372924 472
1757594507634 2.7767247416470275 473
1757594507646 2.7735788852523826 474
1757594507657 2.7704372177520904 475
1757594507668 2.7672997307614824 476
1757594507680 2.764166415947303 477
1757594507691 2.7610372650268924 478
1757594507702 2.7579122697674423 479
1757594507713 2.75479142198529 480
1757594507724 2.751674713545112 481
1757594507736 2.7485621363592467 482
1757594507747 2.7454536823870552 483
1757594507759 2.7423493436340456 484
1757594507770 2.739249112151467 485
1757594507782 2.7361529800353974 486
1757594507793 2.7330609394262577 487
1757594507805 2.72997298250812 488
1757594507816 2.7268891015080325 489
1757594507827 2.7238092886955347 490
1757594507838 2.7207335363819514 491
1757594507850 2.717661836919871 492
1757594507861 2.7145941827025073 493
1757594507872 2.7115305661632023 494
1757594507883 2.7084709797748294 495
1757594507895 2.7054154160492705 496
1757594507906 2.7023638675368784 497
1757594507917 2.6993163268259943 498
1757594507929 2.696272786542337 499
