1757594907169 14.625183784197331 0
1757594907207 0.2201461411814478 1
1757594907246 0.38037403769122446 2
1757594907284 2.6267627239200184 3
1757594907323 1.6680942487192767 4
1757594907363 2.7986105319602896 5
1757594907401 1.5836131284845996 6
1757594907440 0.3258356453616582 7
1757594907478 0.9915063955754102 8
1757594907517 0.027449436633006183 9
1757594907555 0.02739814420529764 10
1757594907594 0.3412257706327781 11
1757594907632 0.00038732841322581396 12
1757594907671 0.023152862840699538 13
1757594907710 0.2879485322764864 14
1757594907748 0.09501606411806261 15
1757594907787 0.22330600747429383 16
1757594907825 0.08878557027270423 17
1757594907863 0.19641055373771715 18
1757594907902 0.02942388660534368 19
1757594907941 0.005951535039078336 20
1757594907979 0.5363829302593174 21
1757594908017 0.007171006450156639 22
1757594908056 0.00037333328003808 23
1757594908095 0.0132493650128972 24
1757594908134 0.006279543469023287 25
1757594908172 0.03084405668309498 26
1757594908210 0.07262830466495956 27
1757594908249 0.011660802939790518 28
1757594908287 0.0006292743836402128 29
1757594908325 0.00590663168443139 30
1757594908377 0.008794337914225427 31
1757594908417 0.0063158802810520205 32
1757594908455 0.007467161718418788 33
1757594908494 0.06337305676812295 34
1757594908532 0.007944968278433715 35
1757594908571 0.07495612127875612 36
1757594908609 5.096663638979711e-06 37
1757594908648 0.0035769378272419014 38
1757594908687 0.028110783953235012 39
1757594908725 0.07165675514260529 40
1757594908763 0.04301788269280853 41
1757594908801 0.0652021519792619 42
1757594908840 0.19118700732859578 43
1757594908879 0.020120945409582397 44
1757594908919 0.13571898034764576 45
1757594908957 0.08907814725333901 46
1757594908996 0.02830149126501209 47
1757594909035 0.00795592759552781 48
1757594909073 0.18062452612102184 49
1757594909113 0.30490493569705085 50
1757594909152 0.0627400902550217 51
1757594909191 0.13811186972709863 52
1757594909229 0.005102215508619775 53
1757594909268 0.03640111883801729 54
1757594909307 0.00038325547541103057 55
1757594909346 0.04298049469297939 56
1757594909385 0.00974923128575737 57
1757594909424 0.031845017640153295 58
1757594909463 0.05650923439283438 59
1757594909502 0.17191077883693112 60
1757594909541 0.1544413215071795 61
1757594909580 0.01749134125597748 62
1757594909619 0.1856655876732574 63
1757594909658 0.06960257028541457 64
1757594909696 0.04292325339378192 65
1757594909735 0.20475622344153752 66
1757594909774 0.15716956666999965 67
1757594909813 0.007447261593443445 68
1757594909852 0.0013746132368311081 69
1757594909891 0.024836536185475735 70
1757594909930 0.008124608529734699 71
1757594909970 0.03841177768815968 72
1757594910009 0.05814976235089505 73
1757594910047 0.0902934207992036 74
1757594910087 6.992136894064816e-05 75
1757594910126 0.004619184100509227 76
1757594910164 0.003686786332216825 77
1757594910203 0.050437630601041485 78
1757594910242 0.06600973954869133 79
1757594910281 0.21615663751022401 80
1757594910320 0.03971784163932128 81
1757594910359 0.2687342323799415 82
1757594910398 0.09619377003525531 83
1757594910437 0.05150643738805612 84
1757594910476 0.14411999322888125 85
1757594910515 6.147742687661459e-05 86
1757594910554 0.040835073034037724 87
1757594910594 0.034268010127501906 88
1757594910632 0.11994831578344463 89
1757594910671 0.1944367005894223 90
1757594910710 0.04483702833366698 91
1757594910749 0.0017006363436291986 92
1757594910787 0.026807955254614643 93
1757594910826 0.03581861369608316 94
1757594910865 0.002458221277115585 95
1757594910905 0.0008146779288284945 96
1757594910944 0.05462286854675433 97
1757594910984 0.019210237586391194 98
1757594911023 0.012897033463628074 99
1757594911063 0.022268847264059425 100
1757594911101 0.09213736291334267 101
1757594911140 0.015466094593872408 102
1757594911179 0.05618181077073338 103
1757594911219 0.9453281472425495 104
1757594911257 0.44722249390091323 105
1757594911296 0.030996982870178068 106
1757594911334 0.04170132180896716 107
1757594911373 0.0677445424608757 108
1757594911412 0.8198465879112058 109
1757594911451 0.4797331368492766 110
1757594911490 0.2139443221406674 111
1757594911529 0.0418163948146558 112
1757594911568 0.0388017329974543 113
1757594911607 0.06402064268421237 114
1757594911646 0.04242597087699496 115
1757594911685 0.5133757997749662 116
1757594911723 0.06921924527316696 117
1757594911762 0.007361956991037705 118
1757594911801 0.0009859347271426976 119
1757594911840 0.1276344352354635 120
1757594911879 0.010644087994659029 121
1757594911918 0.01808866198404271 122
1757594911957 0.0003475273696108002 123
1757594911996 0.045786868322918 124
1757594912034 0.14714082800465164 125
1757594912073 0.007319682354753175 126
1757594912112 0.02574481036930314 127
1757594912151 0.004704282372480898 128
1757594912190 0.016957575412225683 129
1757594912229 0.17419512543515098 130
1757594912268 0.06177993821287593 131
1757594912307 0.21147501981048167 132
1757594912345 0.032984807176413604 133
1757594912384 0.0660710981459186 134
1757594912423 0.2147247664256629 135
1757594912462 0.06714531591678416 136
1757594912501 0.07295031943485257 137
1757594912540 0.02534875405460764 138
1757594912578 0.00018002619062326719 139
1757594912617 0.0041090246437005375 140
1757594912656 0.00022937114553454524 141
1757594912695 0.41131418562650096 142
1757594912734 0.023004030950807115 143
1757594912772 0.016946973045725407 144
1757594912811 0.10222128577102543 145
1757594912850 0.1075910436533815 146
1757594912890 0.2711102782624948 147
1757594912931 0.6696458634515312 148
1757594912971 0.0021140836835943666 149
1757594913010 0.22602419829877204 150
1757594913049 0.18721163643382205 151
1757594913088 0.0030339787896200656 152
1757594913128 0.16909538594247703 153
1757594913169 0.18704883886594748 154
1757594913209 0.00012195829733791942 155
1757594913248 0.11024249881809192 156
1757594913288 0.2867697716491431 157
1757594913327 0.07993727283608897 158
1757594913366 0.21420157778751334 159
1757594913406 0.02213731547020419 160
1757594913445 0.12517808906476963 161
1757594913485 0.05720887131045332 162
1757594913524 0.030292605206596126 163
1757594913563 0.028028420794320674 164
1757594913603 0.09050119177949023 165
1757594913642 0.00033469777337569065 166
1757594913682 0.011741692282121243 167
1757594913721 0.062368442670613554 168
1757594913760 0.10101512114248633 169
1757594913800 0.005854577509612253 170
1757594913839 0.00012540397326266738 171
1757594913879 0.03476449528217333 172
1757594913918 0.3324273302761707 173
1757594913958 0.08503691851047103 174
1757594913997 0.05524087801676211 175
1757594914037 0.00033164218355718 176
1757594914077 0.7683965112795834 177
1757594914116 0.040020459679356864 178
1757594914156 0.12086551700136673 179
1757594914195 0.012998841091444205 180
1757594914235 0.04958270826945748 181
1757594914274 0.001344635827687867 182
1757594914314 0.010410618028054295 183
1757594914353 0.002406683001793933 184
1757594914395 0.0026344444091943617 185
1757594914437 0.06534605298767936 186
1757594914479 0.007379179088150885 187
1757594914522 0.000719432241737988 188
1757594914562 0.07130792602930021 189
1757594914603 0.12979062472357103 190
1757594914642 0.00013556850498600196 191
1757594914681 0.25701618220074757 192
1757594914725 0.05649868112386223 193
1757594914764 0.019826274585747896 194
1757594914804 0.0038563764922907914 195
1757594914843 0.008711395266964829 196
1757594914883 0.17821003176733138 197
1757594914922 0.006309587465350403 198
1757594914961 0.009322124743756377 199
1757594915001 0.09731541509454793 200
1757594915041 0.2732232574803463 201
1757594915080 0.12655327731608762 202
1757594915120 0.22210814900991233 203
1757594915159 0.04193026610761149 204
1757594915199 0.23156939026547793 205
1757594915239 0.08054672478997096 206
1757594915279 0.006219989148075511 207
1757594915318 0.10058154013591183 208
1757594915360 0.00608603350086559 209
1757594915399 0.04648328473235892 210
1757594915439 0.00013270563940771194 211
1757594915489 0.0001659481620931467 212
1757594915530 0.07543878560990708 213
1757594915570 0.3346008762627865 214
1757594915610 0.032812033486230734 215
1757594915650 0.02071914082941132 216
1757594915690 0.08630427554771354 217
1757594915730 0.02625340097589207 218
1757594915770 0.39697269731530244 219
1757594915810 0.0653446073581084 220
1757594915850 0.01404592490149381 221
1757594915890 0.0025648673026639865 222
1757594915929 0.15419073002875508 223
1757594915968 0.003979211729664943 224
1757594916009 0.07580088554406247 225
1757594916049 0.15159509064519044 226
1757594916089 0.021265586949381767 227
1757594916128 0.029572707812861733 228
1757594916168 0.016679461834760784 229
1757594916208 0.0010199028277540585 230
1757594916248 0.0187846722997655 231
1757594916288 0.025822644607990917 232
1757594916327 0.10144269004398816 233
1757594916367 0.06601205857492569 234
1757594916407 0.021558041733569826 235
1757594916447 0.9223453511320575 236
1757594916487 0.012718624469852339 237
1757594916526 0.3135173965831901 238
1757594916567 3.127608794703809e-06 239
1757594916607 0.00295690680605269 240
1757594916646 0.00022770978886365513 241
1757594916686 0.02946593461293043 242
1757594916726 0.02330761211966991 243
1757594916766 1.809385159342741e-05 244
1757594916805 0.04943204346888474 245
1757594916845 0.005199850847305024 246
1757594916885 0.008447239122035441 247
1757594916925 0.11827484257250762 248
1757594916964 0.12051981637817566 249
1757594917005 0.22882545019342979 250
1757594917044 0.002425441690689204 251
1757594917084 0.08604041341556516 252
1757594917124 0.002240044714516623 253
1757594917165 0.04270159312741348 254
1757594917206 0.027515383250662453 255
1757594917246 0.039380532242889434 256
1757594917285 0.24882335716921547 257
1757594917325 0.19220410015547548 258
1757594917365 0.01276801003754503 259
1757594917404 0.6533974827844323 260
1757594917444 0.10364707858759441 261
1757594917483 0.0528060819102147 262
1757594917525 0.006701048060907434 263
1757594917565 0.08878564725779726 264
1757594917605 0.05848042991543918 265
1757594917645 0.0019958771562628617 266
1757594917685 0.12050521623030927 267
1757594917725 0.1082433999934031 268
1757594917765 0.029238887545172548 269
1757594917805 0.015778960416573513 270
1757594917846 0.025645870912419055 271
1757594917886 0.011511788456306902 272
1757594917926 0.007401090266686111 273
1757594917966 0.014373273156708138 274
1757594918007 0.0028822007128752125 275
1757594918047 0.017177449597492695 276
1757594918087 0.1288531762154173 277
1757594918128 0.016090042453413302 278
1757594918169 0.0649271065483029 279
1757594918209 0.011158622722005069 280
1757594918249 0.4097272803851128 281
1757594918289 0.2942759167702923 282
1757594918329 0.020666202854441384 283
1757594918369 0.010338955175592636 284
1757594918409 0.039852624312592115 285
1757594918449 0.6552157640051841 286
1757594918490 0.031297958286513106 287
1757594918530 0.1753709446221215 288
1757594918570 0.14297051263719712 289
1757594918610 0.044366522542687206 290
1757594918650 0.059801151253288075 291
1757594918690 0.003932342795551066 292
1757594918730 0.08792369117525503 293
1757594918770 0.00027309029908688214 294
1757594918811 0.03277858769576607 295
1757594918851 0.032401902437663756 296
1757594918891 1.0337743356929021 297
1757594918931 0.00019687209739312794 298
1757594918971 0.014972899323207509 299
1757594919012 0.1505287030511525 300
1757594919052 9.252527740966255e-08 301
1757594919092 0.2525731750149746 302
1757594919133 0.0019728388952552564 303
1757594919174 0.10326965390429742 304
1757594919215 0.04374835872386569 305
1757594919255 0.028862348077916444 306
1757594919295 0.013379554527080714 307
1757594919336 0.010139862979350645 308
1757594919375 0.00023882798569613064 309
1757594919415 0.006780125273110864 310
1757594919456 0.10510081131749757 311
1757594919495 0.23158789492694223 312
1757594919535 0.3323534754352074 313
1757594919575 0.006936545039766182 314
1757594919615 0.20471688544610467 315
1757594919655 0.014966160949334712 316
1757594919695 0.020710531171333358 317
1757594919736 1.2141470524259306 318
1757594919778 0.026491618190255157 319
1757594919819 0.013961944968525129 320
1757594919861 0.12240266790912807 321
1757594919901 0.010102752887995038 322
1757594919943 0.01923736711343777 323
1757594919983 0.12085362648087017 324
1757594920023 0.03630116663805082 325
1757594920064 0.11731495134697732 326
1757594920104 0.01176368494652862 327
1757594920143 0.04416174952937215 328
1757594920184 0.3856798991934572 329
1757594920224 0.016973001487720418 330
1757594920265 0.18072265515825495 331
1757594920306 0.11846294030202316 332
1757594920346 0.0014092005355422238 333
1757594920386 0.07784886789580024 334
1757594920427 0.2604925711564944 335
1757594920467 0.25962382300147213 336
1757594920507 0.02839914869907675 337
1757594920547 0.15459662239867478 338
1757594920588 0.2770958340081699 339
1757594920628 0.005509697091113133 340
1757594920668 4.188971243896656e-07 341
1757594920708 0.0056824637458300735 342
1757594920749 0.003378993230846647 343
1757594920789 0.026270005225839943 344
1757594920829 0.010891230059949662 345
1757594920870 0.2326179978633313 346
1757594920910 0.10978017023842242 347
1757594920951 0.04563400885971833 348
1757594920992 0.002220137823770678 349
1757594921032 2.689250478652912e-05 350
1757594921073 0.055879397574204036 351
1757594921113 0.00868999896696206 352
1757594921153 0.004746979631800109 353
1757594921194 3.9850410572926e-06 354
1757594921235 0.18392522452165186 355
1757594921275 0.027855399833989727 356
1757594921315 0.7170375124882368 357
1757594921355 0.06275801035296563 358
1757594921395 0.08822482722595573 359
1757594921435 0.0005217156128846113 360
1757594921476 0.1322703458869095 361
1757594921516 0.00734075033143632 362
1757594921556 0.010495437676930808 363
1757594921596 0.05171450946060293 364
1757594921636 0.0378410928559296 365
1757594921676 0.06604331081437752 366
1757594921717 0.00038505480652135395 367
1757594921757 0.25022503913589006 368
1757594921797 0.1744564507014573 369
1757594921837 0.004001980066751142 370
1757594921878 0.047692421652338966 371
1757594921919 0.004885187369341143 372
1757594921960 0.00044807986954446724 373
1757594922000 0.005755403313079019 374
1757594922040 0.0009888243771915223 375
1757594922080 0.0010774715078685642 376
1757594922120 0.190173271667712 377
1757594922160 0.1855683777502289 378
1757594922201 0.06193208581365279 379
1757594922242 0.0025545897458144674 380
1757594922282 0.012102326935940528 381
1757594922323 0.013071496897970254 382
1757594922364 0.029875195372336558 383
1757594922405 0.05198766080474986 384
1757594922445 0.03916389882773143 385
1757594922486 0.008785388498351525 386
1757594922528 0.05013688222222296 387
1757594922568 0.07755282324705193 388
1757594922608 0.0035214916710318883 389
1757594922649 0.08976761843059966 390
1757594922690 0.08564330985919505 391
1757594922731 0.009142141459733126 392
1757594922771 0.04356671829136001 393
1757594922811 0.17909670897020422 394
1757594922852 0.02022260595662094 395
1757594922893 0.009561443857198992 396
1757594922941 0.00637490238364588 397
1757594922985 0.04486403174042032 398
1757594923026 0.08876139677661216 399
1757594923069 0.009800049579306797 400
1757594923111 0.00014821997264617232 401
1757594923153 0.1169319770817096 402
1757594923194 0.03899298149960712 403
1757594923235 0.02859476011292482 404
1757594923276 0.05810157969783012 405
1757594923317 0.0021083055323771454 406
1757594923358 0.013773996170231914 407
1757594923399 0.014862902863125187 408
1757594923440 0.07074238128894879 409
1757594923481 0.11901281733279792 410
1757594923522 0.0001710481298163429 411
1757594923564 0.04411274577338221 412
1757594923605 0.0026161850716818597 413
1757594923645 0.0522533249889719 414
1757594923687 0.10932256671407277 415
1757594923728 0.5384771628443785 416
1757594923769 0.025009149203439246 417
1757594923809 0.1557639944650385 418
1757594923851 0.13293905854682297 419
1757594923893 3.9650479975839416e-05 420
1757594923933 0.16020870896463132 421
1757594923975 0.6539180497125717 422
1757594924016 0.05630083811787181 423
1757594924057 0.11758148299996388 424
1757594924100 0.035928153690151954 425
1757594924142 0.02792959719749546 426
1757594924183 0.000543523799646625 427
1757594924225 0.09267924642406458 428
1757594924265 0.29673267655862867 429
1757594924306 0.7920172644017972 430
1757594924347 0.060050317613302324 431
1757594924388 0.04268959823756278 432
1757594924429 0.14290549182756532 433
1757594924470 0.3836119710262048 434
1757594924511 0.36800449689681614 435
1757594924552 0.10194346438690881 436
1757594924593 0.7734795936559141 437
1757594924634 0.2721838627258325 438
1757594924675 0.13366462127306972 439
1757594924716 0.006900155949329499 440
1757594924756 0.07490559131348934 441
1757594924798 0.0007200072519367433 442
1757594924842 0.03659558044219696 443
1757594924884 0.029010665231161713 444
1757594924925 0.20540544071844052 445
1757594924969 0.0022151176882791762 446
1757594925018 0.04274801725937299 447
1757594925060 0.02433147164717337 448
1757594925102 0.14543310419117245 449
1757594925143 0.019163371089347403 450
1757594925185 0.0055259752941331335 451
1757594925227 0.00011777533087569093 452
1757594925269 0.057299503910614176 453
1757594925310 0.10630138941493567 454
1757594925352 0.158661386974955 455
1757594925394 0.10101458973343187 456
1757594925436 1.3506658490537314e-05 457
1757594925487 0.07188869356654023 458
1757594925529 0.22576093682081572 459
1757594925571 0.041393514279816954 460
1757594925612 0.1803363372371199 461
1757594925654 0.0002702067225037078 462
1757594925695 0.018272483553763843 463
1757594925736 0.002864180925260972 464
1757594925778 0.028186063223131774 465
1757594925820 0.016504227061952606 466
1757594925862 0.03896244529174613 467
1757594925904 0.02133481770285231 468
1757594925946 0.014085143580929348 469
1757594925988 0.013579998338616228 470
1757594926029 0.04295348058929613 471
1757594926071 0.007257416646324613 472
1757594926112 0.0592480589828423 473
1757594926154 0.0020310674921506866 474
1757594926195 0.0002995467314072038 475
1757594926237 0.1400598997883279 476
1757594926280 0.02352094702761012 477
1757594926322 0.11360612668677447 478
1757594926363 0.055635386602296465 479
1757594926405 0.1176428158039347 480
1757594926446 0.013002723516723064 481
1757594926487 0.029750554489658028 482
1757594926529 0.016387238057882825 483
1757594926571 0.011783274071300845 484
1757594926613 0.5402799099101049 485
1757594926654 0.12014714863124958 486
1757594926695 0.006684364219123972 487
1757594926736 0.06470305573026802 488
1757594926778 2.592877068641963e-05 489
1757594926819 0.0313827367036319 490
1757594926861 0.014399945876574196 491
1757594926902 0.03257314177856746 492
1757594926944 0.09133906535455483 493
1757594926986 0.15455827261574764 494
1757594927027 0.020641081543706717 495
1757594927069 0.10144130486972129 496
1757594927110 0.008388031920254784 497
1757594927151 2.737443152522521e-05 498
1757594927194 0.1021178037146305 499
