1757517977718 8.805509525714061 0
1757517977727 4.107234340503369 1
1757517977736 4.8540323488774755 2
1757517977745 2.8306369456951352 3
1757517977754 1.8408142023998082 4
1757517977763 1.6392482997251563 5
1757517977772 2.4592236544447967 6
1757517977782 1.160439255896826 7
1757517977791 1.719029760475173 8
1757517977800 2.027797300400885 9
1757517977810 1.5613286561331075 10
1757517977821 0.9055070059194057 11
1757517977831 1.2106250575385396 12
1757517977840 1.0909414592717102 13
1757517977850 0.7853148060173363 14
1757517977859 1.5449793084124657 15
1757517977868 0.9104392718546466 16
1757517977878 1.3952089919522808 17
1757517977888 1.327376573299276 18
1757517977897 0.5699997835250297 19
1757517977906 0.5492544936813641 20
1757517977916 0.8285974500586223 21
1757517977926 0.5807497992746857 22
1757517977935 0.7330594233898164 23
1757517977945 0.6181537434201246 24
1757517977954 0.5440892037069713 25
1757517977964 0.7279296205007336 26
1757517977973 0.18013210842606672 27
1757517977982 0.31214723457771 28
1757517977992 0.2230701804765612 29
1757517978001 0.29150759608791865 30
1757517978010 0.6091834542797403 31
1757517978020 0.3482857517877499 32
1757517978029 0.3073229652326122 33
1757517978038 0.1602110236202143 34
1757517978047 0.2326841087172936 35
1757517978056 0.46082773241386554 36
1757517978065 0.1629511504764959 37
1757517978075 0.20978621637042577 38
1757517978085 0.13934725958261884 39
1757517978094 0.18103848565657665 40
1757517978104 0.2087010293085529 41
1757517978113 0.129960111128839 42
1757517978122 0.1654815030216747 43
1757517978132 0.14576462853483216 44
1757517978141 0.14617876546566025 45
1757517978150 0.10310064001863058 46
1757517978160 0.23552334598512362 47
1757517978169 0.2842729924397557 48
1757517978179 0.06780530310325501 49
1757517978188 0.1511707080176273 50
1757517978197 0.17630720265755426 51
1757517978207 0.08192972228245557 52
1757517978220 0.22126890404308822 53
1757517978229 0.12130296553802566 54
1757517978239 0.07580980622744367 55
1757517978248 0.24863256417278148 56
1757517978257 0.13787399892797633 57
1757517978267 0.09392698364052508 58
1757517978276 0.3320286618252677 59
1757517978286 0.13085464409053163 60
1757517978295 0.32713309091533144 61
1757517978305 0.21894568996683364 62
1757517978315 0.1505060643024242 63
1757517978324 0.1099203464625917 64
1757517978333 0.12049402330094634 65
1757517978343 0.13444790744271642 66
1757517978353 0.07175233033516218 67
1757517978362 0.08144160385552515 68
1757517978372 0.07086139960310864 69
1757517978381 0.22871963213686877 70
1757517978391 0.12513540995838243 71
1757517978400 0.11138872814198791 72
1757517978410 0.15422455053362985 73
1757517978419 0.11912561777762933 74
1757517978429 0.1735187667670707 75
1757517978438 0.10764238513812892 76
1757517978448 0.14475382130698117 77
1757517978457 0.1323231754641878 78
1757517978467 0.054796562578584646 79
1757517978476 0.058418177267390556 80
1757517978486 0.10738837739345493 81
1757517978496 0.1035738238606203 82
1757517978505 0.07670150286276073 83
1757517978515 0.08046259364674413 84
1757517978524 0.10168193538423537 85
1757517978534 0.10716640139671263 86
1757517978544 0.12044913639181207 87
1757517978553 0.04000194642340185 88
1757517978563 0.08579344861929555 89
1757517978573 0.099412580008668 90
1757517978582 0.06633607632218842 91
1757517978592 0.07086591432874374 92
1757517978602 0.10569626057976457 93
1757517978612 0.13712185918183817 94
1757517978621 0.10260819399932551 95
1757517978631 0.15722195072657266 96
1757517978641 0.12025049388355982 97
1757517978651 0.08904801863485683 98
1757517978661 0.11090031785775989 99
1757517978670 0.09413865751402414 100
1757517978680 0.10737249782792303 101
1757517978690 0.10245072377948371 102
1757517978700 0.1326330073826047 103
1757517978710 0.19660195514912998 104
1757517978720 0.08262249634167972 105
1757517978729 0.16664893214580914 106
1757517978739 0.0929100629456074 107
1757517978749 0.1624773371569139 108
1757517978758 0.06606777122543603 109
1757517978768 0.0645256120439098 110
1757517978778 0.08805391342565312 111
1757517978788 0.15945074337626844 112
1757517978798 0.07447330758309519 113
1757517978808 0.061792548755752165 114
1757517978817 0.06949446149547724 115
1757517978827 0.10194963620790923 116
1757517978837 0.12880990446316412 117
1757517978847 0.10119539269825112 118
1757517978857 0.08676550692756844 119
1757517978867 0.07845508230268827 120
1757517978876 0.1209334231523189 121
1757517978887 0.24998583832905574 122
1757517978897 0.09309754953067191 123
1757517978906 0.09998768543250726 124
1757517978916 0.10179788633455025 125
1757517978926 0.07520952120572533 126
1757517978937 0.14119966805512923 127
1757517978947 0.11654569997285281 128
1757517978964 0.09887013442053291 129
1757517978982 0.08947343104482904 130
1757517978992 0.15534303552074125 131
1757517979002 0.08557710904207409 132
1757517979012 0.09101695240280776 133
1757517979022 0.09506448721651535 134
1757517979032 0.07280398595860614 135
1757517979042 0.15347892672716323 136
1757517979052 0.08173958248267103 137
1757517979062 0.08005267424630992 138
1757517979072 0.1279538962522767 139
1757517979082 0.1215049212489557 140
1757517979093 0.13436667970508695 141
1757517979103 0.04928570776338876 142
1757517979113 0.12070918427822375 143
1757517979123 0.13955126921027114 144
1757517979133 0.1296648497044134 145
1757517979143 0.17406130675235768 146
1757517979153 0.10440849096698109 147
1757517979163 0.07093693411602132 148
1757517979173 0.08077889302410418 149
1757517979183 0.07713780277618902 150
1757517979193 0.05259024723936402 151
1757517979203 0.11927463124952332 152
1757517979213 0.08688897141407562 153
1757517979223 0.11756577414806221 154
1757517979233 0.11005830486657557 155
1757517979242 0.11859183185599745 156
1757517979252 0.10737048107435795 157
1757517979262 0.12284588999782232 158
1757517979273 0.10212971636006234 159
1757517979283 0.1170295566836262 160
1757517979293 0.06745096278677461 161
1757517979303 0.16954241739102116 162
1757517979313 0.11023115660161707 163
1757517979324 0.062162915618460886 164
1757517979334 0.12653024996893106 165
1757517979344 0.07641472622575649 166
1757517979354 0.15861206114867382 167
1757517979364 0.08945863717263602 168
1757517979374 0.09316067288577472 169
1757517979385 0.13252858529227823 170
1757517979395 0.13792050709014847 171
1757517979405 0.05964670898539224 172
1757517979415 0.08300397974025 173
1757517979426 0.07332179201153861 174
1757517979436 0.09920868005111312 175
1757517979446 0.07573408331321882 176
1757517979456 0.13446075333835494 177
1757517979466 0.04819132320589966 178
1757517979476 0.14379482619659367 179
1757517979487 0.11821864182692915 180
1757517979497 0.07960146049353783 181
1757517979507 0.09982440683729144 182
1757517979517 0.08671734163164373 183
1757517979527 0.07660770418631606 184
1757517979538 0.12671526726693771 185
1757517979548 0.06696245151501222 186
1757517979558 0.1278704303485916 187
1757517979568 0.23611518651193483 188
1757517979578 0.06982026249144224 189
1757517979589 0.06209395364412643 190
1757517979599 0.08476349758035229 191
1757517979610 0.0913885602014955 192
1757517979620 0.07979339879891555 193
1757517979630 0.0957421976491862 194
1757517979641 0.10700121759346304 195
1757517979651 0.0857858000547422 196
1757517979661 0.0871154001828575 197
1757517979671 0.11950699248754074 198
