1757518649931 31.2925912621343 0
1757518649964 2.849928173035985 1
1757518649998 0.277053796510836 2
1757518650031 1.8485996900714745 3
1757518650064 8.22038197007818 4
1757518650098 0.4993888275630232 5
1757518650132 0.10972728346413502 6
1757518650165 0.005638127495871282 7
1757518650198 1.4969327831922041 8
1757518650231 0.10001244837971 9
1757518650264 0.3249738669804418 10
1757518650298 0.4991787817269098 11
1757518650331 0.025126950200265223 12
1757518650364 0.5830585951954321 13
1757518650398 26.47621094245228 14
1757518650433 0.6245493490418095 15
1757518650467 0.0008508679878778717 16
1757518650501 2.1463722022052876 17
1757518650535 0.038603308283326254 18
1757518650568 0.3077332565904587 19
1757518650601 2.2729783156813217 20
1757518650635 0.012974477961141507 21
1757518650669 0.23717020808701972 22
1757518650702 0.7385882424449609 23
1757518650736 0.3175659373836736 24
1757518650770 0.8555386575693971 25
1757518650803 1.7872690507149025 26
1757518650837 0.6362866731799919 27
1757518650870 0.04355772537071304 28
1757518650904 0.14749321264724047 29
1757518650938 0.04685904484433283 30
1757518650971 0.03278520915517789 31
1757518651005 0.16875378419764483 32
1757518651039 0.028955516868467236 33
1757518651072 0.00616157289512915 34
1757518651106 0.1738138307317925 35
1757518651140 0.3801385974312065 36
1757518651174 0.429727555898643 37
1757518651208 0.15051178266006193 38
1757518651257 0.023537657824974793 39
1757518651290 0.03161689247914182 40
1757518651324 0.24947055728740827 41
1757518651358 0.11371053484311794 42
1757518651391 0.05285236559421294 43
1757518651425 0.01514935344308184 44
1757518651458 0.23036648396218154 45
1757518651492 0.043154694010816376 46
1757518651526 0.003995942294294518 47
1757518651560 2.637501419833587 48
1757518651593 0.023102142944585038 49
1757518651627 0.012503659963239582 50
1757518651661 0.05850873638484292 51
1757518651694 0.9701439271934905 52
1757518651727 1.1451133363387502 53
1757518651761 0.16638801391358948 54
1757518651795 0.09605443227375632 55
1757518651829 0.2695362522636977 56
1757518651863 3.134673470817679 57
1757518651896 0.31731654683070004 58
1757518651930 0.01364123362345266 59
1757518651963 0.12494707778098074 60
1757518651997 0.0071939757860693815 61
1757518652031 0.23761838535628413 62
1757518652065 0.16778692718755917 63
1757518652098 0.3285519230196684 64
1757518652132 0.008021909559913961 65
1757518652166 1.1591427723355305 66
1757518652200 0.5012316651512425 67
1757518652234 0.04177880737220601 68
1757518652268 0.2035294821465493 69
1757518652302 0.13295198568059402 70
1757518652336 0.1160821894628612 71
1757518652370 0.012408460034933568 72
1757518652404 0.24392015179470136 73
1757518652438 1.1635054447137414 74
1757518652472 0.8939324318828458 75
1757518652505 0.4852701259274106 76
1757518652539 0.009913281681488827 77
1757518652573 0.5850134300081309 78
1757518652607 0.006184130009142888 79
1757518652643 0.0022250657294748794 80
1757518652677 0.001560359361335704 81
1757518652710 0.9268676590827515 82
1757518652744 0.11882771853829027 83
1757518652778 0.015344646624030199 84
1757518652812 0.0011563679922482412 85
1757518652846 0.06199407999058854 86
1757518652880 0.28714443387529437 87
1757518652913 0.11057568845258026 88
1757518652947 0.02001963698670002 89
1757518652981 0.002786786998999537 90
1757518653015 1.0480699674222777e-09 91
1757518653049 0.4034645696900854 92
1757518653083 0.001761449344243055 93
1757518653117 0.03848491278991322 94
1757518653151 2.547912147564281e-06 95
1757518653185 0.44267625099513974 96
1757518653219 0.5978893925662262 97
1757518653252 0.0838228368955897 98
1757518653286 0.003358466736386878 99
1757518653320 1.0668671262641567 100
1757518653355 0.08167183396772844 101
1757518653392 0.31912603304098536 102
1757518653427 0.09703869358114266 103
1757518653461 0.010847619413964126 104
1757518653495 0.8444469391815451 105
1757518653531 0.050436349753530924 106
1757518653566 0.16968949776152556 107
1757518653600 0.0666182567437963 108
1757518653634 0.002559900077454482 109
1757518653668 0.2531990086402916 110
1757518653702 5.343372295352333e-05 111
1757518653736 0.14684020623125835 112
1757518653770 0.1873995295716499 113
1757518653804 0.1875568580940342 114
1757518653838 0.11432607129809413 115
1757518653872 0.06033833069976028 116
1757518653906 0.050418843766795465 117
1757518653942 0.0009557259664475741 118
1757518653977 0.021517201644273794 119
1757518654010 0.05466932365853963 120
1757518654044 0.054647637395894566 121
1757518654078 0.0032296438359481227 122
1757518654112 0.04484239197391393 123
1757518654146 0.09800768999382473 124
1757518654180 0.006678745735397484 125
1757518654214 0.011523176247523985 126
1757518654248 6.32123801415044e-05 127
1757518654282 0.040109950009407355 128
1757518654317 0.01460775467575094 129
1757518654351 0.014224610068864644 130
1757518654385 0.0001322825605204219 131
1757518654420 0.0012412816444458596 132
1757518654454 0.01025390684980682 133
1757518654488 0.016610688738593463 134
1757518654522 0.022275393965355446 135
1757518654556 0.27865271039473316 136
1757518654590 0.0029177978140917855 137
1757518654625 0.24424943417665315 138
1757518654659 0.0014656070703470126 139
1757518654693 0.2481832310536984 140
1757518654727 0.03529996689595644 141
1757518654761 0.004339985065908488 142
1757518654797 0.15333068308846207 143
1757518654832 0.36676365713927717 144
1757518654866 0.14028206405886173 145
1757518654901 0.12838488229451628 146
1757518654945 0.0027589498103131388 147
1757518654981 1.5246876112262255 148
1757518655016 0.05236888978784618 149
1757518655051 0.08481488190420466 150
1757518655086 0.13317285649024563 151
1757518655120 0.025503698989310326 152
1757518655154 0.0027782364987188253 153
1757518655188 0.011080048937445203 154
1757518655222 0.09496988371207749 155
1757518655257 0.005316722381761609 156
1757518655291 0.031162618109306324 157
1757518655325 0.2868658097773409 158
1757518655359 0.2963433902449596 159
1757518655394 0.24403759180070903 160
1757518655428 0.019128829356248808 161
1757518655462 0.08961755269062785 162
1757518655496 0.0008713311174662195 163
1757518655531 0.18335256555445284 164
1757518655565 0.0016467880838870077 165
1757518655599 0.05606165869134211 166
1757518655633 0.21604119583534043 167
1757518655668 0.03382736769013849 168
1757518655702 0.011229888178186511 169
1757518655736 0.02859793562849658 170
1757518655770 0.010526144767741857 171
1757518655805 0.01621911543442629 172
1757518655839 0.03646399815564001 173
1757518655873 0.019156443189486453 174
1757518655908 0.3495235530503519 175
1757518655942 0.04460353980455145 176
1757518655976 0.06798309126567056 177
1757518656011 0.040848259003708344 178
1757518656045 0.012904092613225336 179
1757518656080 0.21779719057145588 180
1757518656114 0.15205441270086736 181
1757518656148 0.02910894447436663 182
1757518656182 0.26931350180308317 183
1757518656217 0.0065391669470092045 184
1757518656251 0.188822582756397 185
1757518656285 0.11857406407744688 186
1757518656320 0.00483543256853807 187
1757518656354 0.07652981799188338 188
1757518656389 0.045273990592473896 189
1757518656424 0.00011906619988498578 190
1757518656458 0.0211790350441342 191
1757518656493 0.03231344025899923 192
1757518656528 0.01628579377155475 193
1757518656562 0.02043117287860861 194
1757518656598 0.11349808886119182 195
1757518656633 0.0008019969835374376 196
1757518656668 0.010266533717979759 197
1757518656702 0.03403786192365824 198
1757518656736 1.0217585215386145 199
1757518656771 0.07387796436111708 200
1757518656806 0.004919083132022773 201
1757518656840 0.019022776680330273 202
1757518656874 0.025251809909990004 203
1757518656909 0.015043609056179089 204
1757518656944 0.03589696757716471 205
1757518656980 0.17508757761455204 206
1757518657015 0.01325649747652199 207
1757518657050 0.10555541338946654 208
1757518657084 0.004373105900846563 209
1757518657119 6.1824304133653655e-06 210
1757518657153 0.017266421542612046 211
1757518657188 0.1167308034790957 212
1757518657223 0.33939759663064656 213
1757518657258 0.020909487742668063 214
1757518657293 0.0058443313195698805 215
1757518657328 0.0009029445866444354 216
1757518657362 0.037095094265421215 217
1757518657397 0.0034455252734459613 218
1757518657432 0.0779779180680261 219
1757518657467 0.05872849102598846 220
1757518657502 0.5184623031032001 221
1757518657537 0.040249252674094446 222
1757518657572 0.0006616133743582558 223
1757518657608 0.19597970386348368 224
1757518657643 0.0042212621538989 225
1757518657678 0.01927342727007082 226
1757518657713 0.0901044506696512 227
1757518657748 0.08557837261299302 228
1757518657782 0.28471183166335023 229
1757518657817 0.04637228137281672 230
1757518657852 0.01913534306319832 231
1757518657887 0.12684529310861137 232
1757518657923 0.12711651260644027 233
1757518657958 0.04582751762171733 234
1757518657993 0.00034766598145620834 235
1757518658028 0.038699216073133105 236
1757518658063 0.0008089552570148809 237
1757518658098 0.02943198644850237 238
1757518658134 0.026815772810757997 239
1757518658169 0.005074993408400056 240
1757518658204 0.024891019766670904 241
1757518658238 5.311190146927192e-06 242
1757518658273 0.01635920646701782 243
1757518658309 3.163148835316798e-05 244
1757518658345 5.068884901140357e-06 245
1757518658380 0.14012404343619303 246
1757518658415 0.09972073599615705 247
1757518658449 0.0019875629291660098 248
1757518658484 0.0006326144780520337 249
1757518658520 0.0458558926290865 250
1757518658554 0.08389220238477199 251
1757518658589 0.1426107420027924 252
1757518658625 0.0291552736995366 253
1757518658660 0.00029856755352282487 254
1757518658695 0.0005817038123051093 255
1757518658730 0.0005288218087876643 256
1757518658765 0.06775732220834126 257
1757518658800 0.9275844414259706 258
1757518658836 0.10175132323692873 259
1757518658871 0.03576247038857143 260
1757518658906 0.02375414163860105 261
1757518658941 0.017470724690516092 262
1757518658976 0.01233130626087667 263
1757518659011 3.0887395727448245e-07 264
1757518659046 0.04266333540896532 265
1757518659081 0.002457256430821857 266
1757518659116 0.6926195728778917 267
1757518659152 0.01828309669402414 268
1757518659187 3.8791058640017865e-05 269
1757518659223 0.14547346113937215 270
1757518659258 0.08309075051448732 271
1757518659293 0.0008070550676891835 272
1757518659328 0.03300448945023889 273
1757518659363 0.2114535678331575 274
1757518659398 0.0003541025657803925 275
1757518659433 0.005341719835793557 276
1757518659468 0.03205286466416655 277
1757518659503 0.015127464782971497 278
1757518659538 0.17242253254973244 279
1757518659573 0.04244187142168353 280
1757518659608 0.18739155919816802 281
1757518659643 0.00044631474016336756 282
1757518659678 0.10294730179358556 283
1757518659713 0.07230198665262932 284
1757518659748 0.048078795261790125 285
1757518659783 0.06069280621971155 286
1757518659819 0.0009918757599150297 287
1757518659857 0.07080909059197461 288
1757518659892 4.806406215653631e-07 289
1757518659927 0.05917058660979581 290
1757518659963 0.07888933312436248 291
1757518659998 0.0009174863301052201 292
1757518660033 0.028699781291704606 293
1757518660068 0.0014805739259476144 294
1757518660103 0.006431151193447962 295
1757518660138 0.045857595845620214 296
1757518660174 0.016624042178654007 297
1757518660208 0.011009117763052629 298
1757518660243 0.024055419989166018 299
1757518660278 0.0022919570918487485 300
1757518660314 0.0005703368188226652 301
1757518660350 0.17295740006490237 302
1757518660386 0.4521522823350899 303
1757518660423 0.04058336907818083 304
1757518660458 0.20184585052711915 305
1757518660494 0.0011023537293344875 306
1757518660529 0.15721383741366238 307
1757518660564 0.0003965983865875241 308
1757518660600 0.14225444371585952 309
1757518660635 0.02208684704566092 310
1757518660670 0.0036925318411668915 311
1757518660705 0.0010321655927859777 312
1757518660740 0.34449496362722537 313
1757518660775 0.0052511960048636985 314
1757518660812 0.6997676304923046 315
1757518660847 0.15205342715663164 316
1757518660882 5.1621178211647146e-05 317
1757518660918 0.006458763579376114 318
1757518660954 0.0011075862710043136 319
1757518660989 0.08469600619899004 320
1757518661025 0.04826659896215984 321
1757518661061 4.94328015840683e-05 322
1757518661096 0.0318422239978744 323
1757518661132 0.000994488786762017 324
1757518661167 0.02748460697839124 325
1757518661203 0.025563406049146586 326
1757518661238 0.2533666863734562 327
1757518661273 0.27361218016272176 328
1757518661310 0.0008183744184704973 329
1757518661346 0.0811863663755208 330
1757518661382 0.20246094216038077 331
1757518661417 0.08784952143244074 332
1757518661453 0.2270568907611512 333
1757518661489 0.17910529237692419 334
1757518661524 0.08000707301061857 335
1757518661560 0.11520407910564687 336
1757518661596 0.20551008097384094 337
1757518661631 0.037300976754649204 338
1757518661667 0.051308191583214445 339
1757518661702 0.0008038972687683232 340
1757518661737 0.0036588544242962275 341
1757518661773 0.04482347375393798 342
1757518661808 0.31565111337939994 343
1757518661844 0.005979664139755504 344
1757518661881 0.09417111335913178 345
1757518661916 0.054355827387014 346
1757518661954 0.18876274044776573 347
1757518661990 0.023950266790065806 348
1757518662025 3.004507910864112 349
1757518662060 0.019209341590824425 350
1757518662097 0.11957810170831247 351
1757518662133 0.13785241609027105 352
1757518662169 0.0007196413889869258 353
1757518662204 0.047438724403319435 354
1757518662241 0.1686415614941535 355
1757518662279 0.07830552222905791 356
1757518662315 0.12146180644710634 357
1757518662351 0.2459758973553332 358
1757518662387 0.16074262386331278 359
1757518662424 0.016074802175077764 360
1757518662459 0.15662394268914745 361
1757518662494 0.015489190568199628 362
1757518662530 0.028419375117921863 363
1757518662565 0.16257292539542859 364
1757518662601 0.09190004154681082 365
1757518662636 0.030122363017946747 366
1757518662672 0.013830309035115436 367
1757518662707 0.0007301778557781935 368
1757518662743 0.03125028031210086 369
1757518662779 0.15201217789029256 370
1757518662815 0.03903031472115002 371
1757518662852 0.031953730095290546 372
1757518662888 0.15645845428189176 373
1757518662924 0.0230102392925585 374
1757518662960 0.0922316625553714 375
1757518662996 0.07445945987472476 376
1757518663032 0.11056586549309637 377
1757518663067 0.07206308547888861 378
1757518663103 1.1077726312466553e-05 379
1757518663139 0.007902380900803314 380
1757518663174 0.0009033227901966192 381
1757518663210 0.003704584781458523 382
1757518663246 0.08977069537096478 383
1757518663281 0.0604402592859106 384
1757518663317 0.024958000969091378 385
1757518663353 0.04271929257100917 386
1757518663396 0.02273531783452762 387
1757518663432 0.13303408049495918 388
1757518663468 0.05524440029871337 389
1757518663506 0.8934017604381161 390
1757518663542 0.011742799999398524 391
1757518663578 0.14685060841722108 392
1757518663614 0.012327019886178597 393
1757518663650 0.021740921344675115 394
1757518663686 0.4391041607862719 395
1757518663722 0.024183232577733152 396
1757518663758 0.051551431435501484 397
1757518663794 0.0010225515584016387 398
1757518663829 0.005256132052784294 399
1757518663865 0.006027508453162799 400
1757518663901 0.04008226087931017 401
1757518663936 0.042538641383237485 402
1757518663973 0.05611578489125283 403
1757518664009 0.0425830786261574 404
1757518664045 0.011803531592023636 405
1757518664083 0.0005801330238307071 406
1757518664119 0.003273064271815122 407
1757518664155 0.18931127492307995 408
1757518664191 0.00977993767145991 409
1757518664228 0.04907155809192669 410
1757518664264 0.026072833186382434 411
1757518664300 0.0008265748993716604 412
1757518664336 0.1012132152698157 413
1757518664372 0.010490679617099 414
1757518664409 0.04100830378580259 415
1757518664445 0.23291504228840867 416
1757518664481 0.03058013474698114 417
1757518664518 0.04101589094829093 418
1757518664554 0.028563265638290637 419
1757518664592 0.013577882989088512 420
1757518664628 0.11617660205194175 421
1757518664665 0.06783397755181501 422
1757518664701 0.25304594257659363 423
1757518664737 0.017334396191888226 424
1757518664773 0.10584068568433894 425
1757518664809 0.011850156983287754 426
1757518664845 0.04804886473479843 427
1757518664881 0.0923744566516693 428
1757518664917 0.1990902200319686 429
1757518664954 0.025489869981858614 430
1757518664990 0.13364579057906742 431
1757518665027 0.051371347521480246 432
1757518665063 0.03731887221905561 433
1757518665099 0.28182395837795887 434
1757518665135 0.07420696488912297 435
1757518665171 0.013123916275810983 436
1757518665207 0.010751400694328636 437
1757518665243 0.050598642375190815 438
1757518665280 0.0014625764709101814 439
1757518665317 0.08658225382653319 440
1757518665353 0.01636825284624965 441
1757518665392 0.03463126474728015 442
1757518665429 0.014769115079340317 443
1757518665465 0.058771272980770256 444
1757518665502 0.05133826199090729 445
1757518665538 0.09933273003078649 446
1757518665575 0.1094431026028643 447
1757518665612 0.04464003231528744 448
1757518665649 2.9466123058210516 449
1757518665685 0.0403433083362471 450
1757518665722 0.2012235831290823 451
1757518665759 0.004709492758639069 452
1757518665795 1.0630425778355976 453
1757518665832 0.15180392000953694 454
1757518665868 0.07912246035117164 455
1757518665905 0.02825118078608319 456
1757518665951 0.012071350862799887 457
1757518665988 0.0808443501716801 458
1757518666025 0.019568277203617566 459
1757518666062 0.1824382914155956 460
1757518666098 0.004204746454284643 461
1757518666135 0.14098541845761017 462
1757518666171 0.16803822438020374 463
1757518666208 0.05375892768039782 464
1757518666244 0.003978809123175862 465
1757518666281 0.021193471272132693 466
1757518666318 0.0027331558769893003 467
1757518666355 0.052131108085414296 468
1757518666392 0.030661272953340406 469
1757518666430 0.013385591927142856 470
1757518666466 0.001484590800488673 471
1757518666503 0.3672944082660252 472
1757518666540 0.018963811406826955 473
1757518666576 0.00025404708535092286 474
1757518666613 4.967097464087336e-05 475
1757518666650 0.009870650732303279 476
1757518666686 0.05683551687313385 477
1757518666723 0.025356499769539572 478
1757518666759 0.01606992034932485 479
1757518666795 0.043877734798619845 480
1757518666832 0.003233642399922098 481
1757518666869 0.22954283606650278 482
1757518666906 0.024209419936855204 483
1757518666942 0.0006202045127895108 484
1757518666979 0.06451415994541854 485
1757518667015 0.00018594934489389443 486
1757518667052 0.3985977303709741 487
1757518667089 0.31268178027355537 488
1757518667125 0.011333465108917872 489
1757518667162 0.30866616409527176 490
1757518667198 0.007054567134283082 491
1757518667235 0.01649601845475524 492
1757518667271 0.033406622716625395 493
1757518667308 0.04847993573846213 494
1757518667344 0.058552911585765005 495
1757518667381 0.013650810156694025 496
1757518667418 0.006485267509209669 497
1757518667454 0.10974185560897577 498
1757518667491 0.03775956124242382 499
