1757517956974 0.9675225471297295 0
1757517956983 0.4685875622374595 1
1757517956993 0.5786307007426471 2
1757517957003 0.33426200883136103 3
1757517957012 0.13932778583797592 4
1757517957022 0.13957670812342057 5
1757517957031 0.11652472094611474 6
1757517957040 0.18374636757779111 7
1757517957050 0.14267415090236774 8
1757517957059 0.0846164225781621 9
1757517957068 0.09743352396125485 10
1757517957077 0.1239770190723461 11
1757517957086 0.06456788919930613 12
1757517957096 0.0998362942397777 13
1757517957105 0.1351642770758599 14
1757517957114 0.07554764591634477 15
1757517957123 0.10394081510130936 16
1757517957133 0.18967690192751566 17
1757517957142 0.12562244554088417 18
1757517957151 0.06385865870536565 19
1757517957161 0.07242788678260531 20
1757517957171 0.10566349202769217 21
1757517957181 0.15118319502819585 22
1757517957191 0.08271348305874314 23
1757517957200 0.11463930959678471 24
1757517957209 0.06223633557634848 25
1757517957218 0.08907445642524216 26
1757517957228 0.1547015190341714 27
1757517957237 0.12251372533049978 28
1757517957247 0.06672848337072709 29
1757517957256 0.05724529953271856 30
1757517957266 0.06527413272531377 31
1757517957275 0.06789645303790741 32
1757517957285 0.10794283835169939 33
1757517957294 0.07861288460971416 34
1757517957303 0.10384829219486477 35
1757517957313 0.07792098072301157 36
1757517957322 0.07710109822392659 37
1757517957332 0.06456313337691541 38
1757517957341 0.06786676649380402 39
1757517957351 0.09429953453591747 40
1757517957360 0.12119747593493688 41
1757517957370 0.0708579566185858 42
1757517957379 0.05906804572225472 43
1757517957388 0.06809230946579699 44
1757517957398 0.10937414724342039 45
1757517957407 0.14685560109732212 46
1757517957417 0.12832098276712756 47
1757517957426 0.10218464158247798 48
1757517957436 0.07485362302688915 49
1757517957445 0.07826861316557147 50
1757517957455 0.06856712245256819 51
1757517957464 0.07682176890024767 52
1757517957474 0.1134650006613902 53
1757517957484 0.1053544737214217 54
1757517957493 0.10034881380587363 55
1757517957503 0.06003687120069535 56
1757517957512 0.13585295678793843 57
1757517957522 0.03640890023544182 58
1757517957531 0.09327664224834935 59
1757517957541 0.11240656224425906 60
1757517957551 0.12505782956017822 61
1757517957561 0.13637143079684172 62
1757517957570 0.10654747174137696 63
1757517957580 0.055849992620034476 64
1757517957589 0.0507578799769622 65
1757517957599 0.06495258406203018 66
1757517957608 0.0890934581574541 67
1757517957618 0.07779653149472728 68
1757517957627 0.07972750753550713 69
1757517957637 0.08059994937004071 70
1757517957646 0.11874696753544842 71
1757517957656 0.09890172564674708 72
1757517957666 0.07857767898520909 73
1757517957675 0.07981193414167395 74
1757517957685 0.06554168114201145 75
1757517957694 0.06781676701983004 76
1757517957704 0.08907724502224026 77
1757517957713 0.09151622875448216 78
1757517957723 0.15848274938168597 79
1757517957733 0.11182728684712227 80
1757517957742 0.1328570185812998 81
1757517957752 0.06451307063322721 82
1757517957762 0.16005561365730986 83
1757517957771 0.07314012117051173 84
1757517957781 0.11965249289645842 85
1757517957791 0.12065487826457028 86
1757517957801 0.13101085910721164 87
1757517957811 0.09138533673534273 88
1757517957820 0.10414446992376403 89
1757517957830 0.09877743359082017 90
1757517957840 0.10711363369126468 91
1757517957850 0.0774699127702588 92
1757517957860 0.11648512013376829 93
1757517957869 0.06317460599416379 94
1757517957880 0.1040166420658891 95
1757517957889 0.101783234996851 96
1757517957899 0.048826887905093645 97
1757517957909 0.18678338377539533 98
1757517957919 0.09936616963504424 99
1757517957928 0.0862517401827975 100
1757517957938 0.0721117806962491 101
1757517957948 0.08792017110889652 102
1757517957958 0.080616625160575 103
1757517957968 0.062068990012759284 104
1757517957978 0.12971306816714517 105
1757517957988 0.07736951015724232 106
1757517957998 0.05662192760370474 107
1757517958008 0.06886637967391299 108
1757517958018 0.19155417451876194 109
1757517958027 0.12231647617584772 110
1757517958037 0.10021971983391646 111
1757517958048 0.08920488793192784 112
1757517958057 0.0630069322429646 113
1757517958067 0.07510078456877947 114
1757517958077 0.08672186369655516 115
1757517958087 0.07314580149974774 116
1757517958097 0.03813893698214887 117
1757517958107 0.0845634773502695 118
1757517958117 0.06271034689290557 119
1757517958127 0.0733332123166087 120
1757517958137 0.08689089730397144 121
1757517958147 0.10588851784519887 122
1757517958158 0.050030929279894956 123
1757517958168 0.11152293391580183 124
1757517958178 0.08087157734650154 125
1757517958189 0.09793753584109345 126
1757517958200 0.12472263876054722 127
1757517958210 0.0778978232316406 128
1757517958220 0.11665772171605689 129
1757517958230 0.10200459181230086 130
1757517958240 0.051777196542251804 131
1757517958251 0.10460186025465802 132
1757517958261 0.07324423514750414 133
1757517958271 0.08712071949341203 134
1757517958281 0.09117637871665157 135
1757517958293 0.10466436912297833 136
1757517958303 0.09115772081783856 137
1757517958313 0.139696837227746 138
1757517958323 0.12259753760343435 139
1757517958334 0.0882526542172521 140
1757517958344 0.09525258122138533 141
1757517958354 0.05489187492154667 142
1757517958373 0.07337575305210942 143
1757517958387 0.08493442461173682 144
1757517958397 0.24894890436149072 145
1757517958408 0.0865062023255735 146
1757517958418 0.14690468582705277 147
1757517958428 0.09969890128373089 148
1757517958438 0.07412254447972129 149
1757517958448 0.09892606873825677 150
1757517958459 0.10319371358279611 151
1757517958469 0.08061014038033777 152
1757517958479 0.05596313836300052 153
1757517958490 0.07383512723735977 154
1757517958500 0.09784472422297823 155
1757517958510 0.10802032118833131 156
1757517958520 0.08834895466240328 157
1757517958530 0.10669246891564511 158
1757517958540 0.04985709635435125 159
1757517958551 0.0901481859724024 160
1757517958561 0.07471540224949139 161
1757517958572 0.10775736206304283 162
1757517958582 0.13956548996785442 163
1757517958592 0.11254177078103215 164
1757517958603 0.10431617584848948 165
1757517958613 0.07072836955922686 166
1757517958623 0.08669108327834169 167
1757517958633 0.0649123317134745 168
1757517958644 0.06419806149094778 169
1757517958654 0.06696674778602336 170
1757517958664 0.6053030234898971 171
1757517958675 0.10180758735487196 172
1757517958685 0.06445828798001456 173
1757517958695 0.09245811941790111 174
1757517958705 0.06538786962196239 175
1757517958715 0.05313678370085073 176
1757517958726 0.09026635104634258 177
1757517958736 0.1281692883851035 178
1757517958746 0.07170776788123717 179
1757517958757 0.11253388032354837 180
1757517958767 0.05828055688174652 181
1757517958777 0.06458452614266101 182
1757517958788 0.0822457450148604 183
1757517958798 0.08268282672679367 184
1757517958809 0.05582458228826524 185
1757517958819 0.08894106930632321 186
1757517958829 0.07463416149961284 187
1757517958840 0.05466730334195838 188
1757517958850 0.06827205962435512 189
1757517958860 0.10493315636289885 190
1757517958871 0.08234966637707254 191
1757517958881 0.0867531765486701 192
1757517958892 0.09745117620566504 193
1757517958902 0.10021599220845578 194
1757517958916 0.1989367943368261 195
1757517958927 0.07160184156995217 196
1757517958938 0.0790248579595816 197
1757517958949 0.09206439320656548 198
1757517958959 0.07159006449835 199
1757517958970 0.092027097111038 200
1757517958981 0.10562782496182052 201
1757517958992 0.11043095865356642 202
1757517959003 0.09594175520148371 203
1757517959013 0.08041430759832408 204
1757517959023 0.05724628409216093 205
1757517959034 0.10654133252256877 206
1757517959044 0.14632010696744197 207
1757517959055 0.07927863398150405 208
1757517959066 0.2512300741198026 209
1757517959076 0.10238655225054404 210
1757517959087 0.06148779788322215 211
1757517959097 0.08739464898306881 212
1757517959108 0.05688503340167099 213
1757517959119 0.13183919101809521 214
1757517959129 0.09571083462762375 215
1757517959140 0.07268908578048125 216
1757517959150 0.09422999054195089 217
1757517959161 0.05803313567144001 218
1757517959171 0.11452494218979771 219
1757517959182 0.08423777549124319 220
1757517959193 0.06847605460730362 221
1757517959203 0.06956712480083438 222
1757517959214 0.10766449592438905 223
1757517959225 0.07680714693668318 224
1757517959235 0.10659868366505194 225
1757517959246 0.0785450813528208 226
1757517959256 0.09364686071547222 227
1757517959267 0.1354461133836917 228
1757517959278 0.1240552381785822 229
1757517959289 0.1296759636890871 230
1757517959300 0.07004684612266475 231
1757517959310 0.07124100028702564 232
1757517959321 0.08687857268356947 233
1757517959332 0.0654334577489379 234
1757517959343 0.07388681932420639 235
1757517959353 0.08118807221560587 236
1757517959365 0.12003590169615147 237
1757517959375 0.06400382993113153 238
1757517959386 0.09124236049298179 239
1757517959397 0.06415560179204603 240
1757517959407 0.1283481003428098 241
1757517959418 0.07480498886744734 242
1757517959429 0.09071539223795304 243
1757517959440 0.12422679152937605 244
1757517959451 0.059095971738848244 245
1757517959461 0.04188359452594458 246
1757517959472 0.0851588869217687 247
1757517959483 0.07953357548584676 248
1757517959494 0.10047641293936431 249
1757517959505 0.10731095384676645 250
1757517959516 0.09253645929935364 251
1757517959527 0.06095125210785543 252
1757517959537 0.05941696872890244 253
1757517959548 0.07294192765390213 254
1757517959559 0.11285828237673708 255
1757517959569 0.0623518893283461 256
1757517959581 0.09005138457137242 257
1757517959591 0.09694321355246954 258
1757517959602 0.09742075979603765 259
1757517959613 0.08010289362491443 260
1757517959624 0.04599556367309227 261
1757517959634 0.08191323396829392 262
1757517959645 0.10537858195037586 263
1757517959656 0.0713320016722205 264
1757517959667 0.15300327530638894 265
1757517959678 0.07426800746704151 266
1757517959689 0.1174277139348246 267
1757517959700 0.09797306829363224 268
1757517959710 0.08095856565450744 269
1757517959721 0.06661684048829847 270
1757517959732 0.08596477919004299 271
1757517959743 0.23592178389315308 272
1757517959753 0.09276924295180261 273
1757517959764 0.18174972048810062 274
1757517959775 0.08245513809401357 275
1757517959786 0.07802875390929355 276
1757517959797 0.08415914675503867 277
1757517959808 0.0839148788940278 278
1757517959819 0.09404287654816286 279
1757517959830 0.08742223005899123 280
1757517959841 0.03990379742295497 281
1757517959852 0.1168212652548223 282
1757517959863 0.08142842244633149 283
1757517959874 0.14206108534718542 284
1757517959885 0.1237868522274877 285
1757517959896 0.09987253978720172 286
1757517959907 0.07527918895279066 287
1757517959918 0.1968625663324303 288
1757517959929 0.047561849231677396 289
1757517959940 0.061864511282022375 290
1757517959951 0.07737856797145688 291
1757517959962 0.06800254723571801 292
1757517959973 0.1343025048436443 293
1757517959984 0.07438576572233677 294
1757517959995 0.0642491528814851 295
1757517960006 0.06997355221554935 296
1757517960017 0.1374861358708321 297
1757517960028 0.08763764085513143 298
1757517960039 0.1053980099873786 299
1757517960050 0.06463032921078107 300
1757517960061 0.06705464392047959 301
1757517960072 0.14200911007946393 302
1757517960084 0.1538274849399008 303
1757517960095 0.07982940764914545 304
1757517960106 0.15823739441730744 305
1757517960117 0.10208238181672334 306
1757517960128 0.1595757340824133 307
1757517960139 0.09578714828418092 308
1757517960150 0.07383672983748646 309
1757517960161 0.1201311821706722 310
1757517960172 0.09123465451873548 311
1757517960183 0.10036195847576876 312
1757517960194 0.10118086085297898 313
1757517960206 0.05628287871053879 314
1757517960217 0.055634496942491285 315
1757517960228 0.09064340024259067 316
1757517960239 0.060259403787388414 317
1757517960249 0.060488024599988484 318
1757517960261 0.10662178219315219 319
1757517960272 0.12862862857660645 320
1757517960283 0.0760612308742423 321
1757517960294 0.1286463493083692 322
1757517960305 0.05980011594510783 323
1757517960316 0.05877329378676099 324
1757517960328 0.0804405586420163 325
1757517960339 0.11225372386982618 326
1757517960350 0.053362856925257676 327
1757517960361 0.1220772061391943 328
1757517960373 0.04779917234042117 329
1757517960384 0.16573896234958138 330
1757517960395 0.12074523014412182 331
1757517960406 0.08099239747844089 332
1757517960418 0.09604758925709828 333
1757517960429 0.10663529965287274 334
1757517960440 0.056714062587137216 335
1757517960451 0.07294300753628517 336
1757517960462 0.09940758668274839 337
1757517960474 0.07466123988914573 338
1757517960486 0.13149017079389788 339
1757517960497 0.08985208823449453 340
1757517960508 0.055270446203925995 341
1757517960520 0.13851061638635315 342
1757517960531 0.07143882187146522 343
1757517960542 0.09469077956555522 344
1757517960554 0.08508581354686927 345
1757517960565 0.04408771739173122 346
1757517960576 0.09959103433760108 347
1757517960588 0.1352383348184582 348
1757517960599 0.09366564532215799 349
1757517960611 0.09054201635822706 350
1757517960622 0.04318842322935592 351
1757517960633 0.06124086185372025 352
1757517960645 0.08307850275194047 353
1757517960656 0.07548748000332328 354
1757517960668 0.15162468339474108 355
1757517960679 0.09043948037190222 356
1757517960691 0.06606897339767742 357
1757517960702 0.06440082775835777 358
1757517960713 0.10275812496461921 359
1757517960724 0.11901629752425229 360
1757517960736 0.07909711959332784 361
1757517960747 0.09280014897761518 362
1757517960759 0.07899097763126861 363
1757517960770 0.11503272986595159 364
1757517960781 0.12590544394352318 365
1757517960793 0.055430460952514665 366
1757517960804 0.041911139193524544 367
1757517960816 0.11532133098016087 368
1757517960827 0.09746265893681981 369
1757517960839 0.06051764172304545 370
1757517960850 0.6143835374408882 371
1757517960862 0.07339489444040813 372
1757517960873 0.14160716980464433 373
1757517960885 0.12373189305043712 374
1757517960896 0.06906664488904525 375
1757517960908 0.14006643950655662 376
1757517960920 0.0819447032425769 377
1757517960932 0.11780066641980393 378
1757517960944 0.05280461006103685 379
1757517960956 0.09716656198826319 380
1757517960967 0.10258728845309967 381
1757517960979 0.05726165685273662 382
1757517960991 0.074899018639227 383
1757517961003 0.09855192516877376 384
1757517961014 0.08834421374055842 385
1757517961026 0.18825963604076212 386
1757517961038 0.05912897787431598 387
1757517961049 0.10095167470779672 388
1757517961062 0.08563283500527712 389
1757517961073 0.09272767465326036 390
1757517961085 0.196297045392804 391
1757517961097 0.15485723906584378 392
1757517961109 0.10740595033961407 393
1757517961122 0.08941079307264957 394
1757517961134 0.08164645194579659 395
1757517961145 0.07347153166033064 396
1757517961157 0.14022907563630813 397
1757517961169 0.07354040827455839 398
1757517961180 0.10148955723824592 399
1757517961193 0.06466150111084669 400
1757517961205 0.09404099294811624 401
1757517961216 0.138372595127789 402
1757517961228 0.08413939973656802 403
1757517961240 0.12255410857554476 404
1757517961252 0.10655513730938476 405
1757517961263 0.04756487189719234 406
1757517961275 0.06847639624397402 407
1757517961287 0.14284883390879186 408
1757517961299 0.08624251815957763 409
1757517961311 0.09152676849623546 410
1757517961323 0.05436808911773084 411
1757517961334 0.08294493041659624 412
1757517961346 0.11028918910840563 413
1757517961358 0.08160256440037988 414
1757517961370 0.12771360109099927 415
1757517961382 0.07793757411609496 416
1757517961394 0.07225881419105694 417
1757517961406 0.10013909005993471 418
1757517961418 0.07528527119812978 419
1757517961430 0.10555404881252249 420
1757517961442 0.06960377833599046 421
1757517961453 0.08204761097125597 422
1757517961466 0.06937855082630286 423
1757517961477 0.10460951109017402 424
1757517961490 0.1036947992355925 425
1757517961502 0.11905025180140456 426
1757517961514 0.06466582468323377 427
1757517961526 0.14434656302097973 428
1757517961538 0.11644002561742177 429
1757517961549 0.15731152893362452 430
1757517961561 0.08516338828323501 431
1757517961573 0.07453501033012143 432
1757517961585 0.09656808118559868 433
1757517961597 0.07060388211141866 434
1757517961610 0.13791823265880934 435
1757517961622 0.12231770877912466 436
1757517961634 0.14950762179094756 437
1757517961646 0.12161075756759543 438
1757517961658 0.10049547822574938 439
1757517961670 0.11206757753256556 440
1757517961682 0.08789057288384117 441
1757517961695 0.09831439062415134 442
1757517961707 0.07475584352012447 443
1757517961718 0.06385776157569296 444
1757517961733 0.06725795241805356 445
1757517961745 0.0689544548700932 446
1757517961757 0.07638527374410505 447
1757517961769 0.092687768213314 448
1757517961781 0.13160151555797867 449
1757517961793 0.11034546966909772 450
1757517961806 0.07113128855544563 451
1757517961818 0.11933574564504196 452
1757517961830 0.15072143989142608 453
1757517961842 0.1491627461024936 454
1757517961854 0.1310725982609953 455
1757517961866 0.06243857126613016 456
1757517961878 0.12035995141772451 457
1757517961890 0.08392405961658958 458
1757517961902 0.06282068883288332 459
1757517961914 0.1573206977633718 460
1757517961927 0.10428446766001578 461
1757517961939 0.12220114491012617 462
1757517961951 0.10954457662393796 463
1757517961963 0.10432235214733646 464
1757517961975 0.12170031312089863 465
1757517961988 0.07299812031701573 466
1757517962000 0.12274451128570643 467
1757517962013 0.05943550995618833 468
1757517962026 0.06152046073447369 469
1757517962038 0.06728989646212956 470
1757517962050 0.10102224868518847 471
1757517962063 0.07546514407696284 472
1757517962076 0.08329165507616504 473
1757517962088 0.10771958691921185 474
1757517962101 0.1216454284556331 475
1757517962113 0.11914469263521428 476
1757517962126 0.07823333696124166 477
1757517962138 0.06334366927949607 478
1757517962150 0.058165937906148345 479
1757517962163 0.19394084223893163 480
1757517962175 0.06669435740527994 481
1757517962188 0.10584454456793285 482
1757517962200 0.16580408678809697 483
1757517962213 0.07745774203303722 484
1757517962225 0.08842760890620725 485
1757517962238 0.0789570541354527 486
1757517962250 0.08772136236349809 487
1757517962263 0.10206910711940055 488
1757517962275 0.10074937574262606 489
1757517962288 0.11340906140244442 490
1757517962300 0.12401846665841007 491
1757517962313 0.07405012356371334 492
1757517962325 0.07737879963245306 493
1757517962338 0.053382993839245906 494
1757517962350 0.08807826411997018 495
1757517962363 0.08426132311435824 496
1757517962376 0.06407394588357249 497
1757517962388 0.04140326624157278 498
1757517962401 0.11455659809239888 499
