1757517890506 164.7165406255945 0
1757517890514 158.60923955859448 1
1757517890522 152.73756188947073 2
1757517890531 147.09234662581395 3
1757517890540 141.66479054422308 4
1757517890548 136.44643417646466 5
1757517890557 131.42914834568148 6
1757517890565 126.60512123104233 7
1757517890573 121.96684594004834 8
1757517890582 117.50710856855436 9
1757517890591 113.21897672932583 10
1757517890599 109.09578853072738 11
1757517890608 105.13114198784618 12
1757517890616 101.3188848490562 13
1757517890625 97.65310482170526 14
1757517890633 94.12812018123772 15
1757517890642 90.73847074867861 16
1757517890650 87.47890922202177 17
1757517890659 84.34439284760683 18
1757517890668 81.33007541813097 19
1757517890677 78.43129958446094 20
1757517890686 75.6435894689282 21
1757517890694 72.96264356824908 22
1757517890703 70.38432793470913 23
1757517890713 67.90466962467204 24
1757517890722 65.51985040391868 25
1757517890731 63.22620069972852 26
1757517890740 61.02019379001571 27
1757517890749 58.89844022020581 28
1757517890757 56.85768243891832 29
1757517890766 54.89478964385573 30
1757517890775 53.00675282965416 31
1757517890783 51.19068002975727 32
1757517890792 49.443791744705905 33
1757517890801 47.7634165495192 34
1757517890810 46.146986873139504 35
1757517890819 44.59203494318804 36
1757517890827 43.09618888954139 37
1757517890836 41.65716900049888 38
1757517890844 40.27278412554671 39
1757517890853 38.94092821897372 40
1757517890862 37.659577018806694 41
1757517890871 36.42678485575491 42
1757517890880 35.2406815870706 43
1757517890889 34.09946965041396 44
1757517890897 33.00142123302373 45
1757517890906 31.944875551666833 46
1757517890915 30.92823623902131 47
1757517890924 29.949968832319367 48
1757517890932 29.008598360240306 49
1757517890941 28.102707024199375 50
1757517890950 27.230931970330477 51
1757517890959 26.391963148609005 52
1757517890968 25.58454125569585 53
1757517890977 24.807455758221348 54
1757517890986 24.05954299335532 55
1757517890994 23.33968434363475 56
1757517891003 22.64680448313657 57
1757517891012 21.979869692200786 58
1757517891021 21.337886238018108 59
1757517891030 20.71989881849787 60
1757517891039 20.12498906694076 61
1757517891048 19.552274115130498 62
1757517891057 19.0009052125579 63
1757517891065 18.47006639957757 64
1757517891075 17.95897323238409 65
1757517891084 17.46687155777916 66
1757517891093 16.99303633577861 67
1757517891101 16.536770508185906 68
1757517891110 16.09740391133333 69
1757517891119 15.674292231259098 70
1757517891128 15.266815999661887 71
1757517891137 14.874379629033575 72
1757517891146 14.496410485438487 73
1757517891155 14.132357997465187 74
1757517891164 13.781692799934358 75
1757517891173 13.443905911003506 76
1757517891182 13.118507941360877 77
1757517891191 12.805028334254223 78
1757517891200 12.50301463514628 79
1757517891209 12.212031789840001 80
1757517891218 11.931661469957795 81
1757517891227 11.66150142470687 82
1757517891236 11.401164857901549 83
1757517891244 11.150279829255133 84
1757517891253 10.908488678992194 85
1757517891262 10.67544747487059 86
1757517891271 10.450825480735299 87
1757517891280 10.234304645764203 88
1757517891289 10.025579113596388 89
1757517891299 9.824354750565595 90
1757517891308 9.63034869229313 91
1757517891317 9.443288907922197 92
1757517891326 9.262913781304656 93
1757517891335 9.08897170847864 94
1757517891344 8.92122071079937 95
1757517891353 8.75942806311351 96
1757517891362 8.603369936388102 97
1757517891371 8.452831054231334 98
1757517891380 8.307604362760959 99
1757517891390 8.167490713301014 100
1757517891399 8.032298557405253 101
1757517891408 7.901843653726412 102
1757517891417 7.775948786269232 103
1757517891426 7.654443493583049 104
1757517891435 7.5371638084670565 105
1757517891445 7.423952007778313 106
1757517891453 7.314656371948792 107
1757517891462 7.209130953832165 108
1757517891471 7.107235356517194 109
1757517891481 7.008834519758077 110
1757517891490 6.9137985146856 111
1757517891499 6.822002346476516 112
1757517891508 6.733325764671372 113
1757517891517 6.647653080842047 114
1757517891527 6.564872993323435 115
1757517891536 6.484878418733817 116
1757517891545 6.407566330019347 117
1757517891554 6.332837600768986 118
1757517891563 6.260596855555549 119
1757517891573 6.190752326068272 120
1757517891582 6.123215712811465 121
1757517891591 6.057902052153008 122
1757517891601 5.9947295885140655 123
1757517891610 5.933619651500124 124
1757517891619 5.874496537781513 125
1757517891628 5.817287397538169 126
1757517891638 5.761922125291623 127
1757517891647 5.7083332549535415 128
1757517891656 5.65645585892659 129
1757517891665 5.606227451100705 130
1757517891675 5.55758789359296 131
1757517891684 5.5104793070858 132
1757517891693 5.464845984623934 133
1757517891703 5.420634308735323 134
1757517891712 5.377792671747396 135
1757517891723 5.336271399174521 136
1757517891733 5.296022676057306 137
1757517891743 5.25700047613921 138
1757517891752 5.219160493770819 139
1757517891762 5.182460078435143 140
1757517891771 5.146858171793237 141
1757517891780 5.112315247151703 142
1757517891805 5.078793251258355 143
1757517891815 5.046255548336273 144
1757517891825 5.014666866268664 145
1757517891835 4.983993244852097 146
1757517891844 4.954201986037271 147
1757517891854 4.925261606080798 148
1757517891863 4.8971417895337765 149
1757517891873 4.86981334499627 150
1757517891882 4.843248162569022 151
1757517891892 4.817419172937217 152
1757517891901 4.7923003080225675 153
1757517891911 4.767866463143585 154
1757517891920 4.744093460625618 155
1757517891930 4.720958014804134 156
1757517891939 4.698437698368317 157
1757517891949 4.6765109099921665 158
1757517891958 4.655156843204366 159
1757517891968 4.634355456448064 160
1757517891977 4.614087444285649 161
1757517891987 4.594334209703535 162
1757517891997 4.575077837474831 163
1757517892006 4.556301068539303 164
1757517892015 4.537987275360683 165
1757517892025 4.520120438224728 166
1757517892034 4.502685122440621 167
1757517892044 4.485666456411682 168
1757517892053 4.4690501105417315 169
1757517892063 4.452822276944561 170
1757517892073 4.436969649926279 171
1757517892082 4.421479407209932 172
1757517892092 4.406339191874637 173
1757517892102 4.391537094981226 174
1757517892111 4.377061638858266 175
1757517892121 4.362901761022816 176
1757517892130 4.349046798711741 177
1757517892140 4.335486474000155 178
1757517892149 4.322210879484275 179
1757517892159 4.309210464507073 180
1757517892168 4.296476021905825 181
1757517892178 4.283998675261827 182
1757517892188 4.271769866632615 183
1757517892199 4.259781344748484 184
1757517892209 4.248025153655264 185
1757517892219 4.236493621786521 186
1757517892228 4.2251793514485465 187
1757517892238 4.214075208702458 188
1757517892248 4.203174313627857 189
1757517892257 4.192470030954072 190
1757517892267 4.181955961044419 191
1757517892276 4.171625931220103 192
1757517892286 4.161473987410804 193
1757517892296 4.151494386119588 194
1757517892306 4.141681586689961 195
1757517892316 4.13203024386353 196
1757517892326 4.122535200617294 197
1757517892335 4.113191481269962 198
1757517892345 4.103994284846694 199
1757517892355 4.094938978692853 200
1757517892365 4.08602109232699 201
1757517892375 4.077236311524032 202
1757517892385 4.068580472619829 203
1757517892395 4.060049557029036 204
1757517892405 4.051639685967471 205
1757517892415 4.043347115371915 206
1757517892425 4.035168231009458 207
1757517892435 4.027099543769157 208
1757517892445 4.019137685129439 209
1757517892454 4.011279402794088 210
1757517892464 4.00352155649086 211
1757517892474 3.995861113926321 212
1757517892484 3.9882951468909793 213
1757517892494 3.980820827509198 214
1757517892507 3.973435424628171 215
1757517892517 3.9661363003409225 216
1757517892526 3.958920906638118 217
1757517892536 3.9517867821838637 218
1757517892546 3.9447315492107324 219
1757517892555 3.9377529105298006 220
1757517892565 3.9308486466508823 221
1757517892575 3.924016613009215 222
1757517892585 3.917254737294439 223
1757517892595 3.9105610168778715 224
1757517892605 3.9039335163347686 225
1757517892615 3.8973703650574625 226
1757517892625 3.8908697549564306 227
1757517892635 3.884429938245655 228
1757517892645 3.8780492253093986 229
1757517892654 3.871725982647092 230
1757517892664 3.865458630893484 231
1757517892674 3.8592456429113517 232
1757517892684 3.853085541953807 233
1757517892694 3.8469768998938028 234
1757517892705 3.8409183355183165 235
1757517892715 3.8349085128845415 236
1757517892725 3.828946139736213 237
1757517892734 3.8230299659772733 238
1757517892744 3.817158782201289 239
1757517892755 3.81133141827408 240
1757517892765 3.8055467419678153 241
1757517892775 3.799803657644759 242
1757517892785 3.7941011049884477 243
1757517892794 3.788438057780923 244
1757517892805 3.782813522724056 245
1757517892815 3.7772265383034336 246
1757517892825 3.7716761736932587 247
1757517892835 3.7661615277006204 248
1757517892845 3.7606817277477202 249
1757517892855 3.755235928890758 250
1757517892865 3.749823312874037 251
1757517892875 3.744443087217797 252
1757517892885 3.73909448433895 253
1757517892895 3.733776760703171 254
1757517892905 3.728489196007268 255
1757517892915 3.7232310923906375 256
1757517892925 3.7180017736750655 257
1757517892935 3.7128005846313554 258
1757517892945 3.7076268902721865 259
1757517892956 3.7024800751699956 260
1757517892966 3.6973595427989943 261
1757517892976 3.692264714900716 262
1757517892986 3.687195030871801 263
1757517892996 3.682149947173417 264
1757517893006 3.6771289367617155 265
1757517893017 3.672131488538037 266
1757517893027 3.667157106818757 267
1757517893038 3.662205310823724 268
1757517893048 3.6572756341823287 269
1757517893058 3.6523676244573804 270
1757517893068 3.6474808426852605 271
1757517893078 3.6426148629323323 272
1757517893088 3.6377692718667487 273
1757517893099 3.6329436683452347 274
1757517893109 3.6281376630142277 275
1757517893120 3.623350877924872 276
1757517893131 3.6185829461613688 277
1757517893142 3.61383351148224 278
1757517893157 3.6091022279739358 279
1757517893168 3.6043887597165045 280
1757517893178 3.5996927804605954 281
1757517893189 3.5950139733158895 282
1757517893200 3.5903520304499073 283
1757517893211 3.5857066527974957 284
1757517893221 3.581077549779913 285
1757517893231 3.5764644390338396 286
1757517893241 3.571867046149402 287
1757517893252 3.5672851044173317 288
1757517893263 3.562718354584622 289
1757517893273 3.558166544618485 290
1757517893283 3.553629429478333 291
1757517893293 3.5491067708955177 292
1757517893304 3.5445983371605023 293
1757517893314 3.5401039029172 294
1757517893325 3.5356232489642423 295
1757517893335 3.531156162062982 296
1757517893345 3.526702434751841 297
1757517893356 3.5222618651670468 298
1757517893366 3.5178342568691487 299
1757517893377 3.5134194186755265 300
1757517893387 3.5090171644984354 301
1757517893397 3.5046273131882955 302
1757517893408 3.5002496883824 303
1757517893419 3.495884118358498 304
1757517893429 3.4915304358932655 305
1757517893439 3.487188478125474 306
1757517893450 3.4828580864236183 307
1757517893460 3.4785391062579327 308
1757517893471 3.474231387076606 309
1757517893481 3.4699347821860895 310
1757517893492 3.465649148635157 311
1757517893502 3.461374347103072 312
1757517893513 3.457110241790983 313
1757517893523 3.4528567003172053 314
1757517893534 3.4486135936157716 315
1757517893544 3.4443807958381196 316
1757517893554 3.4401581842582356 317
1757517893565 3.435945639180627 318
1757517893575 3.431743043851441 319
1757517893585 3.427550284372178 320
1757517893596 3.4233672496164553 321
1757517893606 3.4191938311493306 322
1757517893618 3.4150299231489805 323
1757517893628 3.41087542233134 324
1757517893638 3.406730227876644 325
1757517893649 3.4025942413586185 326
1757517893659 3.3984673666757717 327
1757517893669 3.394349509984912 328
1757517893680 3.3902405796366977 329
1757517893690 3.3861404861132893 330
1757517893701 3.3820491419678835 331
1757517893712 3.377966461766209 332
1757517893723 3.373892362029757 333
1757517893733 3.3698267611808603 334
1757517893744 3.3657695794894678 335
1757517893755 3.361720739021444 336
1757517893765 3.3576801635887277 337
1757517893776 3.3536477787007395 338
1757517893787 3.349623511517486 339
1757517893797 3.3456072908039673 340
1757517893808 3.341599046886121 341
1757517893819 3.337598711607975 342
1757517893829 3.333606218290177 343
1757517893840 3.329621501689779 344
1757517893850 3.3256444979612545 345
1757517893861 3.321675144618637 346
1757517893872 3.3177133804988364 347
1757517893883 3.3137591457260993 348
1757517893894 3.309812381677537 349
1757517893904 3.3058730309495012 350
1757517893916 3.3019410373251747 351
1757517893927 3.298016345743214 352
1757517893937 3.2940989022669314 353
1757517893948 3.290188654054783 354
1757517893959 3.286285549331535 355
1757517893970 3.282389537360341 356
1757517893981 3.278500568415569 357
1757517893991 3.274618593756575 358
1757517894002 3.2707435656020394 359
1757517894013 3.2668754371052398 360
1757517894024 3.2630141623299407 361
1757517894035 3.2591596962270213 362
1757517894045 3.2553119946117604 363
1757517894056 3.251471014141706 364
1757517894067 3.2476367122954297 365
1757517894078 3.243809047351581 366
1757517894089 3.2399879783686902 367
1757517894099 3.23617346516564 368
1757517894110 3.23236546830253 369
1757517894121 3.228563949062078 370
1757517894132 3.2247688694317755 371
1757517894143 3.2209801920862837 372
1757517894153 3.217197880370466 373
1757517894164 3.2134218982828444 374
1757517894175 3.2096522104595926 375
1757517894186 3.205888782158876 376
1757517894197 3.2021315792457026 377
1757517894208 3.1983805681771234 378
1757517894219 3.1946357159880345 379
1757517894230 3.190896990277019 380
1757517894241 3.1871643591929724 381
1757517894252 3.183437791421771 382
1757517894263 3.1797172561735754 383
1757517894273 3.1760027231702392 384
1757517894285 3.1722941626332717 385
1757517894296 3.168591545271925 386
1757517894307 3.1648948422718397 387
1757517894318 3.161204025283758 388
1757517894329 3.1575190664127075 389
1757517894341 3.1538399382074065 390
1757517894352 3.1501666136499398 391
1757517894363 3.1464990661458323 392
1757517894374 3.14283726951418 393
1757517894385 3.1391811979782345 394
1757517894397 3.1355308261560566 395
1757517894408 3.131886129051709 396
1757517894419 3.1282470820462858 397
1757517894430 3.1246136608895316 398
1757517894441 3.1209858416914327 399
1757517894452 3.117363600914232 400
1757517894463 3.1137469153644095 401
1757517894475 3.1101357621852066 402
1757517894486 3.1065301188489043 403
1757517894497 3.102929963149803 404
1757517894508 3.099335273196905 405
1757517894520 3.0957460274071504 406
1757517894531 3.092162204498602 407
1757517894542 3.088583783483916 408
1757517894553 3.085010743663975 409
1757517894564 3.081443064621581 410
1757517894575 3.077880726215478 411
1757517894586 3.074323708574327 412
1757517894597 3.0707719920910024 413
1757517894608 3.067225557416948 414
1757517894619 3.0636843854566997 415
1757517894631 3.0601484573625637 416
1757517894642 3.0566177545292743 417
1757517894653 3.0530922585890936 418
1757517894664 3.049571951406705 419
1757517894675 3.046056815074469 420
1757517894692 3.0425468319076363 421
1757517894708 3.039041984439771 422
1757517894722 3.0355422554182887 423
1757517894733 3.032047627800083 424
1757517894745 3.028558084747124 425
1757517894756 3.025073609622495 426
1757517894767 3.0215941859861455 427
1757517894778 3.0181197975910536 428
1757517894790 3.014650428379213 429
1757517894801 3.011186062477979 430
1757517894812 3.007726684196309 431
1757517894823 3.004272278021192 432
1757517894834 3.0008228286141185 433
1757517894845 2.9973783208075933 434
1757517894857 2.993938739601887 435
1757517894868 2.990504070161683 436
1757517894879 2.987074297812913 437
1757517894890 2.9836494080396014 438
1757517894901 2.9802293864808944 439
1757517894912 2.9768142189279763 440
1757517894923 2.9734038913212446 441
1757517894935 2.9699983897474325 442
1757517894946 2.9665977004368123 443
1757517894957 2.963201809760574 444
1757517894969 2.9598107042280604 445
1757517894980 2.9564243704842554 446
1757517894992 2.953042795307203 447
1757517895003 2.949665965605591 448
1757517895014 2.946293868416332 449
1757517895026 2.9429264909021216 450
1757517895037 2.939563820349215 451
1757517895049 2.936205844165164 452
1757517895060 2.9328525498765567 453
1757517895071 2.9295039251269257 454
1757517895083 2.9261599576746025 455
1757517895094 2.922820635390694 456
1757517895105 2.919485946256953 457
1757517895117 2.916155878364033 458
1757517895128 2.912830419909314 459
1757517895139 2.9095095591951945 460
1757517895151 2.9061932846271556 461
1757517895162 2.9028815847119898 462
1757517895173 2.8995744480560446 463
1757517895185 2.896271863363479 464
1757517895199 2.8929738194345758 465
1757517895210 2.889680305164155 466
1757517895222 2.8863913095398295 467
1757517895233 2.883106821640521 468
1757517895245 2.8798268306349595 469
1757517895257 2.876551325779982 470
1757517895268 2.8732802964192836 471
1757517895279 2.87001373198178 472
1757517895291 2.86675162198031 473
1757517895302 2.8634939560101556 474
1757517895313 2.860240723747772 475
1757517895325 2.8569919149494023 476
1757517895336 2.8537475194497377 477
1757517895348 2.8505075271607274 478
1757517895359 2.8472719280702927 479
1757517895371 2.8440407122410885 480
1757517895382 2.840813869809288 481
1757517895394 2.8375913909835004 482
1757517895405 2.8343732660434746 483
1757517895417 2.8311594853391355 484
1757517895428 2.827950039289351 485
1757517895440 2.824744918380915 486
1757517895451 2.8215441131674894 487
1757517895463 2.818347614268543 488
1757517895475 2.8151554123683518 489
1757517895487 2.8119674982150116 490
1757517895498 2.808783862619392 491
1757517895510 2.8056044964543387 492
1757517895522 2.8024293906535647 493
1757517895534 2.799258536210811 494
1757517895545 2.7960919241789535 495
1757517895557 2.7929295456691277 496
1757517895568 2.789771391849806 497
1757517895580 2.7866174539460227 498
1757517895591 2.783467723238503 499
