1757594987391 23.262423572084483 0
1757594987424 7.143475019176905 1
1757594987457 0.5815951892576384 2
1757594987491 35.29044857425271 3
1757594987524 0.6217387046607602 4
1757594987557 0.6145744295167638 5
1757594987591 0.020650543147657647 6
1757594987625 4.950462698494355 7
1757594987658 0.1539012339759235 8
1757594987691 4.23195617042418 9
1757594987724 2.477131812301666 10
1757594987757 1.4297386238830747 11
1757594987791 9.313003264338091 12
1757594987824 8.235435017487081 13
1757594987857 0.08884216022440698 14
1757594987891 0.23625421909826005 15
1757594987925 18.422467775136013 16
1757594987958 0.17967779063110845 17
1757594987991 0.24589235644172575 18
1757594988025 0.40190658997847223 19
1757594988058 2.9986909744260974 20
1757594988092 0.03193868466714887 21
1757594988125 0.25789055206444406 22
1757594988159 5.383358033355212 23
1757594988194 16.83300581161484 24
1757594988228 0.01908556590070161 25
1757594988261 4.845228669315364 26
1757594988296 0.054715195168820265 27
1757594988330 0.014455372061366059 28
1757594988364 0.5660956938406755 29
1757594988397 8.066323471835885 30
1757594988431 2.5550741034741633 31
1757594988464 0.40394713556746614 32
1757594988498 0.9095746765886793 33
1757594988532 0.21546456886513546 34
1757594988566 0.028661231620363912 35
1757594988600 0.018114149882591846 36
1757594988633 0.8560027995126488 37
1757594988667 0.029490125639929015 38
1757594988700 2.611366458282645 39
1757594988746 0.2748678158548721 40
1757594988780 0.03170270348379795 41
1757594988814 0.6046746315569695 42
1757594988847 0.0030759963237900817 43
1757594988880 0.001308871379322747 44
1757594988914 0.10255667330013504 45
1757594988947 0.22592440304443007 46
1757594988982 0.06516109774207408 47
1757594989016 4.727429102559026 48
1757594989050 0.010818761682017432 49
1757594989084 0.030813691723551622 50
1757594989118 2.7363257333832043 51
1757594989151 0.14154588471544696 52
1757594989184 0.4288246573737068 53
1757594989218 0.22642223495350294 54
1757594989251 0.30924914117412 55
1757594989284 0.01042241376099104 56
1757594989318 0.4086155193810753 57
1757594989352 0.04282651562433183 58
1757594989385 1.3687611022169468 59
1757594989418 0.14921532742401628 60
1757594989452 0.052288000274160584 61
1757594989486 0.25243857174962364 62
1757594989519 0.004675473026976856 63
1757594989553 0.07442831598592002 64
1757594989586 3.812484553987453 65
1757594989619 0.07591558525501219 66
1757594989653 0.0014718625664089807 67
1757594989686 0.000619985423868381 68
1757594989720 0.22384209756372309 69
1757594989754 0.009339510321485809 70
1757594989788 1.2941263603913546 71
1757594989822 0.16109451417726 72
1757594989856 0.00402464027864016 73
1757594989889 0.00730807167878566 74
1757594989923 0.2982332876027547 75
1757594989957 0.0005567733732611902 76
1757594989990 0.1586252790350585 77
1757594990024 0.010080833554027328 78
1757594990057 0.8126839884509537 79
1757594990091 0.07917904235691105 80
1757594990125 0.18126192372217123 81
1757594990158 0.16553641001332792 82
1757594990191 5.762222571938587e-07 83
1757594990224 0.020353666518993646 84
1757594990258 0.739612170348095 85
1757594990292 0.2773516376931675 86
1757594990325 0.0424799093622963 87
1757594990359 0.21808700125066624 88
1757594990392 0.7401768094480241 89
1757594990426 0.7122933570404324 90
1757594990459 0.10910792261787038 91
1757594990494 0.026321014475165494 92
1757594990527 0.044738612152046435 93
1757594990560 0.05305522044797447 94
1757594990594 0.986804985190108 95
1757594990627 0.10595957497996498 96
1757594990660 0.062258104391443254 97
1757594990694 0.1843683599488256 98
1757594990728 0.08888281228592959 99
1757594990762 0.000400938596378964 100
1757594990795 0.016153489743956015 101
1757594990829 0.0017334861469616234 102
1757594990863 0.00014446886887066232 103
1757594990897 0.00015051290848072923 104
1757594990930 0.06093571482600918 105
1757594990964 0.13830961470494413 106
1757594990998 0.04776304339589105 107
1757594991032 0.38691748039968576 108
1757594991066 0.0024982160711658325 109
1757594991101 0.8063123158673258 110
1757594991139 0.0008839790552805522 111
1757594991173 0.07477702148532571 112
1757594991208 0.037961367309457435 113
1757594991241 0.0047360602589174815 114
1757594991275 0.06086689344205434 115
1757594991309 0.03163803887438725 116
1757594991343 0.703070866018662 117
1757594991377 0.2812022698797092 118
1757594991411 0.015735525290540977 119
1757594991444 0.002240876992074125 120
1757594991479 0.015414430023223446 121
1757594991512 0.3479475996434493 122
1757594991546 0.21569194867610603 123
1757594991580 0.11088302927848874 124
1757594991614 0.03563245786907156 125
1757594991648 0.10681091620922918 126
1757594991682 0.0008908641983464322 127
1757594991716 0.06340810732931446 128
1757594991750 0.18939172760836018 129
1757594991785 0.08524397933433661 130
1757594991819 0.0013558814862469017 131
1757594991854 0.05451231962870413 132
1757594991888 0.008007417596301991 133
1757594991922 0.11691797169663193 134
1757594991956 0.14174523410335593 135
1757594991992 0.002023406202536804 136
1757594992026 0.002336499509644532 137
1757594992060 0.03596775882150275 138
1757594992094 0.2839622722052975 139
1757594992128 0.08478813964623291 140
1757594992162 0.04653092196890226 141
1757594992196 0.707917910187684 142
1757594992230 0.026364610271881084 143
1757594992264 0.05231206946805791 144
1757594992298 0.03588752583092865 145
1757594992331 0.01696250179903321 146
1757594992365 0.005247529557490829 147
1757594992400 0.05283625335468075 148
1757594992434 0.046437211288373456 149
1757594992469 0.07423181982327495 150
1757594992503 0.014611554899996462 151
1757594992537 0.012629384905450663 152
1757594992571 0.16687742402879996 153
1757594992605 0.1111749696144114 154
1757594992640 0.0022187591177178015 155
1757594992674 0.013871991932324518 156
1757594992708 0.00030745911572009854 157
1757594992743 0.00673883295558807 158
1757594992777 0.06477300695183938 159
1757594992812 0.0010331965901878193 160
1757594992846 0.05696311943304509 161
1757594992881 0.23532344563627863 162
1757594992916 0.2895776468602691 163
1757594992953 0.01967271090118365 164
1757594992988 2.970753531691119e-05 165
1757594993023 0.15815191125913197 166
1757594993057 0.03843825155476761 167
1757594993092 0.05122337942075528 168
1757594993126 0.21739968313147828 169
1757594993160 0.20321195218746582 170
1757594993194 2.1099957058290526 171
1757594993230 0.02496019074433048 172
1757594993265 0.017556459542836033 173
1757594993300 0.10736349993421085 174
1757594993334 0.010944234052438651 175
1757594993368 0.016614541631923444 176
1757594993403 0.006608155740661238 177
1757594993437 0.18310735764549482 178
1757594993472 0.04302678195241367 179
1757594993507 0.00700738770141327 180
1757594993542 2.5098669347426467e-06 181
1757594993576 0.11490267078178801 182
1757594993611 0.057031446584845207 183
1757594993646 0.00456132245484881 184
1757594993681 0.22850952304265512 185
1757594993716 0.015594456510627344 186
1757594993751 3.4983029223778774 187
1757594993786 0.21543581894964775 188
1757594993821 0.3785572035713167 189
1757594993856 0.4301859270559642 190
1757594993890 0.05623815837532744 191
1757594993925 0.0023664916574398544 192
1757594993959 0.0019273259881055708 193
1757594993994 0.009582170758798454 194
1757594994029 0.00554654845929476 195
1757594994064 0.03507574878753737 196
1757594994099 7.987272421152766e-05 197
1757594994133 7.910612477344934e-06 198
1757594994167 0.09470720328489877 199
1757594994202 0.03442990902875986 200
1757594994237 0.0012587231545465106 201
1757594994273 0.04752840068367995 202
1757594994307 0.05489053493367307 203
1757594994342 0.0004974644414654801 204
1757594994376 0.03235756201360223 205
1757594994411 0.03612070095506444 206
1757594994446 0.0010673735316958284 207
1757594994483 0.020613538299762296 208
1757594994517 0.00032838539702466515 209
1757594994552 0.061537281632130895 210
1757594994587 0.30991969545421383 211
1757594994622 0.000107690616043394 212
1757594994657 0.08967966225301358 213
1757594994692 0.08931654539547748 214
1757594994726 0.009121341843603656 215
1757594994761 0.08679874708347832 216
1757594994796 0.002207456471047518 217
1757594994830 0.4661794724556564 218
1757594994865 0.041537301174174014 219
1757594994900 0.012560067041612284 220
1757594994946 0.08826211069183783 221
1757594994982 0.01817049833840162 222
1757594995018 0.298126248607505 223
1757594995052 0.06487931261990273 224
1757594995087 0.013672063471722683 225
1757594995122 0.10913042467141323 226
1757594995157 0.46684767084907125 227
1757594995192 0.080174466178179 228
1757594995227 0.011733950355155445 229
1757594995262 0.013830226881227632 230
1757594995296 0.009799018297648789 231
1757594995331 0.037519910857919316 232
1757594995366 0.00022915495185505096 233
1757594995401 0.005319510618112276 234
1757594995438 0.15777211560078666 235
1757594995482 0.04025255726001388 236
1757594995520 0.0946142007423937 237
1757594995555 0.10563943346038406 238
1757594995590 0.001195925968538624 239
1757594995625 0.3947250205397332 240
1757594995660 0.48854511572264275 241
1757594995695 0.8208551946836642 242
1757594995730 0.060379665474959834 243
1757594995767 0.0631852607899853 244
1757594995802 0.08803473276554319 245
