1757594477454 168.74277194280137 0
1757594477463 162.47937704880982 1
1757594477472 156.4572668866591 2
1757594477480 150.66708926093352 3
1757594477489 145.09985561944444 4
1757594477498 139.74692688608718 5
1757594477506 134.59999984631878 6
1757594477515 129.65109406368566 7
1757594477523 124.89253930666176 8
1757594477532 120.31696346588328 9
1757594477540 115.91728094263767 10
1757594477548 111.68668149020309 11
1757594477557 107.61861949037596 12
1757594477565 103.70680364817916 13
1757594477573 99.9451870884485 14
1757594477581 96.32795783860114 15
1757594477590 92.84952968251041 16
1757594477598 89.50453337101452 17
1757594477607 86.2878081751232 18
1757594477615 83.19439376856761 19
1757594477624 80.21952242682103 20
1757594477632 77.3586115302545 21
1757594477641 74.60725635954839 22
1757594477650 71.96122317196331 23
1757594477658 69.41644254750365 24
1757594477667 66.96900299444759 25
1757594477676 64.61514480411752 26
1757594477684 62.3512541451712 27
1757594477693 60.173857388064484 28
1757594477701 58.079615650706295 29
1757594477710 56.06531955667347 30
1757594477718 54.12788419769962 31
1757594477727 52.26434429245593 32
1757594477736 50.471849533981526 33
1757594477745 48.74766011838977 34
1757594477753 47.08914244778851 35
1757594477762 45.49376500061545 36
1757594477770 43.95909436285371 37
1757594477779 42.482791413863254 38
1757594477787 41.06260766078379 39
1757594477796 39.696381715724264 40
1757594477804 38.38203591016829 41
1757594477813 37.11757304123877 42
1757594477821 35.90107324468495 43
1757594477830 34.730690989648856 44
1757594477839 33.60465219045866 45
1757594477847 32.521251430889926 46
1757594477856 31.478849296506592 47
1757594477864 30.47586981086776 48
1757594477873 29.51079797155119 49
1757594477882 28.58217738210014 50
1757594477890 27.688607976156845 51
1757594477899 26.8287438301833 52
1757594477907 26.00129106132225 53
1757594477916 25.205005807073828 54
1757594477925 24.43869228360102 55
1757594477934 23.70120091959976 56
1757594477942 22.99142656278581 57
1757594477951 22.30830675616991 58
1757594477959 21.650820081401143 59
1757594477968 21.017984566563232 60
1757594477976 20.40885615591344 61
1757594477985 19.82252723914939 62
1757594477994 19.258125237883608 63
1757594478002 18.714811247098737 64
1757594478011 18.191778729438 65
1757594478031 17.688252260274673 66
1757594478044 17.20348632158096 67
1757594478053 16.736764142696412 68
1757594478062 16.287396586166732 69
1757594478071 15.854721076899082 70
1757594478080 15.438100572945736 71
1757594478089 15.036922576294796 72
1757594478097 14.650598182109492 73
1757594478107 14.278561164918699 74
1757594478116 13.92026710032025 75
1757594478125 13.575192520812584 76
1757594478134 13.242834104427486 77
1757594478142 12.92270789488508 78
1757594478151 12.614348552044985 79
1757594478160 12.31730863147324 80
1757594478169 12.031157891991686 81
1757594478178 11.755482630120936 82
1757594478187 11.489885040368737 83
1757594478195 11.233982600359623 84
1757594478204 10.987407479836998 85
1757594478213 10.749805972609684 86
1757594478222 10.52083795054988 87
1757594478231 10.300176338783924 88
1757594478239 10.087506611251504 89
1757594478248 9.882526305840944 90
1757594478257 9.684944558338449 91
1757594478266 9.494481654459403 92
1757594478276 9.31086859925884 93
1757594478285 9.133846703244538 94
1757594478293 8.963167184542744 95
1757594478302 8.798590786493268 96
1757594478311 8.639887410072458 97
1757594478320 8.486835760568537 98
1757594478329 8.339223007954711 99
1757594478338 8.196844460427279 100
1757594478347 8.059503250596832 101
1757594478356 7.927010033841162 102
1757594478365 7.799182698346503 103
1757594478374 7.675846086382859 104
1757594478382 7.556831726377605 105
1757594478391 7.441977575365957 106
1757594478400 7.331127771416988 107
1757594478409 7.224132395646201 108
1757594478418 7.1208472434427525 109
1757594478427 7.021133604553226 110
1757594478436 6.924858051677825 111
1757594478445 6.83189223724839 112
1757594478454 6.742112698070361 113
1757594478463 6.655400667523458 114
1757594478473 6.571641895027312 115
1757594478482 6.4907264724899605 116
1757594478491 6.412548667468603 117
1757594478500 6.337006762780705 118
1757594478509 6.264002902317154 119
1757594478518 6.193442942814389 120
1757594478527 6.125236311356004 121
1757594478536 6.059295868380573 122
1757594478545 5.995537775982599 123
1757594478554 5.9338813713004175 124
1757594478564 5.874249044794575 125
1757594478573 5.816566123226485 126
1757594478582 5.760760757155158 127
1757594478591 5.706763812776862 128
1757594478600 5.654508767939007 129
1757594478609 5.603931612166877 130
1757594478618 5.554970750547304 131
1757594478627 5.507566911319837 132
1757594478636 5.461663057031613 133
1757594478645 5.417204299118128 134
1757594478654 5.374137815776791 135
1757594478664 5.332412773005884 136
1757594478676 5.291980248686249 137
1757594478686 5.252793159587817 138
1757594478695 5.214806191187773 139
1757594478704 5.177975730191346 140
1757594478713 5.142259799650761 141
1757594478722 5.1076179965814426 142
1757594478732 5.07401143197933 143
1757594478741 5.041402673145725 144
1757594478750 5.00975568823098 145
1757594478759 4.979035792910722 146
1757594478769 4.949209599112355 147
1757594478778 4.9202449657124285 148
1757594478788 4.892110951128681 149
1757594478797 4.864777767733554 150
1757594478806 4.838216738018571 151
1757594478816 4.8124002524422 152
1757594478825 4.787301728895582 153
1757594478835 4.762895573724477 154
1757594478844 4.739157144246322 155
1757594478853 4.716062712705278 156
1757594478863 4.693589431609627 157
1757594478872 4.671715300397949 158
1757594478881 4.650419133382811 159
1757594478891 4.629680528922918 160
1757594478900 4.609479839775792 161
1757594478910 4.589798144586144 162
1757594478919 4.570617220465198 163
1757594478928 4.5519195166198205 164
1757594478938 4.533688128990337 165
1757594478947 4.515906775858297 166
1757594478956 4.498559774386877 167
1757594478966 4.48163201805797 168
1757594478975 4.465108954971191 169
1757594478984 4.4489765669720365 170
1757594478993 4.433221349576488 171
1757594479003 4.4178302926624164 172
1757594479012 4.402790861897269 173
1757594479022 4.38809098087439 174
1757594479031 4.373719013930229 175
1757594479041 4.3596637496166775 176
1757594479050 4.3459143848029225 177
1757594479059 4.3324605093827655 178
1757594479069 4.319292091564236 179
1757594479078 4.306399463719008 180
1757594479087 4.2937733087699375 181
1757594479097 4.281404647096445 182
1757594479106 4.269284823937435 183
1757594479115 4.25740549727283 184
1757594479125 4.245758626165525 185
1757594479134 4.234336459545561 186
1757594479143 4.223131525420176 187
1757594479153 4.212136620492955 188
1757594479162 4.201344800176528 189
1757594479171 4.190749368983772 190
1757594479181 4.180343871282909 191
1757594479190 4.170122082402628 192
1757594479200 4.160078000073788 193
1757594479209 4.1502058361948 194
1757594479218 4.140500008908348 195
1757594479228 4.130955134977451 196
1757594479237 4.121566022449479 197
1757594479247 4.112327663597055 198
1757594479256 4.103235228125251 199
1757594479265 4.094284056635052 200
1757594479275 4.085469654332969 201
1757594479285 4.0767876849777895 202
1757594479294 4.068233965055023 203
1757594479304 4.059804458170707 204
1757594479313 4.0514952696558995 205
1757594479323 4.0433026413739785 206
1757594479333 4.035222946723079 207
1757594479343 4.027252685825899 208
1757594479352 4.019388480900309 209
1757594479362 4.011627071803175 210
1757594479371 4.003965311741399 211
1757594479382 3.996400163143432 212
1757594479391 3.988928693685409 213
1757594479401 3.981548072465685 214
1757594479411 3.9742555663226917 215
1757594479421 3.967048536289935 216
1757594479433 3.9599244341835633 217
1757594479443 3.9528807993171173 218
1757594479453 3.945915255338812 219
1757594479463 3.9390255071865092 220
1757594479472 3.9322093381560226 221
1757594479482 3.92546460707863 222
1757594479491 3.918789245603326 223
1757594479501 3.9121812555800526 224
1757594479511 3.905638706540062 225
1757594479521 3.8991597332696553 226
1757594479531 3.8927425334739287 227
1757594479541 3.886385365526925 228
1757594479551 3.8800865463049923 229
1757594479560 3.873844449100403 230
1757594479570 3.8676575016118577 231
1757594479580 3.861524184009109 232
1757594479589 3.855443027069284 233
1757594479599 3.8494126103813957 234
1757594479609 3.843431560617345 235
1757594479619 3.837498549866219 236
1757594479628 3.831612294030086 237
1757594479638 3.825771551278355 238
1757594479648 3.8199751205590693 239
1757594479658 3.8142218401647345 240
1757594479668 3.8085105863504847 241
1757594479678 3.802840272002947 242
1757594479688 3.797209845357728 243
1757594479698 3.7916182887636687 244
1757594479708 3.7860646174921078 245
1757594479718 3.780547878589705 246
1757594479728 3.775067149772822 247
1757594479738 3.7696215383623146 248
1757594479748 3.7642101802566548 249
1757594479758 3.7588322389427846 250
1757594479768 3.7534869045424006 251
1757594479778 3.7481733928929915 252
1757594479788 3.742890944662051 253
1757594479798 3.7376388244932808 254
1757594479808 3.732416320183577 255
1757594479818 3.7272227418897264 256
1757594479828 3.722057421363655 257
1757594479837 3.716919711215112 258
1757594479847 3.7118089842008364 259
1757594479857 3.7067246325394327 260
1757594479867 3.701666067250392 261
1757594479877 3.696632717517159 262
1757594479887 3.6916240300726466 263
1757594479897 3.6866394686070008 264
1757594479907 3.681678513196178 265
1757594479917 3.676740659750974 266
1757594479927 3.6718254194857582 267
1757594479937 3.666932318405897 268
1757594479947 3.662060896813405 269
1757594479957 3.6572107088301933 270
1757594479967 3.6523813219380057 271
1757594479977 3.647572316534812 272
1757594479987 3.642783285506607 273
1757594479997 3.6380138338144654 274
1757594480007 3.6332635780961158 275
1757594480017 3.628532146281287 276
1757594480027 3.623819177220859 277
1757594480037 3.6191243203287247 278
1757594480047 3.6144472352363524 279
1757594480057 3.6097875914592654 280
1757594480067 3.6051450680752044 281
1757594480077 3.6005193534135733 282
1757594480087 3.59591014475541 283
1757594480098 3.591317148044132 284
1757594480108 3.586740077606037 285
1757594480118 3.5821786558803757 286
1757594480128 3.5776326131591327 287
1757594480138 3.573101687335376 288
1757594480148 3.5685856236604097 289
1757594480158 3.564084174509413 290
1757594480168 3.5595970991547823 291
1757594480178 3.5551241635475392 292
1757594480188 3.550665140106024 293
1757594480199 3.5462198075119074 294
1757594480209 3.54178795051295 295
1757594480219 3.537369359732827 296
1757594480229 3.532963831486911 297
1757594480240 3.5285711676047744 298
1757594480250 3.5241911752582684 299
1757594480260 3.5198236667957894 300
1757594480270 3.515468459581719 301
1757594480281 3.5111253758417034 302
1757594480291 3.5067942425125986 303
1757594480301 3.5024748910979855 304
1757594480311 3.498167157528071 305
1757594480322 3.4938708820245075 306
1757594480332 3.48958590896957 307
1757594480342 3.4853120867797935 308
1757594480353 3.4810492677836637 309
1757594480363 3.4767973081035373 310
1757594480373 3.4725560675412335 311
1757594480384 3.4683254094674907 312
1757594480394 3.464105200715197 313
1757594480404 3.459895311475773 314
1757594480415 3.4556956151993905 315
1757594480425 3.451505988498001 316
1757594480435 3.447326311051887 317
1757594480445 3.44315646551897 318
1757594480456 3.4389963374472705 319
1757594480466 3.4348458151900676 320
1757594480476 3.4307047898238467 321
1757594480486 3.426573155068862 322
1757594480496 3.4224508072122815 323
1757594480506 3.418337645033804 324
1757594480516 3.414233569733583 325
1757594480526 3.410138484862513 326
1757594480537 3.4060522962547353 327
1757594480547 3.4019749119622786 328
1757594480558 3.3979062421916737 329
1757594480568 3.393846199242756 330
1757594480579 3.3897946974492714 331
1757594480589 3.385751653121292 332
1757594480599 3.3817169844896346 333
1757594480610 3.3776906116518512 334
1757594480620 3.3736724565199183 335
1757594480630 3.36966244276962 336
1757594480641 3.3656604957914986 337
1757594480651 3.361666542643259 338
1757594480661 3.3576805120037108 339
1757594480672 3.3537023341280277 340
1757594480682 3.3497319408046176 341
1757594480693 3.345769265312879 342
1757594480703 3.34181424238284 343
1757594480714 3.3378668081555 344
1757594480724 3.33392690014453 345
1757594480735 3.3299944571994162 346
1757594480745 3.3260694194692886 347
1757594480756 3.322151728368159 348
1757594480766 3.318241326540996 349
1757594480776 3.314338157830993 350
1757594480787 3.3104421672476794 351
1757594480797 3.3065533009360246 352
1757594480808 3.3026715061464946 353
1757594480818 3.298796731206027 354
1757594480829 3.2949289254896645 355
1757594480839 3.2910680393933567 356
1757594480850 3.2872140243072017 357
1757594480860 3.2833668325897363 358
1757594480871 3.279526417542931 359
1757594480881 3.2756927333877663 360
1757594480892 3.2718657352407328 361
1757594480902 3.2680453790907724 362
1757594480913 3.2642316217772005 363
1757594480924 3.260424420967914 364
1757594480935 3.256623735138522 365
1757594480945 3.252829523551871 366
1757594480956 3.249041746238234 367
1757594480967 3.2452603639761533 368
1757594480977 3.241485338273594 369
1757594480988 3.2377166313499677 370
1757594480999 3.233954206118277 371
1757594481009 3.2301980261680785 372
1757594481020 3.226448055748777 373
1757594481031 3.22270425975342 374
1757594481042 3.2189666037029254 375
1757594481053 3.2152350537308116 376
1757594481064 3.2115095765681914 377
1757594481075 3.2077901395294486 378
1757594481087 3.2040767104980685 379
1757594481097 3.2003692579129024 380
1757594481108 3.196667750754943 381
1757594481119 3.192972158534379 382
1757594481129 3.1892824512778954 383
1757594481140 3.185598599516471 384
1757594481151 3.1819205742734917 385
1757594481162 3.1782483470531093 386
1757594481173 3.174581889828928 387
1757594481183 3.1709211750331048 388
1757594481194 3.1672661755455844 389
1757594481205 3.1636168646837 390
1757594481216 3.1599732161920704 391
1757594481226 3.1563352042327497 392
1757594481238 3.1527028033755653 393
1757594481249 3.1490759885889257 394
1757594481260 3.1454547352305084 395
1757594481271 3.141839019038536 396
1757594481282 3.13822881612319 397
1757594481293 3.134624102958078 398
1757594481303 3.1310248563721075 399
1757594481314 3.127431053541576 400
1757594481325 3.123842671982323 401
1757594481336 3.1202596895421806 402
1757594481347 3.116682084393669 403
1757594481358 3.1131098350267243 404
1757594481369 3.109542920241716 405
1757594481379 3.105981319142707 406
1757594481390 3.102425011130717 407
1757594481401 3.0988739758972983 408
1757594481412 3.0953281934182293 409
1757594481423 3.0917876439472414 410
1757594481434 3.08825230801022 411
1757594481445 3.084722166399202 412
1757594481456 3.0811972001667 413
1757594481467 3.0776773906202024 414
1757594481478 3.074162719316632 415
1757594481489 3.0706531680571634 416
1757594481500 3.0671487188821036 417
1757594481511 3.063649354065659 418
1757594481522 3.060155056111236 419
1757594481534 3.056665807746521 420
1757594481545 3.053181591918911 421
1757594481556 3.049702391790847 422
1757594481567 3.0462281907354707 423
1757594481578 3.042758972332184 424
1757594481590 3.0392947203625127 425
1757594481601 3.0358354188058962 426
1757594481612 3.0323810518357015 427
1757594481623 3.0289316038152587 428
1757594481634 3.025487059294019 429
1757594481645 3.022047403003825 430
1757594481656 3.018612619855208 431
1757594481667 3.0151826949338667 432
1757594481678 3.011757613497137 433
1757594481689 3.0083373609705624 434
1757594481700 3.0049219229446003 435
1757594481711 3.001511285171412 436
1757594481722 2.998105433561535 437
1757594481733 2.994704354180966 438
1757594481744 2.9913080332479964 439
1757594481756 2.987916457130325 440
1757594481767 2.9845296123420995 441
1757594481778 2.9811474855411983 442
1757594481790 2.9777700635263518 443
1757594481801 2.9743973332345104 444
1757594481812 2.971029281738181 445
1757594481823 2.967665896242895 446
1757594481834 2.9643071640846212 447
1757594481845 2.960953072727387 448
1757594481856 2.9576036097608016 449
1757594481867 2.9542587628977297 450
1757594481878 2.950918519971993 451
1757594481889 2.947582868936168 452
1757594481900 2.944251797859316 453
1757594481911 2.9409252949248703 454
1757594481922 2.937603348428551 455
1757594481934 2.934285946776271 456
1757594481945 2.9309730784821757 457
1757594481956 2.92766473216666 458
1757594481967 2.9243608965544325 459
1757594481979 2.921061560472639 460
1757594481990 2.9177667128490627 461
1757594482001 2.9144763427102482 462
1757594482012 2.9111904391799013 463
1757594482023 2.907908991476898 464
1757594482036 2.904631988913928 465
1757594482048 2.901359420895614 466
1757594482064 2.898091276916939 467
1757594482075 2.8948275465617987 468
1757594482087 2.8915682195012553 469
1757594482098 2.8883132854922264 470
1757594482110 2.885062734375871 471
1757594482121 2.881816556076187 472
1757594482132 2.8785747405986424 473
1757594482144 2.8753372780287068 474
1757594482155 2.872104158530529 475
1757594482167 2.868875372345652 476
1757594482178 2.865650909791648 477
1757594482189 2.862430761260893 478
1757594482201 2.8592149172192873 479
1757594482212 2.856003368205046 480
1757594482224 2.8527961048275303 481
1757594482235 2.849593117766019 482
1757594482247 2.8463943977686528 483
1757594482258 2.8431999356511946 484
1757594482269 2.840009722296032 485
1757594482281 2.836823748651087 486
1757594482292 2.833642005728656 487
1757594482304 2.8304644846045517 488
1757594482316 2.827291176416919 489
1757594482327 2.824122072365374 490
1757594482339 2.820957163709953 491
1757594482351 2.8177964417701817 492
1757594482362 2.8146398979241667 493
1757594482374 2.811487523607693 494
1757594482385 2.8083393103132215 495
1757594482397 2.8051952495891497 496
1757594482409 2.8020553330388758 497
1757594482420 2.7989195523199646 498
1757594482432 2.795787899143306 499
