1757518639000 30.528879901007002 0
1757518639033 7.496495652045132 1
1757518639066 39.65926294073969 2
1757518639099 0.05927316240289631 3
1757518639133 0.8999461335452382 4
1757518639166 1.7095650451008473 5
1757518639200 0.01639592380964598 6
1757518639233 0.42034520156809324 7
1757518639266 0.07296842130412352 8
1757518639299 20.25572973927681 9
1757518639332 0.300208929262082 10
1757518639365 0.0009812091910121697 11
1757518639399 0.009157724522825993 12
1757518639432 14.95737324619123 13
1757518639465 0.16280257169094906 14
1757518639498 0.854746884456221 15
1757518639531 0.2898285576422804 16
1757518639564 0.13787774310584908 17
1757518639597 13.598813048473122 18
1757518639631 0.0014040259383369283 19
1757518639664 0.0016835550328476669 20
1757518639697 0.19673823385603287 21
1757518639732 0.5150851755671462 22
1757518639766 0.4435935467728225 23
1757518639800 3.608578839981464 24
1757518639833 0.3884472484002983 25
1757518639866 0.2644283810216195 26
1757518639899 0.005531515324330256 27
1757518639933 0.007115004144138141 28
1757518639965 0.21642716297971681 29
1757518639999 0.3156322307531459 30
1757518640032 0.27008017501028914 31
1757518640065 0.1445677951137282 32
1757518640098 0.007254826027381893 33
1757518640132 0.0200259411915606 34
1757518640165 0.08708075458021486 35
1757518640199 0.3633532879756593 36
1757518640234 0.06939382185848965 37
1757518640267 0.00047875710850728157 38
1757518640311 0.012045475657736887 39
1757518640348 0.01741654769265222 40
1757518640381 0.048418788976717336 41
1757518640415 0.029107456117799586 42
1757518640448 0.0067886288297665165 43
1757518640481 0.7425694993989478 44
1757518640515 0.046639917056404 45
1757518640548 0.011092677640592984 46
1757518640582 0.02481272750523225 47
1757518640615 0.012077111544023727 48
1757518640649 0.07237584356475249 49
1757518640682 0.21082082691012594 50
1757518640716 2.7843945766791793 51
1757518640749 1.2938745428326766 52
1757518640782 0.10991077964762688 53
1757518640816 0.0518042306718809 54
1757518640849 0.020110840630224804 55
1757518640883 0.11284250793210412 56
1757518640917 2.546830813042636 57
1757518640951 0.178751667120369 58
1757518640985 0.012745070233127135 59
1757518641019 0.1209697483283139 60
1757518641053 0.005348027915937538 61
1757518641087 0.0011193488582480733 62
1757518641121 0.2434551402981946 63
1757518641155 0.041958237977810516 64
1757518641188 0.060549372466522144 65
1757518641222 0.11405778332505641 66
1757518641256 0.0028256376433306563 67
1757518641290 0.0018478327772157828 68
1757518641324 0.40519386915901984 69
1757518641359 0.2675847423877123 70
1757518641393 0.1942337538177215 71
1757518641427 0.0084124926551137 72
1757518641461 0.19198797750518654 73
1757518641495 0.2032183264015359 74
1757518641529 4.6538522334208725 75
1757518641563 0.09918086113022614 76
1757518641597 0.004173804962057889 77
1757518641631 1.328854616144134 78
1757518641665 0.0015945135381372363 79
1757518641698 0.04492985527363388 80
1757518641732 0.0019908228372795328 81
1757518641766 0.09909293604844678 82
1757518641801 0.006325307941402019 83
1757518641834 0.5149204816261629 84
1757518641868 0.03278664047836091 85
1757518641903 0.1851763962452379 86
1757518641938 0.40709277091202106 87
1757518641972 0.008663821503740583 88
1757518642006 0.046253668771936825 89
1757518642040 0.007716094224226549 90
1757518642075 0.024572478931839482 91
1757518642109 0.2342831869632589 92
1757518642143 0.0010234970161521093 93
1757518642177 0.06864110761857933 94
1757518642212 0.027377851733905577 95
1757518642246 0.3050220979204343 96
1757518642280 0.010457122118813516 97
1757518642314 0.032170098939718714 98
1757518642348 0.3016466263340126 99
1757518642383 0.02468194900080479 100
1757518642418 0.14208146343392264 101
1757518642452 0.030713754834499233 102
1757518642486 0.03212229351843904 103
1757518642520 0.010747907497216564 104
1757518642554 0.07826080468314778 105
1757518642588 0.004095049276480571 106
1757518642622 3.70972495300197e-05 107
1757518642656 0.0038165602203501722 108
1757518642690 0.09436486611749062 109
1757518642724 0.19076071377626272 110
1757518642758 0.000807618068949114 111
1757518642792 4.774882884275365e-05 112
1757518642826 0.00977634964504054 113
1757518642860 0.07860098192897667 114
1757518642895 0.08191284384630916 115
1757518642929 0.060802720732044284 116
1757518642963 0.058296054397787594 117
1757518642997 0.12881851288855964 118
1757518643032 0.007408114948851817 119
1757518643066 0.04454762446250951 120
1757518643100 0.0018547129279000523 121
1757518643135 0.16804762041796903 122
1757518643169 0.019249731783098762 123
1757518643203 0.0004128503108860631 124
1757518643238 0.302030749802031 125
1757518643272 0.0007797938974326219 126
1757518643306 0.03888062963440455 127
1757518643341 0.07313174254232425 128
1757518643378 0.0008089609800603308 129
1757518643419 0.10382033935180464 130
1757518643453 0.019815898994224746 131
1757518643487 0.0010396927316997481 132
1757518643521 0.6738513746417423 133
1757518643556 0.4067268738092542 134
1757518643590 0.0787634642507412 135
1757518643625 0.05966388384732356 136
1757518643660 0.025488351679698425 137
1757518643694 0.15593536768472555 138
1757518643729 0.06613919546790271 139
1757518643763 0.01869148858810933 140
1757518643797 0.2558759649420422 141
1757518643831 0.009669675300593802 142
1757518643865 0.0021938519501987818 143
1757518643900 0.05011707134040993 144
1757518643934 0.005554353421159801 145
1757518643968 0.041171137033349604 146
1757518644002 0.034739735586687255 147
1757518644037 0.03063314491926312 148
1757518644073 0.05323307081643995 149
1757518644107 0.12915888678101864 150
1757518644142 0.02649449860050607 151
1757518644176 0.002715061415847586 152
1757518644211 0.5956455527243056 153
1757518644246 0.41003021981672627 154
1757518644281 0.000939742809334356 155
1757518644316 0.14041608347075887 156
1757518644350 0.0015166723382401062 157
1757518644385 0.09438379988587428 158
1757518644420 0.003557015601285112 159
1757518644455 0.0002612075574953249 160
1757518644489 0.0005159375942049558 161
1757518644524 8.489605414624235e-05 162
1757518644559 0.003731528449687056 163
1757518644593 0.26823686559233006 164
1757518644628 0.00941690352841418 165
1757518644662 0.0019911863080424755 166
1757518644697 0.02494454189188307 167
1757518644731 0.09336208960833121 168
1757518644766 0.04775950444309312 169
1757518644800 0.3888492424284121 170
1757518644835 0.028829217879297712 171
1757518644869 0.010209442167030494 172
1757518644907 0.16025404447738598 173
1757518644941 0.14574535502947694 174
1757518644976 0.2773363113433615 175
1757518645010 0.054802408125754036 176
1757518645045 0.005706128707237849 177
1757518645079 0.031316173847531 178
1757518645114 0.017100720987361588 179
1757518645149 0.03566092171938899 180
1757518645184 0.4443722574520656 181
1757518645218 0.005266700626791389 182
1757518645253 0.09524171601984129 183
1757518645287 0.018523586828323276 184
1757518645321 0.03867223754642039 185
1757518645355 0.0013027535835359878 186
1757518645389 0.009027270214300002 187
1757518645424 0.010270604653937442 188
1757518645459 0.07984781654376806 189
1757518645493 0.21262662632709492 190
1757518645527 0.06498094756563659 191
1757518645562 0.1342105627406683 192
1757518645596 0.20655943565691762 193
1757518645631 0.04136060115331257 194
1757518645665 0.026518469160295717 195
1757518645699 0.20177184011696625 196
1757518645734 0.007982513085456115 197
1757518645768 1.290923313473529 198
1757518645803 0.024884621184148404 199
1757518645837 9.605001328960544e-07 200
1757518645871 1.059013330653605 201
1757518645906 0.016524495136050303 202
1757518645951 0.00805982404639817 203
1757518645987 0.00046439443066440716 204
1757518646022 0.009237078598104808 205
1757518646057 0.06794688811336105 206
1757518646091 0.0024885756507013993 207
1757518646126 0.03540421237450241 208
1757518646161 0.07209733022203269 209
1757518646196 0.4402941272987084 210
1757518646231 0.1555999139627654 211
1757518646267 0.02744201551650519 212
1757518646303 0.14536320146901105 213
1757518646338 0.09241421636757756 214
1757518646373 0.042651150918657316 215
1757518646408 0.0001085121026039401 216
1757518646443 0.1368075804208111 217
1757518646477 0.08356099041938564 218
1757518646512 0.014888772516664645 219
1757518646546 0.039961159511782696 220
1757518646581 0.04994705781907287 221
1757518646616 0.03899828059032615 222
1757518646650 0.12599902032848068 223
1757518646685 0.010086372993734442 224
1757518646720 0.20016670314831747 225
1757518646754 0.09840188852406241 226
1757518646789 0.7791362141317447 227
1757518646824 0.561713582076643 228
1757518646858 0.000218131239087759 229
1757518646893 0.37167797520807316 230
1757518646928 0.04790931484645627 231
1757518646962 0.32117920137979333 232
1757518646997 0.038178664761995815 233
1757518647031 0.07718639980259494 234
1757518647066 5.2569415849530386e-05 235
1757518647101 0.018249256084411858 236
1757518647135 0.1649270348918904 237
1757518647170 0.1587814593808956 238
1757518647204 0.052587719933712 239
1757518647238 0.00452784917608679 240
1757518647273 0.023013964465983482 241
1757518647308 0.012066342782057116 242
1757518647342 0.00156316629562748 243
1757518647377 0.04636773788760012 244
1757518647412 0.20832602006015488 245
1757518647446 0.01322093599572267 246
1757518647481 0.015472761352079529 247
1757518647515 0.17713080892820787 248
1757518647550 0.0004013589301369555 249
1757518647585 0.020871605525293584 250
1757518647619 0.0014368967527169877 251
1757518647654 0.0017194248600320475 252
1757518647691 3.4626508288115043 253
1757518647726 0.0005917210477232306 254
1757518647761 0.07548229152579272 255
1757518647796 0.00027048345171921435 256
1757518647831 0.015870886014161874 257
1757518647866 0.013091377586052971 258
1757518647901 0.008307718595821507 259
1757518647936 0.026909459364195802 260
1757518647971 0.03083615599695444 261
1757518648006 0.0319471372068421 262
1757518648042 0.053660808247166694 263
1757518648078 0.036826841115306756 264
1757518648113 0.07709689776366092 265
1757518648150 0.06922302530929879 266
1757518648185 0.004778342766532793 267
1757518648221 0.23881192301549153 268
1757518648258 0.13679340264357284 269
1757518648294 0.12237651870080189 270
1757518648329 0.012186041988300174 271
1757518648366 0.03053251457734941 272
1757518648402 0.04816731268630153 273
1757518648437 0.016123114977019612 274
1757518648472 0.05783190999183269 275
1757518648506 0.05614552799978238 276
1757518648541 0.08405804560688332 277
1757518648576 0.019177228066739244 278
1757518648611 2.7959592899439278e-09 279
1757518648646 0.006581929629828043 280
1757518648681 0.09648372129406332 281
1757518648717 0.0023281172936799903 282
1757518648752 0.001093573268591864 283
1757518648787 0.025414709700533753 284
1757518648824 0.08266098904592886 285
1757518648860 0.005147347777620784 286
1757518648896 0.014177646840124193 287
1757518648932 0.09988453655647113 288
1757518648969 0.0009121176394911415 289
1757518649005 0.21013227536453635 290
1757518649040 0.05232660496404459 291
1757518649076 0.002519044076288674 292
1757518649112 0.08604084480155234 293
1757518649147 0.4498805616217024 294
1757518649183 0.1008527892813445 295
1757518649219 0.6993841119252229 296
1757518649253 0.0003215690525680803 297
1757518649288 0.05309135164105361 298
1757518649323 0.006839587819049324 299
1757518649359 5.170522941805434e-06 300
1757518649394 0.16942454079067903 301
1757518649430 0.04441280540836297 302
1757518649465 0.22906489538576605 303
1757518649501 0.019988416533271776 304
1757518649538 0.10835398602540647 305
1757518649573 0.2764471626269008 306
1757518649608 0.18917968771450827 307
1757518649643 0.16483673929158058 308
1757518649679 1.1462075649237179e-06 309
1757518649714 0.013597610435982536 310
1757518649749 0.12078829974565382 311
1757518649784 0.0010391907905312383 312
1757518649820 0.05329018338360834 313
1757518649855 0.0036394262910499093 314
1757518649890 0.041768664244499855 315
