1757518305779 0.12646967769314651 0
1757518305813 11.685939629683316 1
1757518305851 0.14659217241629988 2
1757518305885 0.10774226946944329 3
1757518305918 0.0037715393350638295 4
1757518305952 0.3098620147656898 5
1757518305986 0.19803732223755766 6
1757518306019 0.004802358708746349 7
1757518306053 0.02447803611193425 8
1757518306087 0.05705667055066318 9
1757518306120 0.14091834682029672 10
1757518306154 0.055132563929014104 11
1757518306187 0.06588084411583905 12
1757518306220 0.24571061096187818 13
1757518306253 0.007967553550121817 14
1757518306286 0.26033268446172636 15
1757518306319 0.176444543932902 16
1757518306353 0.1711956339642924 17
1757518306386 0.03586778074547016 18
1757518306419 0.0026917603470658223 19
1757518306452 0.15439079660737312 20
1757518306486 0.5321156707460215 21
1757518306519 0.10657829225992552 22
1757518306552 0.08252415882447398 23
1757518306585 0.018798169210941667 24
1757518306619 0.031962152409973965 25
1757518306652 0.012511425791837068 26
1757518306686 0.2374332664850042 27
1757518306719 0.06963267108684565 28
1757518306752 0.06793539449956779 29
1757518306785 0.6111015335525329 30
1757518306819 0.01436409119506585 31
1757518306852 0.14626747744144214 32
1757518306885 0.04072028501877089 33
1757518306920 0.24078633931488966 34
1757518306954 0.059538918044243945 35
1757518306988 0.05219205604110137 36
1757518307022 0.03288407508252169 37
1757518307055 0.005146141508761305 38
1757518307089 0.02074968754387745 39
1757518307122 0.10734219856472506 40
1757518307156 0.016492911483935307 41
1757518307189 0.15842210854273509 42
1757518307234 0.0029840030585646417 43
1757518307267 0.2542130103275177 44
1757518307301 1.2537080729259525e-05 45
1757518307334 0.0031553260907650517 46
1757518307367 0.2280960957275095 47
1757518307401 0.04676296104739198 48
1757518307435 0.004550170082776812 49
1757518307468 0.0010458599319969064 50
1757518307501 0.07737421823233893 51
1757518307535 0.0016546429474825714 52
1757518307568 6.651004340969801e-05 53
1757518307602 0.006690578248419672 54
1757518307636 0.045149018072653035 55
1757518307671 0.0028393634686332794 56
1757518307705 0.28507468860288343 57
1757518307739 0.1314021863961073 58
1757518307773 0.04653732511794963 59
1757518307806 0.011173675010499085 60
1757518307840 0.006328249435341158 61
1757518307873 0.03276779015377773 62
1757518307906 0.04036766183879778 63
1757518307940 0.09931474484789247 64
1757518307974 0.02311087832192615 65
1757518308008 0.0032589399750291167 66
1757518308043 0.0006582944730224533 67
1757518308077 0.02824694533436798 68
1757518308113 0.06678538706972435 69
1757518308147 0.0014728384689033736 70
1757518308180 0.17726705637364285 71
1757518308214 0.040309275505034665 72
1757518308248 0.015727434418218084 73
1757518308282 0.22118261536722642 74
1757518308315 0.16170010586713998 75
1757518308349 0.000951510789878528 76
1757518308383 0.01631547813017618 77
1757518308416 0.04436444644369086 78
1757518308450 0.017523950339374775 79
1757518308484 0.20190353042015222 80
1757518308517 0.006706747469571092 81
1757518308551 0.014557186359032873 82
1757518308585 0.031472848389610245 83
1757518308619 0.11014586731865435 84
1757518308653 0.04247255557789495 85
1757518308687 0.18683944540767067 86
1757518308721 0.4606823629119683 87
1757518308754 0.038352619527856846 88
1757518308788 0.10371698090522088 89
1757518308822 0.01855885238865152 90
1757518308855 0.030587860813801496 91
1757518308889 0.12049765202140682 92
1757518308923 0.00021605618958089165 93
1757518308957 0.2000152284810447 94
1757518308990 0.28449102069852744 95
1757518309024 0.07432945594449693 96
1757518309059 0.14818510597216367 97
1757518309092 0.004259362028637151 98
1757518309126 0.20907356331775487 99
1757518309160 0.008317456757681314 100
1757518309194 0.37129448205368665 101
1757518309227 0.021375181113914347 102
1757518309261 0.2934909941275102 103
1757518309294 0.03550289916421742 104
1757518309328 0.1347075609342215 105
1757518309362 0.0028356525216544897 106
1757518309395 0.002562049163546837 107
1757518309429 0.1128029128468557 108
1757518309463 0.010943816252637024 109
1757518309505 0.012548009182254995 110
1757518309543 0.20401051048390564 111
1757518309578 0.0556304447872515 112
1757518309616 0.01643047504910306 113
1757518309651 0.13170422852625882 114
1757518309685 0.043042523802016765 115
1757518309720 0.07497353108699172 116
1757518309754 0.13153325859004622 117
1757518309788 0.16085610777129436 118
1757518309822 0.05197559346895275 119
1757518309856 0.27967907165431866 120
1757518309890 0.02317190867364596 121
1757518309924 0.03889071312657888 122
1757518309958 0.1578047649702331 123
1757518309993 0.4622821446321424 124
1757518310026 0.136189192017575 125
1757518310060 0.14439744524117518 126
1757518310094 0.023684819462525836 127
1757518310128 0.07627330219466497 128
1757518310162 0.1082633281662315 129
1757518310197 0.06570808347407657 130
1757518310232 0.016265304354258176 131
1757518310267 1.5480825333023237e-07 132
1757518310301 0.16178756007575018 133
1757518310335 0.009343216810542497 134
1757518310369 0.1860775950380716 135
1757518310403 0.0707393689317427 136
1757518310437 0.0009317953988836275 137
1757518310471 0.024459545566261617 138
1757518310505 0.059809633084213255 139
1757518310539 0.014885283828637165 140
1757518310573 0.00041843517211119144 141
1757518310607 0.021408794288508195 142
1757518310641 0.04546225187688215 143
1757518310676 0.039830346534828726 144
1757518310710 0.25597560918302287 145
1757518310744 0.05750948874114235 146
1757518310779 0.12030871717464632 147
1757518310812 0.21599187076299262 148
1757518310846 0.0005297246229181791 149
1757518310881 0.007817241938274154 150
1757518310915 0.18040485295672332 151
1757518310949 0.19137706869123325 152
1757518310983 0.027331583731959423 153
1757518311018 0.00011916012695635155 154
1757518311052 0.003139125754696029 155
1757518311086 0.08005645165351416 156
1757518311120 0.20264243941722188 157
1757518311154 0.21114488294618497 158
1757518311194 0.02745404140475412 159
1757518311229 0.11733306837175411 160
1757518311264 0.0776547433186489 161
1757518311298 0.025556839934574558 162
1757518311332 5.9960909543393715e-05 163
1757518311367 0.00211952960604439 164
1757518311401 0.10821238929490709 165
1757518311436 0.006605382579633894 166
1757518311470 0.143066177780037 167
1757518311505 0.31864365679759676 168
1757518311539 0.051962638632236165 169
1757518311574 0.23595277039194804 170
1757518311608 0.37696989671763453 171
1757518311643 0.07166130472655248 172
1757518311677 0.15546657676851844 173
1757518311712 0.13183172086416634 174
1757518311747 0.020762157685076554 175
1757518311781 0.17306212800438867 176
1757518311817 0.010998688807636142 177
1757518311853 0.2120259306187544 178
1757518311888 0.00891996756544339 179
1757518311922 0.01756281349656266 180
1757518311956 0.07510936309310441 181
1757518311991 0.00793165936278592 182
1757518312026 0.0087880280482227 183
1757518312060 0.027011015243189253 184
1757518312095 0.010578729495080055 185
1757518312129 0.11073921927412936 186
1757518312164 0.04845893920572905 187
1757518312199 0.035338374421648944 188
1757518312233 0.04690684784376225 189
1757518312268 0.08773975048855454 190
1757518312302 0.19258189711644982 191
1757518312336 0.19422181888523712 192
1757518312371 0.05778457100161248 193
1757518312406 0.09038474422410811 194
1757518312441 0.029006470286158204 195
1757518312476 0.01270792106523689 196
1757518312511 0.165046800036945 197
1757518312546 0.02811236108868407 198
1757518312580 0.06304995693348958 199
1757518312615 0.005592499289978272 200
1757518312650 0.03818686658329013 201
1757518312685 0.036105332395513 202
1757518312719 0.060800615980787134 203
1757518312754 0.17461170602141057 204
1757518312788 0.05175152652784803 205
1757518312823 0.03093902692717231 206
1757518312857 0.04504090565793706 207
1757518312891 0.3145776650643475 208
1757518312926 0.13263402496284923 209
1757518312960 0.38909289526428137 210
1757518312995 0.00016538761667978904 211
1757518313029 0.028488130741461098 212
1757518313064 0.08730460531650704 213
1757518313098 0.09479339289813726 214
1757518313133 0.06323937538384616 215
1757518313167 0.1055061535499547 216
1757518313202 0.1745431989637788 217
1757518313236 0.08639773978081937 218
1757518313273 0.0029449195156651597 219
1757518313313 0.03354961706149258 220
1757518313352 0.1156039909483478 221
1757518313388 0.058734369538175416 222
1757518313423 0.10424256338954765 223
1757518313457 0.010529502795244217 224
1757518313492 0.01994578757664134 225
1757518313527 0.0036890635754686443 226
1757518313561 0.0013314398935341978 227
1757518313596 0.007220224827158038 228
1757518313631 0.00010849582859900608 229
1757518313666 0.027921099543887714 230
1757518313701 0.7400325092950434 231
1757518313736 0.0325741850889797 232
1757518313771 0.13504992036644703 233
1757518313806 0.06716157639463768 234
1757518313841 0.007030803084944739 235
1757518313875 0.01673081790246221 236
1757518313910 0.20361309152304174 237
1757518313945 9.898192744837748e-05 238
1757518313980 0.1713199870025378 239
1757518314015 0.19278536337006288 240
1757518314049 0.021591018967671113 241
1757518314084 0.1378903948553497 242
1757518314119 0.22391117623745424 243
1757518314153 0.02109270105933009 244
1757518314189 0.006490091185613677 245
1757518314226 0.0011543153858693286 246
1757518314262 0.02855508364812146 247
1757518314297 0.1412106497345707 248
1757518314332 0.013185289960335094 249
1757518314367 0.013203103648572457 250
1757518314403 0.0035295345322542172 251
1757518314440 0.2345410326824576 252
1757518314475 0.029467054881271864 253
1757518314510 0.006645700042469541 254
1757518314545 0.12799809257727163 255
1757518314580 0.0460123316276422 256
1757518314615 0.053568293188534066 257
1757518314651 0.01049401657442606 258
1757518314686 0.031216253440176714 259
1757518314721 0.0038290384296721983 260
1757518314756 0.059113347722525224 261
1757518314790 0.05024984729207783 262
1757518314834 0.11835091378794027 263
1757518314870 0.06938611285831368 264
1757518314906 0.01258717439246669 265
1757518314940 0.05549076585699659 266
1757518314975 0.053792003629835355 267
1757518315010 0.06855349777892593 268
1757518315045 0.11800734283447945 269
1757518315080 0.06586140193403896 270
1757518315115 0.02678597924551084 271
1757518315149 0.0009406638555911823 272
1757518315190 0.23730734717270288 273
1757518315264 0.11864104820538052 274
1757518315310 0.15645398317406953 275
1757518315352 0.028355028470899782 276
1757518315392 0.045278090500184075 277
1757518315432 0.010024490340074318 278
1757518315474 0.022106879086849048 279
1757518315512 0.08032700475817751 280
1757518315550 0.0008523323302141946 281
1757518315591 0.00012470372740490393 282
1757518315628 0.052105086192688874 283
1757518315671 0.13987176878241464 284
1757518315710 0.16075445608002534 285
1757518315753 0.04220888867116484 286
1757518315790 0.1457686199686203 287
1757518315841 0.04955358430391255 288
1757518315880 0.0017147136063295446 289
1757518315916 0.03817076978677096 290
1757518315952 0.09274317390024402 291
1757518315988 0.029942061795048523 292
1757518316026 0.04500528541143376 293
1757518316061 0.012112059284468376 294
1757518316097 0.12053924016577049 295
1757518316132 0.007079444826929394 296
1757518316167 0.03260327773030549 297
1757518316203 0.024496189248485165 298
1757518316239 0.10356650949473102 299
1757518316275 0.003560437692046626 300
1757518316310 0.07043072646518059 301
1757518316345 0.0061639694651510835 302
1757518316380 0.06359392089745788 303
1757518316415 0.1094997927197464 304
1757518316450 0.0002163959657088837 305
1757518316485 0.18195495050837665 306
1757518316520 0.0621794767662607 307
1757518316556 0.05613337292740402 308
1757518316591 0.09591134396472398 309
1757518316626 0.001662465173337935 310
1757518316661 0.029598520911222177 311
1757518316697 0.22343238150952863 312
1757518316732 0.11412787824129213 313
1757518316767 0.005978547074448506 314
1757518316802 0.047349766025420265 315
1757518316839 0.0370915783847899 316
1757518316875 0.007640491595393458 317
1757518316910 0.04486037655065338 318
1757518316947 0.16002883917445387 319
1757518316982 0.06703488116775527 320
1757518317017 0.10707012590703822 321
1757518317053 0.08187115974545438 322
1757518317088 0.9923857863526495 323
1757518317123 0.12455229467421408 324
1757518317160 0.019307013192039413 325
1757518317198 0.014977775044677864 326
1757518317235 0.1537224967371411 327
1757518317273 0.012990424699025203 328
1757518317319 0.06275224618255432 329
1757518317356 0.0006877756372021847 330
1757518317394 0.01405402859024906 331
1757518317430 0.02556027510559995 332
1757518317467 0.1419008351254401 333
1757518317503 0.008286955382334222 334
1757518317538 0.00836028235906454 335
1757518317574 0.031709768068773465 336
1757518317609 0.0009707717192390633 337
1757518317645 0.06269007573927456 338
1757518317680 0.00404225092127102 339
1757518317716 0.12911726816682775 340
1757518317752 0.04211187535892752 341
1757518317787 0.07810790369376902 342
1757518317823 0.0004326904034235511 343
1757518317858 0.03990849552258474 344
1757518317894 0.03965247829711286 345
1757518317930 0.09180005293381256 346
1757518317966 1.5909191126129933e-05 347
1757518318002 0.2323464896311471 348
1757518318037 0.02688568759824882 349
1757518318073 0.015560296572714773 350
1757518318108 0.024976311271383903 351
1757518318144 0.05469449782476101 352
1757518318180 0.1227512083782861 353
1757518318215 0.1880637985262976 354
1757518318251 0.0032190199222743073 355
1757518318287 0.06248929715113496 356
1757518318323 0.04808536117461653 357
1757518318359 0.026720494040745644 358
1757518318395 0.1812659113609675 359
1757518318431 0.01569858787386877 360
1757518318466 0.0020056878118617557 361
1757518318502 0.022754295348759154 362
1757518318538 0.2477491796161509 363
1757518318574 0.007191256839111151 364
1757518318610 0.36527364024633224 365
1757518318646 0.0010908759513980483 366
1757518318682 0.0019346366611958728 367
1757518318717 0.0007150537814143597 368
1757518318753 0.06682195529899702 369
1757518318789 0.0032719162929731927 370
1757518318825 0.3397184239364037 371
1757518318861 0.0005855314023299501 372
1757518318897 0.002241981872733234 373
1757518318933 0.08442075627672006 374
1757518318968 0.05547825500671622 375
1757518319004 0.0263363772290709 376
1757518319041 0.112149880216663 377
1757518319077 0.0015317637720061018 378
1757518319113 0.045023014165544925 379
1757518319150 0.002286491413943838 380
1757518319185 0.036696574245043564 381
1757518319221 0.009525323451637584 382
1757518319257 0.022068364902921637 383
1757518319293 0.15649058885559178 384
1757518319329 0.004333286830218487 385
1757518319365 0.13047744634461372 386
1757518319401 0.12229959061165006 387
1757518319437 0.1452806047221092 388
1757518319473 0.0002772798286755274 389
1757518319509 0.3690516582204229 390
1757518319545 0.023488916977991152 391
1757518319580 0.21055526503689811 392
1757518319616 0.007283350853291986 393
1757518319652 0.00045059811545801335 394
1757518319688 0.8434516379243802 395
1757518319724 0.17011549713556606 396
1757518319761 0.2356495841071283 397
1757518319797 0.06764224647492484 398
1757518319833 0.018479695315592307 399
1757518319870 0.17962985565367406 400
1757518319906 0.029838937914969128 401
1757518319942 4.670460585730453e-06 402
1757518319978 0.05239525500096837 403
1757518320013 0.08960177862226354 404
1757518320049 0.095435981376196 405
1757518320085 0.01216122720056197 406
1757518320121 0.26921013070128214 407
1757518320157 0.017865188713451965 408
1757518320193 0.004089830743300286 409
1757518320229 0.07636518849785515 410
1757518320265 0.09352587852092298 411
1757518320301 0.15772392009122405 412
1757518320337 0.08645641466471025 413
1757518320373 0.01200861255824365 414
1757518320408 0.0014749213494378531 415
1757518320445 0.14758514188902525 416
1757518320481 0.01455955523961205 417
1757518320517 0.014529306868368208 418
1757518320553 0.036721313632913546 419
1757518320589 0.45644947507880385 420
1757518320625 0.16676816178446813 421
1757518320661 0.07445275917990526 422
1757518320697 0.007960035085552 423
1757518320733 0.0023951580720190705 424
1757518320770 0.03597893571941829 425
1757518320805 0.055554007698281255 426
1757518320842 0.016766003935649094 427
1757518320878 0.00032072563441940764 428
1757518320914 7.669017068472717e-06 429
1757518320951 0.13038162174462356 430
1757518320988 0.059236010638253137 431
1757518321024 0.002066326274401871 432
1757518321060 0.02276126194361615 433
1757518321097 0.038067954531970996 434
1757518321132 0.01635893660714641 435
1757518321169 0.021361195345613943 436
1757518321207 0.0799856883433319 437
1757518321244 0.012082730249107056 438
1757518321280 0.08111562302155514 439
1757518321316 0.1304377829890572 440
1757518321351 0.37579026830648604 441
1757518321388 0.15112823724598362 442
1757518321424 0.08393503420184388 443
1757518321460 0.01947807616785309 444
1757518321497 0.09662665041057035 445
1757518321532 0.24036940300195128 446
1757518321570 0.012343662380940978 447
1757518321607 0.5464083772461993 448
1757518321643 0.06874509785735598 449
1757518321679 0.01656348664990243 450
1757518321716 0.040392745311880036 451
1757518321752 0.014690798772936178 452
1757518321789 0.04092042451162271 453
1757518321825 0.006541361106845946 454
1757518321861 0.028327660114014264 455
1757518321898 0.18397546104557297 456
1757518321934 0.2144435095313013 457
1757518321970 0.21746368383618414 458
1757518322006 0.05146199252115637 459
1757518322043 9.170359396951715e-05 460
1757518322079 0.04875477508162389 461
1757518322115 0.08000363621943063 462
1757518322151 0.006722253152488259 463
1757518322187 0.024925846406705716 464
1757518322224 0.005485071629639955 465
1757518322260 0.00041170923149286124 466
1757518322296 0.027189142847827294 467
1757518322333 0.07258165652129482 468
1757518322371 0.02535255679076772 469
1757518322408 0.09050502590055264 470
1757518322445 0.06675166547240433 471
1757518322481 0.14990572374755998 472
1757518322517 0.37103936380714897 473
1757518322553 0.37055322222195747 474
1757518322590 0.08160030704001663 475
1757518322626 0.06711711392396033 476
1757518322662 0.018497912391464262 477
1757518322699 0.11739753994337646 478
1757518322735 0.014923429125021682 479
1757518322771 0.11544220279418949 480
1757518322808 0.034564326927327936 481
1757518322843 0.45579637783022353 482
1757518322879 0.10948675401386361 483
1757518322916 0.020786701748384588 484
1757518322952 0.04527341557430037 485
1757518322988 0.0022960121752699375 486
1757518323025 0.06717507474460506 487
1757518323061 0.08922167029137403 488
1757518323109 0.08242963554090625 489
1757518323146 0.010406774022988936 490
1757518323182 0.0001417547934278012 491
1757518323219 0.033376670267130086 492
1757518323256 0.047377322472386976 493
1757518323304 0.00021502151021261692 494
1757518323341 0.02118919245161036 495
1757518323378 0.08900534908055875 496
1757518323415 2.500572970707925e-06 497
1757518323451 0.015211803910185194 498
1757518323488 0.03086143640255295 499
