1757594883638 0.014674118597962103 0
1757594883671 10.36933348221994 1
1757594883705 0.04783452640325512 2
1757594883738 0.4901674242882216 3
1757594883771 0.02845972743133962 4
1757594883805 0.8581488546138669 5
1757594883839 4.934384799366894 6
1757594883873 0.6948776079980037 7
1757594883906 0.016352214028810378 8
1757594883940 0.07992137806163649 9
1757594883973 0.22458988719015496 10
1757594884007 0.017365710400827458 11
1757594884041 0.08535815553756215 12
1757594884074 0.15069675180774256 13
1757594884108 0.1849498606394261 14
1757594884141 0.002033720601341576 15
1757594884175 0.54365052921944 16
1757594884209 0.5347007185684111 17
1757594884243 0.01381342845457294 18
1757594884277 0.2192347781238505 19
1757594884310 0.008135719444320033 20
1757594884344 0.014128659683046598 21
1757594884377 0.15641882686735142 22
1757594884411 0.019342046540619925 23
1757594884444 0.0010130259660970867 24
1757594884478 0.5698557869548129 25
1757594884512 0.061705888174818015 26
1757594884545 0.7088665744760363 27
1757594884579 0.06148324817975229 28
1757594884612 0.008071586246168458 29
1757594884646 0.061114893758399604 30
1757594884680 0.03521194672044597 31
1757594884713 0.032912652949768285 32
1757594884747 0.06439149783948339 33
1757594884781 0.060352309501795834 34
1757594884814 0.8339134352312477 35
1757594884848 0.020983604245894447 36
1757594884882 0.5108677733941812 37
1757594884917 0.22172648362456712 38
1757594884951 0.02722074453411093 39
1757594884984 0.012619688608042112 40
1757594885018 0.4111218798168634 41
1757594885051 0.11318353337900162 42
1757594885085 0.02409682458789479 43
1757594885119 0.037817919119128615 44
1757594885152 0.06016872243148231 45
1757594885186 0.34571026149481593 46
1757594885220 0.14030296916725254 47
1757594885254 0.0006745252371377507 48
1757594885288 0.2199967389376337 49
1757594885322 0.2453932079940243 50
1757594885355 0.022502759578292213 51
1757594885389 0.00542439353957652 52
1757594885423 0.05455922718466273 53
1757594885462 8.750028043960439e-05 54
1757594885502 0.07326346869379292 55
1757594885535 0.014642741690559938 56
1757594885569 0.0047586838079728775 57
1757594885603 0.04875215808427855 58
1757594885637 0.016682866834358746 59
1757594885671 0.009011096800927258 60
1757594885705 0.0005789669186627758 61
1757594885739 0.15089096648704278 62
1757594885773 0.38358965223854014 63
1757594885806 0.0588153578041079 64
1757594885840 0.31279340099147424 65
1757594885873 0.022917802188049702 66
1757594885907 0.008359497916286743 67
1757594885940 0.04240370086944554 68
1757594885974 0.04078899539205549 69
1757594886008 0.03285431393449987 70
1757594886041 0.0036352966656303665 71
1757594886075 0.00792438437528868 72
1757594886109 0.12079404122020038 73
1757594886142 0.001006042906448746 74
1757594886176 0.06440150524151973 75
1757594886209 0.012187135183272323 76
1757594886243 7.231246221983678e-05 77
1757594886277 0.13603757622609772 78
1757594886311 0.006271250062655806 79
1757594886344 0.04310033565654731 80
1757594886378 0.015162093444788692 81
1757594886411 0.06161282518512946 82
1757594886445 0.010838521511488593 83
1757594886479 0.10902655663930791 84
1757594886513 0.035482376523499684 85
1757594886546 0.004350166812477119 86
1757594886580 0.004209811091565791 87
1757594886613 0.01165539902060542 88
1757594886647 0.21324471732733727 89
1757594886681 0.0003548264270842592 90
1757594886714 0.21917264374297038 91
1757594886748 0.4599017786604511 92
1757594886782 3.915748615487075e-05 93
1757594886816 0.011307215186963227 94
1757594886850 0.018062076612339013 95
1757594886884 0.0015147041336703942 96
1757594886918 0.003223971064569606 97
1757594886952 0.0005819865581901831 98
1757594886987 0.025192671267733693 99
1757594887021 0.023483274366899044 100
1757594887055 0.022368608618011897 101
1757594887089 0.014069659012110186 102
1757594887123 0.07839616157462143 103
1757594887157 0.03286280853294703 104
1757594887191 0.08594638040641936 105
1757594887225 0.23925258637893823 106
1757594887259 0.02498834389783857 107
1757594887293 0.020979999679474587 108
1757594887328 0.024307403387410022 109
1757594887362 0.044238870822184286 110
1757594887396 0.039815974772310955 111
1757594887430 0.029068668207532216 112
1757594887464 0.03856995359328316 113
1757594887497 0.04160771623553108 114
1757594887531 0.0699754665975121 115
1757594887565 0.034927505611765074 116
1757594887599 0.11124885462036563 117
1757594887633 0.024382414358955617 118
1757594887667 0.14358978622253096 119
1757594887701 0.11335182135925713 120
1757594887738 0.43148598730961596 121
1757594887772 0.06314334391638092 122
1757594887806 0.27815506423520286 123
1757594887840 0.0006124456327171839 124
1757594887874 0.0855707493283453 125
1757594887908 0.03669239494658122 126
1757594887942 0.29883960606810933 127
1757594887976 0.26633294683803677 128
1757594888010 0.044433230201859734 129
1757594888045 0.6573198491937995 130
1757594888078 0.03558389939776554 131
1757594888112 0.04006146704281278 132
1757594888146 0.006989474875910823 133
1757594888181 0.046599882444992996 134
1757594888214 3.6086132390032864e-06 135
1757594888249 0.077792913333187 136
1757594888283 0.01868227941060138 137
1757594888317 0.008533165797954698 138
1757594888351 0.045566552114170045 139
1757594888385 0.0037030948892718017 140
1757594888419 0.03185581761139142 141
1757594888453 0.015140064849031448 142
1757594888487 0.012571335563258481 143
1757594888521 0.04285704663920589 144
1757594888555 0.06700238674150882 145
1757594888589 0.03082522731332508 146
1757594888623 0.01792874805916841 147
1757594888657 0.00972645312463258 148
1757594888691 0.08197869472771532 149
1757594888726 0.020692815560194727 150
1757594888760 0.12240881679519253 151
1757594888794 0.027885098428889164 152
1757594888829 0.12187449525665983 153
1757594888863 0.1778608126582302 154
1757594888897 0.0009015717542527166 155
1757594888932 0.006400853837139674 156
1757594888967 0.020761952646702105 157
1757594889001 0.03075777887197886 158
1757594889036 0.017668332467097925 159
1757594889071 0.0006418715161726327 160
1757594889105 4.79066529416886e-06 161
1757594889140 0.00620682528071714 162
1757594889174 0.34913319748104443 163
1757594889209 0.5777162546573855 164
1757594889243 0.0026960130991045697 165
1757594889277 0.0025709482389336714 166
1757594889312 0.006328193341304899 167
1757594889347 0.0002642752847426499 168
1757594889381 0.0013382412981346333 169
1757594889415 0.032610749425649975 170
1757594889451 0.022466681764510898 171
1757594889486 0.08051699328380495 172
1757594889521 0.005459162439566987 173
