1757518189316 0.019724673293184364 0
1757518189350 0.42975029564542283 1
1757518189384 0.008305254317866292 2
1757518189418 0.10921997660977682 3
1757518189453 0.06192251788513251 4
1757518189488 0.04491753755855159 5
1757518189522 0.057785745513586305 6
1757518189556 0.03513629386303199 7
1757518189589 0.32758014154035076 8
1757518189623 0.028742859109295638 9
1757518189657 1.4438085471345975e-05 10
1757518189690 1.0160017086073436 11
1757518189723 0.016903252747602637 12
1757518189758 0.009331531503388418 13
1757518189793 0.004277484330623906 14
1757518189828 0.037801139240430895 15
1757518189862 1.4920233827166238 16
1757518189896 0.054372899803256526 17
1757518189930 0.04176730414268683 18
1757518189964 0.06979426090761384 19
1757518189998 0.012405632835542423 20
1757518190031 0.01622562341656442 21
1757518190065 0.39542546179504195 22
1757518190098 0.022262685081864093 23
1757518190132 0.008971551940624743 24
1757518190166 0.009007043236090044 25
1757518190200 0.19824098405119817 26
1757518190233 0.027074462669790782 27
1757518190267 0.013379899150996456 28
1757518190300 0.022491800231539728 29
1757518190334 0.0040890988753887175 30
1757518190368 0.08097969946332548 31
1757518190401 0.026433401624623785 32
1757518190435 0.06994424459823387 33
1757518190468 0.02353594809898024 34
1757518190502 0.08156637513203076 35
1757518190538 0.002058897866896135 36
1757518190573 0.009322791201672804 37
1757518190619 0.02730256736050675 38
1757518190657 0.003897797180348375 39
1757518190691 0.0033358038294032657 40
1757518190725 0.026998697714960645 41
1757518190760 0.018068809962902797 42
1757518190794 0.27041578070546723 43
1757518190828 0.005081816590518901 44
1757518190862 0.0010503377634901916 45
1757518190896 0.03780267132834618 46
1757518190930 0.023516203213074006 47
1757518190965 0.012984505284102549 48
1757518190999 0.01132484813110241 49
1757518191034 0.04784991156807621 50
1757518191082 0.021186202711135325 51
1757518191123 0.014587255080857594 52
1757518191158 0.01059485548163105 53
1757518191193 0.008732641113459517 54
1757518191229 0.00030010587200365505 55
1757518191263 0.0037417613173885613 56
1757518191298 0.11962159234993755 57
1757518191332 0.1711311307141174 58
1757518191366 0.261744222183915 59
1757518191400 0.19337525236530212 60
1757518191434 0.01807028092989331 61
1757518191468 0.02077853535161862 62
1757518191502 0.03279954648995714 63
1757518191536 0.023457260020331293 64
1757518191571 0.009334200184644823 65
1757518191605 0.0003007316354994389 66
1757518191639 0.17789439645492489 67
1757518191673 0.09867436106158704 68
1757518191708 0.000978291252627773 69
1757518191742 0.035566467845447564 70
1757518191776 0.09554168773909559 71
1757518191810 0.022629547986358023 72
1757518191844 0.10736153972703082 73
1757518191878 0.022176148923681024 74
1757518191912 0.04255969583484948 75
1757518191946 0.031167638831559534 76
1757518191981 8.605624365413241e-05 77
1757518192015 0.12254339177846148 78
1757518192049 0.005037181085877223 79
1757518192085 0.08381510820311823 80
1757518192121 0.03133443408700263 81
1757518192158 0.01314797824790195 82
1757518192195 0.030339753832306658 83
1757518192235 0.12225071455430075 84
1757518192270 0.007195949854266061 85
1757518192305 0.05815272606379543 86
1757518192340 0.020657891962410094 87
1757518192375 0.09162009613886542 88
1757518192409 0.13850628363200393 89
1757518192444 0.013574243372601243 90
1757518192478 0.24314657082531754 91
1757518192512 0.04651106846153052 92
1757518192546 0.22920586029749626 93
1757518192580 0.09739160692955445 94
1757518192614 0.026058732389856343 95
1757518192648 0.0385856590441186 96
1757518192682 0.0020569524546026376 97
1757518192716 0.03161623010098302 98
1757518192753 0.0075221126884598205 99
1757518192789 0.020709181388218544 100
1757518192823 0.10820646745796485 101
1757518192859 0.006022868356159015 102
1757518192893 0.025775366060396786 103
1757518192927 0.21781973533309285 104
1757518192962 0.03510216945939166 105
1757518192996 0.28314718196792205 106
1757518193032 0.1524930411348189 107
1757518193066 0.026414405120244146 108
1757518193100 0.15296405931272342 109
1757518193134 0.18477530766993142 110
1757518193168 0.006860160915938305 111
1757518193202 0.05517159290468513 112
1757518193240 0.03514044408567455 113
1757518193280 0.049171030330732377 114
1757518193316 0.04785876577624178 115
1757518193357 0.012772163510299315 116
1757518193393 0.057929908523476785 117
1757518193428 0.0039232625720035125 118
1757518193463 0.14391820605366204 119
1757518193498 0.0003514746142560457 120
1757518193532 0.06334767372692725 121
1757518193566 0.014138208299771445 122
1757518193601 0.13810455105747327 123
1757518193636 0.10149914022566525 124
1757518193671 0.3324694914383789 125
1757518193705 0.043585577696125304 126
1757518193739 0.012618614519042823 127
1757518193773 0.043714279841360504 128
1757518193808 0.030492525126596816 129
1757518193841 0.18100227174074762 130
1757518193875 0.1129196420704026 131
1757518193909 0.007283028258622991 132
1757518193943 0.007623223456364503 133
1757518193977 0.2742852022304918 134
1757518194011 0.11077644820817133 135
1757518194045 0.04606024795387199 136
1757518194079 0.42698256690585873 137
1757518194113 0.044825670543353534 138
1757518194147 0.008117049692223504 139
1757518194181 0.28827419943389926 140
1757518194215 0.0447545291227429 141
1757518194249 0.0028267344914498357 142
1757518194283 0.002704224415372481 143
1757518194317 0.10302294928992405 144
1757518194351 0.013255525696621221 145
1757518194384 0.021974604698504308 146
1757518194418 0.04458707781693952 147
1757518194452 0.016318709663498184 148
1757518194486 0.007544007321329924 149
1757518194520 0.05494072488299658 150
1757518194554 0.21291552095385724 151
1757518194588 0.215090680333877 152
1757518194621 0.22931796464694812 153
1757518194655 0.024226487992190147 154
1757518194690 0.10804588941897332 155
1757518194725 0.007464604538836003 156
1757518194760 0.14566631172001995 157
1757518194795 0.02232968502407589 158
1757518194830 0.002734785682203605 159
1757518194866 0.33966977385694286 160
1757518194900 0.07688393973382805 161
1757518194935 0.360710059374353 162
1757518194970 0.07995057667613037 163
1757518195004 0.03680112895282725 164
1757518195039 0.0002702010645470989 165
1757518195074 0.011793218553746125 166
1757518195108 0.09604020065955596 167
1757518195143 0.07357534222024832 168
1757518195177 0.05509267619908244 169
1757518195212 0.0395828441955411 170
1757518195246 0.03390373185943697 171
1757518195281 0.003363637585685513 172
1757518195319 0.053690357889027644 173
1757518195356 0.21135409196514682 174
1757518195392 0.13419748402480008 175
1757518195427 0.005415501723056548 176
1757518195462 0.03779794120220008 177
1757518195498 0.02744540790673336 178
1757518195533 0.1286019566952634 179
1757518195567 0.00793551089854405 180
1757518195602 0.4541742016666001 181
1757518195636 0.12648880668613233 182
1757518195671 0.05369026126408872 183
1757518195706 0.007195013186596787 184
1757518195741 0.015507946927013861 185
1757518195776 0.07549403858125413 186
1757518195821 0.06858413340512298 187
1757518195855 0.12916125576072096 188
1757518195890 5.59209863116515e-05 189
1757518195924 0.020734977844244433 190
1757518195959 0.005754101625162064 191
1757518195993 4.9679518142300444e-05 192
1757518196028 0.03997034357337257 193
1757518196063 0.31837344080203994 194
1757518196097 7.384507559506957e-05 195
1757518196132 0.04939274812146437 196
1757518196166 0.0007410670348515095 197
1757518196200 0.0031429752585974274 198
1757518196235 0.20097416938496374 199
1757518196270 0.006693263962055212 200
1757518196305 0.001914298451266118 201
1757518196340 0.2425473877784068 202
1757518196375 0.39510685671974577 203
1757518196411 0.05708204066222629 204
1757518196449 0.0245267048290645 205
1757518196488 0.000166302582691261 206
1757518196523 0.00011823278571108863 207
1757518196559 0.09364850424028966 208
1757518196596 0.012897243462958532 209
1757518196632 0.041085355999440416 210
1757518196668 0.006920354476378978 211
1757518196705 0.02160093058548856 212
1757518196741 0.13341383956500566 213
1757518196777 0.0036173768223209946 214
1757518196813 0.06293725405151662 215
1757518196847 0.182335945018711 216
1757518196882 0.011219933711043746 217
1757518196917 0.01651820321397237 218
1757518196952 0.021965256510373506 219
1757518196987 0.2384504939523197 220
1757518197022 0.0019685337539114924 221
1757518197057 0.04963018673272335 222
1757518197092 0.00012182636848668292 223
1757518197128 0.04062784866974445 224
1757518197163 0.21020862864621595 225
1757518197198 0.0005110910529006778 226
1757518197233 0.1566101908840506 227
1757518197268 0.0006274680299009666 228
1757518197303 0.2975150025021475 229
1757518197338 0.02204004151145076 230
1757518197373 0.052704838875044416 231
1757518197408 0.21867695738368031 232
1757518197443 0.0279162841907554 233
1757518197481 0.13316462847499982 234
1757518197518 0.0017411138635111472 235
1757518197553 0.017373583427429635 236
1757518197588 0.1054234487948568 237
1757518197625 0.0029553439102666676 238
1757518197661 0.07002392334631177 239
1757518197697 0.014466863820821461 240
1757518197732 0.19285771611729663 241
1757518197767 0.0688008448788345 242
1757518197802 0.09627284271561957 243
1757518197838 0.09093478203854462 244
1757518197872 0.01523751406087443 245
1757518197907 0.003751354752820117 246
1757518197942 0.24181829236775698 247
1757518197977 0.05176162840811609 248
1757518198012 0.14979169557048108 249
1757518198047 0.013644975492887089 250
1757518198082 0.5441722539977625 251
1757518198117 0.37151918009294205 252
1757518198152 0.08221391184441088 253
1757518198187 0.005365628307083094 254
1757518198222 0.0001745673067697326 255
1757518198257 0.5041465391275888 256
1757518198292 0.15449145022750643 257
1757518198327 0.000525373550003913 258
1757518198362 0.02851474355784199 259
1757518198397 0.05233757033993077 260
1757518198432 0.04048068039147447 261
1757518198467 0.020652583048221748 262
1757518198503 0.02743029920528667 263
1757518198538 0.021624091429016883 264
1757518198573 0.025498540680559355 265
1757518198608 0.012768471969062669 266
1757518198644 0.10762580917336041 267
1757518198679 0.008858474560842359 268
1757518198715 0.016961412990752826 269
1757518198750 0.018345387150030052 270
1757518198786 0.012769326052280558 271
1757518198822 0.01879824992226691 272
1757518198857 0.0018354353363314907 273
1757518198893 0.2671391578480616 274
1757518198928 0.29809206221395873 275
1757518198963 0.042967150373035466 276
1757518198998 0.0508563559887297 277
1757518199034 0.24244969244366887 278
1757518199069 0.009622699226756699 279
1757518199104 0.03583124798764723 280
1757518199139 0.05522235805292914 281
1757518199175 0.08736231419038108 282
1757518199210 0.22629419696823308 283
1757518199245 0.07195526807868476 284
1757518199281 0.06446778656989449 285
1757518199316 0.33099224547869127 286
1757518199351 0.007191588684852268 287
1757518199387 0.043672021672468114 288
1757518199422 0.002221469931335766 289
1757518199457 0.13150007205353192 290
1757518199492 1.3470329184059768e-05 291
1757518199527 0.04493658055373105 292
1757518199562 0.18476405178296662 293
1757518199598 0.09952662164854073 294
1757518199633 0.0022599888915471227 295
1757518199668 0.005389935935245621 296
1757518199705 0.002624154668803957 297
1757518199741 0.0006325075950248289 298
1757518199776 0.12445085922110102 299
1757518199811 0.3042067723795001 300
1757518199847 0.005884906906562324 301
1757518199882 0.1409762392077012 302
1757518199917 0.005722018940947353 303
1757518199952 0.04032518746716643 304
1757518199988 0.2401343567115579 305
1757518200023 0.002007515069659399 306
1757518200058 0.03135366640605861 307
1757518200093 4.086461112392774e-08 308
1757518200129 0.2583733815676448 309
1757518200165 0.04802744884596859 310
1757518200200 0.041007739302884524 311
1757518200235 0.05858736971279744 312
1757518200270 0.1270678726939963 313
1757518200306 0.00015992434779499076 314
1757518200341 0.23974731920200054 315
1757518200376 0.08499972970300126 316
1757518200412 0.22497816785534824 317
1757518200447 0.0022580687569747093 318
1757518200482 0.2132940144117407 319
1757518200517 0.023669157087399896 320
1757518200552 0.05560791957251861 321
1757518200587 0.02288389800537525 322
1757518200623 0.00039885320894403716 323
1757518200657 0.005732941907952165 324
1757518200693 0.012892779131548225 325
1757518200728 0.016809077003739063 326
1757518200764 0.007372304205666978 327
1757518200799 0.03355728383504421 328
1757518200835 0.06901818463119691 329
1757518200871 0.3417458634134883 330
1757518200907 0.010323744564143587 331
1757518200942 0.028921099273580622 332
1757518200978 0.1321734725845265 333
1757518201016 0.15083358786545212 334
1757518201052 0.23816503444324752 335
1757518201087 0.040068746328405055 336
1757518201123 0.05643839303463353 337
1757518201158 0.0032020537960607233 338
1757518201193 0.03873575123135732 339
1757518201228 0.09697760979363877 340
1757518201265 0.033494462484213346 341
1757518201300 1.6263272248228102 342
1757518201335 0.004649520645908348 343
1757518201370 0.04052631266491364 344
1757518201406 0.29016968032709733 345
1757518201441 0.04994297531653195 346
1757518201477 0.02123772583185448 347
1757518201512 0.0014600746156183562 348
1757518201547 0.0839177418504034 349
1757518201583 0.061965349592836734 350
1757518201618 0.0030068163717865133 351
1757518201653 0.0009593946848440106 352
1757518201689 0.1087726537412773 353
1757518201724 0.16062228157731984 354
1757518201760 0.0003303477055952211 355
1757518201795 0.07074224358335965 356
1757518201832 0.0659406530147745 357
1757518201868 0.0006608489271078469 358
1757518201904 0.06100311267082864 359
1757518201940 0.5545564284387264 360
1757518201975 0.04258037268376365 361
1757518202011 0.08828084246017513 362
1757518202046 0.12572577160582898 363
1757518202082 0.0009325226209919384 364
1757518202117 0.8099244112984141 365
1757518202153 0.12524297000920018 366
1757518202188 0.0020114570677806894 367
1757518202224 0.23137881458675794 368
1757518202260 0.21462230804435842 369
1757518202295 0.003346861016910236 370
1757518202331 0.10575335568467432 371
1757518202367 0.10776228415322739 372
1757518202402 0.01032290661570164 373
1757518202462 0.12790648271188887 374
1757518202512 0.18248081654863657 375
1757518202549 0.120491449747937 376
1757518202589 0.08531667202135987 377
1757518202626 0.04106393890820715 378
1757518202662 0.0915226623981955 379
1757518202698 0.1846486273231838 380
1757518202734 0.1485079006993104 381
1757518202770 0.08568878855033124 382
1757518202806 0.7414990671992985 383
1757518202843 0.0008922386923416012 384
1757518202880 0.6962207895179086 385
1757518202918 0.09133814992015293 386
1757518202954 0.0013266379026485565 387
1757518202989 0.05332795599678098 388
1757518203025 0.14728569098706368 389
1757518203061 0.1323045574956878 390
1757518203098 0.05999605612567794 391
1757518203134 0.30438415561605275 392
1757518203171 0.24641943347207482 393
1757518203208 0.03940892973179279 394
1757518203247 0.0019662542392354255 395
1757518203284 0.15268670691098934 396
1757518203321 0.001298192323869507 397
1757518203357 0.028820515875228672 398
1757518203393 3.462533507426628e-05 399
1757518203429 0.17353923907109095 400
1757518203465 0.18755128861032322 401
1757518203500 0.01646431474923166 402
1757518203536 0.0003768197027966582 403
1757518203572 0.07422367199515667 404
1757518203608 0.10764258728573917 405
1757518203644 0.06271961780421285 406
1757518203680 0.03589587045188078 407
1757518203716 0.2782531800171602 408
1757518203751 0.042099649327741226 409
1757518203787 0.0017990089606920944 410
1757518203822 0.05363171804234732 411
1757518203859 0.039610258934780665 412
1757518203894 0.04648378977620087 413
1757518203930 0.00674932500052426 414
1757518203965 0.43934171845866044 415
1757518204001 0.4267366906018947 416
1757518204038 0.33094564955895156 417
1757518204074 0.005757124204808359 418
1757518204110 6.250811798715975e-05 419
1757518204145 0.024337413252546646 420
1757518204182 0.026176304167748465 421
1757518204218 0.021712947272548123 422
1757518204254 0.0330484208592666 423
1757518204290 0.0009253850134423986 424
1757518204327 0.08072533420670065 425
1757518204363 0.24869345663749398 426
1757518204400 0.0033828755702467123 427
1757518204436 0.0035288355520476846 428
1757518204472 0.11132396638667338 429
1757518204508 0.009481456391452954 430
1757518204544 0.09019552669267869 431
1757518204581 0.011355086183292108 432
1757518204617 0.41917422411837674 433
1757518204654 0.028607177118059 434
1757518204690 0.08424278219750983 435
1757518204726 0.0021952299222883264 436
1757518204762 0.010953131951423398 437
1757518204798 0.10313950278281327 438
1757518204834 0.18317750552809864 439
1757518204871 0.03233102187752788 440
1757518204907 0.0005368703720976248 441
1757518204943 0.013656100168475772 442
1757518204979 0.07088931528348602 443
1757518205015 0.010307415452115287 444
1757518205051 0.0022124257158620073 445
1757518205087 0.03808354905107063 446
1757518205123 0.09110555248807954 447
1757518205159 0.015072992565026384 448
1757518205195 0.002473344236996521 449
1757518205232 0.1421973517656982 450
1757518205268 0.8927073455479406 451
1757518205304 0.010273511794070973 452
1757518205340 0.39715674763649694 453
1757518205376 0.020255288866397807 454
1757518205412 0.0013344731598721692 455
1757518205449 0.00024508793421466435 456
1757518205485 0.13002841382072675 457
1757518205521 0.001364210252458584 458
1757518205558 0.008219577859479587 459
1757518205594 0.23822562578015552 460
1757518205630 1.0910972881118517 461
1757518205666 0.01039203796171776 462
1757518205702 0.00402049425552395 463
1757518205738 0.3226270443597985 464
1757518205774 0.0011049825218593062 465
1757518205821 0.49245678731047443 466
1757518205857 0.004576090887046527 467
1757518205900 0.07730652303935552 468
1757518205943 0.22773951558601335 469
1757518205980 0.03973325087439504 470
1757518206016 0.0016030193057698448 471
1757518206053 0.028455369915702838 472
1757518206089 1.482981570673667e-05 473
1757518206126 0.02127472781697958 474
1757518206162 0.031625423349049615 475
1757518206200 0.08630409146380863 476
1757518206238 0.10926078745814861 477
1757518206275 0.1734034669771161 478
1757518206313 0.0046347760308778916 479
1757518206349 0.00021495787776282244 480
1757518206386 0.5711935175620966 481
1757518206423 0.08304368611432038 482
1757518206459 0.0004000938273637087 483
1757518206496 0.32410733900616895 484
1757518206533 0.00029545963403229496 485
1757518206569 0.13444482364827862 486
1757518206607 0.0023397408360641635 487
1757518206644 0.28494680518490095 488
1757518206680 0.03863924662600031 489
1757518206717 0.00710720484727917 490
1757518206754 0.04575415832555535 491
1757518206792 0.0602716677776089 492
1757518206832 0.041988842929010624 493
1757518206872 0.002923345397169464 494
1757518206912 0.00012756020722077933 495
1757518206956 0.0006490873811245953 496
1757518206999 0.018287109336171354 497
1757518207052 0.014010391014061421 498
1757518207090 0.008161705991080457 499
