1757594571499 14.818869075380896 0
1757594571509 5.0789747790186475 1
1757594571519 3.269055859531147 2
1757594571528 5.483617154499947 3
1757594571537 1.5410109253841409 4
1757594571547 3.5594190135014645 5
1757594571556 1.003832891649537 6
1757594571565 1.4776686077643395 7
1757594571574 0.9238418650251264 8
1757594571583 2.0666696585044644 9
1757594571592 0.8664073445611032 10
1757594571601 1.345789001139423 11
1757594571610 2.059321512608923 12
1757594571620 1.2769348958552267 13
1757594571629 2.0090798222050674 14
1757594571638 0.9043359754634416 15
1757594571647 2.5243793425202226 16
1757594571656 0.5285081757070806 17
1757594571665 0.9055477786649475 18
1757594571674 0.8784504431966966 19
1757594571686 1.908176279336317 20
1757594571696 0.6755608718849673 21
1757594571705 0.8492360518884111 22
1757594571714 0.9205169488770125 23
1757594571725 0.4474930580660403 24
1757594571734 0.3777068488519962 25
1757594571743 0.437547251094909 26
1757594571753 0.5955372659327128 27
1757594571762 0.14645083349123245 28
1757594571771 0.35643802534712854 29
1757594571780 0.4423465305319777 30
1757594571789 0.6297000571505811 31
1757594571798 0.23035652882693083 32
1757594571807 0.17523356489510172 33
1757594571817 0.42918053352232016 34
1757594571826 0.25978640569645534 35
1757594571835 0.4023534935239066 36
1757594571844 0.4050446951016012 37
1757594571853 0.15208485994573728 38
1757594571863 0.27522148276342223 39
1757594571873 0.23606678070438028 40
1757594571882 0.27564561598169834 41
1757594571891 0.21929364362217252 42
1757594571901 0.15418129210877946 43
1757594571910 0.19801765267294721 44
1757594571919 0.1552195519653942 45
1757594571929 0.1723762048688063 46
1757594571938 0.14602270991493504 47
1757594571948 0.21165911592764616 48
1757594571957 0.16454319637222803 49
1757594571967 0.12921597779012212 50
1757594571977 0.2794650581399417 51
1757594571987 0.2063173956311223 52
1757594571996 0.22363168434177846 53
1757594572005 0.13363765423881593 54
1757594572015 0.10935982673257959 55
1757594572024 0.17634959182107451 56
1757594572033 0.09759814138125658 57
1757594572043 0.13848011740712726 58
1757594572052 0.2434949754555372 59
1757594572061 0.09472754310685871 60
1757594572071 0.1715855972631927 61
1757594572080 0.12099716936715328 62
1757594572090 0.09688724844995014 63
1757594572099 0.10328404043265825 64
1757594572109 0.2542579575558511 65
1757594572119 0.10425778169297008 66
1757594572128 0.10406520911673589 67
1757594572138 0.10073398069715755 68
1757594572148 0.11719883123044894 69
1757594572157 0.1225630765449117 70
1757594572167 0.0853832253275198 71
1757594572176 0.081869731033038 72
1757594572186 0.06794837633007095 73
1757594572195 0.08211871434082368 74
1757594572205 0.11561164675058991 75
1757594572214 0.07643836684056754 76
1757594572224 0.08050378178695879 77
1757594572234 0.15280204684569593 78
1757594572244 0.20849349089161928 79
1757594572253 0.12452535747677249 80
1757594572263 0.05072614815449518 81
1757594572272 0.08965632347124346 82
1757594572282 0.0964458904283522 83
1757594572292 0.07369738005169783 84
1757594572301 0.1910450464879368 85
1757594572311 0.25166162043428036 86
1757594572322 0.10622839881195667 87
1757594572333 0.2216355651197369 88
1757594572349 0.12040424066201724 89
1757594572360 0.09467410207637214 90
1757594572370 0.09496835897913766 91
1757594572380 0.07794729285834949 92
1757594572390 0.10273075797514424 93
1757594572399 0.14533348684638697 94
1757594572409 0.13652239689813908 95
1757594572419 0.08334296072987234 96
1757594572429 0.18912994256762733 97
1757594572439 0.1244551802579032 98
1757594572449 0.11573190196008687 99
1757594572459 0.19273748294110252 100
1757594572468 0.07093579632846556 101
1757594572478 0.10796413461356333 102
1757594572489 0.0953846559437064 103
1757594572498 0.08034768851938988 104
1757594572508 0.12146185517960054 105
1757594572519 0.06908588808077026 106
1757594572529 0.09970307532409846 107
1757594572538 0.10376398455202832 108
1757594572548 0.07839514800871344 109
1757594572558 0.09562975240752797 110
1757594572567 0.06250089169029299 111
1757594572577 0.05323450392265506 112
1757594572588 0.14590865353161891 113
1757594572598 0.06202138073215038 114
1757594572608 0.1287458190794101 115
1757594572618 0.09860673265888009 116
1757594572628 0.09559929791560981 117
1757594572638 0.07065751606080367 118
1757594572647 0.11345277430280139 119
1757594572658 0.09056092749535091 120
1757594572668 0.11743773088226166 121
1757594572677 0.15033881871880903 122
1757594572687 0.1014760172119318 123
1757594572701 0.045622489902695 124
1757594572712 0.11350560972010709 125
1757594572722 0.07647151905293963 126
1757594572732 0.08186287369753728 127
1757594572742 0.06430787037670772 128
1757594572753 0.0801002615654612 129
1757594572763 0.09050709862204352 130
1757594572774 0.08840333315911239 131
1757594572786 0.0774682514138911 132
1757594572802 0.06190716612806921 133
1757594572813 0.14271549012852192 134
1757594572823 0.08560362181069729 135
1757594572839 0.1469445930758297 136
1757594572856 0.10044921180415034 137
1757594572866 0.1011820604582385 138
1757594572876 0.1356302771711328 139
1757594572886 0.10558317904396734 140
1757594572897 0.07889739668484541 141
1757594572907 0.1054596258586993 142
1757594572917 0.5987682506577195 143
1757594572927 0.08721495127681199 144
1757594572938 0.10216850013147727 145
1757594572948 0.06199901183546636 146
1757594572960 0.13215245977107504 147
1757594572974 0.10816744015300944 148
1757594572989 0.10687470855168521 149
1757594573010 0.05712492213987898 150
1757594573024 0.14070569365387597 151
1757594573079 0.07827034517057728 152
1757594573114 0.0818236883474175 153
1757594573131 0.08109474022501113 154
1757594573149 0.20090425533515413 155
1757594573188 0.09167710195642735 156
