1757518098708 159.56751677541192 0
1757518098717 160.041840104027 1
1757518098726 151.3289548884017 2
1757518098736 145.83268722829368 3
1757518098745 141.48838462645844 4
1757518098755 135.75991817023024 5
1757518098764 133.4720287438589 6
1757518098773 134.34852535123196 7
1757518098782 122.07041708106587 8
1757518098791 120.3706999934271 9
1757518098801 125.57927666317211 10
1757518098810 117.99650859372848 11
1757518098819 107.95582090101787 12
1757518098828 103.15252912457461 13
1757518098837 104.3677334103263 14
1757518098847 111.49303545307083 15
1757518098856 103.42225573827729 16
1757518098865 91.22046630953649 17
1757518098875 99.67781830045628 18
1757518098884 91.84922347578743 19
1757518098893 92.72352644814566 20
1757518098903 84.90893804598231 21
1757518098913 80.35438372604577 22
1757518098923 75.1219948548415 23
1757518098933 80.23842840450963 24
1757518098942 70.24171477126065 25
1757518098952 69.80468485567002 26
1757518098961 74.8885571518417 27
1757518098971 68.74720254346492 28
1757518098981 61.554551709343556 29
1757518098990 60.93529815362551 30
1757518099000 70.14307805708351 31
1757518099009 56.462897222103244 32
1757518099018 54.422701682663885 33
1757518099028 52.81027088057693 34
1757518099037 64.41483925647805 35
1757518099047 48.520429615041756 36
1757518099056 72.7943820637118 37
1757518099066 47.41993632166561 38
1757518099075 52.41471808806562 39
1757518099084 43.61975822099554 40
1757518099094 44.597771169158314 41
1757518099103 37.83326216583565 42
1757518099113 41.671212025324685 43
1757518099122 43.41734042753565 44
1757518099132 40.33926771930687 45
1757518099141 44.52492586384131 46
1757518099151 45.900766102319125 47
1757518099161 38.93496749920046 48
1757518099170 34.6405209300784 49
1757518099180 32.060145378296866 50
1757518099189 39.61748616085135 51
1757518099199 31.017022637137256 52
1757518099208 26.29111245752337 53
1757518099218 28.525696178802963 54
1757518099227 35.179055624581174 55
1757518099237 31.636711789561268 56
1757518099246 25.503855258693918 57
1757518099256 26.650594186094537 58
1757518099266 20.929273750972975 59
1757518099275 25.16050963510502 60
1757518099285 18.381249242587153 61
1757518099295 28.778702708391815 62
1757518099304 20.359704784692685 63
1757518099314 24.170238442234577 64
1757518099323 24.667067887674655 65
1757518099333 20.93798910526864 66
1757518099342 24.46236050542475 67
1757518099352 23.55333697095272 68
1757518099362 27.380736633287963 69
1757518099371 15.58127111549224 70
1757518099381 16.83827776295072 71
1757518099391 19.298166252724954 72
1757518099401 23.019385318848965 73
1757518099410 19.495276770258027 74
1757518099420 23.195768023604902 75
1757518099430 18.935444022779638 76
1757518099439 13.459402628368107 77
1757518099449 18.509251424608554 78
1757518099459 15.689991516786323 79
1757518099469 22.088888811075375 80
1757518099479 14.24897629548228 81
1757518099488 15.41801680140309 82
1757518099498 12.583205128869475 83
1757518099508 13.901446966167722 84
1757518099517 22.58165124042792 85
1757518099527 18.9395280865948 86
1757518099537 21.014650701346596 87
1757518099547 13.960149135026054 88
1757518099557 15.879352383166472 89
1757518099566 21.406419559852694 90
1757518099576 11.425575894237872 91
1757518099586 15.287276307673222 92
1757518099598 9.438664446675174 93
1757518099608 16.84906353425438 94
1757518099618 7.922452466213647 95
1757518099628 11.98317094903958 96
1757518099638 12.776409239535438 97
1757518099648 10.109469215525204 98
1757518099658 7.395651349525399 99
1757518099667 11.412017302845017 100
1757518099677 12.563498683986491 101
1757518099687 6.420781445274748 102
1757518099697 12.303211751914729 103
1757518099707 12.645331248850963 104
1757518099716 9.289815539407975 105
1757518099726 11.28223611695282 106
1757518099736 9.696371410062907 107
1757518099746 5.874720846911997 108
1757518099756 12.377387931290322 109
1757518099766 8.262821871787887 110
1757518099776 8.036699691522104 111
1757518099786 8.323402334645156 112
1757518099795 8.965535939754917 113
1757518099805 6.507122883760339 114
1757518099815 12.134288415660441 115
1757518099825 10.002002548690394 116
1757518099835 6.985000321392071 117
1757518099845 9.153234410617506 118
1757518099854 7.241035314171141 119
1757518099865 6.70133489088815 120
1757518099875 2.752414556079468 121
1757518099885 6.7864165315329865 122
1757518099895 7.89905270220023 123
1757518099905 10.908357663749518 124
1757518099915 8.80639763828845 125
1757518099925 4.448653716024555 126
1757518099937 9.444091590303227 127
1757518099947 3.6919045506604653 128
1757518099967 2.727373476198704 129
1757518099987 8.512213494300925 130
1757518099997 4.079482721883751 131
1757518100008 6.160034129734872 132
1757518100018 7.152301528229761 133
1757518100028 4.773963305205257 134
1757518100038 13.28220057254672 135
1757518100048 12.380686484726755 136
1757518100059 2.169535261444263 137
1757518100069 5.755378759762495 138
1757518100079 9.59017548164881 139
1757518100089 7.325037566020169 140
1757518100099 7.383431727328909 141
1757518100109 7.017674832881808 142
1757518100118 2.710014714661271 143
1757518100129 5.161522788967399 144
1757518100139 6.427076952502272 145
1757518100149 6.314976656551748 146
1757518100159 4.163707716391757 147
1757518100169 5.94359248511273 148
1757518100179 7.721929791945155 149
1757518100189 4.297859399556498 150
1757518100199 3.74410258760246 151
1757518100209 6.556440262901109 152
1757518100219 3.1758977421511436 153
1757518100229 7.733065812407863 154
1757518100239 8.263813509285583 155
1757518100249 5.956083154788408 156
1757518100260 8.345035814809373 157
1757518100270 4.709886902001876 158
1757518100280 4.508815483323212 159
1757518100291 5.366758005907459 160
1757518100301 3.6851508964385324 161
1757518100311 8.003583433965483 162
1757518100321 2.1483716226315273 163
1757518100331 3.545115367410127 164
1757518100341 3.3119319623070327 165
1757518100351 6.826581529481382 166
1757518100362 3.135615542869571 167
1757518100372 7.477517678690269 168
1757518100382 3.8531625152119617 169
1757518100392 7.702426018641572 170
1757518100403 5.3734150834522705 171
1757518100413 4.489793610761252 172
1757518100423 3.8439373906692964 173
1757518100433 3.7086694816888137 174
1757518100443 6.389534032708984 175
1757518100454 6.930243499346794 176
1757518100464 5.310358448784226 177
1757518100474 5.100746587028678 178
1757518100484 7.299818793923823 179
1757518100495 1.4522515947107544 180
1757518100505 1.4550803042325924 181
1757518100515 2.956461617165714 182
1757518100526 5.073179819445758 183
1757518100536 5.745608878197421 184
1757518100546 1.8661204211763327 185
1757518100556 3.0378278410582276 186
1757518100567 5.197605952037702 187
1757518100577 3.0733592137018224 188
1757518100588 6.866163706080922 189
1757518100598 1.50469105457841 190
1757518100608 3.8504717267523967 191
1757518100618 6.555410893756293 192
1757518100629 2.4660499112188123 193
1757518100639 5.203696685984548 194
1757518100650 3.7077592488636273 195
1757518100660 3.428295154721329 196
1757518100670 4.02271094097795 197
1757518100681 3.6879934766973284 198
1757518100691 8.428074553256856 199
1757518100702 1.4061414005370447 200
1757518100712 8.885079655451745 201
1757518100722 2.8937186259232255 202
1757518100733 6.151578206401761 203
1757518100743 1.732290822574409 204
1757518100754 4.362882330097942 205
1757518100764 7.917107182678261 206
1757518100775 8.370834442563524 207
1757518100785 6.698278620984424 208
1757518100795 3.168574306184023 209
1757518100806 3.2639575499397044 210
1757518100816 4.979414960271372 211
1757518100827 2.8582027601709523 212
1757518100837 4.197246983986036 213
1757518100847 3.117000274583139 214
1757518100858 4.058154926535357 215
1757518100869 2.226806857994106 216
1757518100880 3.0394552525027683 217
1757518100890 0.49618243438488663 218
1757518100901 4.845916940651347 219
1757518100911 4.884255033474497 220
1757518100922 5.448156489920272 221
1757518100933 2.184652438349669 222
1757518100943 2.759904473133282 223
1757518100954 4.0819020691764605 224
1757518100965 2.61717643499908 225
1757518100975 3.740756581808659 226
1757518100986 6.1308971250903275 227
1757518100996 4.8072970183615285 228
1757518101007 1.8953285083540632 229
1757518101017 2.5395373611490437 230
1757518101028 4.818692770394046 231
1757518101038 1.374152253437517 232
1757518101049 3.605463360100657 233
1757518101059 3.462790976013088 234
1757518101070 1.944023743255414 235
1757518101081 3.0815117255410356 236
1757518101091 2.1186704398219693 237
1757518101102 4.102207347764463 238
1757518101112 4.446446493179404 239
1757518101123 6.58421930437302 240
1757518101134 2.493652740550669 241
1757518101144 2.4841478833412767 242
1757518101155 4.365379693597368 243
1757518101165 3.085605602094652 244
1757518101176 1.8526198720224016 245
1757518101187 6.709657844148722 246
1757518101198 4.432170495723535 247
1757518101208 3.194398127325106 248
1757518101219 5.22415218136255 249
1757518101229 4.257974669671056 250
1757518101240 1.0968178105632733 251
1757518101251 4.477751820612096 252
1757518101261 1.7232711993015928 253
1757518101272 2.512751280430091 254
1757518101283 2.5626446350345202 255
1757518101294 5.73489083419163 256
1757518101305 1.3869720446489449 257
1757518101315 2.021623012346988 258
1757518101326 3.3843689714326826 259
1757518101337 4.36817800352203 260
1757518101348 4.031856767726669 261
1757518101358 2.770211352211542 262
1757518101369 6.838213610033442 263
1757518101380 3.026722512367863 264
1757518101391 6.733547584852703 265
1757518101403 4.240827202784584 266
1757518101414 5.717029077070347 267
1757518101425 3.3492415600144545 268
1757518101436 2.271140389824556 269
1757518101446 1.5451063563431964 270
1757518101457 5.721779190478064 271
1757518101468 3.9153792879363194 272
1757518101479 2.9862459611546286 273
1757518101490 5.570428514630028 274
1757518101501 1.8064214207393432 275
1757518101512 5.237545205700681 276
1757518101523 4.34901355779436 277
1757518101534 4.359763951658795 278
1757518101544 0.618371086281099 279
1757518101556 5.4805603727504995 280
1757518101566 2.4626665796488494 281
1757518101577 5.036608552226272 282
1757518101588 3.84983116294309 283
1757518101599 1.738155277820018 284
1757518101610 4.077944026507484 285
1757518101621 4.168212619282588 286
1757518101632 8.579882717138332 287
1757518101643 3.113223627911049 288
1757518101654 0.6893049131117625 289
1757518101665 0.7115904719724575 290
1757518101676 5.0272669216606305 291
1757518101687 3.0652429199356717 292
1757518101698 5.160675910870935 293
1757518101709 6.76311324101913 294
1757518101720 4.8006412390348 295
1757518101731 7.095033694461058 296
1757518101742 2.4561462414542548 297
1757518101754 1.7638547563094213 298
1757518101765 1.4268810517848147 299
1757518101776 3.0656330764351507 300
1757518101787 5.47242667008995 301
1757518101798 3.4776390049488533 302
1757518101809 3.7182564158729607 303
1757518101820 1.7098096623355865 304
1757518101832 2.162433835020851 305
1757518101844 4.575057010878767 306
1757518101855 4.292336289623837 307
1757518101866 1.5643601737384616 308
1757518101878 2.255747859882779 309
1757518101889 4.237471746398913 310
1757518101900 3.4455378657399534 311
1757518101911 3.718140687785429 312
1757518101922 1.4490267502804166 313
1757518101934 4.395173324146365 314
1757518101945 5.041342088653935 315
1757518101956 5.847844087873395 316
1757518101967 2.1616461947737102 317
1757518101978 1.8458383538455296 318
1757518101989 3.5225356332022613 319
1757518102000 6.461488070034862 320
1757518102011 4.5661420115731834 321
1757518102023 5.547984298756361 322
1757518102034 7.78075180629264 323
1757518102045 1.9536396395505828 324
1757518102057 5.236692742895343 325
1757518102068 3.146926493980788 326
1757518102080 5.074006685999538 327
1757518102091 2.8789002675182225 328
1757518102103 5.265477066201632 329
1757518102114 3.175347034125352 330
1757518102125 4.992915606360317 331
1757518102136 5.2507393854651685 332
1757518102148 2.78370006048947 333
1757518102159 3.165837677575816 334
1757518102172 3.9593012780210923 335
1757518102185 2.7946640896820942 336
1757518102196 4.248944828926449 337
1757518102208 5.873105001778878 338
1757518102220 3.5994373096429046 339
1757518102231 0.398773962323626 340
1757518102243 3.659314380601486 341
1757518102255 4.633387719676464 342
1757518102269 3.3705022623596474 343
1757518102281 6.625386561241357 344
1757518102292 5.554866905658887 345
1757518102304 5.319309740185122 346
1757518102315 2.8782049593686336 347
1757518102326 2.9901046573248284 348
1757518102338 4.415979152417784 349
1757518102350 2.3014219469416064 350
1757518102361 2.594415223421866 351
1757518102372 2.996965781097461 352
1757518102384 3.5972109427106234 353
1757518102396 4.745478062713037 354
1757518102408 1.4155112238920455 355
1757518102419 2.336083946553136 356
1757518102431 6.336025059701257 357
1757518102442 2.0678878393946576 358
1757518102454 1.8328641801521541 359
1757518102465 3.1011704212876032 360
1757518102477 2.8582590618599135 361
1757518102489 4.452381634369892 362
1757518102500 7.236832183742967 363
1757518102512 4.614549468145672 364
1757518102524 3.716943940375018 365
1757518102535 4.64143670574879 366
1757518102546 4.30792513632932 367
1757518102558 1.8406023372096256 368
1757518102569 1.3009975420388664 369
1757518102581 4.700972108344286 370
1757518102592 3.5473774481338993 371
1757518102604 2.592820273019877 372
1757518102615 4.0351626149368105 373
1757518102627 3.5788370641012173 374
1757518102638 3.834002248344512 375
1757518102650 5.619213490747807 376
1757518102661 2.0593358330096505 377
1757518102673 4.442760233278247 378
1757518102684 6.028152038529317 379
1757518102696 2.882996322724701 380
1757518102708 2.806730514080976 381
1757518102719 4.2671254231597135 382
1757518102730 4.020465047023989 383
1757518102742 5.407184833133108 384
1757518102753 4.061228622015148 385
1757518102765 6.283329705163565 386
1757518102777 3.628421934517015 387
1757518102788 1.3002242555586334 388
1757518102800 1.8374256055780114 389
1757518102812 6.311903331715131 390
1757518102823 3.024043806375541 391
1757518102835 1.3280336779026183 392
1757518102846 4.825783813017109 393
1757518102858 2.156958710517433 394
1757518102869 3.7443540480188813 395
1757518102881 3.373341380592336 396
1757518102893 3.064357224539798 397
1757518102905 4.191522221419363 398
1757518102916 3.986722255724715 399
1757518102928 3.762650743281846 400
1757518102939 3.608797565531928 401
1757518102951 4.6849166321208955 402
1757518102963 2.5056339146636852 403
1757518102974 3.2036332483246293 404
1757518102986 4.095498277422001 405
1757518102998 3.2294939185429477 406
1757518103010 5.183510203815372 407
1757518103021 4.225733039234886 408
1757518103033 1.9005441943863004 409
1757518103044 4.68358940907065 410
1757518103056 1.832241152777426 411
1757518103068 3.4715979365781786 412
1757518103080 5.32386602506794 413
1757518103091 4.180571627564578 414
1757518103103 2.2741688522070014 415
1757518103115 2.159518476559071 416
1757518103127 5.393826402285033 417
1757518103139 3.0304105210994132 418
1757518103150 3.728929953190505 419
1757518103162 3.034770287223258 420
1757518103174 2.35652398542085 421
1757518103186 5.67699403946673 422
1757518103200 3.9814532916449443 423
1757518103218 3.3960491909541197 424
1757518103231 2.4089182237833793 425
1757518103243 5.6279652073208295 426
1757518103255 3.761643317861877 427
1757518103268 3.9187320073819585 428
1757518103279 3.2823402420157493 429
1757518103292 2.539856946380683 430
1757518103304 5.11867634915842 431
1757518103316 4.7169184967408695 432
1757518103328 3.1716024682904513 433
1757518103340 4.365106151558091 434
1757518103352 2.4775183244564274 435
1757518103364 5.550476933720243 436
1757518103376 3.0196165331152147 437
1757518103388 4.034242762308593 438
1757518103400 1.967300875832029 439
1757518103412 4.134500174643534 440
1757518103424 4.402681917702976 441
1757518103436 1.2916023288395928 442
1757518103448 7.39078978021416 443
1757518103460 3.19556429489496 444
1757518103472 4.9906772570305975 445
1757518103483 1.8222759451117654 446
1757518103496 3.173297447591302 447
1757518103508 2.493850302502917 448
1757518103520 5.0030143730240075 449
1757518103532 3.6855240460226946 450
1757518103544 2.444724416507678 451
1757518103556 2.9612063005250033 452
1757518103568 4.679624457363247 453
1757518103580 2.0360639966158036 454
1757518103592 3.8003419623966694 455
1757518103604 5.308965484859966 456
1757518103617 3.0688285258730192 457
1757518103629 2.4332355082621744 458
1757518103640 5.218900057955095 459
1757518103653 3.062187283749891 460
1757518103665 3.135710484350168 461
1757518103677 3.106012880485118 462
1757518103689 3.5611754448411133 463
1757518103701 2.779931033968295 464
1757518103713 3.165031396094191 465
1757518103725 2.9056009423240856 466
1757518103737 3.63570600637494 467
1757518103749 1.049143260487894 468
1757518103762 3.178367682866848 469
1757518103774 1.7731644228415158 470
1757518103786 2.243399647170583 471
1757518103798 1.290057380123419 472
1757518103810 1.3680336695745654 473
1757518103822 3.5846366177154807 474
1757518103834 2.981336663314614 475
1757518103846 3.2857765822328777 476
1757518103858 4.692825133763566 477
1757518103870 1.71467627333574 478
1757518103883 2.523950260552629 479
1757518103895 3.3463393078221735 480
1757518103907 2.472885556598156 481
1757518103919 1.9546546900425157 482
1757518103931 2.074307267166921 483
1757518103944 2.2477082449293015 484
1757518103956 3.2900150169923252 485
1757518103968 3.542270949217834 486
1757518103980 2.2752025113950247 487
1757518103993 2.026793729976207 488
1757518104005 5.833684414544102 489
1757518104017 2.4585799392073673 490
1757518104030 1.937493677701722 491
1757518104043 0.961952064684606 492
1757518104056 2.523443716748681 493
1757518104068 1.1062122863324453 494
1757518104081 2.806438977439368 495
1757518104093 4.642679530100555 496
1757518104106 1.988714831491909 497
1757518104118 1.703632885581958 498
1757518104130 5.342749081480183 499
