1757594568617 6.614067550464726 0
1757594568626 6.302967314254655 1
1757594568635 1.8886110776689518 2
1757594568645 2.1258319706627162 3
1757594568654 2.232152040347305 4
1757594568663 3.231870232072071 5
1757594568672 1.52173343659792 6
1757594568681 2.574354731034332 7
1757594568690 2.42590524350105 8
1757594568699 0.908858224149855 9
1757594568708 1.5674011098634826 10
1757594568717 1.5787660444625378 11
1757594568726 2.201214316960247 12
1757594568735 0.8765759436610633 13
1757594568744 0.38254734051206896 14
1757594568752 1.894307575809295 15
1757594568761 0.7846252925208864 16
1757594568771 1.6179739651732745 17
1757594568780 0.721680794852217 18
1757594568789 1.140526035018977 19
1757594568798 0.5557726336539501 20
1757594568807 0.7478395161246556 21
1757594568816 0.4549364893816428 22
1757594568826 0.3437304953525722 23
1757594568835 0.8672999400133075 24
1757594568845 0.42646494665336415 25
1757594568854 0.3321893195335376 26
1757594568863 0.2085150431153641 27
1757594568873 0.3826899877441309 28
1757594568882 0.39065918908648717 29
1757594568891 0.2970290545756433 30
1757594568901 0.20667359115194286 31
1757594568910 0.28042620383579236 32
1757594568920 0.23343297823995343 33
1757594568929 0.25387546427261415 34
1757594568939 0.3576221132672848 35
1757594568948 0.2541703994323377 36
1757594568957 0.2931737663904677 37
1757594568967 0.15461248813062883 38
1757594568976 0.2659030821175705 39
1757594568985 0.19971407296873572 40
1757594568995 0.260892441599962 41
1757594569004 0.33102047462561024 42
1757594569014 0.15658799449008648 43
1757594569023 0.21869472579770474 44
1757594569032 0.18768867166460196 45
1757594569042 0.14563359544854074 46
1757594569051 0.07535847398316912 47
1757594569061 0.38104548842585656 48
1757594569071 0.177388083081592 49
1757594569080 0.13916324132740798 50
1757594569090 0.16760253628159394 51
1757594569099 0.14072296922493407 52
1757594569109 0.17490907865011077 53
1757594569118 0.15535095255165698 54
1757594569128 0.13954110105428053 55
1757594569137 0.3321614886302935 56
1757594569147 0.07703224722344243 57
1757594569157 0.13646904881960079 58
1757594569166 0.11955292732211273 59
1757594569179 0.07959648885267173 60
1757594569189 0.133251833922026 61
1757594569198 0.0978816967273527 62
1757594569208 0.2524541537007013 63
1757594569217 0.05105033817962669 64
1757594569227 0.09814800004477942 65
1757594569236 0.08336536703355518 66
1757594569246 0.1677481561689125 67
1757594569255 0.07432722026173957 68
1757594569264 0.15315343663106448 69
1757594569274 0.11288804584235615 70
1757594569283 0.10269379608685608 71
1757594569292 0.14771603406874445 72
1757594569302 0.10532077444083386 73
1757594569311 0.06467029898191602 74
1757594569321 0.10442128959597485 75
1757594569330 0.15186564364638988 76
1757594569339 0.09570287332936049 77
1757594569349 0.08676075439166443 78
1757594569358 0.034491733166148134 79
1757594569368 0.10499652560867005 80
1757594569377 0.1056057267444401 81
1757594569387 0.09107462125894182 82
1757594569397 0.1365166325666262 83
1757594569406 0.1922958050223733 84
1757594569416 0.09007275760637823 85
1757594569426 0.0857602974669121 86
1757594569435 0.09331966719957822 87
1757594569445 0.10914373843406627 88
1757594569454 0.09494829496185536 89
1757594569464 0.11417669736740797 90
1757594569473 0.23246532636843928 91
1757594569483 0.058543111494535574 92
1757594569492 0.05251871760347922 93
1757594569502 0.07910112882308265 94
1757594569511 0.12098858184974215 95
1757594569521 0.10248286628876396 96
1757594569530 0.07051963736497635 97
1757594569539 0.12471387587454241 98
1757594569549 0.10623276225746356 99
1757594569558 0.11121712183619226 100
1757594569568 0.12158930703252602 101
1757594569577 0.10858968503563513 102
1757594569586 0.10477230715920025 103
1757594569596 0.13269029712914682 104
1757594569605 0.08734377391756482 105
1757594569615 0.03619833772282991 106
1757594569624 0.05558771007219326 107
1757594569634 0.14890607602047987 108
1757594569643 0.11549689162597995 109
1757594569652 0.1378141022993585 110
1757594569662 0.13786934407204113 111
1757594569671 0.18841012909420887 112
1757594569681 0.0814140054359259 113
1757594569690 0.10263153217372264 114
1757594569700 0.10686476281393792 115
1757594569710 0.06301580966892091 116
1757594569719 0.05026841353819859 117
1757594569729 0.1081226239856696 118
1757594569738 0.10999138467111581 119
1757594569748 0.07655803224093387 120
1757594569757 0.0863530646937188 121
1757594569767 0.09469863955033066 122
1757594569777 0.08895737098056876 123
1757594569786 0.2012688612648084 124
1757594569796 0.11891196938732658 125
1757594569805 0.07823507280759506 126
1757594569815 0.054644267254016686 127
1757594569825 0.08421318292834015 128
1757594569835 0.15486695305433837 129
1757594569845 0.1192631937731826 130
1757594569855 0.06314637758409715 131
1757594569865 0.0721086627348877 132
1757594569875 0.09139578387392132 133
1757594569884 0.0761552956029119 134
1757594569894 0.05765862861846877 135
1757594569904 0.04894037994830783 136
1757594569913 0.07979793147639966 137
1757594569923 0.08502026350364164 138
1757594569933 0.09457817512240126 139
1757594569943 0.1359190377984339 140
1757594569953 0.10661142935981205 141
1757594569962 0.08839007491091985 142
1757594569972 0.08286847061000986 143
1757594569982 0.06898090094611768 144
1757594569992 0.07074177965061529 145
1757594570002 0.1209656892073372 146
1757594570012 0.05712938872066149 147
1757594570022 0.08382535794055404 148
1757594570031 0.0899799623030082 149
1757594570041 0.0984272699061558 150
1757594570051 0.07357906432363166 151
1757594570061 0.14407688909711824 152
1757594570071 0.05480569872997262 153
1757594570081 0.14677836500705077 154
1757594570090 0.06856205949397043 155
1757594570100 0.12602803067452534 156
1757594570110 0.055493521962735076 157
1757594570120 0.15034955046966092 158
1757594570130 0.08848691029617485 159
1757594570140 0.09227078958728704 160
1757594570150 0.08492011872580732 161
1757594570159 0.12527978868035863 162
1757594570169 0.06617272617820484 163
1757594570179 0.0542234299623965 164
1757594570189 0.21268539942705914 165
1757594570199 0.06959598122295388 166
1757594570209 0.1552355111027444 167
1757594570219 0.08170518865400771 168
1757594570229 0.07455869008832212 169
1757594570238 0.06823092195631247 170
1757594570248 0.09803801446708095 171
1757594570258 0.07726800434552791 172
1757594570268 0.08793875805976722 173
1757594570278 0.1909906646240185 174
1757594570288 0.137158140920819 175
1757594570298 0.15698564750700603 176
1757594570307 0.10842527196097351 177
1757594570317 0.13857314739430968 178
1757594570327 0.0914012280710108 179
1757594570337 0.14934022134155273 180
1757594570348 0.10865854526730948 181
1757594570358 0.08518542369294525 182
1757594570368 0.08581132725783504 183
1757594570378 0.1267028159527265 184
1757594570388 0.08788930942510305 185
1757594570398 0.11851555654891913 186
1757594570408 0.05597603826420828 187
1757594570418 0.08769277974404188 188
1757594570428 0.08694217919560078 189
1757594570442 0.07795522229836183 190
1757594570465 0.07914390738300572 191
1757594570476 0.10406895837986467 192
1757594570486 0.0971982510664954 193
1757594570496 0.07985204878021722 194
1757594570506 0.09712234759203416 195
1757594570517 0.1531179147137708 196
1757594570527 0.20322206604044651 197
1757594570537 0.08086593139187082 198
1757594570547 0.15919516566984546 199
1757594570557 0.10390787249680838 200
1757594570567 0.10111529677235019 201
1757594570577 0.086401079031622 202
1757594570588 0.08827315603787272 203
1757594570598 0.07828676441126062 204
1757594570609 0.1024280207650109 205
1757594570619 0.0976845619376233 206
1757594570630 0.058953147937310206 207
1757594570640 0.10750991751628157 208
1757594570651 0.08821475130188826 209
1757594570662 0.14564180282643346 210
1757594570672 0.12670375252963664 211
1757594570682 0.08632175406001033 212
1757594570693 0.06755672922431165 213
1757594570703 0.09230454541027355 214
1757594570714 0.09200546656357564 215
1757594570724 0.13898781141627298 216
1757594570734 0.12703340755063627 217
1757594570745 0.1482028663208195 218
1757594570755 0.07364608690321855 219
1757594570765 0.0926195074425077 220
1757594570776 0.15001792199192415 221
1757594570786 0.10763627377991584 222
1757594570796 0.07772442785178905 223
1757594570806 0.1707645801577178 224
1757594570816 0.10620348644090745 225
1757594570826 0.10283139065186366 226
1757594570836 0.09100894077317923 227
1757594570847 0.07002243289086728 228
1757594570857 0.10752179613507773 229
1757594570867 0.11464286859288911 230
1757594570877 0.09335763732194904 231
1757594570888 0.11863053656044663 232
1757594570899 0.06868609592451648 233
1757594570909 0.17409087754319086 234
1757594570919 0.10785204475198829 235
1757594570930 0.20863300549850416 236
1757594570940 0.10073606020631228 237
1757594570951 0.039779498849886824 238
1757594570962 0.045091995215919764 239
1757594570973 0.10587774166311026 240
1757594570983 0.08454278053229243 241
1757594570994 0.148990272669289 242
1757594571005 0.12411165499832096 243
1757594571015 0.08572428309489696 244
1757594571026 0.11273038342772666 245
1757594571037 0.07605637356855392 246
1757594571047 0.08335542279806919 247
1757594571058 0.07905167306964649 248
1757594571070 0.07460435981011526 249
1757594571081 0.10361497790358586 250
1757594571092 0.08796253402980557 251
1757594571102 0.07740658154774932 252
1757594571113 0.11374719409727126 253
1757594571124 0.156742991998248 254
1757594571134 0.05177208719945957 255
1757594571146 0.08705679021800211 256
1757594571157 0.06851441751682322 257
1757594571167 0.13922821579666195 258
1757594571178 0.09734212442556753 259
1757594571189 0.05713867675823521 260
1757594571199 0.1363114805349855 261
1757594571210 0.09705388506830202 262
1757594571220 0.1720196428666521 263
1757594571231 0.09252391487602918 264
1757594571242 0.11187662862801125 265
1757594571252 0.22445621297573312 266
1757594571263 0.2132291147522182 267
1757594571273 0.15377804012535617 268
1757594571284 0.09957760103551976 269
1757594571294 0.043820065787923725 270
1757594571305 0.10633024832770013 271
1757594571316 0.07288983562654233 272
1757594571326 0.09629001728672525 273
1757594571337 0.06592457734360693 274
1757594571348 0.10160270056856115 275
1757594571358 0.08769399494574938 276
1757594571369 0.09574991195874268 277
1757594571379 0.061369598261964114 278
1757594571390 0.09753213127952098 279
1757594571400 0.14260408851662668 280
1757594571411 0.07614803141631385 281
1757594571421 0.14574763777380406 282
1757594571432 0.06952853639638694 283
1757594571443 0.15129410361999496 284
1757594571454 0.18568981480503996 285
1757594571464 0.07439322075304704 286
1757594571475 0.1285219063274278 287
