1757594646515 10.279231558679532 0
1757594646524 1.5425936012222004 1
1757594646533 4.001301466643383 2
1757594646542 4.538058204943789 3
1757594646551 4.29039140986632 4
1757594646561 3.9298994157171974 5
1757594646570 1.1492534719338825 6
1757594646579 0.7995419140631504 7
1757594646588 1.802285459418289 8
1757594646597 1.488340040933323 9
1757594646606 2.395836900443963 10
1757594646615 1.7058792943421355 11
1757594646624 1.3155371252729133 12
1757594646633 0.8352550403470017 13
1757594646642 0.769272973717901 14
1757594646651 1.7739603010691267 15
1757594646660 0.4149375683713312 16
1757594646669 2.087114680160325 17
1757594646679 0.9970210072803837 18
1757594646688 0.6401549230116644 19
1757594646697 0.3570493742115738 20
1757594646707 0.48057949243848364 21
1757594646716 0.5477516518873874 22
1757594646737 1.1233260102240865 23
1757594646753 0.79856440036683 24
1757594646763 0.5268619940984802 25
1757594646772 0.5920214650837738 26
1757594646782 0.4883174939616882 27
1757594646791 0.24107920130130384 28
1757594646800 0.42317836020051897 29
1757594646810 0.32542438775804355 30
1757594646819 0.31727395930948415 31
1757594646828 0.22661472068556437 32
1757594646837 0.43993196587525313 33
1757594646847 0.16523608506571202 34
1757594646856 0.350305873333866 35
1757594646865 0.2282531320643431 36
1757594646875 0.23498711127012853 37
1757594646884 0.4261672973077098 38
1757594646894 0.3165392400811882 39
1757594646903 0.2101808743316988 40
1757594646912 0.1451113749299472 41
1757594646922 0.25272314772900256 42
1757594646931 0.2805958309878166 43
1757594646940 0.2771734161093066 44
1757594646949 0.15255518884478236 45
1757594646959 0.11815331513708192 46
1757594646968 0.12067205299663855 47
1757594646977 0.19354872383431057 48
1757594646986 0.15165060955642848 49
1757594646996 0.12082156339136273 50
1757594647005 0.20148989686200663 51
1757594647014 0.2964577667070646 52
1757594647024 0.1086041441866657 53
1757594647034 0.1272273761746814 54
1757594647044 0.17211395196958626 55
1757594647053 0.19212427246324537 56
1757594647062 0.08853680458452447 57
1757594647072 0.16381069355350225 58
1757594647081 0.19977438762148184 59
1757594647091 0.11135875479774365 60
1757594647100 0.12186008865619698 61
1757594647110 0.08405897985242804 62
1757594647120 0.08445031559671622 63
1757594647129 0.11671851999665074 64
1757594647138 0.0984140829925462 65
1757594647148 0.1275740697525474 66
1757594647157 0.3275591850147142 67
1757594647167 0.10617769133687938 68
1757594647177 0.10199618095485646 69
1757594647187 0.11799045685659607 70
1757594647196 0.06772983664802017 71
1757594647206 0.07674184984891524 72
1757594647215 0.1670108230558084 73
1757594647224 0.11922356380770972 74
1757594647234 0.098028907598453 75
1757594647243 0.15727154889536998 76
1757594647253 0.07614645270256055 77
1757594647262 0.12051106424244211 78
1757594647272 0.17597984609599843 79
1757594647281 0.06395836199625936 80
1757594647290 0.09958414118525144 81
1757594647300 0.13373039352039962 82
1757594647310 0.16008629033731717 83
1757594647319 0.05691853976138864 84
1757594647329 0.08709370637247348 85
1757594647338 0.06373150905123016 86
1757594647348 0.11041462250204075 87
1757594647358 0.0743879095779987 88
1757594647367 0.11095117823760602 89
1757594647377 0.09245961400718448 90
1757594647386 0.10037689539834073 91
1757594647396 0.16506596551108244 92
1757594647406 0.0938832789002872 93
1757594647415 0.07708487316114325 94
1757594647425 0.17116821893490147 95
1757594647434 0.1266449722604519 96
1757594647444 0.10579938662417926 97
1757594647454 0.11311321217658164 98
1757594647463 0.10821996455598001 99
1757594647473 0.1089650993886074 100
1757594647482 0.08391586820777021 101
1757594647492 0.10190946338746337 102
1757594647502 0.0971016036058297 103
1757594647512 0.15367726140186497 104
1757594647521 0.12521294408306116 105
1757594647531 0.08902852105765893 106
1757594647541 0.10562309460496865 107
1757594647550 0.14452404074348005 108
1757594647560 0.1276448087524882 109
1757594647569 0.06600656942360669 110
1757594647579 0.09275333824074758 111
1757594647589 0.07886761072373415 112
1757594647598 0.16266337947509962 113
1757594647608 0.08234343040659937 114
1757594647618 0.17446839892465552 115
1757594647628 0.12969599353343178 116
1757594647638 0.13936627728093762 117
1757594647647 0.07658724895198575 118
1757594647657 0.06329244469556637 119
1757594647667 0.17193930177701133 120
1757594647677 0.07894110960202129 121
1757594647687 0.08899907396204937 122
1757594647697 0.06374934976017298 123
1757594647707 0.11095850661312312 124
1757594647717 0.055766753669803236 125
1757594647727 0.09021551826643276 126
1757594647738 0.13138463850971663 127
1757594647748 0.1266621061760049 128
1757594647758 0.10930279403873511 129
1757594647768 0.07339229890815382 130
1757594647778 0.10566978268344289 131
1757594647788 0.10955682778674766 132
1757594647797 0.0811382126603698 133
1757594647807 0.04465640670039636 134
1757594647817 0.1136293815243547 135
1757594647827 0.16573099154487167 136
1757594647837 0.11749980443777565 137
1757594647847 0.11020463231232236 138
1757594647857 0.09849952603723244 139
1757594647867 0.0874270950461989 140
1757594647877 0.1098533438461716 141
1757594647887 0.06465531374069351 142
1757594647897 0.10271210340901045 143
1757594647906 0.06932021565466669 144
1757594647916 0.08936701043298799 145
1757594647926 0.0794202610568812 146
1757594647936 0.07460551049226676 147
1757594647946 0.11896458797803214 148
1757594647956 0.20448788692344078 149
1757594647966 0.08924451564653635 150
1757594647976 0.11359331033299455 151
1757594647986 0.11671599903811636 152
1757594647998 0.0659080413365127 153
1757594648010 0.0877462560176932 154
1757594648021 0.05824042115720276 155
1757594648031 0.1723901968893645 156
1757594648041 0.13437435908972806 157
1757594648051 0.13017798439282588 158
1757594648061 0.10688088662255119 159
1757594648071 0.11865619846945871 160
1757594648081 0.06239303048400661 161
1757594648094 0.1335138934024316 162
1757594648104 0.050186328984156627 163
1757594648114 0.10165138855937317 164
1757594648124 0.05695727234190506 165
1757594648135 0.12632916401008973 166
1757594648145 0.15722609310902358 167
1757594648155 0.08855512727928902 168
1757594648165 0.11801464731932212 169
1757594648175 0.06746259330452732 170
1757594648186 0.10130773887736765 171
1757594648196 0.12840952015082627 172
1757594648206 0.08501957866256053 173
1757594648216 0.09733640954497455 174
1757594648227 0.07336973749453016 175
1757594648237 0.07769250249664299 176
1757594648248 0.0817662174148903 177
1757594648258 0.06920209925527829 178
1757594648268 0.13837343057754567 179
1757594648279 0.13194206889856622 180
1757594648290 0.08143503439102388 181
1757594648300 0.08995376779347038 182
1757594648310 0.10362058816347229 183
1757594648320 0.09822483904542177 184
1757594648331 0.0815132059369053 185
1757594648341 0.11453538541023284 186
1757594648351 0.07645757568321794 187
1757594648361 0.06625103883608854 188
1757594648372 0.12260372880140342 189
