1757595232095 168.97338417662561 0
1757595232104 162.69597451450454 1
1757595232113 151.2259953418513 2
1757595232122 135.88166278457328 3
1757595232132 118.06694412231033 4
1757595232141 99.14617724483757 5
1757595232150 80.3459821104359 6
1757595232159 62.68652642740166 7
1757595232168 46.941633655932975 8
1757595232176 33.625173253189956 9
1757595232185 22.999704326739298 10
1757595232194 15.102454463991748 11
1757595232204 9.783362041668672 12
1757595232212 6.750017476891616 13
1757595232221 5.614811155846249 14
1757595232230 5.940328461689029 15
1757595232239 7.279921108442728 16
1757595232248 9.211332696793528 17
1757595232258 11.362182664868724 18
1757595232267 13.426951587107993 19
1757595232276 15.17581597841299 20
1757595232285 16.45622507253419 21
1757595232294 17.1884854037825 22
1757595232304 17.35682609716389 23
1757595232314 16.99747480457619 24
1757595232323 16.18520560541166 25
1757595232332 15.019655078974413 26
1757595232341 13.61247198581316 27
1757595232350 12.076099437520254 28
1757595232359 10.51471294286017 29
1757595232369 9.017575686506156 30
1757595232378 7.654840929889344 31
1757595232387 6.475642061815717 32
1757595232396 5.508169740529381 33
1757595232405 4.761344122062503 34
1757595232414 4.22764573330599 35
1757595232423 3.8866654616583953 36
1757595232432 3.7089647086811106 37
1757595232441 3.659892243589416 38
1757595232450 3.7030757436896464 39
1757595232460 3.8033849841751253 40
1757595232469 3.929242748621409 41
1757595232478 4.054232788019932 42
1757595232487 4.158017160756284 43
1757595232496 4.226625253602271 44
1757595232506 4.252212445190488 45
1757595232515 4.232407780656902 46
1757595232524 4.1693782960952435 47
1757595232533 4.0687346581199835 48
1757595232543 3.9383909468067984 49
1757595232552 3.787473302544298 50
1757595232561 3.625350348865154 51
1757595232570 3.460835151625297 52
1757595232579 3.3015859877329388 53
1757595232589 3.1537129473867553 54
1757595232598 3.0215804857556505 55
1757595232607 2.9077831129904412 56
1757595232616 2.813262681942371 57
1757595232625 2.7375310588212183 58
1757595232635 2.6789609216982013 59
1757595232644 2.635109409509925 60
1757595232653 2.6030436137660207 61
1757595232662 2.5796427056545417 62
1757595232672 2.5618580913822715 63
1757595232681 2.5469197362506693 64
1757595232690 2.5324831543815614 65
1757595232699 2.5167171198330243 66
1757595232709 2.498336647637138 67
1757595232718 2.476589083462319 68
1757595232727 2.451203208607173 69
1757595232736 2.4223121895082413 70
1757595232746 2.3903611265794753 71
1757595232755 2.3560090817461434 72
1757595232765 2.320034006528792 73
1757595232774 2.2832471742979106 74
1757595232783 2.2464217477869126 75
1757595232792 2.210238164889796 76
1757595232801 2.1752472450343077 77
1757595232810 2.14185040798817 78
1757595232819 2.1102952197368547 79
1757595232829 2.08068366177633 80
1757595232838 2.052990054450948 81
1757595232848 2.0270854200148567 82
1757595232857 2.00276519686807 83
1757595232867 1.979777551913351 84
1757595232876 1.9578500179292624 85
1757595232886 1.9367127434739884 86
1757595232895 1.916117226367575 87
1757595232905 1.8958499597352338 88
1757595232914 1.8757409145837753 89
1757595232924 1.8556671894369516 90
1757595232933 1.8355524617211172 91
1757595232942 1.8153630738141973 92
1757595232952 1.7951016840830907 93
1757595232961 1.774799421622717 94
1757595232971 1.7545074190546457 95
1757595232980 1.7342884793369489 96
1757595232990 1.7142094793089309 97
1757595233000 1.6943349428586283 98
1757595233011 1.6747220461684593 99
1757595233024 1.6554171594822502 100
1757595233034 1.6364538938515574 101
1757595233044 1.6178525134786146 102
1757595233053 1.599620497404787 103
1757595233063 1.581753988345007 104
1757595233073 1.5642398490604421 105
1757595233082 1.5470580537036644 106
1757595233092 1.5301841679017363 107
1757595233101 1.5135917113176904 108
1757595233111 1.4972542444451178 109
1757595233120 1.4811470722906148 110
1757595233130 1.4652485069899315 111
1757595233139 1.4495406758370726 112
1757595233149 1.4340098982589218 113
1757595233158 1.418646683536884 114
1757595233168 1.4034454200837592 115
1757595233178 1.388403837144351 116
1757595233187 1.3735223218308572 117
1757595233197 1.3588031697902858 118
1757595233206 1.344249838135508 119
1757595233216 1.3298662562388326 120
1757595233226 1.3156562352061796 121
1757595233235 1.301623001767288 122
1757595233245 1.2877688681286352 123
1757595233254 1.2740950369420732 124
1757595233264 1.2606015305424316 125
1757595233274 1.247287226302062 126
1757595233283 1.2341499753852805 127
1757595233292 1.2211867801871497 128
1757595233302 1.2083940059775247 129
1757595233313 1.1957676043037804 130
1757595233324 1.1833033290433097 131
1757595233334 1.170996930143045 132
1757595233343 1.1588443145737422 133
1757595233353 1.1468416684596046 134
1757595233362 1.134985538395835 135
1757595233393 1.123272873406638 136
1757595233403 1.1117010316790004 137
1757595233413 1.1002677580761624 138
1757595233423 1.0889711395009813 139
1757595233433 1.0778095455147418 140
1757595233442 1.0667815613341889 141
1757595233452 1.0558859195659727 142
1757595233462 1.0451214359412242 143
1757595233472 1.0344869530287846 144
1757595233482 1.0239812945649305 145
1757595233491 1.0136032317519197 146
1757595233501 1.003351461732727 147
1757595233511 0.9932245975044579 148
1757595233520 0.9832211678212234 149
1757595233530 0.9733396251677544 150
1757595233540 0.9635783596474109 151
1757595233549 0.9539357165962948 152
1757595233559 0.9444100158726716 153
1757595233569 0.9349995710353917 154
1757595233579 0.9257027069725763 155
1757595233589 0.9165177749313635 156
1757595233598 0.907443164293005 157
1757595233608 0.8984773108058597 158
1757595233618 0.8896187013084362 159
1757595233629 0.8808658752311986 160
1757595233639 0.8722174233521043 161
1757595233649 0.8636719843962017 162
1757595233659 0.8552282401189149 163
1757595233669 0.8468849095046183 164
1757595233679 0.8386407426586187 165
1757595233689 0.8304945148838275 166
1757595233700 0.8224450213265618 167
1757595233709 0.8144910724604754 168
1757595233719 0.8066314905642995 169
1757595233729 0.7988651072453059 170
1757595233739 0.7911907619729025 171
1757595233749 0.7836073015184779 172
1757595233759 0.7761135801499436 173
1757595233769 0.768708460402528 174
1757595233779 0.7613908142386885 175
1757595233789 0.7541595244171729 176
1757595233799 0.7470134859103573 177
1757595233809 0.7399516072367552 178
1757595233819 0.7329728116076673 179
1757595233829 0.7260760378207 180
1757595233839 0.7192602408652667 181
1757595233849 0.712524392233546 182
1757595233859 0.7058674799544353 183
1757595233869 0.6992885083855623 184
1757595233879 0.6927864978102418 185
1757595233889 0.6863604838923445 186
1757595233899 0.6800095170426461 187
1757595233909 0.6737326617471033 188
1757595233919 0.6675289959007167 189
1757595233929 0.6613976101823275 190
1757595233939 0.6553376074958142 191
1757595233949 0.6493481024937414 192
1757595233959 0.6434282211902538 193
1757595233969 0.637577100662282 194
1757595233979 0.63179388883188 195
1757595233990 0.6260777443178749 196
1757595234000 0.6204278363423822 197
1757595234010 0.6148433446764715 198
1757595234019 0.6093234596095736 199
1757595234030 0.6038673819285619 200
1757595234040 0.5984743228945738 201
1757595234050 0.5931435042083568 202
1757595234060 0.5878741579576429 203
1757595234070 0.5826655265429361 204
1757595234080 0.5775168625805382 205
1757595234090 0.5724274287837666 206
1757595234101 0.5673964978250113 207
1757595234111 0.5624233521823149 208
1757595234121 0.5575072839748255 209
1757595234131 0.5526475947917041 210
1757595234141 0.5478435955186791 211
1757595234151 0.5430946061662293 212
1757595234161 0.5383999557023565 213
1757595234171 0.5337589818924134 214
1757595234181 0.5291710311473783 215
1757595234192 0.5246354583813957 216
1757595234203 0.5201516268785152 217
1757595234217 0.515718908168155 218
1757595234229 0.511336681908296 219
1757595234240 0.5070043357752176 220
1757595234251 0.5027212653584059 221
1757595234262 0.4984868740592619 222
1757595234272 0.49430057299238955 223
1757595234282 0.4901617808883552 224
1757595234293 0.4860699239970669 225
1757595234303 0.4820244359911505 226
1757595234314 0.4780247578689086 227
1757595234324 0.47407033785674785 228
1757595234334 0.4701606313110606 229
1757595234344 0.4662951006197621 230
1757595234355 0.46247321510372563 231
1757595234365 0.45869445091852584 232
1757595234377 0.4549582909567694 233
1757595234388 0.45126422475145067 234
1757595234398 0.4476117483805931 235
1757595234408 0.4440003643734517 236
1757595234418 0.44042958161848555 237
1757595234428 0.4368989152731996 238
1757595234438 0.4334078866759385 239
1757595234449 0.42995602325959026 240
1757595234459 0.42654285846717316 241
1757595234469 0.4231679316692122 242
1757595234479 0.41983078808274443 243
1757595234490 0.4165309786918981 244
1757595234500 0.41326806016981427 245
1757595234511 0.4100415948018659 246
1757595234524 0.4068511504100218 247
1757595234534 0.403696300278268 248
1757595234545 0.4005766230790074 249
1757595234555 0.39749170280039603 250
1757595234566 0.3944411286745877 251
1757595234576 0.3914244951068445 252
1757595234587 0.38844140160553614 253
1757595234597 0.3854914527130431 254
1757595234607 0.38257425793754324 255
1757595234617 0.3796894316857324 256
1757595234628 0.3768365931964762 257
1757595234649 0.37401536647543965 258
1757595234661 0.371225380230644 259
1757595234672 0.36846626780902364 260
1757595234684 0.36573766713393835 261
1757595234694 0.36303922064363753 262
1757595234705 0.36037057523068766 263
1757595234716 0.35773138218232714 264
1757595234726 0.35512129712172336 265
1757595234737 0.3525399799501344 266
1757595234747 0.3499870947899155 267
1757595234758 0.3474623099284027 268
1757595234768 0.3449652977625732 269
1757595234779 0.3424957347445443 270
1757595234789 0.34005330132782713 271
1757595234800 0.3376376819143486 272
1757595234810 0.3352485648022314 273
1757595234821 0.3328856421342859 274
1757595234831 0.3305486098472459 275
1757595234842 0.32823716762169386 276
1757595234852 0.32595101883270816 277
1757595234862 0.3236898705011917 278
1757595234873 0.32145343324588355 279
1757595234883 0.31924142123606736 280
1757595234894 0.3170535521449185 281
1757595234904 0.314889547103547 282
1757595234915 0.3127491306556661 283
1757595234925 0.310632030712928 284
1757595234936 0.30853797851087644 285
1757595234946 0.30646670856553815 286
1757595234957 0.30441795863063076 287
1757595234967 0.30239146965536684 288
1757595234977 0.3003869857428655 289
1757595234988 0.29840425410915417 290
1757595234999 0.2964430250427279 291
1757595235010 0.2945030518646988 292
1757595235020 0.29258409088949566 293
1757595235031 0.29068590138610073 294
1757595235042 0.2888082455398449 295
1757595235052 0.28695088841472977 296
1757595235063 0.28511359791625646 297
1757595235074 0.2832961447547992 298
1757595235084 0.2814983024094554 299
1757595235095 0.2797198470924255 300
1757595235105 0.2779605577138559 301
1757595235116 0.2762202158471944 302
1757595235127 0.27449860569500617 303
1757595235137 0.27279551405527125 304
1757595235148 0.27111073028813665 305
1757595235158 0.2694440462831466 306
1757595235169 0.2677952564268911 307
1757595235180 0.2661641575711386 308
1757595235190 0.26455054900136826 309
1757595235201 0.2629542324057686 310
1757595235211 0.26137501184463596 311
1757595235222 0.2598126937201998 312
1757595235232 0.25826708674686766 313
1757595235243 0.2567380019218652 314
1757595235254 0.2552252524962828 315
1757595235265 0.25372865394651684 316
1757595235276 0.25224802394609613 317
1757595235287 0.250783182337894 318
1757595235297 0.24933395110671092 319
1757595235308 0.24790015435224333 320
1757595235319 0.2464816182624003 321
1757595235330 0.24507817108699032 322
1757595235341 0.24368964311176536 323
1757595235352 0.24231586663281063 324
1757595235362 0.24095667593127912 325
1757595235373 0.23961190724846992 326
1757595235384 0.23828139876123855 327
1757595235395 0.23696499055773856 328
1757595235405 0.2356625246134894 329
1757595235416 0.23437384476776346 330
1757595235427 0.2330987967002919 331
1757595235437 0.2318372279082781 332
1757595235448 0.23058898768372255 333
1757595235459 0.22935392709104493 334
1757595235470 0.22813189894501185 335
1757595235481 0.22692275778895404 336
1757595235492 0.22572635987327164 337
1757595235503 0.22454256313423013 338
1757595235514 0.22337122717303234 339
1757595235525 0.22221221323517087 340
1757595235536 0.22106538419005808 341
1757595235547 0.21993060451091562 342
1757595235567 0.21880774025493918 343
1757595235582 0.21769665904371868 344
1757595235593 0.21659723004392187 345
1757595235605 0.21550932394823089 346
1757595235616 0.21443281295652525 347
1757595235627 0.21336757075731924 348
1757595235638 0.21231347250943813 349
1757595235649 0.2112703948239393 350
1757595235660 0.2102382157462618 351
1757595235671 0.20921681473862455 352
1757595235682 0.20820607266263977 353
1757595235694 0.20720587176215674 354
1757595235705 0.20621609564634363 355
1757595235715 0.20523662927296776 356
1757595235726 0.2042673589319138 357
1757595235737 0.20330817222889921 358
1757595235749 0.2023589580694186 359
1757595235761 0.20141960664288372 360
1757595235774 0.20049000940697206 361
1757595235788 0.19957005907218572 362
1757595235801 0.19865964958660154 363
1757595235815 0.19775867612081707 364
1757595235827 0.19686703505310624 365
1757595235841 0.195984623954749 366
1757595235853 0.1951113415755589 367
1757595235866 0.19424708782959815 368
1757595235880 0.1933917637810737 369
1757595235892 0.19254527163041565 370
1757595235906 0.19170751470053277 371
1757595235918 0.19087839742325266 372
1757595235931 0.19005782532592058 373
1757595235944 0.1892457050181916 374
1757595235957 0.1884419441789656 375
1757595235970 0.1876464515435139 376
1757595235983 0.18685913689075806 377
1757595235995 0.18607991103071 378
1757595236008 0.18530868579207907 379
1757595236021 0.1845453740100313 380
1757595236033 0.18378988951410805 381
1757595236046 0.18304214711629843 382
1757595236059 0.18230206259926146 383
1757595236072 0.18156955270469505 384
1757595236084 0.18084453512186593 385
1757595236095 0.18012692847626155 386
1757595236106 0.17941665231841258 387
1757595236118 0.1787136271128379 388
1757595236129 0.17801777422713255 389
1757595236141 0.17732901592120395 390
1757595236152 0.17664727533663035 391
1757595236163 0.1759724764861618 392
1757595236175 0.1753045442433515 393
1757595236186 0.174643404332319 394
1757595236197 0.1739889833176355 395
1757595236208 0.1733412085943471 396
1757595236220 0.17270000837811664 397
1757595236231 0.1720653116954876 398
1757595236242 0.1714370483742771 399
1757595236253 0.17081514903408124 400
1757595236265 0.1701995450769044 401
1757595236276 0.16959016867790638 402
1757595236287 0.16898695277626105 403
1757595236299 0.16838983106612979 404
1757595236310 0.1677987379877551 405
1757595236322 0.16721360871865276 406
1757595236333 0.16663437916492224 407
1757595236344 0.16606098595266547 408
1757595236355 0.16549336641950912 409
1757595236367 0.16493145860622832 410
1757595236378 0.16437520124848634 411
1757595236389 0.16382453376866626 412
1757595236401 0.16327939626780558 413
1757595236412 0.1627397295176363 414
1757595236423 0.16220547495271506 415
1757595236435 0.16167657466265908 416
1757595236446 0.161152971384471 417
1757595236457 0.16063460849496455 418
1757595236468 0.16012143000327653 419
1757595236480 0.15961338054347807 420
1757595236491 0.159110405367275 421
1757595236503 0.1586124503367935 422
1757595236514 0.1581194619174611 423
1757595236526 0.1576313871709694 424
1757595236537 0.15714817374833134 425
1757595236549 0.15666976988300776 426
1757595236560 0.1561961243841408 427
1757595236572 0.15572718662984902 428
1757595236583 0.15526290656061836 429
1757595236595 0.1548032346727667 430
1757595236606 0.154348122011994 431
1757595236618 0.15389752016700153 432
1757595236629 0.15345138126320548 433
1757595236640 0.15300965795650642 434
1757595236652 0.15257230342715258 435
1757595236663 0.1521392713736695 436
1757595236675 0.15171051600686183 437
1757595236686 0.15128599204389445 438
1757595236698 0.15086565470244176 439
1757595236709 0.15044945969490398 440
1757595236721 0.15003736322270542 441
1757595236733 0.1496293219706465 442
1757595236744 0.14922529310133753 443
1757595236756 0.14882523424969427 444
1757595236767 0.14842910351749705 445
1757595236779 0.14803685946802056 446
1757595236791 0.14764846112072752 447
1757595236802 0.14726386794602545 448
1757595236814 0.14688303986008516 449
1757595236826 0.1465059372197278 450
1757595236837 0.14613252081736408 451
1757595236849 0.1457627518760016 452
1757595236860 0.14539659204431354 453
1757595236872 0.1450340033917573 454
1757595236883 0.14467494840376036 455
1757595236896 0.14431938997696422 456
1757595236908 0.14396729141451714 457
1757595236920 0.14361861642143472 458
1757595236932 0.14327332910000448 459
1757595236943 0.14293139394525298 460
1757595236955 0.14259277584046748 461
1757595236967 0.14225744005276558 462
1757595236978 0.14192535222872144 463
1757595236990 0.14159647839004777 464
1757595237002 0.1412707849293193 465
1757595237014 0.14094823860575878 466
1757595237025 0.14062880654106338 467
1757595237037 0.14031245621528976 468
1757595237049 0.13999915546277952 469
1757595237061 0.13968887246813805 470
1757595237072 0.13938157576226295 471
1757595237084 0.1390772342184145 472
1757595237096 0.1387758170483328 473
1757595237108 0.13847729379841014 474
1757595237119 0.13818163434589528 475
1757595237131 0.1378888088951526 476
1757595237143 0.1375987879739625 477
1757595237155 0.1373115424298642 478
1757595237167 0.13702704342654357 479
1757595237178 0.1367452624402619 480
1757595237190 0.13646617125633015 481
1757595237202 0.13618974196562292 482
1757595237214 0.13591594696112785 483
1757595237226 0.13564475893454844 484
1757595237237 0.13537615087293534 485
1757595237250 0.1351100960553617 486
1757595237262 0.13484656804963988 487
1757595237273 0.13458554070906992 488
1757595237285 0.13432698816923525 489
1757595237298 0.13407088484482918 490
1757595237310 0.13381720542652134 491
1757595237322 0.13356592487785904 492
1757595237333 0.13331701843220864 493
1757595237345 0.133070461589729 494
1757595237357 0.13282623011438102 495
1757595237369 0.13258430003097574 496
1757595237384 0.13234464762225123 497
1757595237396 0.1321072494259863 498
1757595237407 0.1318720822321531 499
