1757594378099 169.08220123107418 0
1757594378107 162.79589380895973 1
1757594378120 151.31022636974052 2
1757594378129 135.9461803688489 3
1757594378137 118.11068718625779 4
1757594378146 99.17085295320435 5
1757594378154 80.35556809505184 6
1757594378162 62.68657732523962 7
1757594378170 46.938498806650664 8
1757594378178 33.625222586767016 9
1757594378186 23.00864212942238 10
1757594378194 15.124778860278383 11
1757594378202 9.822004514378825 12
1757594378210 6.80617402122073 13
1757594378218 5.687956654454788 14
1757594378226 6.028389909954808 15
1757594378234 7.379574147250974 16
1757594378242 9.318379708939124 17
1757594378250 11.471969178575826 18
1757594378258 13.534780267064265 19
1757594378266 15.27732319278261 20
1757594378274 16.54769290320519 21
1757594378282 17.267070999902632 22
1757594378290 17.420699514003502 23
1757594378299 17.045865114474275 24
1757594378307 16.218362490200676 25
1757594378315 15.038738891346222 26
1757594378324 13.619389180959406 27
1757594378332 12.073302293181742 28
1757594378340 10.504982731074817 29
1757594378348 9.003807181216853 30
1757594378356 7.639843660550428 31
1757594378364 6.4619704259421225 32
1757594378372 5.4979903454982715 33
1757594378381 4.756344891491095 34
1757594378389 4.228987690864825 35
1757594378397 3.8949749360646106 36
1757594378405 3.724361156445682 37
1757594378414 3.6820450560021802 38
1757594378422 3.7312823178352756 39
1757594378430 3.836661961143406 40
1757594378438 3.966422574688343 41
1757594378447 4.094058521906004 42
1757594378455 4.199229597899084 43
1757594378463 4.268037825984008 44
1757594378471 4.292770846860825 45
1757594378480 4.271232743048793 46
1757594378489 4.205791292644972 47
1757594378497 4.102267478371709 48
1757594378505 3.9687809960801186 49
1757594378513 3.814647129827073 50
1757594378521 3.6493982813562016 51
1757594378530 3.4819800371050507 52
1757594378540 3.3201489483351816 53
1757594378549 3.1700787730509874 54
1757594378557 3.036164890640644 55
1757594378565 2.9210035924222213 56
1757594378573 2.8255141874327356 57
1757594378581 2.7491671952625163 58
1757594378590 2.6902808975572525 59
1757594378598 2.646350562777082 60
1757594378606 2.614379009851295 61
1757594378614 2.5911830662617734 62
1757594378623 2.573657166041435 63
1757594378632 2.5589821648512614 64
1757594378640 2.544773879207616 65
1757594378649 2.529171475582425 66
1757594378657 2.510870372390745 67
1757594378666 2.4891076369344525 68
1757594378675 2.4636099414757573 69
1757594378683 2.434515066118949 70
1757594378691 2.402277852070304 71
1757594378700 2.3675706155049214 72
1757594378708 2.33118655144221 73
1757594378716 2.2939528126300743 74
1757594378725 2.2566579492006427 75
1757594378733 2.219996421471256 76
1757594378742 2.184531095044014 77
1757594378750 2.1506730982770037 78
1757594378759 2.1186772307105093 79
1757594378767 2.088650282985246 80
1757594378776 2.060569157637173 81
1757594378784 2.0343055336175673 82
1757594378794 2.009653944787603 83
1757594378804 1.986360482234275 84
1757594378813 1.9641498160110684 85
1757594378822 1.9427487993027401 86
1757594378830 1.9219055086308798 87
1757594378839 1.9014031384938341 88
1757594378848 1.8810686699955574 89
1757594378857 1.860776644780316 90
1757594378865 1.840448683833533 91
1757594378874 1.820049591822046 92
1757594378882 1.7995809868054615 93
1757594378891 1.7790734042522398 94
1757594378900 1.7585777597837602 95
1757594378908 1.7381569358307365 96
1757594378917 1.71787810284986 97
1757594378926 1.6978062143212467 98
1757594378934 1.6779989426140518 99
1757594378943 1.6585031631311873 100
1757594378952 1.6393529566437692 101
1757594378960 1.6205689905965341 102
1757594378969 1.6021590622811037 103
1757594378977 1.5841195400969652 104
1757594378986 1.566437421261911 105
1757594378995 1.5490927311777896 106
1757594379004 1.532061016001225 107
1757594379012 1.515315720120873 108
1757594379021 1.498830288548042 109
1757594379029 1.4825798854856793 110
1757594379038 1.4665426701150095 111
1757594379047 1.4507006154456388 112
1757594379056 1.4350398934651638 113
1757594379065 1.419550878375129 114
1757594379073 1.4042278389258205 115
1757594379082 1.3890684010732484 116
1757594379091 1.3740728643125624 117
1757594379101 1.3592434504589717 118
1757594379109 1.3445835539674864 119
1757594379118 1.330097049800511 120
1757594379127 1.3157876999999476 121
1757594379136 1.3016586849544216 122
1757594379145 1.2877122710776634 123
1757594379153 1.2739496141410462 124
1757594379162 1.2603706874335012 125
1757594379170 1.2469743165626868 126
1757594379179 1.2337582981065482 127
1757594379188 1.2207195773025392 128
1757594379196 1.207854460188401 129
1757594379205 1.1951588376431583 130
1757594379214 1.1826284021256475 131
1757594379223 1.170258842071012 132
1757594379232 1.158046003416464 133
1757594379241 1.1459860121810241 134
1757594379250 1.134075356095995 135
1757594379259 1.1223109267388622 136
1757594379268 1.1106900263200417 137
1757594379277 1.099210345148793 138
1757594379286 1.0878699168760293 139
1757594379295 1.0766670589484866 140
1757594379304 1.0656003054241625 141
1757594379314 1.0546683385312319 142
1757594379324 1.0438699242510774 143
1757594379333 1.0332038559155008 144
1757594379342 1.0226689084621199 145
1757594379351 1.012263804700238 146
1757594379359 1.0019871937909501 147
1757594379368 0.9918376411965824 148
1757594379377 0.9818136286411145 149
1757594379387 0.9719135621531492 150
1757594379395 0.962135786025391 151
1757594379404 0.9524786004942222 152
1757594379413 0.9429402810819154 153
1757594379422 0.9335190978108552 154
1757594379430 0.924213332848875 155
1757594379439 0.9150212955362367 156
1757594379448 0.9059413341404077 157
1757594379456 0.8969718440540705 158
1757594379466 0.8881112724725266 159
1757594379476 0.8793581198436996 160
1757594379485 0.8707109385700439 161
1757594379494 0.8621683295568124 162
1757594379503 0.8537289372496605 163
1757594379511 0.8453914437958828 164
1757594379520 0.8371545629088674 165
1757594379529 0.8290170339278693 166
1757594379537 0.8209776164572278 167
1757594379546 0.8130350858531855 168
1757594379555 0.8051882297123204 169
1757594379564 0.7974358454117195 170
1757594379573 0.7897767386631231 171
1757594379582 0.782209722974986 172
1757594379591 0.7747336198689707 173
1757594379600 0.7673472596707351 174
1757594379609 0.7600494826864125 175
1757594379618 0.7528391405839183 176
1757594379627 0.7457150978177032 177
1757594379636 0.738676232963558 178
1757594379645 0.7317214398627596 179
1757594379654 0.7248496285087592 180
1757594379663 0.7180597256421164 181
1757594379672 0.7113506750481792 182
1757594379681 0.7047214375757367 183
1757594379690 0.6981709909127556 184
1757594379699 0.6916983291668903 185
1757594379708 0.6853024623043177 186
1757594379717 0.6789824155012552 187
1757594379726 0.6727372284587965 188
1757594379735 0.6665659547252182 189
1757594379744 0.660467661060941 190
1757594379753 0.6544414268718846 191
1757594379762 0.6484863437268731 192
1757594379771 0.6426015149657984 193
1757594379780 0.6367860553973104 194
1757594379789 0.6310390910784934 195
1757594379801 0.6253597591644858 196
1757594379814 0.6197472078132085 197
1757594379826 0.6142005961292932 198
1757594379840 0.6087190941315443 199
1757594379896 0.6033018827297058 200
1757594379928 0.5979481536985156 201
1757594379972 0.5926571096397335 202
1757594380000 0.5874279639256416 203
1757594380018 0.5822599406204281 204
1757594380033 0.5771522743783104 205
1757594380051 0.5721042103195126 206
1757594380070 0.5671150038866853 207
1757594380087 0.5621839206856868 208
1757594380102 0.5573102363151122 209
1757594380113 0.5524932361892005 210
1757594380127 0.5477322153584909 211
1757594380137 0.5430264783321131 212
1757594380148 0.5383753389049084 213
1757594380164 0.5337781199916929 214
1757594380183 0.5292341534702292 215
1757594380194 0.5247427800335926 216
1757594380206 0.5203033490519604 217
1757594380217 0.5159152184432603 218
1757594380228 0.5115777545517666 219
1757594380242 0.5072903320332699 220
1757594380253 0.5030523337456014 221
1757594380263 0.49886315064299236 222
1757594380273 0.49472218167309395 223
1757594380284 0.49062883367551957 224
1757594380294 0.48658252128099294 225
1757594380305 0.4825826668105633 226
1757594380319 0.47862870017439013 227
1757594380329 0.47472005877001877 228
1757594380340 0.4708561873800964 229
1757594380351 0.46703653806978346 230
1757594380362 0.4632605700840842 231
1757594380373 0.4595277497454779 232
1757594380385 0.4558375503521812 233
1757594380399 0.4521894520774867 234
1757594380410 0.4485829418703857 235
1757594380421 0.4450175133578372 236
1757594380431 0.44149266674882426 237
1757594380442 0.4380079087403417 238
1757594380451 0.4345627524253725 239
1757594380462 0.4311567172028503 240
1757594380476 0.42778932868953645 241
1757594380486 0.42446011863375593 242
1757594380497 0.4211686248307837 243
1757594380508 0.41791439103989053 244
1757594380518 0.4146969669027596 245
1757594380528 0.4115159078632575 246
1757594380538 0.4083707750883788 247
1757594380554 0.4052611353903145 248
1757594380569 0.40218656114954415 249
1757594380586 0.39914663023888575 250
1757594380601 0.3961409259485078 251
1757594380613 0.3931690369118633 252
1757594380627 0.3902305570325431 253
1757594380637 0.3873250854120585 254
1757594380648 0.3844522262785831 255
1757594380659 0.38161158891664104 256
1757594380668 0.3788027875977934 257
1757594380678 0.3760254415123049 258
1757594380688 0.37327917470183586 259
1757594380698 0.3705636159931113 260
1757594380708 0.3678783989326326 261
1757594380718 0.3652231617223772 262
1757594380728 0.3625975471564757 263
1757594380737 0.3600012025588775 264
1757594380747 0.3574337797219572 265
1757594380757 0.3548949348460635 266
1757594380767 0.35238432847994366 267
1757594380777 0.34990162546208764 268
1757594380786 0.3474464948629071 269
1757594380796 0.3450186099277539 270
1757594380806 0.34261764802076533 271
1757594380815 0.3402432905694845 272
1757594380825 0.3378952230103081 273
1757594380835 0.33557313473466094 274
1757594380844 0.33327671903593814 275
1757594380854 0.3310056730572159 276
1757594380863 0.32875969773966796 277
1757594380873 0.32653849777174215 278
1757594380883 0.32434178153902526 279
1757594380893 0.32216926107484106 280
1757594380903 0.3200206520115487 281
1757594380913 0.3178956735325319 282
1757594380922 0.3157940483248751 283
1757594380932 0.31371550253272007 284
1757594380941 0.31165976571128723 285
1757594380951 0.30962657078156536 286
1757594380961 0.30761565398563107 287
1757594380970 0.3056267548426194 288
1757594380980 0.3036596161053259 289
1757594380990 0.30171398371740815 290
1757594381000 0.2997896067712198 291
1757594381010 0.29788623746621035 292
1757594381020 0.29600363106794697 293
1757594381030 0.294141545867686 294
1757594381039 0.2922997431425232 295
1757594381049 0.2904779871161109 296
1757594381059 0.2886760449199152 297
1757594381069 0.28689368655502095 298
1757594381079 0.28513068485447335 299
1757594381089 0.28338681544613625 300
1757594381099 0.2816618567160875 301
1757594381108 0.279955589772507 302
1757594381118 0.2782677984100829 303
1757594381128 0.276598269074907 304
1757594381138 0.2749467908298581 305
1757594381148 0.27331315532048045 306
1757594381157 0.2716971567413253 307
1757594381167 0.27009859180276446 308
1757594381177 0.2685172596982605 309
1757594381186 0.26695296207211244 310
1757594381196 0.26540550298761656 311
1757594381206 0.2638746888957024 312
1757594381216 0.2623603286039773 313
1757594381226 0.26086223324620894 314
1757594381236 0.25938021625223956 315
1757594381245 0.25791409331829535 316
1757594381255 0.2564636823777228 317
1757594381266 0.25502880357212176 318
1757594381276 0.25360927922287385 319
1757594381285 0.2522049338030604 320
1757594381296 0.2508155939097801 321
1757594381306 0.24944108823682942 322
1757594381316 0.24808124754776295 323
1757594381326 0.246735904649331 324
1757594381336 0.24540489436526933 325
1757594381346 0.2440880535104568 326
1757594381356 0.2427852208654137 327
1757594381366 0.24149623715116733 328
1757594381376 0.2402209450044398 329
1757594381386 0.2389591889531841 330
1757594381395 0.23771081539245825 331
1757594381405 0.23647567256062013 332
1757594381415 0.23525361051584126 333
1757594381426 0.23404448111295295 334
1757594381436 0.2328481379805952 335
1757594381446 0.23166443649867968 336
1757594381456 0.23049323377616227 337
1757594381466 0.22933438862910033 338
1757594381476 0.22818776155903076 339
1757594381486 0.22705321473161716 340
1757594381496 0.22593061195559955 341
1757594381506 0.22481981866201936 342
1757594381517 0.22372070188373125 343
1757594381526 0.22263313023518302 344
1757594381536 0.2215569738924766 345
1757594381547 0.2204921045736821 346
1757594381556 0.21943839551943384 347
1757594381567 0.21839572147377304 348
1757594381576 0.21736395866525438 349
1757594381587 0.21634298478829753 350
1757594381597 0.21533267898480168 351
1757594381606 0.2143329218259846 352
1757594381616 0.2133435952944879 353
1757594381626 0.21236458276670414 354
1757594381636 0.21139576899534093 355
1757594381646 0.21043704009222924 356
1757594381656 0.20948828351134346 357
1757594381666 0.20854938803205703 358
1757594381676 0.20762024374262236 359
1757594381686 0.2067007420238596 360
1757594381696 0.20579077553307046 361
1757594381707 0.20489023818816707 362
1757594381717 0.20399902515199486 363
1757594381727 0.20311703281688415 364
1757594381737 0.2022441587893864 365
1757594381747 0.201380301875228 366
1757594381757 0.20052536206444724 367
1757594381767 0.19967924051674005 368
1757594381777 0.19884183954699294 369
1757594381787 0.19801306261099808 370
1757594381798 0.1971928142913765 371
1757594381808 0.19638100028366023 372
1757594381818 0.19557752738258133 373
1757594381828 0.19478230346851932 374
1757594381839 0.19399523749414582 375
1757594381850 0.19321623947122224 376
1757594381859 0.1924452204575936 377
1757594381870 0.19168209254432936 378
1757594381880 0.19092676884305032 379
1757594381891 0.1901791634734082 380
1757594381901 0.18943919155073458 381
1757594381911 0.18870676917384885 382
1757594381922 0.18798181341302295 383
1757594381933 0.18726424229810837 384
1757594381944 0.18655397480680788 385
1757594381956 0.1858509308531039 386
1757594381967 0.1851550312758448 387
1757594381978 0.18446619782746126 388
1757594381994 0.183784353162845 389
1757594382022 0.18310942082835974 390
1757594382052 0.1824413252510062 391
1757594382064 0.18177999172771378 392
1757594382075 0.18112534641477218 393
1757594382086 0.18047731631741565 394
1757594382096 0.17983582927951386 395
1757594382107 0.1792008139734239 396
1757594382118 0.17857219988994588 397
1757594382128 0.1779499173284288 398
1757594382138 0.17733389738699384 399
1757594382149 0.17672407195287615 400
1757594382159 0.17612037369291034 401
1757594382169 0.17552273604411323 402
1757594382182 0.17493109320440814 403
1757594382194 0.17434538012345197 404
1757594382206 0.17376553249359084 405
1757594382218 0.1731914867409203 406
1757594382230 0.17262318001647237 407
1757594382242 0.17206055018749877 408
1757594382253 0.17150353582888303 409
1757594382265 0.1709520762146461 410
1757594382276 0.17040611130956732 411
1757594382287 0.16986558176091207 412
1757594382297 0.1693304288902611 413
1757594382308 0.16880059468544553 414
1757594382319 0.16827602179258486 415
1757594382329 0.16775665350822228 416
1757594382339 0.1672424337715622 417
1757594382350 0.16673330715680224 418
1757594382360 0.16622921886557096 419
1757594382371 0.16573011471944918 420
1757594382381 0.16523594115258883 421
1757594382392 0.1647466452044355 422
1757594382402 0.16426217451252498 423
1757594382413 0.16378247730538414 424
1757594382423 0.16330750239551362 425
1757594382434 0.16283719917246176 426
1757594382444 0.16237151759598303 427
1757594382455 0.16191040818928754 428
1757594382465 0.16145382203236705 429
1757594382476 0.16100171075540842 430
1757594382486 0.16055402653229195 431
1757594382497 0.1601107220741698 432
1757594382508 0.15967175062311617 433
1757594382518 0.1592370659458712 434
1757594382529 0.15880662232765155 435
1757594382539 0.15838037456604173 436
1757594382550 0.1579582779649644 437
1757594382561 0.15754028832871803 438
1757594382572 0.1571263619560954 439
1757594382582 0.15671645563457834 440
1757594382593 0.15631052663458483 441
1757594382604 0.15590853270381955 442
1757594382615 0.15551043206166235 443
1757594382626 0.1551161833936489 444
1757594382636 0.15472574584600496 445
1757594382647 0.15433907902025962 446
1757594382658 0.1539561429679158 447
1757594382668 0.15357689818518952 448
1757594382679 0.15320130560782022 449
1757594382690 0.1528293266059345 450
1757594382701 0.15246092297898123 451
1757594382712 0.1520960569507228 452
1757594382728 0.1517346911642932 453
1757594382739 0.1513767886773172 454
1757594382750 0.15102231295708024 455
1757594382761 0.15067122787577017 456
1757594382772 0.15032349770576942 457
1757594382783 0.14997908711500535 458
1757594382794 0.14963796116236208 459
1757594382805 0.1493000852931415 460
1757594382815 0.14896542533458595 461
1757594382826 0.1486339474914528 462
1757594382837 0.14830561834164352 463
1757594382848 0.14798040483188282 464
1757594382858 0.14765827427346068 465
1757594382869 0.1473391943380091 466
1757594382880 0.1470231330533484 467
1757594382891 0.14671005879937501 468
1757594382902 0.14639994030399225 469
1757594382913 0.146092746639108 470
1757594382924 0.14578844721666628 471
1757594382934 0.14548701178473142 472
1757594382945 0.1451884104236217 473
1757594382956 0.14489261354208893 474
1757594382967 0.1445995918735406 475
1757594382978 0.14430931647231418 476
1757594382989 0.14402175870998757 477
1757594383000 0.14373689027174727 478
1757594383010 0.14345468315278526 479
1757594383022 0.1431751096547492 480
1757594383034 0.14289814238223492 481
1757594383045 0.1426237542393142 482
1757594383056 0.14235191842611292 483
1757594383067 0.1420826084354263 484
1757594383078 0.1418157980493722 485
1757594383089 0.14155146133609017 486
1757594383100 0.1412895726464763 487
1757594383111 0.14103010661095855 488
1757594383125 0.14077303813630937 489
1757594383136 0.1405183424024991 490
1757594383147 0.14026599485958455 491
1757594383158 0.1400159712246358 492
1757594383170 0.13976824747870004 493
1757594383181 0.13952279986379984 494
1757594383192 0.13927960487996943 495
1757594383203 0.13903863928232912 496
1757594383213 0.13879988007818286 497
1757594383224 0.13856330452416568 498
1757594383235 0.13832889012341643 499
