1757518507283 0.2081178093972546 0
1757518507322 0.15111688876898932 1
1757518507360 0.2814224235141091 2
1757518507405 0.0012794978818016145 3
1757518507452 0.08779055898597483 4
1757518507492 0.04652382881054749 5
1757518507531 0.008824946278391744 6
1757518507570 0.011657420869803587 7
1757518507609 0.023868269821093746 8
1757518507647 0.2684850344949717 9
1757518507686 0.00884420097385307 10
1757518507724 0.215619489212153 11
1757518507762 0.0023867348961331557 12
1757518507802 0.01919887673741426 13
1757518507840 0.061950461267014464 14
1757518507879 0.011647577927616764 15
1757518507918 0.32310566511008926 16
1757518507957 0.0032024370712758587 17
1757518507996 0.14674966629938607 18
1757518508035 0.003729461217474712 19
1757518508074 0.05807195671217363 20
1757518508113 0.028609099614621783 21
1757518508152 0.01768737451499896 22
1757518508191 0.012931198704626631 23
1757518508230 0.05724532627914563 24
1757518508269 0.004008525137808296 25
1757518508307 0.22273936910027198 26
1757518508346 0.0523872577718919 27
1757518508385 0.20410673838681745 28
1757518508425 0.1483832094966624 29
1757518508464 0.12230975522250338 30
1757518508504 0.022409060080379867 31
1757518508543 0.13662611981350514 32
1757518508596 0.289575022258926 33
1757518508635 0.0335924224628159 34
1757518508674 0.020736132251821658 35
1757518508713 0.02498102109028825 36
1757518508752 0.10544724154971934 37
1757518508791 0.4856463894558623 38
1757518508830 0.002754977937630949 39
1757518508869 0.013283772785852134 40
1757518508909 0.0481505700148357 41
1757518508948 0.008546685261429718 42
1757518508987 0.03710011572201453 43
1757518509026 0.18916277873317391 44
1757518509065 0.06960010942208096 45
1757518509104 0.015809787642484866 46
1757518509143 0.00711093757389287 47
1757518509182 0.012272418637107234 48
1757518509222 0.3553645967063663 49
1757518509262 0.08903243801071696 50
1757518509301 0.024879019719287042 51
1757518509340 0.0017260664946146275 52
1757518509380 0.03396974090889028 53
1757518509420 0.10782440817759259 54
1757518509460 0.04970770112028716 55
1757518509499 0.0001394867309840546 56
1757518509538 0.14724490007704527 57
1757518509577 0.06030732670742515 58
1757518509616 0.016118833769917695 59
1757518509655 0.001965790312487885 60
1757518509694 0.03203923131633528 61
1757518509734 0.17216440854781837 62
1757518509773 0.20279625829539355 63
1757518509812 0.0705602605180768 64
1757518509852 0.007299801040049034 65
1757518509891 0.01266511590426919 66
1757518509930 0.0602182768215834 67
1757518509970 0.020374588219045784 68
1757518510009 0.018478923130442776 69
1757518510048 0.19512962920796834 70
1757518510087 0.03171925080159295 71
1757518510127 0.0011516308074875164 72
1757518510166 0.5676041992010558 73
1757518510206 0.028934948535032003 74
1757518510245 0.0002192008625585546 75
1757518510284 0.05767411203766739 76
1757518510323 0.022843777525327583 77
1757518510362 0.008463936275734201 78
1757518510402 0.03235121344577648 79
1757518510441 0.04279143790656286 80
1757518510479 0.04588098014979865 81
1757518510519 0.095776969225022 82
1757518510558 0.0004489680770252592 83
1757518510598 0.03849762672937964 84
1757518510637 0.001267007399368489 85
1757518510676 0.07498475066554043 86
1757518510715 0.01237114601382399 87
1757518510754 0.31211854645379306 88
1757518510794 0.41929281533611784 89
1757518510834 0.001208482347918581 90
1757518510873 0.5660488695108125 91
1757518510912 0.051782509681520685 92
1757518510952 0.01408857740253011 93
1757518510991 0.2692174433036742 94
1757518511031 0.012239111510808379 95
1757518511070 0.007711572731754442 96
1757518511110 0.013321570208643848 97
1757518511149 0.46811677715764183 98
1757518511188 0.022873731052980344 99
1757518511228 0.0006591585614067095 100
1757518511269 0.30104610942150706 101
1757518511308 0.0770064985893784 102
1757518511347 0.0035002649927628683 103
1757518511387 0.0014177929855606313 104
1757518511428 0.031659178460946 105
1757518511468 0.21908975559526503 106
1757518511508 0.1446917411522742 107
1757518511548 0.003241815039242734 108
1757518511589 0.2888565112818112 109
1757518511628 0.0006887606748291467 110
1757518511668 0.03176548562065053 111
1757518511707 0.05536819236305961 112
1757518511747 0.29016138247372053 113
1757518511786 0.18531152649265573 114
1757518511826 0.0008886914767092802 115
1757518511865 0.12841672998991857 116
1757518511905 0.005165561803354442 117
1757518511947 0.01794715015350749 118
1757518511985 0.009548590540558786 119
1757518512024 0.22550381742305342 120
1757518512063 0.5970066875641498 121
1757518512102 0.12972485706411518 122
1757518512141 0.12247443429885042 123
1757518512180 0.14883872671352066 124
1757518512219 0.03128776423600143 125
1757518512258 0.09018894987752316 126
1757518512297 0.0070297560018484735 127
1757518512336 0.004435379988304339 128
1757518512375 0.00446258083157331 129
1757518512415 0.00072930130456519 130
1757518512453 0.012878419963742008 131
1757518512492 0.21941196146347963 132
1757518512531 0.00485984590670807 133
1757518512570 0.03745669934404084 134
1757518512609 0.00011369322819125426 135
1757518512648 0.006589842499437627 136
1757518512687 0.01673892701799401 137
1757518512727 0.017861427897672814 138
1757518512766 0.579042586230797 139
1757518512805 0.05798599287039023 140
1757518512844 0.2373148543328231 141
1757518512884 0.009241154449498174 142
1757518512923 0.039240983273526285 143
1757518512962 0.047467372823737225 144
1757518513001 0.08053603117712195 145
1757518513040 0.010458993000658992 146
1757518513080 0.05212721609487836 147
1757518513119 0.005012511426329868 148
1757518513158 0.04637947256890196 149
1757518513197 0.11196541131617217 150
1757518513237 0.36630320946156586 151
1757518513276 0.006986644675449991 152
1757518513317 0.0021003844486886104 153
1757518513362 0.0030825986168179385 154
1757518513402 0.6808132998537341 155
1757518513441 0.07508834700326107 156
1757518513481 0.007365590295215921 157
1757518513520 0.14869263805646088 158
1757518513559 0.0017027217632930997 159
1757518513599 0.0531838578937331 160
1757518513638 0.010124056625713413 161
1757518513677 0.03152017101992007 162
1757518513716 0.14601611573618628 163
1757518513756 0.19322129785400477 164
1757518513796 0.0527105040336008 165
1757518513836 0.058161641893312174 166
1757518513876 0.09839039562216378 167
1757518513916 0.05651693975583745 168
1757518513955 0.001705399676793348 169
1757518513995 0.06672823647051263 170
1757518514037 0.025451251194099536 171
1757518514076 0.09056942396007626 172
1757518514116 7.009229156691287e-05 173
1757518514156 0.07022382565378456 174
1757518514195 0.05750707312376043 175
1757518514235 0.03367226459978058 176
1757518514275 0.02687254634409765 177
1757518514315 0.018849378454377914 178
1757518514355 0.023307686056990302 179
1757518514395 0.009775066435681073 180
1757518514436 0.005999297454498777 181
1757518514476 9.201298411248335e-07 182
1757518514515 0.06833933950828862 183
1757518514555 0.22783919901116667 184
1757518514594 0.03729442029036206 185
1757518514634 0.183842029155315 186
1757518514674 0.0011965944187884113 187
1757518514714 0.06702567835901936 188
1757518514754 0.03022388442652286 189
1757518514794 4.579031072440626e-06 190
1757518514834 0.05684957024716052 191
1757518514888 0.011186008560299544 192
1757518514931 0.14131456568842926 193
1757518514971 0.31114617862068505 194
1757518515012 0.035251277284598856 195
1757518515052 0.2570146068883561 196
1757518515093 0.0001087607566731246 197
1757518515133 0.0003493261402473297 198
1757518515173 0.037425696498485726 199
1757518515213 0.18715232330570591 200
1757518515254 0.00013615109122276512 201
1757518515294 0.09139317009200205 202
1757518515334 0.006653005675124946 203
1757518515374 0.0986852271944347 204
1757518515414 0.002013811389853875 205
1757518515454 0.23451642806737824 206
1757518515494 0.002803784391655323 207
1757518515534 0.004471134520675125 208
1757518515574 0.035055357767651084 209
1757518515613 0.07180421552224624 210
1757518515654 1.0014505307401034 211
1757518515693 0.0004339967889302108 212
1757518515733 0.06737839748794823 213
1757518515773 0.22451728073694788 214
1757518515813 0.09606075749813774 215
1757518515853 0.009836267980387331 216
1757518515895 0.07433852910671371 217
1757518515938 0.011368119338829457 218
1757518515978 8.292658542408239e-05 219
1757518516019 0.0036885941678468457 220
1757518516059 0.0019022434819026147 221
1757518516099 0.0853540683765863 222
1757518516139 0.06328917946492331 223
1757518516179 0.06022639421005341 224
1757518516219 0.005195788889420935 225
1757518516260 0.23571488635309926 226
1757518516300 0.11280262492966892 227
1757518516341 0.0006695293232526767 228
1757518516383 0.05146154803342829 229
1757518516424 0.03429435167372981 230
1757518516464 0.02623689033733202 231
1757518516504 2.148493643747196e-05 232
1757518516545 0.00010402662221548486 233
1757518516585 0.13904353421865137 234
1757518516625 0.20661926996261845 235
1757518516666 0.07072279071350708 236
1757518516706 0.0030724801381290805 237
1757518516746 0.09730886113688658 238
1757518516786 0.10260147163977036 239
1757518516827 0.49420080116019927 240
1757518516867 0.041197210871132255 241
1757518516908 0.01786406943524694 242
1757518516948 0.01207300883131919 243
1757518516988 0.047358251416676406 244
1757518517029 0.017628348842571792 245
1757518517069 0.0025608397509347468 246
1757518517110 0.11985220099010631 247
1757518517150 0.00371118364663976 248
1757518517191 0.2321622633495191 249
1757518517231 0.06499963342910604 250
1757518517272 0.2809631978728364 251
1757518517312 0.13425855329330316 252
1757518517354 0.005460029964432353 253
1757518517395 0.11357259739390212 254
1757518517435 0.04635208002571528 255
1757518517475 0.4825599244897623 256
1757518517516 0.06859746859821729 257
1757518517556 0.005410724459515329 258
1757518517596 0.03140887295113143 259
1757518517636 0.04546013424352125 260
1757518517677 0.018256100944049745 261
1757518517717 0.008207875433076097 262
1757518517758 0.004669367825506619 263
1757518517798 0.0003439785137454147 264
1757518517838 0.010813267286731562 265
1757518517879 0.061140163860256835 266
1757518517919 0.2443650160231299 267
1757518517960 0.1210641186676083 268
1757518518000 0.23096374934140138 269
1757518518040 0.031305506705019116 270
1757518518081 0.0005087014764179501 271
1757518518122 0.006858543457335798 272
1757518518163 0.06027755255390066 273
1757518518204 0.05355972430781815 274
1757518518244 0.009244260453797969 275
1757518518285 0.03910315541718218 276
1757518518326 0.0010738211361447573 277
1757518518367 0.009885930464242432 278
1757518518408 0.02582003103321927 279
1757518518448 0.029502003092448815 280
1757518518488 0.05064674283246305 281
1757518518529 0.1109977759254813 282
1757518518569 0.03864155601611308 283
1757518518609 1.69394007666767 284
1757518518650 0.004766882318178958 285
1757518518690 0.004913799955488756 286
1757518518731 0.012029030782096616 287
1757518518771 0.00019181257971153024 288
1757518518812 0.06681734564916357 289
1757518518852 0.0915092994385688 290
1757518518893 0.028595752002438232 291
1757518518934 0.06834836647050964 292
1757518518974 0.00422908479597898 293
1757518519015 0.04750801589233339 294
1757518519055 0.0024312954757689004 295
1757518519096 3.945432956167549e-06 296
1757518519137 0.002198203243915538 297
1757518519177 0.03232145050770603 298
1757518519218 0.007646150131105029 299
1757518519258 0.17231099245408615 300
1757518519300 0.0754126755641874 301
1757518519341 0.2388947751092739 302
1757518519381 0.11637876861090718 303
1757518519422 0.014857382104304203 304
1757518519463 0.13387585519839307 305
1757518519503 0.010240553285383145 306
1757518519543 0.027410475576889734 307
1757518519584 0.044131845297189894 308
1757518519624 0.008961241938902815 309
1757518519665 0.012420752235823772 310
1757518519705 0.000991275968301332 311
1757518519746 0.11614781033428524 312
1757518519787 0.030164318719396555 313
1757518519828 0.09672144513692782 314
1757518519868 0.0430006771428706 315
1757518519909 0.05918615822676838 316
1757518519949 0.05432565436718392 317
1757518519990 0.3220126891779182 318
1757518520031 0.0029548804587526947 319
1757518520071 0.07336485748085671 320
1757518520112 0.029770362419701966 321
1757518520153 0.020427674831726826 322
1757518520194 0.14969286069780074 323
1757518520234 0.15361673366719014 324
1757518520275 0.012302829428628042 325
1757518520317 0.011376440071684035 326
1757518520358 0.0727697968047758 327
1757518520399 0.10502855537039228 328
1757518520440 0.11778215139001182 329
1757518520481 0.0024894755104563106 330
1757518520522 0.2803251416993036 331
1757518520562 0.13102432301062614 332
1757518520603 0.015609284168061491 333
1757518520644 0.007373607042606973 334
1757518520685 0.04586360021777974 335
1757518520725 0.007520243602181503 336
1757518520766 0.00851262645810371 337
1757518520807 0.02167428899045305 338
1757518520848 0.0022561617591758446 339
1757518520889 7.403023349177822e-05 340
1757518520930 0.016548408867276054 341
1757518520971 0.19333603570678234 342
1757518521012 0.012117643957026285 343
1757518521053 0.1656878762573923 344
1757518521093 0.28452915965360354 345
1757518521134 0.0026376576309588406 346
1757518521175 0.007319097518642863 347
1757518521216 0.00014580102761070561 348
1757518521257 0.004216164320101927 349
1757518521298 0.24236769445046133 350
1757518521340 0.022773090189543838 351
1757518521381 0.08352299088089506 352
1757518521422 0.004348067750489589 353
1757518521462 0.08579572899635295 354
1757518521503 0.07565784213293407 355
1757518521544 5.560280958923059e-05 356
1757518521585 0.005803812290972122 357
1757518521626 0.1641612473295501 358
1757518521667 0.012213124866907659 359
1757518521707 0.020071449013632635 360
1757518521748 0.07684284564923982 361
1757518521789 0.28846698558472955 362
1757518521830 0.07146269586473276 363
1757518521871 0.07899309014590802 364
1757518521912 0.05377630536981299 365
1757518521953 0.0015819521471673338 366
1757518521994 0.00865274161842636 367
1757518522037 0.16443784579729115 368
1757518522078 0.021026439959154146 369
1757518522118 0.3830743192172901 370
1757518522159 0.02349551552988282 371
1757518522200 0.07222034680086342 372
1757518522240 0.03842007729207737 373
1757518522282 0.0030246757431317962 374
1757518522322 0.046209333202151245 375
1757518522363 0.3858274776823937 376
1757518522404 0.01042259597500699 377
1757518522445 1.3824199396700636e-05 378
1757518522487 0.0291090088989029 379
1757518522528 0.24265964174081883 380
1757518522569 8.566497818306311e-05 381
1757518522610 0.0010673217985452202 382
1757518522650 0.1237905778489908 383
1757518522691 0.09882255891908871 384
1757518522731 0.252818392179165 385
1757518522772 0.22918969916830276 386
1757518522812 0.0007375323713105398 387
1757518522853 0.04235192127627369 388
1757518522893 0.34988744995038823 389
1757518522934 0.06417857230921725 390
1757518522975 0.018597895628167434 391
1757518523016 0.13024070983059846 392
1757518523057 0.050726406941843424 393
1757518523097 0.06478885312081073 394
1757518523138 0.017602442162387877 395
1757518523179 0.0072595356913408085 396
1757518523220 0.10746084268906092 397
1757518523261 0.0021924743406339935 398
1757518523302 0.005632505192258492 399
1757518523350 0.12112637935464629 400
1757518523391 0.004118453571965849 401
1757518523432 0.2970253971622157 402
1757518523473 0.10109079282021542 403
1757518523514 3.6146790116152426e-05 404
1757518523555 0.08514610896102123 405
1757518523596 0.014365918231850152 406
1757518523637 0.018548016256703062 407
1757518523679 0.07269604333427843 408
1757518523721 0.07238050126966283 409
1757518523763 0.257200973483011 410
1757518523803 0.13614819818735546 411
1757518523844 0.01473838164436437 412
1757518523885 0.041371998555072245 413
1757518523926 0.0881144030338881 414
1757518523967 0.013635486347120888 415
1757518524008 0.09121667878076171 416
1757518524049 0.0002484029644995692 417
1757518524090 0.11210970341545883 418
1757518524131 0.014791711291165344 419
1757518524172 0.03662381413666027 420
1757518524213 0.0068778600800461194 421
1757518524254 0.0269922230906145 422
1757518524295 0.00494694384451814 423
1757518524336 0.005762458667690496 424
1757518524377 0.03206172943982248 425
1757518524418 0.010259513077504601 426
1757518524459 0.006520818294651178 427
1757518524500 0.13741916575018945 428
1757518524541 0.04105686899039392 429
1757518524582 0.1407056947602103 430
1757518524623 0.09141029548813542 431
1757518524665 0.01860661733576519 432
1757518524708 0.4967035559245243 433
1757518524750 0.022407304614675723 434
1757518524792 0.19026472469926375 435
1757518524833 0.001168950547289143 436
1757518524875 0.006975145203084076 437
1757518524928 0.031789753984544596 438
1757518524970 0.03127996377610202 439
1757518525011 0.6346781609206561 440
1757518525053 0.01669797768516848 441
1757518525095 0.0015596413911128115 442
1757518525136 0.05300705081376384 443
1757518525178 0.035082915760004676 444
1757518525219 1.4860127227636815e-06 445
1757518525261 0.006706592963099534 446
1757518525303 0.04726954953383733 447
1757518525345 0.004439749562621761 448
1757518525387 0.12335977479973248 449
1757518525429 0.04351169490472522 450
1757518525471 0.3234643224048381 451
1757518525512 0.009964239525853218 452
1757518525553 0.01823330760208669 453
1757518525594 0.004189711115513841 454
1757518525636 0.003838421439118324 455
1757518525677 0.01389977096971867 456
1757518525719 0.006722540359530472 457
1757518525760 0.032780745256180605 458
1757518525802 0.10731060559245448 459
1757518525843 0.05834878696186613 460
1757518525885 0.00013755726767961392 461
1757518525926 0.1828927171840586 462
1757518525968 0.0028266019643372908 463
1757518526009 0.0030201344349635568 464
1757518526052 0.1134701151285852 465
1757518526094 0.000747911344153515 466
1757518526136 0.0806913906694699 467
1757518526177 0.009942578758526756 468
1757518526219 0.05270878377044401 469
1757518526261 0.26797393536935055 470
1757518526302 3.2357702376913418 471
1757518526344 0.04430110192282339 472
1757518526386 0.004106304059996374 473
1757518526428 0.1370147505351584 474
1757518526470 0.640109054981414 475
1757518526512 0.12300043845132759 476
1757518526553 0.04225320426880867 477
1757518526596 0.04555520176445216 478
1757518526638 0.007284087805382131 479
1757518526680 0.29773652920449256 480
1757518526722 0.029229132324545874 481
1757518526764 0.2819690252225965 482
1757518526806 0.0362471993864625 483
1757518526848 0.00838106193000313 484
1757518526890 0.15234399841239019 485
1757518526933 0.0078471028417448 486
1757518526975 0.21919287381142366 487
1757518527017 0.03772789505258532 488
1757518527059 0.011354810983011068 489
1757518527102 0.005952303869436588 490
1757518527144 0.0036701303210912462 491
1757518527186 0.0014774702135026162 492
1757518527229 0.19758717928356528 493
1757518527271 0.002674184999043361 494
1757518527312 0.010573524100231824 495
1757518527355 0.023232867027124644 496
1757518527410 1.8498920818560363 497
1757518527452 0.0935733394888536 498
1757518527494 0.3750084542747305 499
