1757594393193 169.08220123107486 0
1757594393201 162.7958938089598 1
1757594393209 156.7525973414123 2
1757594393218 150.94284490121117 3
1757594393226 145.35753993656357 4
1757594393234 139.9879417416876 5
1757594393243 134.82565149838632 6
1757594393251 129.86259886613854 7
1757594393259 125.0910290991285 8
1757594393267 120.5034906694878 9
1757594393275 116.09282337682923 10
1757594393283 111.85214692493739 11
1757594393291 107.77484994724892 12
1757594393299 103.85457946346061 13
1757594393307 100.08523075030764 14
1757594393315 96.46093761022038 15
1757594393324 92.97606302221551 16
1757594393332 89.62519015997405 17
1757594393340 86.40311376268332 18
1757594393348 83.30483184474996 19
1757594393357 80.32553773107345 20
1757594393366 77.46061240506499 21
1757594393374 74.70561715712141 22
1757594393382 72.05628652173465 23
1757594393390 69.508521491891 24
1757594393399 67.05838299985315 25
1757594393407 64.70208565385644 26
1757594393415 62.43599172065355 27
1757594393423 60.256605344245294 28
1757594393432 58.16056699150957 29
1757594393440 56.1446481158137 30
1757594393448 54.20574603003527 31
1757594393457 52.34087898076557 32
1757594393465 50.54718141578482 33
1757594393473 48.821899437215976 34
1757594393482 47.16238643305491 35
1757594393490 45.56609888007263 36
1757594393498 44.030592311351015 37
1757594393506 42.55351744198361 38
1757594393515 41.13261644672685 39
1757594393523 39.76571938363204 40
1757594393532 38.45074075792085 41
1757594393540 37.18567622059529 42
1757594393548 35.96859939649111 43
1757594393557 34.79765883668332 44
1757594393565 33.67107509036899 45
1757594393573 32.58713789152394 46
1757594393581 31.544203455832218 47
1757594393590 30.540691883555645 48
1757594393598 29.575084664181155 49
1757594393607 28.645922278851135 50
1757594393615 27.751801896736367 51
1757594393623 26.891375161662292 52
1757594393632 26.063346065445455 53
1757594393640 25.266468904535234 54
1757594393649 24.499546316691298 55
1757594393657 23.7614273945538 56
1757594393665 23.05100587308916 57
1757594393674 22.36721838800991 58
1757594393682 21.709042802384328 59
1757594393691 21.07549659876001 60
1757594393700 20.46563533422876 61
1757594393709 19.878551155964256 62
1757594393717 19.313371374858107 63
1757594393726 18.769257094977462 64
1757594393735 18.245401896650606 65
1757594393743 17.741030571078856 66
1757594393752 17.255397904454362 67
1757594393760 16.787787509638274 68
1757594393768 16.337510703538086 69
1757594393777 15.903905428388898 70
1757594393786 15.486335215218052 71
1757594393794 15.084188187838807 72
1757594393803 14.696876105784161 73
1757594393811 14.32383344465296 74
1757594393820 13.964516512403204 75
1757594393829 13.61840260018154 76
1757594393837 13.284989166337025 77
1757594393846 12.963793052316818 78
1757594393854 12.654349729195392 79
1757594393863 12.356212573636704 80
1757594393872 12.068952172134962 81
1757594393880 11.792155652427056 82
1757594393889 11.525426041011913 83
1757594393898 11.2683816457536 84
1757594393906 11.020655462585475 85
1757594393915 10.781894605372765 86
1757594393924 10.551759758024142 87
1757594393932 10.329924647983832 88
1757594393941 10.116075540264099 89
1757594393950 9.90991075121671 90
1757594393959 9.711140181268526 91
1757594393967 9.519484865879441 92
1757594393976 9.334676544009897 93
1757594393985 9.15645724341239 94
1757594393994 8.984578882087598 95
1757594394002 8.818802885274698 96
1757594394011 8.65889981736551 97
1757594394020 8.504649028161001 98
1757594394029 8.355838312907517 99
1757594394038 8.212263585573886 100
1757594394047 8.073728564852672 101
1757594394056 7.940044472386776 102
1757594394064 7.811029742743552 103
1757594394073 7.686509744677875 104
1757594394082 7.566316513242107 105
1757594394091 7.450288492319087 106
1757594394100 7.338270287171344 107
1757594394109 7.230112426614053 108
1757594394118 7.125671134436787 109
1757594394127 7.024808109712083 110
1757594394135 6.927390315643854 111
1757594394144 6.833289776622122 112
1757594394153 6.742383383163114 113
1757594394162 6.654552704427919 114
1757594394171 6.569683808022356 115
1757594394180 6.487667086794897 116
1757594394189 6.408397092359197 117
1757594394198 6.33177237507834 118
1757594394207 6.257695330259237 119
1757594394216 6.18607205031465 120
1757594394224 6.116812182659805 121
1757594394233 6.049828793120225 122
1757594394242 5.9850382346358995 123
1757594394251 5.922360021054584 124
1757594394260 5.8617167058167885 125
1757594394269 5.80303376534089 126
1757594394278 5.746239486926083 127
1757594394286 5.691264860995726 128
1757594394295 5.63804347751372 129
1757594394304 5.586511426409468 130
1757594394313 5.536607201857297 131
1757594394322 5.488271610258051 132
1757594394331 5.441447681780504 133
1757594394339 5.396080585323145 134
1757594394349 5.35211754676304 135
1757594394358 5.309507770364407 136
1757594394367 5.268202363223658 137
1757594394376 5.228154262632547 138
1757594394385 5.18931816624632 139
1757594394393 5.151650464947553 140
1757594394402 5.115109178300918 141
1757594394413 5.079653892498131 142
1757594394422 5.045245700696042 143
1757594394431 5.01184714565558 144
1757594394439 4.979422164591229 145
1757594394448 4.947936036145854 146
1757594394457 4.917355329407939 147
1757594394467 4.887647854892259 148
1757594394476 4.85878261740724 149
1757594394485 4.830729770736614 150
1757594394494 4.803460574063934 151
1757594394503 4.776947350073076 152
1757594394512 4.751163444659632 153
1757594394522 4.72608318819021 154
1757594394532 4.701681858250319 155
1757594394541 4.677935643822666 156
1757594394550 4.654821610840624 157
1757594394558 4.632317669063301 158
1757594394567 4.610402540221694 159
1757594394576 4.589055727385769 160
1757594394585 4.568257485506054 161
1757594394594 4.547988793083655 162
1757594394603 4.528231324925455 163
1757594394613 4.508967425942169 164
1757594394622 4.490180085949287 165
1757594394631 4.471852915431696 166
1757594394640 4.453970122235109 167
1757594394649 4.436516489148298 168
1757594394658 4.41947735234168 169
1757594394667 4.402838580629287 170
1757594394677 4.386586555522258 171
1757594394686 4.370708152043329 172
1757594394695 4.355190720272919 173
1757594394704 4.340022067598532 174
1757594394713 4.3251904416405464 175
1757594394722 4.310684513828137 176
1757594394731 4.296493363600216 177
1757594394740 4.282606463207477 178
1757594394749 4.269013663092369 179
1757594394758 4.25570517782459 180
1757594394767 4.242671572570756 181
1757594394776 4.229903750077978 182
1757594394786 4.2173929381510025 183
1757594394795 4.205130677604524 184
1757594394804 4.193108810672101 185
1757594394814 4.1813194698540155 186
1757594394823 4.169755067187531 187
1757594394832 4.158408283923047 188
1757594394841 4.147272060590757 189
1757594394851 4.13633958744275 190
1757594394860 4.125604295255933 191
1757594394870 4.115059846482482 192
1757594394879 4.104700126733916 193
1757594394888 4.094519236586329 194
1757594394897 4.084511483694442 195
1757594394907 4.0746713752025965 196
1757594394916 4.06499361044119 197
1757594394925 4.055473073898117 198
1757594394934 4.046104828453964 199
1757594394943 4.036884108871701 200
1757594394953 4.027806315530197 201
1757594394962 4.018867008393373 202
1757594394971 4.010061901204933 203
1757594394980 4.001386855900579 204
1757594394990 3.9928378772296242 205
1757594394999 3.9844111075775412 206
1757594395008 3.9761028219819847 207
1757594395017 3.967909423335047 208
1757594395027 3.959827437764494 209
1757594395036 3.9518535101872194 210
1757594395045 3.943984400028322 211
1757594395055 3.9362169770996873 212
1757594395064 3.9285482176317412 213
1757594395073 3.920975200452768 214
1757594395082 3.913495103310138 215
1757594395092 3.9061051993279445 216
1757594395101 3.8988028535961954 217
1757594395110 3.8915855198860205 218
1757594395120 3.8844507374867683 219
1757594395130 3.877396128159949 220
1757594395140 3.870419393205672 221
1757594395149 3.86351831063739 222
1757594395159 3.856690732460979 223
1757594395169 3.84993458205383 224
1757594395178 3.8432478516406077 225
1757594395188 3.8366285998617937 226
1757594395197 3.8300749494315762 227
1757594395206 3.8235850848815773 228
1757594395216 3.817157250387514 229
1757594395225 3.810789747675464 230
1757594395235 3.804480934004447 231
1757594395244 3.798229220223161 232
1757594395253 3.792033068897542 233
1757594395263 3.785890992506437 234
1757594395272 3.7798015517033345 235
1757594395282 3.7737633536412045 236
1757594395301 3.767775050358272 237
1757594395313 3.761835337222399 238
1757594395323 3.755942951432091 239
1757594395333 3.750096670571577 240
1757594395342 3.744295311218278 241
1757594395352 3.738537727600809 242
1757594395364 3.7328228103051297 243
1757594395373 3.7271494850277054 244
1757594395383 3.721516711373275 245
1757594395392 3.7159234816961186 246
1757594395402 3.7103688199828806 247
1757594395412 3.704851780775479 248
1757594395421 3.6993714481326294 249
1757594395431 3.6939269346286854 250
1757594395441 3.6885173803879714 251
1757594395451 3.6831419521540294 252
1757594395460 3.677799842391653 253
1757594395470 3.6724902684211806 254
1757594395480 3.667212471583474 255
1757594395490 3.661965716434467 256
1757594395500 3.6567492899685914 257
1757594395509 3.651562500869309 258
1757594395519 3.646404678786443 259
1757594395529 3.6412751736389133 260
1757594395538 3.6361733549421005 261
1757594395548 3.6310986111589587 262
1757594395558 3.6260503490737324 263
1757594395567 3.621027993187931 264
1757594395577 3.616030985137363 265
1757594395587 3.611058783129466 266
1757594395597 3.6061108614005586 267
1757594395607 3.6011867096917607 268
1757594395616 3.596285832743411 269
1757594395626 3.5914077498068817 270
1757594395636 3.5865519941734854 271
1757594395645 3.5817181127196185 272
1757594395655 3.576905665467714 273
1757594395665 3.572114225162352 274
1757594395675 3.567343376860985 275
1757594395685 3.5625927175387417 276
1757594395694 3.5578618557069226 277
1757594395704 3.553150411044421 278
1757594395714 3.548458014041899 279
1757594395724 3.5437843056581366 280
1757594395733 3.5391289369879657 281
1757594395743 3.5344915689417884 282
1757594395753 3.5298718719357134 283
1757594395763 3.525269525592392 284
1757594395772 3.520684218452006 285
1757594395783 3.5161156476927986 286
1757594395792 3.511563518861487 287
1757594395802 3.507027545612182 288
1757594395812 3.502507449454651 289
1757594395821 3.4980029595106767 290
1757594395831 3.493513812278636 291
1757594395841 3.489039751406095 292
1757594395851 3.4845805274698813 293
1757594395861 3.480135897763455 294
1757594395871 3.475705626091424 295
1757594395881 3.471289482570831 296
1757594395891 3.4668872434390368 297
1757594395901 3.462498690867997 298
1757594395910 3.4581236127845187 299
1757594395920 3.453761802696572 300
1757594395930 3.449413059525294 301
1757594395941 3.4450771874424078 302
1757594395951 3.4407539957130053 303
1757594395961 3.4364432985434816 304
1757594395971 3.4321449149344136 305
1757594395981 3.427858668538156 306
1757594395991 3.4235843875210867 307
1757594396001 3.4193219044303973 308
1757594396010 3.415071056065035 309
1757594396020 3.410831683350845 310
1757594396030 3.4066036312198125 311
1757594396040 3.4023867484929866 312
1757594396050 3.3981808877673765 313
1757594396061 3.3939859053063293 314
1757594396071 3.389801660933277 315
1757594396081 3.385628017929157 316
1757594396091 3.3814648429327656 317
1757594396101 3.3773120058445265 318
1757594396111 3.373169379733068 319
1757594396121 3.369036840744899 320
1757594396131 3.364914268016791 321
1757594396141 3.360801543591086 322
1757594396151 3.35669855233338 323
1757594396161 3.3526051818530465 324
1757594396172 3.3485213224260453 325
1757594396182 3.344446866920173 326
1757594396192 3.3403817107226006 327
1757594396203 3.3363257516697975 328
1757594396213 3.332278889979333 329
1757594396223 3.328241028184009 330
1757594396234 3.324212071067902 331
1757594396244 3.320191925604407 332
1757594396254 3.3161805008960528 333
1757594396264 3.3121777081163297 334
1757594396274 3.308183460453105 335
1757594396284 3.3041976730538645 336
1757594396294 3.300220262972539 337
1757594396304 3.296251149117936 338
1757594396315 3.292290252203764 339
1757594396325 3.2883374947000856 340
1757594396335 3.2843928007862617 341
1757594396346 3.280456096305289 342
1757594396356 3.2765273087194076 343
1757594396367 3.2726063670672607 344
1757594396377 3.2686932019220154 345
1757594396387 3.264787745350865 346
1757594396397 3.260889930875735 347
1757594396407 3.2569996934352052 348
1757594396417 3.2531169693472455 349
1757594396427 3.249241696273428 350
1757594396438 3.2453738131838827 351
1757594396448 3.241513260323454 352
1757594396458 3.2376599791786433 353
1757594396468 3.2338139124457506 354
1757594396478 3.229975003999714 355
1757594396489 3.2261431988638796 356
1757594396499 3.222318443180825 357
1757594396509 3.218500684183693 358
1757594396520 3.2146898701686615 359
1757594396530 3.2108859504678975 360
1757594396541 3.2070888754236004 361
1757594396551 3.20329859636241 362
1757594396561 3.1995150655708446 363
1757594396572 3.1957382362712647 364
1757594396582 3.1919680625985265 365
1757594396592 3.1882044995773353 366
1757594396602 3.1844475031001784 367
1757594396612 3.18069702990591 368
1757594396623 3.1769530375588704 369
1757594396633 3.1732154844286606 370
1757594396644 3.1694843296703783 371
1757594396654 3.165759533205481 372
1757594396664 3.1620410557031216 373
1757594396674 3.158328858562021 374
1757594396685 3.1546229038928133 375
1757594396695 3.1509231545008243 376
1757594396705 3.1472295738694958 377
1757594396715 3.143542126143951 378
1757594396725 3.1398607761153263 379
1757594396736 3.136185489205315 380
1757594396747 3.132516231451162 381
1757594396757 3.1288529694911125 382
1757594396768 3.1251956705502044 383
1757594396779 3.1215443024265035 384
1757594396789 3.117898833477463 385
1757594396800 3.1142592326070724 386
1757594396810 3.110625469252975 387
1757594396821 3.106997513373965 388
1757594396831 3.1033753354380953 389
1757594396841 3.099758906410664 390
1757594396852 3.096148197742943 391
1757594396862 3.0925431813608983 392
1757594396872 3.088943829654259 393
1757594396883 3.085350115466093 394
1757594396893 3.0817620120821925 395
1757594396903 3.0781794932212674 396
1757594396914 3.0746025330250197 397
1757594396924 3.0710311060485767 398
1757594396935 3.0674651872511545 399
1757594396945 3.063904751987071 400
1757594396955 3.0603497759967904 401
1757594396966 3.056800235398391 402
1757594396976 3.0532561066790698 403
1757594396987 3.049717366686979 404
1757594396997 3.0461839926232677 405
1757594397008 3.042655962034224 406
1757594397019 3.0391332528037456 407
1757594397029 3.035615843145859 408
1757594397040 3.032103711597562 409
1757594397051 3.028596837011712 410
1757594397062 3.025095198550243 411
1757594397073 3.02159877567733 412
1757594397083 3.0181075481529587 413
1757594397094 3.0146214960265474 414
1757594397104 3.011140599630659 415
1757594397115 3.007664839574947 416
1757594397126 3.0041941967402894 417
1757594397137 3.0007286522728926 418
1757594397148 2.997268187578807 419
1757594397159 2.9938127843183193 420
1757594397169 2.9903624244005185 421
1757594397180 2.9869170899782818 422
1757594397191 2.9834767634429022 423
1757594397201 2.980041427419235 424
1757594397212 2.9766110647608217 425
1757594397223 2.9731856585450536 426
1757594397234 2.9697651920686092 427
1757594397245 2.9663496488428676 428
1757594397255 2.9629390125895028 429
1757594397266 2.9595332672361345 430
1757594397277 2.9561323969121256 431
1757594397288 2.9527363859444686 432
1757594397299 2.949345218853715 433
1757594397310 2.9459588803500703 434
1757594397321 2.94257735532958 435
1757594397332 2.9392006288703167 436
1757594397343 2.9358286862287235 437
1757594397353 2.9324615128361273 438
1757594397364 2.9290990942950956 439
1757594397375 2.9257414163761086 440
1757594397386 2.9223884650141927 441
1757594397397 2.919040226305701 442
1757594397407 2.9156966865050298 443
1757594397418 2.9123578320216406 444
1757594397429 2.909023649416846 445
1757594397440 2.9056941254009807 446
1757594397450 2.9023692468304554 447
1757594397461 2.899049000704829 448
1757594397472 2.895733374164155 449
1757594397483 2.892422354486183 450
1757594397494 2.889115929083729 451
1757594397505 2.8858140855021173 452
1757594397516 2.882516811416537 453
1757594397527 2.87922409462972 454
1757594397538 2.8759359230693367 455
1757594397549 2.872652284785765 456
1757594397560 2.8693731679497194 457
1757594397570 2.866098560850001 458
1757594397581 2.8628284518912097 459
1757594397592 2.859562829591684 460
1757594397603 2.8563016825812872 461
1757594397614 2.8530449995994207 462
1757594397625 2.8497927694929044 463
1757594397635 2.8465449812140426 464
1757594397647 2.8433016238186823 465
1757594397658 2.8400626864642913 466
1757594397668 2.836828158408135 467
1757594397679 2.833598029005421 468
1757594397690 2.8303722877075694 469
1757594397701 2.827150924060389 470
1757594397712 2.8239339277024538 471
1757594397723 2.820721288363445 472
1757594397734 2.8175129958624163 473
1757594397745 2.814309040106333 474
1757594397756 2.8111094110884007 475
1757594397767 2.8079140988866156 476
1757594397778 2.8047230936621554 477
1757594397789 2.801536385658139 478
1757594397800 2.7983539651979488 479
1757594397811 2.795175822683915 480
1757594397823 2.792001948596014 481
1757594397834 2.7888323334904603 482
1757594397845 2.785666967998373 483
1757594397856 2.782505842824497 484
1757594397867 2.7793489487460055 485
1757594397878 2.776196276611164 486
1757594397889 2.7730478173382465 487
1757594397900 2.7699035619142043 488
1757594397911 2.7667635013936014 489
1757594397921 2.7636276268974873 490
1757594397932 2.7604959296122087 491
1757594397943 2.757368400788383 492
1757594397957 2.75424503173986 493
1757594397969 2.7511258138425636 494
1757594397981 2.748010738533573 495
1757594397992 2.744899797310099 496
1757594398003 2.7417929817284366 497
1757594398014 2.7386902834031126 498
1757594398025 2.7355916940058633 499
