1757518049756 16.320427370070345 0
1757518049766 2.060662365208334 1
1757518049775 1.1056903600355275 2
1757518049785 4.975800462479272 3
1757518049794 5.9158901266423705 4
1757518049804 2.6868799831953636 5
1757518049813 2.93461138325842 6
1757518049822 0.9859229891921808 7
1757518049832 3.1548776180351306 8
1757518049842 1.868635429523453 9
1757518049851 1.5403835508357369 10
1757518049861 1.2098157010554638 11
1757518049870 0.8886403789069202 12
1757518049880 1.2303363265797957 13
1757518049889 0.5854438455348592 14
1757518049899 0.5970928361020649 15
1757518049908 0.80129421234998 16
1757518049917 1.0640193767580775 17
1757518049927 1.1566965671829372 18
1757518049937 1.016077584694449 19
1757518049947 1.133822958695566 20
1757518049956 0.8460782429446597 21
1757518049966 0.4182347785145992 22
1757518049976 0.44971246230829437 23
1757518049999 0.7720481485117374 24
1757518050012 0.33650715859137803 25
1757518050022 0.39583213138265383 26
1757518050032 0.32685005618642493 27
1757518050041 0.4000386772414029 28
1757518050051 0.43980137662536306 29
1757518050060 0.7151442545252213 30
1757518050070 0.47896711353128196 31
1757518050079 0.221232109186923 32
1757518050089 0.5741821887047402 33
1757518050098 0.2485063559715586 34
1757518050108 0.1578852816958059 35
1757518050117 0.17983426820146658 36
1757518050126 0.16621792179821654 37
1757518050136 0.20777749235140267 38
1757518050145 0.3855975549891199 39
1757518050154 0.10145818917024486 40
1757518050164 0.19114161335123836 41
1757518050173 0.2030970048979841 42
1757518050183 0.3314712480115773 43
1757518050192 0.35194169289917904 44
1757518050202 0.205830840161451 45
1757518050211 0.21656431324628683 46
1757518050221 0.17982032519416258 47
1757518050230 0.07921326074148075 48
1757518050240 0.15027426829038834 49
1757518050249 0.09399548219354151 50
1757518050259 0.16039741314891276 51
1757518050269 0.11898450845542394 52
1757518050278 0.19365133555316763 53
1757518050288 0.1124599110347581 54
1757518050297 0.14871593206925615 55
1757518050307 0.1648607851501923 56
1757518050317 0.11673318862766362 57
1757518050326 0.2374771362804246 58
1757518050336 0.27348295957226904 59
1757518050345 0.10621146111907218 60
1757518050357 0.1615181472248614 61
1757518050367 0.1414604099200626 62
1757518050376 0.15703554979919898 63
1757518050386 0.11516728425055321 64
1757518050396 0.11539501791218114 65
1757518050405 0.1787465403508914 66
1757518050415 0.06818986391870371 67
1757518050424 0.08748957990810054 68
1757518050434 0.0637806253714993 69
1757518050443 0.08798912728993047 70
1757518050453 0.07312614082474536 71
1757518050462 0.1169065296830469 72
1757518050472 0.07174512216380126 73
1757518050481 0.09116024003968312 74
1757518050491 0.10541749300386924 75
1757518050500 0.1212185079512473 76
1757518050510 0.16720013544427273 77
1757518050520 0.08957579719201088 78
1757518050530 0.09865348561306891 79
1757518050540 0.16422830929984558 80
1757518050549 0.07518142871943705 81
1757518050559 0.11518550585811524 82
1757518050568 0.10150604296080716 83
1757518050578 0.2069298888836986 84
1757518050588 0.12109235131800045 85
1757518050598 0.0747025209839122 86
1757518050607 0.08395243954498417 87
1757518050617 0.06279909849557677 88
1757518050627 0.08348291652480697 89
1757518050636 0.056621575051518054 90
1757518050646 0.14170655733988008 91
1757518050656 0.1113849316772607 92
1757518050666 0.06250788984045921 93
1757518050676 0.1896460266667856 94
1757518050685 0.09727844933062889 95
1757518050695 0.14789343099660293 96
1757518050705 0.05780196041844458 97
1757518050714 0.14182266265349705 98
1757518050724 0.089753239097618 99
1757518050734 0.05455626946452561 100
1757518050743 0.07667216510891867 101
1757518050753 0.1064239910914484 102
1757518050763 0.09945596385080285 103
1757518050773 0.19921056282995733 104
1757518050783 0.13584377043006307 105
1757518050793 0.08321617995005064 106
1757518050803 0.1079015265574289 107
1757518050812 0.11226712833064598 108
1757518050823 0.06150053258437552 109
1757518050833 0.10568333760402465 110
1757518050842 0.06277127858299629 111
1757518050852 0.08916587824057656 112
1757518050862 0.14696587335681588 113
1757518050872 0.07805346086644145 114
1757518050882 0.11787901517101967 115
1757518050891 0.11910462667039577 116
1757518050901 0.07852618942841592 117
1757518050911 0.17255252498596874 118
1757518050921 0.07575286131979475 119
1757518050931 0.06311318426526036 120
1757518050941 0.1050282881508357 121
1757518050951 0.13266485568042372 122
1757518050961 0.07967173985396463 123
1757518050972 0.07517280471566871 124
1757518050986 0.09182844162682074 125
1757518050996 0.08374314364080117 126
1757518051007 0.06845154918093176 127
1757518051017 0.08455024131322013 128
1757518051027 0.06646896550522603 129
1757518051037 0.03233246392339461 130
1757518051048 0.08431572644799346 131
1757518051058 0.07914131891744144 132
1757518051071 0.1014547384455747 133
1757518051081 0.07419937355405613 134
1757518051091 0.0744519683253152 135
1757518051101 0.049995659998679894 136
1757518051111 0.11901891647405563 137
1757518051121 0.1147664305240294 138
1757518051131 0.060816357557466096 139
1757518051141 0.07518848521850147 140
1757518051151 0.08625941380096215 141
1757518051161 0.09193293976969212 142
1757518051171 0.09156194499725652 143
1757518051180 0.1721581272115529 144
1757518051195 0.09879323810215812 145
1757518051215 0.07332983939202929 146
1757518051225 0.18304789985096695 147
1757518051235 0.11472079764607765 148
1757518051246 0.09103016814846242 149
1757518051256 0.06422714290786573 150
1757518051266 0.06622621845268051 151
1757518051276 0.1023658547006439 152
1757518051286 0.08915765653948819 153
1757518051296 0.09620965444122354 154
1757518051307 0.046120457587694105 155
1757518051317 0.1147206293303032 156
1757518051327 0.14261187209922802 157
1757518051337 0.062402666833897426 158
1757518051347 0.11095137456658193 159
1757518051357 0.1405324737892754 160
1757518051367 0.05338268429920618 161
1757518051378 0.07552870344952498 162
1757518051388 0.09159919159438751 163
1757518051398 0.2273309086279283 164
1757518051408 0.09432069085065439 165
1757518051418 0.05879392941850203 166
1757518051428 0.07479132115241101 167
1757518051438 0.09393001901183189 168
1757518051449 0.10245541718209471 169
1757518051459 0.05398509709790336 170
1757518051469 0.15305040709193418 171
1757518051479 0.09500226562104615 172
1757518051489 0.06910814098883304 173
1757518051500 0.06894158372636669 174
1757518051510 0.10055713224279957 175
1757518051520 0.08666868567074594 176
1757518051530 0.13902590041160365 177
1757518051541 0.1108671025159238 178
1757518051551 0.07847575044069396 179
1757518051561 0.13901875780755496 180
1757518051571 0.08823376745033153 181
1757518051582 0.08353591085872127 182
1757518051592 0.06621133490075053 183
1757518051602 0.1155345260380253 184
1757518051613 0.09825583815985771 185
1757518051624 0.10217971471777905 186
1757518051634 0.1422498287732967 187
1757518051644 0.09854618006978402 188
1757518051654 0.11846390071554208 189
1757518051665 0.0772959293348455 190
1757518051675 0.13586951374282388 191
1757518051686 0.21666077355686977 192
1757518051696 0.08649629898069097 193
1757518051706 0.08520810131702534 194
1757518051716 0.08480924743149278 195
1757518051727 0.14645595650521856 196
1757518051737 0.14158649988823083 197
1757518051747 0.09664487315361596 198
1757518051758 0.09791416311427405 199
1757518051768 0.08725997318393353 200
1757518051779 0.13432992119425974 201
1757518051789 0.1538146394425968 202
1757518051799 0.10231636061147818 203
1757518051810 0.06675699616713436 204
1757518051820 0.12219603408059228 205
1757518051830 0.08378342500473837 206
1757518051841 0.1089708610647578 207
1757518051851 0.09563724427297969 208
1757518051861 0.10010768266100725 209
1757518051872 0.12083396431323858 210
1757518051883 0.11486717192204507 211
