1757595109766 0.000979540652085083 0
1757595109805 0.2596689258762973 1
1757595109844 0.07322211434689596 2
1757595109883 0.0019139108592895315 3
1757595109922 0.028561701606067805 4
1757595109962 0.00239204890242428 5
1757595110001 5.246564189751822e-05 6
1757595110040 0.0009678339201163259 7
1757595110079 0.013281041763008133 8
1757595110118 0.006214096105325813 9
1757595110156 0.22834988682943758 10
1757595110195 0.20285247058062483 11
1757595110234 0.020382259862865865 12
1757595110274 0.26467573973951397 13
1757595110313 0.09504678709010113 14
1757595110352 0.14091583102730892 15
1757595110391 0.04167173611769328 16
1757595110430 0.004628127671075166 17
1757595110468 0.04715073195831881 18
1757595110507 0.011368240528328482 19
1757595110547 0.00259017038405279 20
1757595110586 0.020588386436068275 21
1757595110626 0.014730498373979323 22
1757595110667 0.10318275341518088 23
1757595110708 0.030420543083878357 24
1757595110747 0.09063510621805267 25
1757595110787 0.01797391116601073 26
1757595110826 0.017539017978912642 27
1757595110865 0.057334603505683916 28
1757595110904 0.04914176420222502 29
