1757518000611 137.72832501639274 0
1757518000620 91.12035331893246 1
1757518000630 68.91372041801641 2
1757518000640 51.33691302436624 3
1757518000649 30.100259404822594 4
1757518000659 24.535690821193572 5
1757518000668 24.692850421624136 6
1757518000678 18.718745069907484 7
1757518000687 8.93402331557954 8
1757518000696 9.586500685056821 9
1757518000706 8.659980131445312 10
1757518000715 3.3900344569338854 11
1757518000724 7.511329396225244 12
1757518000733 9.686419307208043 13
1757518000743 4.486835761517127 14
1757518000752 3.641121083632764 15
1757518000762 4.921438327682974 16
1757518000771 0.44552330197662404 17
1757518000781 3.763708777487775 18
1757518000790 4.024176507982658 19
1757518000800 5.549731241512253 20
1757518000810 3.488594079957026 21
1757518000819 6.140657715008919 22
1757518000829 2.154210700241764 23
1757518000839 4.932923063884152 24
1757518000848 3.898925562865171 25
1757518000858 3.1285415353971633 26
1757518000868 1.9460066558633586 27
1757518000878 3.2002071815747333 28
1757518000887 1.6294342094507206 29
1757518000897 4.297733741078227 30
1757518000906 3.6702565821198045 31
1757518000916 2.074138789432123 32
1757518000925 5.788077436217161 33
1757518000936 1.7051815665733907 34
1757518000945 3.2757613531229537 35
1757518000955 2.3790493514690465 36
1757518000964 1.302254274283529 37
1757518000974 1.7828135862234171 38
1757518000983 2.981195110895717 39
1757518000993 4.464373620203236 40
1757518001002 2.3167903164806707 41
1757518001012 3.7745913849590553 42
1757518001022 3.3908794019272865 43
1757518001031 3.0275128347290896 44
1757518001041 2.80124531369716 45
1757518001051 6.0215003684454835 46
1757518001060 2.195047610289935 47
1757518001070 3.6865262825205414 48
1757518001079 2.852459796345969 49
1757518001089 3.891764235746022 50
1757518001098 3.7801306912993518 51
1757518001109 3.0622499080246475 52
1757518001119 2.690836981298999 53
1757518001128 4.1356887807100895 54
1757518001138 1.1248447424063044 55
1757518001148 3.8101978330955832 56
1757518001158 1.3822205330524533 57
1757518001167 3.2623664794152663 58
1757518001177 1.6276433677941375 59
1757518001186 2.48656204297125 60
1757518001196 3.6281516066286494 61
1757518001205 1.3452091457637783 62
1757518001215 3.320721414852296 63
1757518001225 2.3668906636440545 64
1757518001235 1.5717881880573188 65
1757518001245 2.2862668041553693 66
1757518001255 1.9870231294004799 67
1757518001265 3.5711875243106865 68
1757518001275 2.960367638969578 69
1757518001284 1.0746394433949336 70
1757518001294 2.176326753121216 71
1757518001304 4.216170018570017 72
1757518001314 1.556262337750992 73
1757518001323 2.347228085087897 74
1757518001333 3.3136979738552674 75
1757518001343 3.488062557555015 76
1757518001353 0.8805702757766838 77
1757518001363 2.957870566510225 78
1757518001373 1.7360451194885036 79
1757518001383 1.504785946119594 80
1757518001393 3.1046776085291596 81
1757518001402 2.024168514942483 82
1757518001412 1.6607678025475539 83
1757518001422 1.219812981961818 84
1757518001432 2.078903855244905 85
1757518001442 1.6970878347628837 86
1757518001452 1.8154290754733293 87
1757518001461 1.2064577307697482 88
1757518001472 1.721474473997497 89
1757518001481 1.4811760249909363 90
1757518001491 1.8638980976757942 91
1757518001501 1.2745860457903828 92
1757518001511 1.4016462390067719 93
1757518001520 1.3673551366164534 94
1757518001530 1.1084009620454613 95
1757518001540 2.61372895672947 96
1757518001551 2.3876945021193112 97
1757518001560 2.440471291087338 98
1757518001570 2.511512515574265 99
1757518001580 2.5090814084117286 100
1757518001590 2.8522400565007713 101
1757518001600 1.7042772700979048 102
1757518001610 2.134775461186376 103
1757518001620 1.4413481836786433 104
1757518001630 2.138931218036371 105
1757518001640 0.6123613447885207 106
1757518001650 0.8972049719401619 107
1757518001660 0.8457271389579404 108
1757518001670 2.079997302830023 109
1757518001680 2.193532246966577 110
1757518001690 0.7294627760497545 111
1757518001700 2.1392326608951158 112
1757518001709 1.4076802586661554 113
1757518001719 2.1787995006358454 114
1757518001729 1.6649642122573618 115
1757518001740 2.066169372434707 116
1757518001750 1.702476629766056 117
1757518001760 1.1704570370517715 118
1757518001770 1.5553284687237205 119
1757518001780 1.3262185371586022 120
1757518001790 1.615017969928782 121
1757518001800 2.2447386947055037 122
1757518001810 1.992287363099676 123
1757518001822 1.77761094911036 124
1757518001832 3.074835174597166 125
1757518001842 1.3921596228020399 126
1757518001853 1.4628752572628405 127
1757518001863 1.3617168830351967 128
1757518001873 0.6809596375444884 129
1757518001883 1.4699768136382836 130
1757518001893 0.9820422997771414 131
1757518001904 1.6836526970265422 132
1757518001914 1.1795630718237728 133
1757518001924 1.480782623778151 134
1757518001934 0.8334546208607166 135
1757518001944 1.9308589799888844 136
1757518001963 1.2439217469860553 137
1757518001977 1.3156895459852413 138
1757518001988 1.7155431826534346 139
1757518001998 2.5420049148931487 140
1757518002008 0.8186690169277125 141
1757518002018 1.3438229971418005 142
1757518002028 0.8870409134208519 143
1757518002039 1.371725276063347 144
1757518002049 0.8397086737722679 145
1757518002059 1.3860788143896745 146
1757518002069 1.3125702254234886 147
1757518002080 1.0561067337231842 148
1757518002090 1.2329044725043306 149
1757518002100 1.5640380283018844 150
1757518002110 1.2204687868324609 151
1757518002121 1.3046534446159364 152
1757518002131 1.1632391946995861 153
1757518002141 0.9128054758672166 154
1757518002152 0.8884079065013404 155
1757518002162 1.557397027730602 156
1757518002172 1.007913624917929 157
1757518002182 1.8141887174348927 158
1757518002193 0.8045544961167194 159
1757518002203 1.972456066727958 160
1757518002213 1.1837966659554062 161
1757518002223 1.514596705836976 162
1757518002234 1.5402323125102653 163
1757518002244 1.551427610079135 164
1757518002254 0.49818993555658625 165
1757518002265 0.9483242244569952 166
1757518002275 1.1205382295219628 167
1757518002285 0.9603612729490982 168
1757518002295 0.9057746183771402 169
1757518002306 0.8260586310974949 170
1757518002316 0.6301918219348671 171
1757518002326 0.752401916790656 172
1757518002336 1.2088679132188471 173
1757518002347 1.0907064717842645 174
1757518002357 0.8563622359230868 175
1757518002368 0.27337129135985166 176
1757518002382 0.6436330542607133 177
1757518002392 1.616374635482291 178
1757518002403 0.9556232377093222 179
1757518002413 1.1073748270986055 180
1757518002423 1.179965436195789 181
1757518002434 0.34860916778775214 182
1757518002444 0.43768588379281564 183
1757518002455 0.9422911546304007 184
1757518002465 1.12469481721524 185
1757518002476 0.5381692542229634 186
1757518002486 1.0310914578359613 187
1757518002497 0.5514239191277527 188
1757518002507 0.5726864797377117 189
1757518002518 1.1913888429182158 190
1757518002528 0.6111246621185399 191
1757518002538 1.2060127824941242 192
1757518002549 1.2914945468527577 193
1757518002559 0.893663985992927 194
1757518002571 0.5030639998587415 195
1757518002581 1.1930356724715907 196
1757518002592 1.0659993673961816 197
1757518002602 1.1158470161818537 198
1757518002613 0.7665573475601425 199
1757518002624 0.6090208946100865 200
1757518002635 0.16135328408897082 201
1757518002645 0.9363312226406681 202
1757518002656 0.7863287820132073 203
1757518002667 0.5764082094148774 204
1757518002678 0.7916346897237085 205
1757518002688 0.7155612241807118 206
1757518002699 0.7678605385115397 207
1757518002709 0.82259331786266 208
1757518002719 0.8833604201511753 209
1757518002730 0.8380220189922661 210
1757518002740 0.7862491959003376 211
1757518002751 0.9052999810531392 212
1757518002762 0.6881331733152174 213
1757518002772 0.38455916082111136 214
1757518002783 0.458138617761895 215
1757518002794 0.3506508973670553 216
1757518002804 0.9582954264217096 217
1757518002815 0.8421461566059782 218
1757518002826 0.5891250265159682 219
1757518002837 0.7086108096191498 220
1757518002847 0.7733958314187793 221
1757518002858 0.44366702473522523 222
1757518002869 0.4175281518004304 223
1757518002879 0.35379331703783606 224
1757518002890 0.7442936966450384 225
1757518002901 1.035445849780993 226
1757518002912 0.5652001370058426 227
1757518002923 0.7966222134465188 228
1757518002933 0.42541514723591095 229
1757518002944 0.24450829671440819 230
1757518002955 0.4487275693614018 231
1757518002966 0.4223884035385371 232
1757518002977 0.6275458626582561 233
1757518002988 0.45304391623480145 234
1757518002999 0.30216327542082166 235
1757518003009 0.4417977189769797 236
1757518003020 0.5688109309829595 237
1757518003031 0.5068496789736873 238
1757518003041 0.8198554418016528 239
1757518003052 0.762609363783498 240
1757518003063 0.624198196958466 241
1757518003074 0.7158690526697657 242
1757518003085 0.4336866162423064 243
1757518003096 0.8235821023568367 244
1757518003106 0.36570726497220857 245
1757518003117 0.41543917559869753 246
1757518003128 0.6800676647557297 247
1757518003139 0.4044327753565796 248
1757518003150 0.5410248776195319 249
1757518003162 0.5273334368222911 250
1757518003175 0.8388381561208134 251
1757518003191 0.31082221834322743 252
1757518003203 0.4320412208011178 253
1757518003214 0.6582639871917925 254
1757518003225 0.5014072082441142 255
1757518003236 0.7429837678839042 256
1757518003247 0.6109839390164796 257
1757518003258 0.3426610874170613 258
1757518003269 0.5010242463684746 259
1757518003281 0.5056326917888461 260
1757518003292 0.47830938503851766 261
1757518003303 0.4343550333581237 262
1757518003313 0.3988746165508281 263
1757518003324 0.4774170326191533 264
1757518003335 0.7629075432537122 265
1757518003346 0.36764600248697876 266
1757518003357 0.36125631271833164 267
1757518003368 0.43392235873683593 268
1757518003379 0.3978970424883583 269
1757518003391 0.5773998226705727 270
1757518003402 0.5038075045822136 271
1757518003413 0.8067578251683493 272
1757518003423 0.5802570916721176 273
1757518003434 0.3288814884463278 274
1757518003445 0.3487279664735993 275
1757518003456 0.2671813032181932 276
1757518003467 1.4777432335287768 277
1757518003478 0.6391021035698937 278
1757518003489 0.4605013779552337 279
1757518003500 0.4712780045676043 280
1757518003511 0.5505767979554967 281
1757518003523 0.49484089829795247 282
1757518003533 0.33392720649338364 283
1757518003544 0.520598827913202 284
1757518003555 0.5462221883618835 285
1757518003566 0.47859726647720935 286
1757518003578 0.6310760877168098 287
1757518003589 0.29930442331763024 288
1757518003600 0.4113459446213774 289
1757518003611 0.5481958377339188 290
1757518003622 0.6622550967412735 291
1757518003633 0.16348567387948976 292
1757518003644 0.13191138527122334 293
1757518003655 0.663255155295041 294
1757518003666 0.14954294313447686 295
1757518003678 0.47912520543394693 296
1757518003689 0.304309174522866 297
1757518003700 0.6919499797227051 298
1757518003711 0.6159183810500022 299
1757518003722 0.5529515849334159 300
1757518003733 0.3015759682394449 301
1757518003744 0.8173020153420298 302
1757518003755 0.42719232512835964 303
1757518003766 0.4692374745446809 304
1757518003778 0.4216210883492954 305
1757518003789 0.2760993581288255 306
1757518003800 0.6111945236005429 307
1757518003811 0.4872639540920344 308
1757518003823 0.5169264455447808 309
1757518003834 0.21795741329850313 310
1757518003845 0.5117413635868984 311
1757518003856 0.4209362167780119 312
1757518003867 0.3768019987069188 313
1757518003879 0.5161334743377882 314
1757518003890 0.7404613645350061 315
1757518003901 0.2888475323103363 316
1757518003913 0.2811174154801427 317
1757518003924 0.3306711996933989 318
1757518003935 0.34594908016073256 319
1757518003946 0.22856643862299256 320
1757518003957 0.2412422581720011 321
1757518003968 0.5198237945388301 322
1757518003980 0.29590524602086277 323
1757518003991 0.29661528511158575 324
1757518004002 0.2881078919880893 325
1757518004013 0.21351457920590872 326
1757518004025 0.2984873181725717 327
1757518004036 0.23737612221889473 328
1757518004047 0.216804070566576 329
1757518004058 0.30003772014931107 330
1757518004070 0.25165113928718896 331
1757518004081 0.34680955437133754 332
1757518004092 0.3410380762786611 333
1757518004104 0.24499743112744402 334
1757518004115 0.23069246006869198 335
1757518004126 0.430051809370468 336
1757518004138 0.3947393638672378 337
1757518004149 0.378174749003937 338
1757518004164 0.19579820518556232 339
1757518004176 0.28732226600302624 340
1757518004187 0.2331801022952097 341
1757518004199 0.31849143567198035 342
1757518004211 0.43773459010998095 343
1757518004222 0.3699623714921231 344
1757518004233 0.3781376910765963 345
1757518004245 0.26578761673152423 346
1757518004256 0.297656872131263 347
1757518004268 0.2151040879055086 348
1757518004279 0.3717856174368971 349
1757518004290 0.24130507066267254 350
1757518004302 0.2836346874561789 351
1757518004313 0.1736408045910323 352
1757518004325 0.12500827238078432 353
1757518004336 0.201856136193809 354
1757518004348 0.20823946334439403 355
1757518004359 0.0818914591102412 356
1757518004371 0.1572512661825674 357
1757518004382 0.1945733573913845 358
1757518004394 0.336110681396483 359
1757518004405 0.2320033543382006 360
1757518004417 0.24303306348628959 361
1757518004428 0.42870179327823205 362
1757518004440 0.36961841569809933 363
1757518004451 0.35068428376722677 364
1757518004462 0.0705071539189853 365
1757518004474 0.5512342392512218 366
1757518004486 0.3510449963896976 367
1757518004498 0.12974414625537187 368
1757518004509 0.2148147714486139 369
1757518004521 0.21703584381956736 370
1757518004532 0.2275071925245964 371
1757518004544 0.13682302677730646 372
1757518004555 0.17913053529719872 373
1757518004567 0.2787338414287127 374
1757518004578 0.21969567890982053 375
1757518004590 0.5101707678102512 376
1757518004601 0.2780557635616526 377
1757518004613 0.18952664249226014 378
1757518004625 0.3265476059110682 379
1757518004637 0.2920932109672286 380
1757518004649 0.16649729175102546 381
1757518004661 0.418384608724326 382
1757518004674 0.2388220527934573 383
1757518004686 0.22136773097281454 384
1757518004698 0.41397542842047286 385
1757518004710 0.2606413700465386 386
1757518004724 0.25207387597674047 387
1757518004752 0.2071415526882068 388
1757518004767 0.3785262672706416 389
1757518004780 0.3766343433084384 390
1757518004793 0.25714037716802546 391
1757518004806 0.19620239447022583 392
1757518004819 0.29182197492258194 393
1757518004833 0.260241281999667 394
1757518004847 0.18998986384208214 395
1757518004860 0.21413722002435998 396
1757518004874 0.10108913000621736 397
1757518004888 0.10768743751461866 398
1757518004902 0.3271142178851297 399
1757518004915 0.1268597531999571 400
1757518004929 0.21017277065317883 401
1757518004943 0.09181312850715075 402
1757518004957 0.12924055013622543 403
1757518004970 0.12147701538143317 404
1757518004984 0.3781603462606237 405
1757518004997 0.27493205744916055 406
1757518005010 0.241198986406964 407
1757518005023 0.3703628248672131 408
1757518005035 0.16062170090949868 409
1757518005047 0.3083403588789562 410
1757518005059 0.13028717490961442 411
1757518005071 0.2208822604980663 412
1757518005084 0.21739751751272696 413
1757518005096 0.20453608786783875 414
1757518005109 0.2904514210376435 415
1757518005123 0.11081289511969328 416
1757518005135 0.19901181631998865 417
1757518005149 0.9169334616981005 418
1757518005162 0.15079137480083818 419
1757518005175 0.3714269789184889 420
1757518005188 0.13756716365203547 421
1757518005202 0.3412920100975972 422
1757518005215 0.24022946117594796 423
1757518005229 0.21522013299154027 424
1757518005243 0.20116446006038197 425
1757518005258 0.10107513345160986 426
1757518005271 0.2476901530505513 427
1757518005285 0.11294815042840745 428
1757518005298 0.18184920371341334 429
1757518005312 0.0825579378722714 430
1757518005324 0.13499002790449305 431
1757518005337 0.1867881370109379 432
1757518005351 0.2158347991651705 433
1757518005364 0.17746919774079603 434
1757518005376 0.1934425806192073 435
1757518005388 0.07069453504889014 436
1757518005401 0.1707323356783379 437
1757518005413 0.15308906107391015 438
1757518005425 0.32403972766184097 439
1757518005438 0.330021065111637 440
1757518005450 0.26877268557527706 441
1757518005462 0.20154538202953665 442
1757518005475 0.1155578536788079 443
1757518005487 0.20996746950793582 444
1757518005499 0.2154071319311117 445
1757518005512 0.17634071676455643 446
1757518005524 0.19469286172070796 447
1757518005536 0.18392269224899052 448
1757518005548 0.1271100898054437 449
1757518005560 0.14278041827288798 450
1757518005572 0.1813639895798544 451
1757518005584 0.216693119643284 452
1757518005597 0.15717268883490487 453
1757518005609 0.17810695896179507 454
1757518005621 0.2340835570142229 455
1757518005633 0.2021681628293913 456
1757518005645 0.14563863663204116 457
1757518005658 0.15037619483494635 458
1757518005670 0.12546645594697822 459
1757518005682 0.1877973393850874 460
1757518005694 0.3932041229912648 461
1757518005706 0.21077007421203015 462
1757518005719 0.16272706547295585 463
1757518005731 0.13010894628626624 464
1757518005743 0.11858868229605106 465
1757518005755 0.11730068279107574 466
1757518005767 0.20307788242915661 467
1757518005780 0.1094966146008093 468
1757518005792 0.2018916183528878 469
1757518005804 0.23465868632234826 470
1757518005816 0.24588015137297325 471
1757518005828 0.1996889277993479 472
1757518005842 0.16770187053271285 473
1757518005856 0.1255897063736185 474
1757518005870 0.17675738506518957 475
1757518005884 0.2528163523401921 476
1757518005897 0.08374351405825513 477
1757518005911 0.15695561897115595 478
1757518005926 0.13846351290656653 479
1757518005959 0.13197765727729424 480
1757518005974 0.1405460708299288 481
1757518005989 0.21916520644753112 482
1757518006002 0.15582241832903979 483
1757518006017 0.29671986679112333 484
1757518006031 0.20659196474613697 485
1757518006045 0.1015789470364898 486
1757518006060 0.14139969828829124 487
1757518006074 0.27201354860960475 488
1757518006088 0.14761483879562778 489
1757518006103 0.20934981873351025 490
1757518006116 0.18398217834277178 491
1757518006130 0.25730959518425084 492
1757518006143 0.12797858048528143 493
1757518006155 0.1835549668051222 494
1757518006168 0.09777513295148967 495
1757518006181 0.10304764859325927 496
1757518006193 0.11852742033275303 497
1757518006206 0.12913088293027283 498
1757518006218 0.12800912594733255 499
