1757594523010 165.03456913483436 0
1757594523018 164.97268317215338 1
1757594523027 164.85514505048545 2
1757594523035 164.68760231939456 3
1757594523044 164.47516778448585 4
1757594523053 164.22246719614228 5
1757594523061 163.93368325063398 6
1757594523070 163.6125960704424 7
1757594523079 163.26262035162995 8
1757594523087 162.8868393780247 9
1757594523096 162.4880361069069 10
1757594523104 162.06872153072933 11
1757594523113 161.63116051543355 12
1757594523121 161.17739530928856 13
1757594523130 160.70926690769102 14
1757594523138 160.22843444970945 15
1757594523147 159.736392811756 16
1757594523155 159.2344885531408 17
1757594523164 158.7239343575438 18
1757594523173 158.20582210389648 19
1757594523181 157.68113469000983 20
1757594523190 157.1507567224813 21
1757594523199 156.6154841771794 22
1757594523207 156.07603312584587 23
1757594523216 155.53304761619702 24
1757594523225 154.98710678528974 25
1757594523233 154.43873127883992 26
1757594523242 153.88838904267945 27
1757594523250 153.33650054649584 28
1757594523259 152.7834434944983 29
1757594523267 152.22955707256986 30
1757594523276 151.67514577685006 31
1757594523285 151.12048286445264 32
1757594523294 150.56581346316992 33
1757594523302 150.01135737350145 34
1757594523312 149.45731159316446 35
1757594523320 148.90385259132196 36
1757594523329 148.35113835716086 37
1757594523338 147.79931024504916 38
1757594523347 147.24849463633242 39
1757594523356 146.6988044359035 40
1757594523365 146.1503404198759 41
1757594523374 145.603192449114 42
1757594523383 145.05744056190508 43
1757594523392 144.51315595777595 44
1757594523401 143.97040188325354 45
1757594523410 143.429234429311 46
1757594523419 142.88970324928158 47
1757594523427 142.35185220515453 48
1757594523436 141.81571994937363 49
1757594523445 141.28134044856262 50
1757594523454 140.74874345496994 51
1757594523462 140.2179549308261 52
1757594523471 139.68899743032767 53
1757594523480 139.16189044345532 54
1757594523489 138.63665070544585 55
1757594523498 138.1132924753334 56
1757594523506 137.59182778665382 57
1757594523515 137.07226667309604 58
1757594523524 136.55461737158242 59
1757594523533 136.0388865050509 60
1757594523542 135.5250792469623 61
1757594523550 135.01319946934143 62
1757594523559 134.5032498760257 63
1757594523570 133.99523212257048 64
1757594523579 133.48914692416295 65
1757594523588 132.98499415273506 66
1757594523597 132.4827729243572 67
1757594523605 131.98248167788245 68
1757594523614 131.48411824571645 69
1757594523623 130.98767991749864 70
1757594523632 130.49316349740891 71
1757594523641 130.00056535572725 72
1757594523650 129.50988147523057 73
1757594523658 129.02110749293777 74
1757594523667 128.53423873766744 75
1757594523676 128.0492702638302 76
1757594523685 127.56619688182676 77
1757594523694 127.08501318540252 78
1757594523702 126.60571357624549 79
1757594523711 126.12829228611999 80
1757594523720 125.65274339677178 81
1757594523729 125.17906085783491 82
1757594523738 124.70723850292879 83
1757594523747 124.23727006414714 84
1757594523756 123.76914918507018 85
1757594523765 123.3028694324776 86
1757594523774 122.83842430687335 87
1757594523783 122.37580725194657 88
1757594523792 121.91501166307586 89
1757594523801 121.45603089497139 90
1757594523810 120.99885826854315 91
1757594523819 120.54348707706811 92
1757594523828 120.0899105917335 93
1757594523837 119.63812206661039 94
1757594523846 119.18811474312285 95
1757594523855 118.73988185405496 96
1757594523864 118.2934166271527 97
1757594523873 117.8487122883437 98
1757594523882 117.40576206463962 99
1757594523891 116.96455918672059 100
1757594523900 116.52509689126296 101
1757594523909 116.08736842301948 102
1757594523918 115.65136703667729 103
1757594523927 115.21708599852477 104
1757594523936 114.78451858793888 105
1757594523945 114.35365809871182 106
1757594523954 113.92449784023856 107
1757594523964 113.49703113856533 108
1757594523972 113.0712513373399 109
1757594523981 112.64715179863772 110
1757594523990 112.22472590370734 111
1757594524000 111.80396705362726 112
1757594524009 111.38486866988599 113
1757594524018 110.96742419489456 114
1757594524027 110.55162709243695 115
1757594524036 110.13747084806846 116
1757594524045 109.72494896945793 117
1757594524054 109.31405498669248 118
1757594524063 108.90478245253742 119
1757594524072 108.49712494265944 120
1757594524081 108.09107605582247 121
1757594524091 107.68662941404855 122
1757594524100 107.28377866275663 123
1757594524109 106.88251747087456 124
1757594524118 106.4828395309324 125
1757594524128 106.08473855913557 126
1757594524137 105.68820829542136 127
1757594524147 105.2932425034995 128
1757594524156 104.89983497087934 129
1757594524165 104.50797950888537 130
1757594524174 104.1176699526599 131
1757594524184 103.72890016115868 132
1757594524193 103.34166401713391 133
1757594524202 102.955955427112 134
1757594524212 102.57176832136382 135
1757594524223 102.18909665386822 136
1757594524232 101.80793440226924 137
1757594524242 101.42827556782903 138
1757594524251 101.05011417537492 139
1757594524260 100.67344427324768 140
1757594524270 100.29825993323581 141
1757594524279 99.92455525051754 142
1757594524288 99.55232434359257 143
1757594524297 99.181561354216 144
1757594524307 98.81226044732622 145
1757594524316 98.44441581097367 146
1757594524325 98.07802165624541 147
1757594524334 97.7130722171915 148
1757594524344 97.34956175074582 149
1757594524354 96.98748453664919 150
1757594524364 96.62683487736953 151
1757594524373 96.26760709802232 152
1757594524383 95.90979554629007 153
1757594524392 95.55339459233912 154
1757594524402 95.19839862873879 155
1757594524411 94.8448020703796 156
1757594524421 94.49259935438755 157
1757594524430 94.1417849400457 158
1757594524439 93.79235330870496 159
1757594524449 93.44429896370426 160
1757594524458 93.09761643028702 161
1757594524468 92.75230025551473 162
1757594524477 92.40834500818424 163
1757594524487 92.06574527874494 164
1757594524496 91.72449567921326 165
1757594524506 91.38459084308903 166
1757594524515 91.04602542527424 167
1757594524525 90.70879410198523 168
1757594524534 90.3728915706728 169
1757594524544 90.03831254993706 170
1757594524553 89.70505177944368 171
1757594524562 89.37310401984377 172
1757594524572 89.04246405268789 173
1757594524581 88.71312668034574 174
1757594524591 88.38508672592256 175
1757594524601 88.05833903317712 176
1757594524610 87.73287846644058 177
1757594524619 87.40869991053432 178
1757594524629 87.08579827068918 179
1757594524639 86.76416847246283 180
1757594524649 86.44380546166109 181
1757594524658 86.12470420425696 182
1757594524667 85.80685968630726 183
1757594524677 85.49026691387753 184
1757594524686 85.17492091295904 185
1757594524696 84.86081672938971 186
1757594524705 84.54794942877633 187
1757594524715 84.23631409641513 188
1757594524724 83.92590583721153 189
1757594524734 83.61671977560486 190
1757594524744 83.3087510554876 191
1757594524753 83.00199484013116 192
1757594524763 82.69644631210308 193
1757594524772 82.3921006731954 194
1757594524782 82.08895314434601 195
1757594524792 81.78699896555987 196
1757594524801 81.48623339583705 197
1757594524811 81.1866517130932 198
1757594524820 80.88824921408509 199
1757594524830 80.59102121433672 200
1757594524840 80.29496304806197 201
1757594524849 80.00007006809096 202
1757594524859 79.70633764579753 203
1757594524872 79.41376117102101 204
1757594524881 79.1223360519953 205
1757594524891 78.8320577152765 206
1757594524900 78.54292160566524 207
1757594524910 78.25492318613732 208
1757594524920 77.96805793777014 209
1757594524930 77.68232135967057 210
1757594524939 77.39770896890172 211
1757594524949 77.11421630041296 212
1757594524959 76.83183890696604 213
1757594524969 76.55057235906568 214
1757594524978 76.27041224488764 215
1757594524988 75.9913541702108 216
1757594524998 75.71339375834042 217
1757594525008 75.43652665004588 218
1757594525017 75.16074850348441 219
1757594525027 74.88605499413553 220
1757594525037 74.61244181472975 221
1757594525047 74.33990467518076 222
1757594525056 74.0684393025156 223
1757594525066 73.79804144080737 224
1757594525076 73.52870685110588 225
1757594525086 73.2604313113707 226
1757594525096 72.99321061640319 227
1757594525106 72.72704057777808 228
1757594525116 72.46191702377946 229
1757594525126 72.19783579933033 230
1757594525136 71.93479276592772 231
1757594525146 71.67278380157738 232
1757594525156 71.41180480072555 233
1757594525166 71.15185167419497 234
1757594525175 70.89292034911826 235
1757594525185 70.63500676887325 236
1757594525195 70.37810689301918 237
1757594525206 70.12221669722908 238
1757594525215 69.86733217322767 239
1757594525225 69.61344932872652 240
1757594525235 69.36056418736004 241
1757594525246 69.10867278862173 242
1757594525256 68.8577711878015 243
1757594525265 68.60785545592073 244
1757594525275 68.35892167967187 245
1757594525285 68.11096596135337 246
1757594525295 67.86398441880823 247
1757594525305 67.61797318536227 248
1757594525315 67.37292840976173 249
1757594525325 67.128846256112 250
1757594525336 66.88572290381614 251
1757594525355 66.6435545475122 252
1757594525367 66.40233739701463 253
1757594525378 66.16206767725204 254
1757594525388 65.92274162820777 255
1757594525398 65.68435550485876 256
1757594525409 65.44690557711623 257
1757594525419 65.2103881297645 258
1757594525429 64.9747994624054 259
1757594525439 64.74013588939343 260
1757594525449 64.50639373978105 261
1757594525459 64.27356935725949 262
1757594525469 64.04165910009736 263
1757594525479 63.810659341085326 264
1757594525489 63.58056646747664 265
1757594525499 63.3513768809301 266
1757594525509 63.12308699745131 267
1757594525519 62.89569324733644 268
1757594525529 62.66919207511488 269
1757594525540 62.44357993949149 270
1757594525550 62.21885331329063 271
1757594525560 61.99500868340014 272
1757594525571 61.77204255071373 273
1757594525581 61.549951430076455 274
1757594525591 61.32873185022773 275
1757594525601 61.108380353747194 276
1757594525611 60.88889349699736 277
1757594525621 60.67026785007014 278
1757594525632 60.452499996732264 279
1757594525642 60.235586534368416 280
1757594525652 60.019524073929404 281
1757594525663 59.80430923987476 282
1757594525673 59.58993867012327 283
1757594525683 59.37640901599518 284
1757594525693 59.16371694215914 285
1757594525703 58.95185912658102 286
1757594525713 58.74083226046941 287
1757594525723 58.53063304822146 288
1757594525733 58.32125820737238 289
1757594525743 58.11270446854145 290
1757594525753 57.90496857538018 291
1757594525763 57.69804728452062 292
1757594525773 57.49193736552243 293
1757594525783 57.286635600822095 294
1757594525793 57.08213878568063 295
1757594525804 56.87844372813416 296
1757594525814 56.67554724893979 297
1757594525824 56.473446181527464 298
1757594525835 56.272137371947814 299
1757594525845 56.07161767882288 300
1757594525855 55.87188397329483 301
1757594525865 55.67293313897555 302
1757594525875 55.47476207189836 303
1757594525885 55.277367680467314 304
1757594525896 55.08074688540807 305
1757594525906 54.88489661971747 306
1757594525916 54.68981382861691 307
1757594525926 54.495495469501115 308
1757594525937 54.30193851189075 309
1757594525947 54.10913993738367 310
1757594525957 53.91709673960616 311
1757594525967 53.72580592416589 312
1757594525977 53.53526450860341 313
1757594525988 53.34546952234352 314
1757594525998 53.156418006649616 315
1757594526008 52.96810701457577 316
1757594526018 52.78053361091795 317
1757594526029 52.59369487216925 318
1757594526039 52.40758788647265 319
1757594526049 52.222209753573495 320
1757594526060 52.037557584773865 321
1757594526070 51.85362850288597 322
1757594526080 51.6704196421874 323
1757594526091 51.48792814837325 324
1757594526102 51.30615117851216 325
1757594526112 51.12508590099954 326
1757594526123 50.94472949551395 327
1757594526133 50.76507915297035 328
1757594526144 50.586132075476314 329
1757594526154 50.407885476287106 330
1757594526164 50.23033657975961 331
1757594526174 50.05348262131049 332
1757594526185 49.87732084737076 333
1757594526196 49.70184851534083 334
1757594526206 49.52706289354843 335
1757594526217 49.35296126120347 336
1757594526227 49.179540908355584 337
1757594526237 49.00679913585044 338
1757594526248 48.834733255286146 339
1757594526258 48.66334058897111 340
1757594526268 48.49261846988002 341
1757594526279 48.32256424161305 342
1757594526289 48.153175258351595 343
1757594526300 47.98444888481729 344
1757594526310 47.816382496229 345
1757594526321 47.64897347826046 346
1757594526332 47.482219227000634 347
1757594526342 47.31611714891004 348
1757594526353 47.15066466077983 349
1757594526363 46.98585918969046 350
1757594526374 46.821698172971516 351
1757594526384 46.65817905815922 352
1757594526395 46.49529930295676 353
1757594526406 46.33305637519291 354
1757594526417 46.171447752782846 355
1757594526428 46.01047092368574 356
1757594526439 45.85012338586708 357
1757594526449 45.69040264725652 358
1757594526460 45.53130622570957 359
1757594526470 45.3728316489669 360
1757594526481 45.2149764546154 361
1757594526492 45.057738190049335 362
1757594526502 44.90111441242959 363
1757594526513 44.745102688646476 364
1757594526523 44.589700595279325 365
1757594526534 44.43490571855897 366
1757594526545 44.28071565432801 367
1757594526555 44.12712800800377 368
1757594526566 43.974140394538956 369
1757594526577 43.8217504383838 370
1757594526587 43.66995577344839 371
1757594526598 43.51875404306457 372
1757594526609 43.36814289994898 373
1757594526619 43.218120006164035 374
1757594526630 43.06868303308261 375
1757594526640 42.91982966134902 376
1757594526651 42.77155758084353 377
1757594526662 42.62386449064368 378
1757594526673 42.476748098989056 379
1757594526683 42.330206123244395 380
1757594526694 42.18423628986293 381
1757594526705 42.03883633434927 382
1757594526716 41.8940040012249 383
1757594526726 41.74973704399078 384
1757594526737 41.60603322509247 385
1757594526748 41.4628903158829 386
1757594526758 41.32030609658926 387
1757594526769 41.1782783562747 388
1757594526780 41.036804892805236 389
1757594526791 40.8958835128132 390
1757594526801 40.755512031663145 391
1757594526812 40.615688273416616 392
1757594526823 40.47641007079671 393
1757594526834 40.337675265155596 394
1757594526845 40.19948170643663 395
1757594526856 40.06182725314357 396
1757594526866 39.924709772304276 397
1757594526877 39.78812713943659 398
1757594526888 39.652077238516334 399
1757594526899 39.51655796194105 400
1757594526909 39.38156721049788 401
1757594526921 39.247102893329775 402
1757594526932 39.11316292790213 403
1757594526943 38.97974523996927 404
1757594526953 38.846847763541035 405
1757594526964 38.71446844085171 406
1757594526975 38.58260522232415 407
1757594526986 38.45125606653944 408
1757594526997 38.32041894020364 409
1757594527008 38.19009181811498 410
1757594527019 38.0602726831319 411
1757594527030 37.930959526140626 412
1757594527040 37.802150346023204 413
1757594527051 37.67384314962605 414
1757594527062 37.54603595172693 415
1757594527073 37.41872677500435 416
1757594527084 37.29191365000618 417
1757594527095 37.16559461511683 418
1757594527106 37.0397677165276 419
1757594527117 36.914431008204105 420
1757594527128 36.78958255185666 421
1757594527139 36.66522041690793 422
1757594527150 36.54134268046255 423
1757594527161 36.41794742727739 424
1757594527172 36.29503274972957 425
1757594527183 36.17259674778739 426
1757594527194 36.050637528978704 427
1757594527204 35.929153208361704 428
1757594527216 35.808141908494264 429
1757594527227 35.68760175940456 430
1757594527238 35.5675308985606 431
1757594527249 35.447927470841016 432
1757594527260 35.328789628505 433
1757594527271 35.21011553116354 434
1757594527282 35.09190334574924 435
1757594527293 34.97415124648762 436
1757594527304 34.85685741486794 437
1757594527315 34.74002003961381 438
1757594527326 34.623637316654786 439
1757594527337 34.50770744909751 440
1757594527348 34.39222864719676 441
1757594527359 34.27719912832698 442
1757594527370 34.16261711695409 443
1757594527381 34.048480844607305 444
1757594527393 33.934788549850275 445
1757594527404 33.82153847825337 446
1757594527415 33.708728882365925 447
1757594527426 33.5963580216881 448
1757594527437 33.48442416264325 449
1757594527448 33.372925578550024 450
1757594527459 33.26186054959528 451
1757594527471 33.15122736280616 452
1757594527482 33.04102431202343 453
1757594527496 32.931249697873184 454
1757594527507 32.821901827741165 455
1757594527518 32.71297901574475 456
1757594527529 32.6044795827064 457
1757594527540 32.49640185612708 458
1757594527551 32.38874417015859 459
1757594527562 32.28150486557896 460
1757594527573 32.17468228976405 461
1757594527584 32.0682747966624 462
1757594527595 31.962280746768297 463
1757594527607 31.856698507095974 464
1757594527618 31.75152645115399 465
1757594527629 31.646762958918295 466
1757594527641 31.542406416807292 467
1757594527652 31.43845521765566 468
1757594527664 31.334907760688694 469
1757594527675 31.231762451497737 470
1757594527687 31.12901770201299 471
1757594527698 31.026671930480084 472
1757594527709 30.92472356143346 473
1757594527721 30.823171025672053 474
1757594527732 30.722012760234005 475
1757594527743 30.621247208371862 476
1757594527755 30.520872819527693 477
1757594527766 30.420888049308015 478
1757594527778 30.321291359460307 479
1757594527789 30.222081217847233 480
1757594527801 30.12325609842272 481
1757594527812 30.024814481208416 482
1757594527823 29.926754852267333 483
1757594527835 29.82907570368249 484
1757594527846 29.731775533531064 485
1757594527857 29.634852845860802 486
1757594527869 29.538306150666152 487
1757594527880 29.44213396386519 488
1757594527891 29.346334807275255 489
1757594527903 29.250907208589634 490
1757594527914 29.155849701353773 491
1757594527926 29.061160824943016 492
1757594527937 28.966839124537888 493
1757594527949 28.872883151101764 494
1757594527960 28.779291461357822 495
1757594527971 28.68606261776584 496
1757594527983 28.593195188499184 497
1757594527994 28.50068774742209 498
1757594528006 28.408538874067382 499
